998 2 0
997 3 0
994 5 1
988 10 2
982 14 4
977 17 6
962 31 7
952 30 18
944 36 20
923 53 24
905 58 37
878 72 50
856 83 61
827 101 72
812 103 85
794 99 107
781 98 121
758 105 137
736 109 155
715 114 171
704 110 186
684 112 204
680 103 217
654 119 227
641 120 239
620 124 256
614 123 263
587 133 280
572 133 295
550 135 315
529 145 326
514 143 343
495 153 352
483 142 375
477 127 396
474 113 413
473 104 423
472 99 429
478 86 436
482 80 438
489 76 435
495 72 433
498 67 435
498 63 439
501 61 438
503 61 436
502 57 441
505 53 442
514 42 444
513 42 445
514 44 442
517 42 441
520 37 443
527 33 440
528 30 442
538 28 434
543 29 428
543 32 425
551 30 419
556 28 416
557 31 412
555 32 413
557 29 414
558 31 411
556 37 407
556 38 406
563 34 403
569 34 397
574 28 398
577 27 396
588 30 382
589 29 382
592 24 384
598 19 383
600 21 379
606 21 373
610 21 369
619 18 363
621 21 358
623 19 358
629 15 356
629 17 354
631 18 351
630 20 350
632 22 346
642 15 343
650 15 335
653 10 337
656 10 334
660 10 330
666 9 325
672 9 319
680 8 312
687 7 306
699 5 296
706 5 289
712 3 285
716 3 281
723 2 275
730 2 268
732 5 263
738 4 258
744 2 254
750 3 247
753 1 246
751 5 244
755 3 242
760 2 238
762 1 237
768 1 231
769 1 230
769 5 226
772 4 224
777 4 219
779 5 216
780 7 213
775 13 212
779 8 213
781 9 210
782 10 208
785 8 207
783 13 204
786 13 201
780 20 200
781 16 203
778 19 203
772 25 203
766 28 206
761 30 209
755 29 216
752 34 214
746 37 217
740 41 219
736 39 225
731 40 229
721 41 238
719 43 238
715 51 234
703 54 243
688 64 248
677 70 253
666 65 269
655 74 271
651 74 275
653 65 282
654 66 280
647 67 286
641 70 289
625 79 296
614 77 309
614 67 319
612 70 318
609 61 330
609 66 325
601 72 327
602 68 330
601 69 330
598 72 330
594 73 333
591 64 345
587 65 348
583 67 350
576 60 364
576 59 365
573 55 372
571 50 379
574 39 387
571 44 385
568 47 385
563 49 388
569 47 384
571 44 385
581 39 380
580 39 381
577 40 383
585 39 376
591 33 376
598 26 376
605 24 371
609 24 367
611 21 368
614 19 367
621 18 361
626 23 351
622 29 349
620 31 349
625 32 343
625 33 342
630 34 336
629 28 343
633 25 342
635 22 343
636 21 343
638 18 344
646 14 340
649 14 337
655 13 332
660 14 326
664 18 318
665 20 315
668 22 310
667 25 308
667 23 310
665 30 305
661 31 308
658 37 305
659 34 307
654 38 308
651 41 308
645 42 313
646 42 312
642 39 319
642 29 329
642 27 331
647 25 328
651 22 327
655 22 323
662 21 317
668 19 313
665 22 313
664 18 318
665 20 315
665 19 316
667 19 314
667 19 314
668 21 311
672 21 307
673 18 309
678 24 298
676 26 298
676 27 297
678 31 291
673 35 292
669 34 297
670 41 289
674 37 289
674 37 289
667 51 282
656 59 285
649 66 285
639 69 292
631 66 303
624 59 317
620 58 322
615 61 324
611 60 329
610 58 332
607 60 333
611 57 332
610 52 338
612 48 340
609 50 341
605 48 347
607 43 350
612 41 347
610 39 351
607 39 354
605 41 354
611 35 354
612 37 351
612 35 353
612 35 353
613 33 354
613 33 354
612 39 349
607 47 346
606 48 346
609 43 348
612 43 345
606 48 346
610 39 351
606 40 354
607 37 356
611 34 355
617 27 356
620 27 353
621 24 355
622 25 353
625 20 355
628 19 353
633 16 351
635 16 349
635 16 349
640 13 347
644 12 344
651 12 337
649 16 335
651 15 334
651 15 334
649 20 331
651 18 331
656 15 329
663 12 325
663 13 324
666 7 327
669 10 321
671 11 318
678 10 312
679 13 308
680 13 307
682 11 307
682 14 304
685 13 302
691 9 300
696 12 292
697 15 288
698 15 287
699 13 288
700 13 287
698 18 284
697 21 282
700 19 281
704 20 276
702 24 274
702 21 277
706 24 270
702 28 270
698 33 269
689 44 267
684 47 269
684 50 266
682 48 270
678 50 272
669 54 277
660 57 283
653 62 285
646 57 297
642 54 304
639 55 306
638 55 307
634 52 314
633 50 317
634 49 317
632 43 325
642 41 317
641 38 321
638 34 328
641 30 329
647 28 325
649 28 323
649 29 322
654 27 319
658 27 315
661 27 312
664 26 310
666 25 309
668 27 305
667 29 304
670 26 304
672 26 302
675 29 296
673 30 297
672 30 298
667 34 299
669 33 298
672 30 298
679 25 296
682 26 292
683 23 294
679 26 295
675 32 293
676 29 295
676 27 297
681 21 298
686 20 294
686 20 294
686 20 294
688 16 296
689 15 296
697 12 291
699 13 288
699 12 289
702 12 286
704 19 277
698 24 278
698 25 277
702 24 274
702 22 276
706 23 271
706 30 264
705 30 265
698 37 265
697 35 268
696 36 268
695 36 269
690 39 271
690 32 278
693 31 276
697 27 276
693 31 276
694 28 278
699 24 277
701 22 277
704 20 276
707 18 275
707 17 276
708 16 276
710 16 274
716 15 269
703 23 274
697 28 275
694 27 279
693 28 279
687 32 281
679 34 287
676 38 286
671 40 289
663 42 295
654 49 297
653 49 298
650 46 304
652 41 307
648 47 305
650 41 309
646 44 310
650 44 306
650 42 308
651 38 311
643 46 311
638 42 320
642 37 321
640 36 324
641 31 328
640 33 327
638 32 330
641 29 330
644 24 332
645 23 332
647 19 334
645 19 336
652 16 332
657 16 327
659 15 326
665 14 321
672 12 316
681 12 307
686 9 305
693 8 299
695 8 297
698 7 295
699 10 291
704 9 287
711 9 280
715 10 275
718 6 276
718 8 274
727 6 267
726 7 267
726 10 264
730 11 259
730 14 256
725 17 258
726 14 260
725 15 260
730 14 256
738 13 249
736 15 249
740 14 246
741 14 245
740 14 246
747 10 243
749 12 239
743 16 241
740 20 240
738 28 234
734 33 233
730 38 232
727 39 234
724 38 238
721 36 243
719 41 240
711 48 241
710 47 243
705 44 251
703 42 255
697 48 255
696 46 258
687 52 261
683 56 261
675 54 271
679 50 271
676 51 273
675 48 277
676 47 277
677 46 277
668 46 286
650 62 288
647 63 290
641 60 299
641 57 302
630 65 305
620 72 308
612 75 313
599 77 324
587 78 335
588 74 338
588 69 343
585 67 348
582 66 352
587 56 357
585 58 357
584 53 363
579 48 373
575 47 378
576 46 378
578 35 387
582 35 383
586 31 383
598 31 371
602 30 368
607 30 363
617 28 355
617 29 354
617 31 352
621 25 354
622 24 354
620 27 353
629 23 348
631 22 347
634 19 347
643 14 343
648 13 339
653 11 336
658 12 330
658 14 328
664 12 324
669 10 321
672 11 317
676 9 315
685 8 307
691 3 306
699 3 298
706 3 291
709 2 289
712 3 285
714 3 283
715 4 281
717 5 278
715 7 278
719 6 275
725 3 272
725 9 266
725 7 268
730 9 261
728 16 256
732 12 256
734 14 252
730 19 251
730 21 249
719 32 249
717 38 245
708 46 246
705 46 249
694 52 254
681 57 262
669 62 269
669 62 269
666 56 278
657 61 282
652 61 287
644 59 297
646 57 297
636 62 302
631 57 312
626 58 316
621 53 326
617 50 333
617 46 337
616 43 341
615 44 341
615 39 346
614 35 351
620 27 353
626 24 350
632 22 346
632 19 349
634 22 344
635 24 341
636 26 338
632 25 343
637 23 340
639 21 340
645 16 339
645 12 343
642 15 343
641 17 342
638 22 340
639 23 338
640 20 340
648 21 331
651 22 327
650 27 323
650 24 326
649 22 329
651 21 328
649 27 324
651 30 319
645 39 316
644 36 320
645 37 318
644 38 318
637 43 320
634 43 323
634 38 328
632 36 332
636 36 328
632 38 330
630 37 333
627 37 336
631 32 337
628 30 342
627 33 340
629 28 343
627 30 343
631 27 342
634 25 341
633 26 341
633 25 342
637 22 341
643 20 337
644 19 337
648 18 334
648 14 338
644 19 337
650 21 329
649 24 327
656 21 323
654 25 321
647 33 320
653 33 314
652 33 315
661 27 312
667 22 311
674 20 306
676 16 308
680 18 302
680 16 304
685 19 296
687 19 294
686 20 294
685 22 293
678 28 294
668 33 299
667 35 298
661 35 304
659 41 300
650 47 303
648 46 306
638 52 310
631 55 314
637 53 310
638 50 312
643 42 315
634 45 321
636 41 323
631 48 321
622 57 321
612 63 325
603 63 334
601 63 336
600 62 338
604 67 329
599 68 333
595 73 332
585 78 337
570 84 346
566 84 350
568 77 355
567 76 357
566 75 359
565 71 364
563 62 375
560 58 382
560 58 382
559 54 387
562 49 389
565 41 394
571 33 396
583 28 389
587 23 390
593 23 384
595 23 382
596 24 380
599 24 377
597 26 377
601 28 371
607 26 367
614 27 359
616 29 355
621 30 349
627 29 344
630 25 345
633 23 344
633 25 342
634 23 343
636 22 342
636 26 338
639 28 333
641 25 334
650 23 327
650 25 325
656 27 317
659 26 315
661 26 313
663 29 308
663 25 312
666 28 306
671 25 304
677 25 298
676 30 294
675 29 296
671 28 301
670 27 303
668 31 301
674 25 301
677 24 299
678 23 299
674 23 303
673 22 305
675 21 304
680 22 298
687 26 287
679 35 286
673 38 289
671 38 291
670 39 291
666 44 290
658 51 291
654 53 293
642 64 294
631 71 298
623 75 302
609 82 309
601 78 321
592 75 333
585 79 336
584 76 340
579 72 349
566 67 367
561 67 372
550 76 374
555 67 378
547 62 391
550 59 391
551 52 397
557 51 392
555 46 399
561 46 393
569 46 385
570 48 382
574 43 383
582 40 378
588 40 372
595 39 366
603 36 361
609 31 360
607 34 359
604 32 364
612 38 350
616 40 344
612 44 344
603 47 350
592 51 357
587 50 363
585 46 369
579 44 377
579 39 382
580 43 377
586 43 371
586 47 367
578 53 369
571 62 367
572 66 362
570 64 366
570 58 372
568 57 375
568 54 378
568 45 387
572 38 390
573 37 390
575 32 393
581 30 389
583 30 387
595 26 379
598 29 373
605 26 369
611 20 369
614 21 365
621 21 358
625 21 354
624 23 353
629 20 351
628 19 353
635 15 350
636 17 347
642 18 340
646 17 337
647 18 335
650 18 332
645 22 333
642 24 334
644 18 338
638 25 337
636 31 333
625 37 338
621 41 338
613 45 342
607 45 348
605 49 346
599 54 347
597 49 354
593 51 356
582 46 372
581 49 370
575 53 372
573 57 370
575 49 376
578 46 376
585 45 370
580 45 375
574 42 384
574 43 383
579 44 377
581 43 376
581 43 376
583 35 382
582 33 385
579 36 385
584 35 381
595 32 373
595 33 372
594 31 375
594 30 376
598 27 375
597 27 376
598 28 374
593 31 376
603 30 367
603 29 368
603 33 364
606 31 363
610 25 365
615 23 362
618 23 359
619 22 359
623 18 359
625 21 354
622 22 356
624 20 356
627 20 353
630 20 350
632 23 345
645 22 333
645 29 326
645 30 325
648 28 324
651 28 321
648 29 323
652 27 321
648 32 320
651 32 317
647 35 318
642 40 318
635 46 319
634 44 322
638 45 317
635 42 323
631 46 323
635 41 324
632 46 322
630 47 323
625 46 329
620 45 335
615 46 339
611 51 338
608 55 337
606 51 343
605 50 345
606 48 346
608 49 343
607 44 349
609 42 349
613 39 348
614 42 344
615 35 350
615 33 352
623 36 341
629 31 340
629 30 341
630 30 340
631 26 343
627 32 341
628 29 343
625 30 345
631 27 342
636 23 341
638 24 338
642 27 331
643 23 334
653 22 325
659 22 319
665 21 314
666 18 316
669 22 309
670 25 305
676 22 302
681 19 300
682 23 295
681 22 297
681 20 299
685 19 296
685 21 294
681 25 294
676 28 296
672 33 295
662 40 298
654 51 295
651 50 299
644 50 306
637 55 308
627 64 309
623 62 315
617 61 322
612 58 330
613 49 338
610 48 342
610 47 343
607 45 348
605 42 353
598 51 351
605 48 347
603 46 351
599 47 354
604 38 358
604 37 359
608 39 353
611 34 355
616 32 352
614 29 357
619 23 358
621 24 355
628 25 347
629 24 347
633 22 345
640 16 344
640 17 343
644 16 340
645 17 338
650 17 333
654 14 332
661 13 326
657 19 324
660 20 320
659 18 323
664 18 318
663 19 318
666 17 317
670 20 310
668 26 306
671 25 304
669 22 309
672 17 311
673 17 310
673 17 310
674 17 309
674 17 309
676 14 310
679 12 309
687 12 301
691 9 300
692 10 298
697 9 294
699 10 291
702 9 289
703 12 285
703 14 283
701 18 281
705 15 280
704 19 277
703 19 278
705 18 277
707 20 273
702 25 273
701 22 277
699 27 274
700 22 278
696 25 279
700 22 278
696 24 280
697 25 278
697 28 275
695 28 277
693 32 275
691 28 281
687 33 280
687 34 279
682 35 283
684 32 284
684 31 285
681 33 286
682 36 282
