998 2 0
998 2 0
997 2 1
997 2 1
997 2 1
997 2 1
997 2 1
997 1 2
993 4 3
993 5 2
989 8 3
974 22 4
959 29 12
946 37 17
938 40 22
919 49 32
905 54 41
894 58 48
871 71 58
848 85 67
825 85 90
805 91 104
784 93 123
763 100 137
742 109 149
711 122 167
688 124 188
668 132 200
646 143 211
633 134 233
618 137 245
602 133 265
580 138 282
573 127 300
564 117 319
558 112 330
546 102 352
537 107 356
529 105 366
526 102 372
520 97 383
520 98 382
514 95 391
515 91 394
510 87 403
505 84 411
510 77 413
521 67 412
524 54 422
521 54 425
522 51 427
521 49 430
528 44 428
532 45 423
539 43 418
539 40 421
543 39 418
551 38 411
561 41 398
558 34 408
563 33 404
567 31 402
571 27 402
578 25 397
582 24 394
583 23 394
589 23 388
594 22 384
598 24 378
601 23 376
605 23 372
611 21 368
612 21 367
620 19 361
623 19 358
628 19 353
630 23 347
626 29 345
626 29 345
629 30 341
625 35 340
626 36 338
624 34 342
622 35 343
618 38 344
620 37 343
620 41 339
603 59 338
597 64 339
601 61 338
603 57 340
597 55 348
591 62 347
589 57 354
592 50 358
592 47 361
590 47 363
589 44 367
590 40 370
584 44 372
589 42 369
590 37 373
585 37 378
583 36 381
584 34 382
589 27 384
589 34 377
590 38 372
586 42 372
581 43 376
578 36 386
580 35 385
577 35 388
570 43 387
561 51 388
550 59 391
548 60 392
546 60 394
546 60 394
541 59 400
540 60 400
537 62 401
536 59 405
536 60 404
541 59 400
535 61 404
539 57 404
540 53 407
544 44 412
539 51 410
533 58 409
540 53 407
538 55 407
538 52 410
548 47 405
540 52 408
544 51 405
542 49 409
539 46 415
539 42 419
540 36 424
547 33 420
548 29 423
553 22 425
553 21 426
556 23 421
555 28 417
563 22 415
568 12 420
568 15 417
569 19 412
576 16 408
584 15 401
586 15 399
587 12 401
597 11 392
604 10 386
614 9 377
618 5 377
628 5 367
635 4 361
641 3 356
648 3 349
651 4 345
655 6 339
661 5 334
666 8 326
667 9 324
667 14 319
663 17 320
662 22 316
658 26 316
665 25 310
663 26 311
663 26 311
666 28 306
665 27 308
661 27 312
663 26 311
664 28 308
676 22 302
678 23 299
680 22 298
677 22 301
680 23 297
681 22 297
687 24 289
685 23 292
686 24 290
688 23 289
689 25 286
688 27 285
687 26 287
684 29 287
685 24 291
687 26 287
681 26 293
681 29 290
674 30 296
670 32 298
671 35 294
668 38 294
668 32 300
670 32 298
674 29 297
673 28 299
674 26 300
665 32 303
660 35 305
654 39 307
646 46 308
643 46 311
635 52 313
639 44 317
640 46 314
635 44 321
632 43 325
632 35 333
632 35 333
637 36 327
642 37 321
644 34 322
643 33 324
644 29 327
644 28 328
648 30 322
652 31 317
650 32 318
656 24 320
658 28 314
657 30 313
656 29 315
655 30 315
647 34 319
646 36 318
646 35 319
641 37 322
636 44 320
632 46 322
631 41 328
626 43 331
624 42 334
616 47 337
617 43 340
618 44 338
617 45 338
620 41 339
619 42 339
622 37 341
626 37 337
626 38 336
627 30 343
629 27 344
634 26 340
639 23 338
647 22 331
648 22 330
655 19 326
657 16 327
661 17 322
669 17 314
673 15 312
669 18 313
676 20 304
678 21 301
680 17 303
685 12 303
686 15 299
684 16 300
689 14 297
692 11 297
700 10 290
699 12 289
703 12 285
706 12 282
705 14 281
707 13 280
716 10 274
716 10 274
714 12 274
716 10 274
719 9 272
714 16 270
720 14 266
720 18 262
721 20 259
719 24 257
717 25 258
716 29 255
712 32 256
708 31 261
692 40 268
687 34 279
687 35 278
685 32 283
680 34 286
683 28 289
682 31 287
683 31 286
678 29 293
675 29 296
675 28 297
676 27 297
674 31 295
675 35 290
674 37 289
667 44 289
654 57 289
638 67 295
636 61 303
629 59 312
630 49 321
633 42 325
638 36 326
642 33 325
650 28 322
652 24 324
655 22 323
661 22 317
660 21 319
665 21 314
668 20 312
670 20 310
670 20 310
672 19 309
671 23 306
675 23 302
676 26 298
674 30 296
671 35 294
663 50 287
663 47 290
661 41 298
656 42 302
652 42 306
644 45 311
638 51 311
629 56 315
625 49 326
627 49 324
631 53 316
628 54 318
625 53 322
624 57 319
621 64 315
624 59 317
626 58 316
629 57 314
621 65 314
619 57 324
620 55 325
615 59 326
616 59 325
610 62 328
608 66 326
608 64 328
611 53 336
615 47 338
612 46 342
618 44 338
620 38 342
615 46 339
613 43 344
613 41 346
603 47 350
604 47 349
606 47 347
605 42 353
613 35 352
613 37 350
608 38 354
606 42 352
608 40 352
604 42 354
606 40 354
597 50 353
596 46 358
584 48 368
580 46 374
582 45 373
582 39 379
584 37 379
594 33 373
596 32 372
599 28 373
601 30 369
604 29 367
605 24 371
611 21 368
615 17 368
617 20 363
620 25 355
621 22 357
626 21 353
623 23 354
622 24 354
620 19 361
624 15 361
629 14 357
636 15 349
641 16 343
641 17 342
642 20 338
646 21 333
645 22 333
646 22 332
643 21 336
637 25 338
630 33 337
632 35 333
622 47 331
618 44 338
613 46 341
606 54 340
593 67 340
578 76 346
572 72 356
560 84 356
552 87 361
548 92 360
534 100 366
532 92 376
528 88 384
520 92 388
519 80 401
516 78 406
509 82 409
506 77 417
504 80 416
510 71 419
509 68 423
511 67 422
509 61 430
514 55 431
517 49 434
514 46 440
515 46 439
520 42 438
517 38 445
520 40 440
523 35 442
524 32 444
526 34 440
531 26 443
535 26 439
537 22 441
541 18 441
545 14 441
548 12 440
550 13 437
549 15 436
555 12 433
560 10 430
570 8 422
577 8 415
581 7 412
590 7 403
598 6 396
607 6 387
610 9 381
617 6 377
627 4 369
630 4 366
637 5 358
639 5 356
641 8 351
646 10 344
650 10 340
654 9 337
659 8 333
663 8 329
671 7 322
675 5 320
677 5 318
681 6 313
683 8 309
688 7 305
691 9 300
689 14 297
687 21 292
682 24 294
682 29 289
683 26 291
685 26 289
682 29 289
679 33 288
683 30 287
690 27 283
691 25 284
688 27 285
693 25 282
695 24 281
692 26 282
689 27 284
688 27 285
694 27 279
695 26 279
689 31 280
676 41 283
667 45 288
657 54 289
644 49 307
640 52 308
639 51 310
638 50 312
633 49 318
634 44 322
632 43 325
620 54 326
613 60 327
606 57 337
608 52 340
601 50 349
606 50 344
604 40 356
602 38 360
605 34 361
604 33 363
611 27 362
612 25 363
609 28 363
611 27 362
611 26 363
620 25 355
626 25 349
629 24 347
626 25 349
620 29 351
612 36 352
610 29 361
607 28 365
609 33 358
607 36 357
611 35 354
606 38 356
610 35 355
611 36 353
612 35 353
611 34 355
609 38 353
613 37 350
609 41 350
613 38 349
619 33 348
623 34 343
617 44 339
616 43 341
617 39 344
615 42 343
616 43 341
610 41 349
614 36 350
620 34 346
622 34 344
624 33 343
621 31 348
618 32 350
615 32 353
616 34 350
615 34 351
612 38 350
609 45 346
606 43 351
607 39 354
609 35 356
610 38 352
610 41 349
616 36 348
621 34 345
620 43 337
624 42 334
622 42 336
620 46 334
616 49 335
612 46 342
613 43 344
606 39 355
611 31 358
611 30 359
614 27 359
619 25 356
629 24 347
640 18 342
646 19 335
652 17 331
653 17 330
656 14 330
662 14 324
664 11 325
670 10 320
679 9 312
687 7 306
691 5 304
697 5 298
700 4 296
701 4 295
705 3 292
709 1 290
714 1 285
716 0 284
719 0 281
722 0 278
726 0 274
731 0 269
735 0 265
739 0 261
741 0 259
745 0 255
751 0 249
753 5 242
756 6 238
763 4 233
768 5 227
772 7 221
778 7 215
777 7 216
781 5 214
779 9 212
783 7 210
788 5 207
793 4 203
796 5 199
800 5 195
803 7 190
804 6 190
804 9 187
795 19 186
782 34 184
763 49 188
754 58 188
739 65 196
731 60 209
725 61 214
717 68 215
702 69 229
694 67 239
690 65 245
679 72 249
673 74 253
667 71 262
662 70 268
653 66 281
651 60 289
645 65 290
637 65 298
624 67 309
620 65 315
615 69 316
611 74 315
612 71 317
605 76 319
602 82 316
591 86 323
584 91 325
563 91 346
559 90 351
552 90 358
538 84 378
527 86 387
523 87 390
511 87 402
505 87 408
498 92 410
495 93 412
495 83 422
495 75 430
498 62 440
503 57 440
508 52 440
511 52 437
509 48 443
514 41 445
523 34 443
529 32 439
537 32 431
544 28 428
547 30 423
550 27 423
555 26 419
558 25 417
559 25 416
558 29 413
556 35 409
549 39 412
551 35 414
545 36 419
543 40 417
531 47 422
522 56 422
515 53 432
524 43 433
530 42 428
531 44 425
539 37 424
542 34 424
547 27 426
554 26 420
558 20 422
564 17 419
572 18 410
577 20 403
579 20 401
586 15 399
597 16 387
602 13 385
609 10 381
609 11 380
615 15 370
615 17 368
617 20 363
616 19 365
618 18 364
625 14 361
630 11 359
633 8 359
634 9 357
637 6 357
641 6 353
644 7 349
650 5 345
657 6 337
665 5 330
667 5 328
676 5 319
682 6 312
685 9 306
684 10 306
687 8 305
690 8 302
691 10 299
687 13 300
690 14 296
690 12 298
693 12 295
694 13 293
696 10 294
697 16 287
702 20 278
700 23 277
701 23 276
706 20 274
707 17 276
710 17 273
706 23 271
710 18 272
711 17 272
716 16 268
714 16 270
713 19 268
713 25 262
714 25 261
714 22 264
713 23 264
711 23 266
701 29 270
699 32 269
679 49 272
672 50 278
667 51 282
662 50 288
665 42 293
668 35 297
671 33 296
673 32 295
675 30 295
672 29 299
671 32 297
666 38 296
667 37 296
662 41 297
649 53 298
647 55 298
642 52 306
643 45 312
647 41 312
647 36 317
649 32 319
654 26 320
657 27 316
664 24 312
669 25 306
669 22 309
676 21 303
677 20 303
682 20 298
689 16 295
691 15 294
695 17 288
696 17 287
698 18 284
698 16 286
698 15 287
698 15 287
704 13 283
712 12 276
714 12 274
713 14 273
714 15 271
719 15 266
719 19 262
716 24 260
716 24 260
716 19 265
718 17 265
721 11 268
725 11 264
718 15 267
720 15 265
719 18 263
722 22 256
725 20 255
719 24 257
711 32 257
711 35 254
698 46 256
694 46 260
689 48 263
683 46 271
669 59 272
657 67 276
645 74 281
640 76 284
633 74 293
635 76 289
636 69 295
630 62 308
625 68 307
624 59 317
624 56 320
624 59 317
623 60 317
618 63 319
618 61 321
614 58 328
614 59 327
619 54 327
621 51 328
616 54 330
609 57 334
601 55 344
590 63 347
591 55 354
594 55 351
583 63 354
583 58 359
585 57 358
582 58 360
578 65 357
575 62 363
573 64 363
567 56 377
569 50 381
576 46 378
575 47 378
578 42 380
585 35 380
590 33 377
600 30 370
606 26 368
614 24 362
621 18 361
633 20 347
630 24 346
630 25 345
636 21 343
640 19 341
644 22 334
647 23 330
648 22 330
658 19 323
658 19 323
664 20 316
667 21 312
668 26 306
665 26 309
672 24 304
676 24 300
674 27 299
676 27 297
674 27 299
673 28 299
666 31 303
670 31 299
676 28 296
681 25 294
680 29 291
681 29 290
684 28 288
681 32 287
682 28 290
686 32 282
686 30 284
680 35 285
678 38 284
674 40 286
673 41 286
677 35 288
674 38 288
679 32 289
679 33 288
679 34 287
678 35 287
677 32 291
678 36 286
680 32 288
684 22 294
684 17 299
686 19 295
693 17 290
696 15 289
697 17 286
699 19 282
701 20 279
703 24 273
705 22 273
706 25 269
704 26 270
707 26 267
706 22 272
710 15 275
708 19 273
704 21 275
710 19 271
712 18 270
714 19 267
712 24 264
712 31 257
709 34 257
702 40 258
701 43 256
701 46 253
703 42 255
698 48 254
696 45 259
696 41 263
695 42 263
695 40 265
698 39 263
695 39 266
690 38 272
687 37 276
683 44 273
683 41 276
682 42 276
675 46 279
669 49 282
668 51 281
662 53 285
660 57 283
654 58 288
651 54 295
653 55 292
642 58 300
649 51 300
652 47 301
652 49 299
646 50 304
639 51 310
631 59 310
625 61 314
623 55 322
618 56 326
614 55 331
615 51 334
608 51 341
616 45 339
622 42 336
625 39 336
628 37 335
632 30 338
628 31 341
631 33 336
628 33 339
627 32 341
622 33 345
623 28 349
629 23 348
635 23 342
638 21 341
639 18 343
641 18 341
644 21 335
644 18 338
641 20 339
645 20 335
648 18 334
649 15 336
654 13 333
655 15 330
660 14 326
666 11 323
672 11 317
678 8 314
683 5 312
687 3 310
691 3 306
696 5 299
700 5 295
700 6 294
701 5 294
705 6 289
