998 2 0
997 3 0
997 3 0
995 5 0
995 3 2
995 1 4
995 1 4
994 2 4
991 4 5
983 11 6
975 16 9
958 31 11
943 41 16
921 57 22
894 73 33
863 91 46
825 112 63
776 145 79
734 162 104
692 182 126
662 191 147
631 185 184
608 179 213
591 164 245
579 151 270
564 148 288
556 143 301
548 134 318
539 125 336
534 116 350
527 120 353
518 115 367
514 109 377
516 101 383
517 86 397
518 80 402
526 73 401
531 64 405
533 60 407
538 58 404
539 57 404
538 59 403
537 57 406
537 51 412
542 43 415
543 37 420
544 36 420
547 32 421
554 25 421
556 29 415
551 31 418
555 23 422
559 24 417
565 23 412
569 23 408
573 23 404
583 22 395
585 25 390
589 19 392
590 19 391
592 17 391
602 15 383
607 12 381
612 15 373
613 17 370
608 23 369
607 27 366
607 28 365
606 27 367
605 29 366
608 24 368
613 21 366
617 19 364
625 18 357
630 21 349
635 25 340
635 23 342
635 28 337
639 23 338
646 20 334
649 19 332
651 17 332
660 18 322
660 17 323
667 16 317
671 15 314
676 18 306
676 21 303
681 19 300
681 21 298
678 27 295
678 29 293
667 35 298
660 39 301
658 40 302
657 37 306
652 41 307
647 44 309
646 39 315
649 37 314
645 42 313
647 36 317
651 32 317
646 34 320
640 39 321
638 42 320
637 40 323
634 42 324
632 44 324
631 40 329
630 36 334
634 41 325
637 38 325
624 48 328
624 47 329
612 55 333
612 55 333
610 50 340
611 46 343
614 46 340
614 46 340
615 41 344
617 36 347
610 42 348
605 38 357
609 34 357
608 32 360
610 30 360
611 32 357
611 35 354
612 34 354
614 40 346
620 41 339
623 40 337
613 52 335
613 53 334
610 52 338
607 53 340
607 48 345
608 50 342
606 47 347
602 44 354
601 43 356
601 36 363
608 30 362
608 30 362
614 31 355
620 31 349
622 34 344
621 33 346
621 36 343
613 39 348
613 38 349
613 39 348
620 39 341
615 42 343
612 49 339
608 52 340
613 50 337
610 46 344
607 47 346
606 44 350
611 39 350
613 36 351
614 35 351
619 30 351
627 25 348
634 19 347
643 17 340
646 16 338
647 16 337
648 16 336
650 18 332
657 16 327
663 16 321
660 22 318
662 21 317
659 22 319
661 19 320
660 16 324
661 17 322
660 20 320
663 18 319
666 16 318
664 18 318
666 16 318
674 16 310
680 14 306
685 13 302
690 12 298
693 7 300
696 6 298
696 9 295
699 11 290
697 13 290
694 16 290
694 19 287
698 21 281
697 22 281
695 25 280
696 26 278
702 24 274
704 22 274
711 18 271
716 18 266
717 15 268
712 18 270
710 18 272
711 14 275
713 12 275
712 7 281
710 9 281
709 11 280
714 12 274
713 16 271
710 19 271
703 24 273
699 31 270
693 35 272
686 41 273
684 40 276
677 43 280
673 41 286
674 42 284
664 48 288
662 47 291
659 49 292
661 46 293
655 50 295
645 66 289
635 64 301
627 74 299
623 66 311
620 63 317
614 64 322
611 62 327
612 56 332
614 46 340
610 47 343
606 44 350
609 44 347
607 42 351
611 39 350
620 34 346
626 30 344
633 25 342
640 22 338
639 20 341
641 19 340
642 20 338
644 18 338
646 15 339
650 15 335
658 11 331
664 10 326
667 9 324
671 9 320
678 12 310
679 16 305
683 19 298
687 19 294
689 22 289
690 25 285
684 29 287
677 38 285
668 46 286
663 47 290
665 43 292
663 45 292
662 49 289
657 50 293
651 48 301
658 44 298
650 46 304
649 44 307
651 41 308
651 35 314
655 31 314
654 31 315
655 26 319
653 22 325
659 22 319
660 22 318
666 17 317
669 15 316
672 17 311
672 15 313
669 17 314
672 15 313
672 15 313
672 16 312
672 16 312
670 16 314
670 14 316
673 12 315
679 12 309
680 14 306
685 14 301
685 17 298
690 19 291
694 17 289
688 16 296
685 19 296
674 30 296
666 37 297
660 41 299
646 53 301
636 58 306
620 70 310
608 80 312
601 88 311
598 81 321
587 87 326
580 87 333
575 83 342
578 70 352
582 63 355
580 53 367
581 46 373
577 42 381
576 42 382
579 40 381
583 36 381
589 32 379
597 29 374
599 29 372
604 28 368
608 21 371
611 23 366
611 24 365
612 26 362
615 27 358
620 25 355
623 23 354
630 22 348
636 20 344
640 17 343
645 19 336
643 16 341
648 16 336
650 16 334
650 19 331
645 22 333
645 26 329
648 23 329
643 27 330
646 27 327
652 26 322
655 25 320
656 21 323
658 24 318
663 21 316
660 23 317
656 27 317
652 34 314
647 39 314
649 32 319
643 35 322
652 34 314
652 31 317
654 26 320
659 27 314
662 25 313
663 26 311
659 35 306
659 31 310
658 30 312
658 33 309
650 38 312
640 45 315
635 44 321
630 45 325
631 39 330
622 50 328
619 48 333
617 50 333
612 52 336
602 55 343
599 53 348
591 62 347
585 63 352
591 59 350
586 57 357
586 59 355
587 54 359
580 52 368
579 53 368
582 47 371
578 51 371
575 49 376
570 50 380
570 43 387
570 39 391
573 35 392
575 39 386
576 40 384
573 39 388
574 38 388
570 38 392
575 31 394
578 30 392
584 29 387
585 27 388
587 28 385
590 22 388
588 26 386
589 22 389
589 22 389
598 19 383
607 23 370
608 26 366
613 23 364
613 25 362
617 27 356
617 25 358
620 25 355
622 21 357
624 20 356
630 25 345
632 25 343
635 30 335
645 26 329
646 25 329
650 21 329
652 24 324
653 19 328
658 19 323
656 20 324
656 25 319
660 20 320
665 22 313
665 21 314
670 24 306
668 22 310
669 24 307
666 25 309
668 23 309
668 20 312
670 21 309
670 22 308
672 19 309
669 22 309
669 20 311
666 21 313
665 22 313
666 24 310
675 19 306
678 20 302
682 17 301
683 16 301
689 16 295
699 15 286
703 13 284
705 11 284
708 9 283
712 10 278
715 13 272
713 16 271
714 19 267
714 22 264
715 22 263
715 22 263
716 21 263
718 19 263
718 23 259
717 27 256
721 23 256
717 27 256
716 33 251
711 39 250
700 51 249
691 60 249
683 68 249
667 80 253
655 84 261
643 79 278
626 90 284
618 89 293
607 90 303
594 93 313
589 88 323
588 81 331
592 73 335
590 72 338
588 71 341
595 64 341
592 64 344
593 53 354
595 49 356
597 42 361
597 42 361
598 45 357
595 48 357
595 51 354
595 48 357
604 41 355
609 40 351
606 39 355
603 34 363
600 34 366
601 30 369
606 30 364
611 26 363
615 25 360
621 22 357
625 22 353
621 21 358
619 23 358
622 27 351
619 29 352
620 28 352
620 30 350
622 24 354
626 21 353
626 21 353
631 20 349
627 24 349
635 17 348
639 13 348
643 16 341
646 15 339
654 14 332
656 14 330
657 17 326
660 18 322
663 17 320
670 14 316
673 11 316
674 8 318
682 9 309
682 13 305
683 16 301
681 17 302
685 19 296
690 19 291
695 17 288
696 18 286
696 22 282
698 21 281
697 21 282
701 21 278
702 22 276
700 23 277
700 26 274
702 29 269
702 23 275
702 20 278
704 20 276
714 17 269
718 18 264
719 18 263
720 19 261
718 18 264
718 19 263
719 24 257
718 25 257
712 28 260
711 29 260
706 32 262
696 36 268
695 39 266
685 49 266
678 57 265
673 60 267
663 62 275
656 61 283
648 63 289
645 60 295
638 56 306
633 57 310
626 57 317
623 57 320
620 61 319
615 63 322
615 58 327
615 55 330
606 53 341
609 47 344
605 51 344
608 46 346
608 53 339
609 52 339
606 44 350
603 47 350
607 40 353
610 41 349
609 39 352
609 38 353
610 35 355
610 35 355
614 37 349
606 42 352
607 39 354
610 38 352
611 37 352
612 35 353
611 34 355
615 32 353
617 30 353
618 27 355
612 29 359
610 34 356
606 38 356
604 43 353
600 41 359
595 40 365
597 45 358
594 46 360
595 44 361
596 43 361
600 40 360
599 34 367
592 45 363
592 47 361
594 40 366
593 37 370
588 39 373
590 36 374
586 40 374
589 34 377
595 28 377
600 30 370
608 25 367
616 24 360
618 27 355
619 30 351
619 29 352
611 36 353
616 32 352
615 32 353
623 30 347
623 31 346
625 28 347
627 25 348
629 25 346
633 25 342
635 22 343
636 24 340
638 24 338
643 30 327
643 30 327
638 31 331
638 27 335
640 26 334
637 28 335
642 29 329
644 28 328
646 28 326
644 30 326
646 31 323
642 33 325
644 32 324
647 30 323
648 30 322
654 27 319
655 27 318
654 27 319
656 23 321
659 16 325
658 16 326
661 15 324
663 16 321
662 17 321
664 17 319
663 21 316
668 21 311
676 17 307
682 12 306
686 10 304
692 11 297
693 9 298
697 9 294
698 10 292
699 11 290
701 10 289
702 15 283
704 14 282
712 11 277
711 12 277
714 15 271
716 16 268
722 13 265
720 15 265
724 17 259
725 17 258
727 14 259
727 15 258
730 14 256
733 12 255
739 10 251
745 12 243
748 12 240
751 13 236
753 9 238
756 10 234
756 14 230
760 11 229
765 13 222
769 12 219
770 15 215
770 16 214
770 15 215
770 17 213
771 16 213
767 17 216
767 18 215
766 19 215
764 17 219
759 27 214
748 39 213
736 48 216
733 49 218
725 56 219
722 56 222
714 59 227
705 63 232
704 60 236
696 60 244
685 60 255
684 55 261
682 52 266
674 54 272
665 53 282
660 56 284
658 53 289
659 46 295
660 39 301
657 38 305
646 45 309
646 38 316
638 45 317
637 39 324
642 33 325
640 33 327
642 31 327
642 28 330
644 27 329
640 29 331
645 30 325
648 32 320
652 30 318
651 32 317
649 35 316
650 30 320
648 36 316
652 34 314
652 33 315
658 33 309
657 36 307
658 27 315
656 26 318
656 28 316
652 31 317
647 36 317
641 33 326
646 27 327
652 26 322
657 28 315
661 26 313
662 29 309
668 26 306
665 28 307
665 33 302
662 29 309
660 32 308
658 37 305
656 39 305
662 34 304
660 28 312
661 26 313
665 22 313
666 21 313
666 22 312
669 25 306
664 34 302
665 34 301
666 34 300
662 40 298
662 44 294
652 54 294
647 58 295
653 52 295
656 48 296
650 54 296
651 51 298
647 48 305
645 44 311
648 45 307
647 45 308
647 44 309
646 45 309
649 43 308
651 39 310
647 38 315
647 41 312
642 42 316
634 45 321
629 48 323
629 44 327
623 45 332
625 40 335
622 44 334
616 45 339
619 38 343
621 35 344
623 33 344
629 34 337
627 35 338
629 31 340
629 32 339
626 35 339
629 35 336
632 36 332
632 35 333
633 30 337
636 32 332
636 32 332
635 32 333
637 27 336
638 28 334
644 27 329
645 26 329
646 24 330
649 22 329
655 17 328
660 12 328
665 13 322
667 11 322
671 13 316
675 11 314
682 10 308
688 6 306
691 7 302
698 6 296
699 7 294
704 7 289
713 7 280
716 5 279
717 5 278
720 6 274
723 4 273
729 4 267
733 3 264
735 4 261
732 7 261
734 9 257
734 11 255
740 12 248
736 18 246
736 21 243
735 17 248
733 20 247
731 18 251
724 22 254
723 28 249
719 29 252
725 25 250
724 23 253
725 25 250
720 26 254
725 29 246
729 28 243
728 29 243
725 33 242
723 32 245
716 34 250
712 33 255
702 42 256
695 53 252
689 56 255
688 56 256
687 54 259
672 60 268
652 64 284
650 63 287
643 61 296
636 65 299
636 57 307
635 52 313
627 59 314
624 60 316
627 56 317
620 59 321
621 54 325
622 50 328
626 40 334
628 42 330
629 38 333
632 37 331
632 35 333
635 32 333
634 36 330
631 36 333
630 31 339
631 32 337
636 35 329
638 36 326
636 40 324
636 41 323
641 38 321
646 39 315
646 39 315
646 39 315
651 35 314
655 29 316
659 30 311
660 30 310
667 30 303
663 33 304
664 28 308
667 25 308
665 23 312
666 26 308
663 30 307
663 28 309
663 27 310
662 25 313
662 23 315
666 23 311
661 29 310
663 30 307
662 32 306
657 36 307
649 44 307
643 48 309
641 48 311
644 52 304
639 57 304
640 56 304
636 55 309
632 48 320
626 53 321
619 55 326
621 52 327
616 52 332
614 52 334
611 50 339
611 47 342
613 50 337
613 52 335
617 50 333
626 42 332
632 42 326
633 39 328
642 38 320
640 36 324
637 35 328
637 33 330
637 34 329
643 32 325
648 29 323
653 27 320
657 23 320
657 23 320
662 23 315
668 20 312
673 15 312
673 16 311
679 16 305
687 15 298
689 15 296
699 14 287
701 12 287
708 8 284
706 11 283
712 9 279
714 11 275
716 12 272
718 15 267
718 18 264
720 19 261
721 20 259
717 19 264
717 19 264
707 28 265
707 26 267
712 23 265
711 21 268
712 19 269
711 16 273
712 19 269
714 15 271
715 15 270
722 12 266
726 14 260
732 12 256
734 10 256
735 9 256
735 10 255
738 9 253
738 9 253
737 10 253
741 11 248
745 13 242
744 14 242
742 15 243
740 14 246
743 12 245
740 14 246
737 16 247
736 17 247
