998 2 0
998 2 0
998 2 0
997 3 0
996 2 2
993 4 3
992 5 3
983 11 6
972 21 7
961 27 12
943 39 18
923 52 25
895 70 35
860 95 45
831 111 58
803 119 78
773 134 93
741 140 119
710 143 147
683 151 166
667 152 181
652 142 206
629 140 231
608 145 247
588 141 271
575 136 289
556 133 311
543 123 334
537 114 349
529 110 361
523 97 380
523 93 384
519 86 395
518 81 401
524 76 400
519 73 408
523 66 411
528 61 411
528 58 414
531 55 414
531 57 412
532 58 410
526 63 411
530 60 410
529 66 405
527 62 411
522 58 420
524 55 421
528 54 418
531 54 415
538 53 409
539 50 411
539 50 411
539 47 414
539 48 413
541 48 411
543 51 406
546 49 405
542 52 406
537 52 411
538 47 415
544 48 408
544 46 410
549 38 413
552 29 419
556 24 420
562 26 412
568 25 407
573 21 406
576 22 402
577 26 397
581 25 394
582 26 392
590 27 383
592 26 382
593 29 378
593 27 380
594 26 380
593 23 384
599 18 383
590 29 381
591 35 374
595 32 373
602 30 368
600 30 370
599 30 371
599 34 367
597 31 372
593 31 376
596 25 379
603 27 370
604 23 373
604 28 368
604 32 364
613 31 356
611 30 359
614 25 361
622 25 353
626 20 354
625 21 354
627 22 351
631 20 349
640 21 339
640 23 337
646 25 329
654 24 322
655 23 322
659 19 322
663 19 318
662 23 315
667 22 311
666 25 309
670 20 310
677 20 303
680 16 304
682 19 299
679 20 301
684 20 296
689 21 290
687 21 292
686 22 292
683 28 289
683 26 291
681 26 293
684 21 295
684 22 294
691 22 287
691 18 291
688 23 289
688 21 291
689 22 289
689 25 286
687 26 287
690 26 284
689 27 284
688 30 282
696 31 273
697 28 275
699 28 273
698 24 278
694 28 278
693 29 278
693 27 280
699 23 278
698 26 276
694 26 280
697 26 277
695 27 278
696 25 279
700 25 275
705 26 269
701 31 268
696 36 268
696 33 271
702 26 272
696 33 271
694 34 272
695 32 273
696 34 270
694 31 275
696 28 276
697 28 275
701 27 272
706 27 267
706 29 265
709 32 259
707 29 264
703 30 267
702 33 265
695 33 272
696 29 275
698 28 274
698 32 270
694 31 275
694 32 274
696 27 277
699 29 272
695 31 274
694 30 276
696 23 281
696 21 283
693 27 280
692 29 279
688 38 274
682 40 278
675 42 283
671 43 286
663 47 290
661 48 291
656 43 301
656 33 311
654 31 315
654 27 319
649 24 327
656 22 322
660 22 318
664 21 315
671 17 312
669 19 312
670 20 310
669 23 308
671 22 307
671 18 311
670 20 310
677 20 303
675 22 303
675 18 307
679 19 302
678 22 300
676 20 304
681 20 299
681 21 298
682 20 298
676 28 296
670 31 299
666 37 297
670 33 297
669 33 298
661 38 301
658 38 304
650 45 305
643 44 313
643 43 314
643 41 316
646 37 317
647 36 317
643 39 318
644 38 318
642 37 321
638 32 330
641 32 327
644 30 326
642 33 325
642 32 326
646 32 322
652 31 317
659 33 308
659 36 305
664 34 302
662 31 307
666 31 303
662 33 305
663 38 299
655 43 302
656 42 302
656 40 304
654 45 301
652 48 300
646 50 304
643 48 309
637 54 309
636 54 310
644 49 307
646 40 314
646 35 319
644 37 319
648 39 313
650 31 319
648 31 321
646 28 326
654 25 321
660 24 316
661 18 321
660 18 322
659 19 322
663 22 315
663 24 313
663 23 314
665 23 312
670 21 309
671 22 307
671 22 307
671 28 301
675 25 300
676 27 297
671 29 300
667 30 303
657 37 306
654 42 304
644 45 311
635 53 312
634 52 314
634 48 318
633 43 324
633 43 324
628 44 328
623 47 330
617 46 337
613 46 341
611 53 336
611 44 345
607 42 351
607 40 353
604 36 360
610 32 358
614 27 359
620 26 354
620 24 356
626 22 352
629 21 350
630 25 345
635 25 340
641 23 336
643 20 337
646 18 336
651 18 331
654 20 326
657 18 325
659 19 322
664 16 320
667 16 317
669 14 317
676 15 309
683 12 305
684 13 303
689 14 297
694 12 294
695 11 294
696 13 291
698 9 293
705 8 287
712 8 280
715 7 278
721 4 275
725 4 271
728 4 268
730 4 266
729 6 265
733 7 260
736 6 258
743 5 252
743 8 249
746 9 245
748 12 240
746 16 238
746 19 235
744 21 235
746 23 231
743 25 232
748 21 231
746 23 231
747 22 231
747 23 230
747 18 235
752 19 229
755 19 226
756 19 225
751 23 226
748 23 229
756 23 221
758 25 217
761 25 214
758 29 213
749 38 213
746 36 218
738 40 222
729 44 227
721 51 228
706 63 231
685 80 235
671 85 244
661 86 253
653 85 262
650 74 276
645 74 281
637 73 290
636 72 292
634 67 299
628 68 304
627 63 310
622 58 320
619 52 329
622 49 329
612 53 335
612 53 335
603 63 334
600 57 343
594 52 354
590 49 361
592 51 357
590 46 364
587 41 372
585 42 373
586 45 369
590 38 372
594 39 367
597 34 369
601 28 371
600 24 376
601 22 377
598 24 378
599 21 380
605 24 371
612 23 365
613 18 369
618 19 363
621 21 358
625 18 357
629 15 356
626 21 353
628 21 351
631 19 350
635 15 350
640 13 347
644 11 345
654 11 335
656 8 336
658 10 332
658 9 333
658 12 330
658 16 326
663 17 320
661 20 319
657 26 317
659 26 315
658 29 313
650 35 315
648 34 318
648 36 316
652 35 313
654 35 311
648 38 314
651 34 315
652 34 314
655 33 312
651 37 312
648 37 315
645 36 319
649 36 315
641 45 314
638 43 319
628 49 323
636 49 315
632 53 315
634 51 315
629 55 316
632 52 316
627 55 318
625 60 315
621 64 315
619 64 317
620 61 319
617 55 328
613 51 336
618 49 333
620 47 333
623 41 336
629 42 329
634 41 325
638 30 332
639 29 332
646 28 326
650 26 324
652 29 319
655 28 317
655 27 318
659 24 317
665 24 311
665 21 314
672 22 306
677 16 307
685 12 303
691 11 298
695 11 294
700 11 289
707 11 282
708 10 282
710 12 278
711 14 275
713 17 270
713 14 273
716 14 270
719 14 267
718 17 265
721 18 261
725 18 257
724 15 261
730 16 254
730 17 253
730 16 254
730 15 255
723 21 256
715 33 252
703 40 257
700 42 258
691 44 265
677 49 274
668 51 281
657 63 280
653 63 284
639 70 291
631 67 302
624 75 301
606 89 305
595 87 318
591 81 328
586 80 334
581 83 336
576 75 349
574 71 355
569 67 364
565 61 374
562 63 375
566 63 371
564 60 376
565 58 377
561 61 378
560 60 380
554 65 381
549 64 387
548 59 393
553 56 391
552 58 390
559 55 386
565 53 382
566 47 387
571 46 383
576 41 383
577 37 386
580 40 380
581 34 385
585 33 382
586 32 382
591 29 380
594 27 379
593 32 375
596 33 371
598 31 371
596 32 372
603 31 366
610 25 365
608 27 365
607 30 363
611 30 359
614 32 354
619 27 354
615 26 359
624 23 353
630 23 347
628 25 347
627 29 344
625 29 346
625 33 342
623 33 344
621 34 345
611 40 349
606 45 349
604 41 355
600 41 359
603 41 356
605 45 350
599 43 358
595 43 362
591 47 362
587 50 363
588 51 361
588 56 356
589 51 360
591 52 357
582 54 364
572 58 370
567 55 378
559 59 382
561 55 384
558 59 383
556 60 384
550 63 387
550 62 388
548 62 390
550 63 387
561 52 387
558 56 386
561 44 395
566 45 389
571 44 385
576 41 383
578 38 384
580 37 383
582 39 379
581 39 380
588 37 375
590 36 374
592 30 378
594 20 386
601 18 381
611 18 371
611 17 372
604 25 371
606 22 372
608 22 370
611 24 365
607 26 367
603 22 375
607 21 372
610 21 369
616 19 365
621 19 360
623 19 358
623 17 360
626 17 357
632 16 352
634 14 352
638 15 347
645 13 342
652 12 336
657 11 332
659 15 326
662 17 321
664 19 317
664 22 314
658 29 313
655 30 315
646 39 315
644 33 323
647 33 320
648 31 321
640 35 325
639 36 325
635 33 332
633 34 333
638 30 332
641 29 330
647 25 328
646 24 330
652 23 325
648 29 323
652 29 319
653 31 316
653 35 312
648 38 314
641 42 317
640 40 320
643 38 319
646 34 320
652 34 314
656 33 311
660 30 310
660 28 312
661 28 311
662 30 308
661 30 309
658 36 306
656 31 313
649 41 310
645 39 316
646 35 319
651 34 315
653 37 310
651 44 305
645 46 309
641 44 315
638 44 318
644 38 318
640 37 323
636 37 327
639 39 322
635 44 321
635 43 322
635 46 319
637 38 325
635 42 323
633 38 329
628 45 327
620 45 335
616 54 330
609 60 331
611 60 329
603 65 332
595 66 339
582 71 347
577 69 354
573 68 359
570 67 363
561 72 367
559 60 381
555 58 387
554 54 392
560 52 388
554 55 391
559 51 390
563 45 392
568 43 389
564 43 393
570 35 395
571 29 400
569 28 403
573 26 401
580 22 398
584 20 396
592 16 392
596 15 389
609 15 376
616 14 370
622 11 367
626 12 362
629 11 360
635 13 352
639 12 349
642 15 343
645 14 341
647 13 340
643 15 342
652 16 332
660 14 326
661 18 321
662 16 322
664 17 319
670 21 309
666 21 313
666 28 306
661 31 308
660 30 310
658 34 308
654 42 304
645 49 306
643 48 309
644 42 314
644 45 311
641 48 311
641 47 312
636 54 310
617 61 322
602 73 325
594 74 332
595 72 333
587 76 337
585 77 338
573 81 346
567 79 354
556 83 361
536 89 375
528 95 377
511 108 381
500 104 396
493 96 411
493 92 415
493 81 426
490 75 435
493 62 445
490 64 446
488 62 450
489 61 450
490 53 457
492 51 457
499 45 456
505 47 448
506 46 448
505 48 447
505 44 451
506 42 452
509 43 448
514 45 441
521 45 434
525 41 434
525 46 429
531 44 425
531 50 419
536 41 423
534 43 423
532 48 420
535 42 423
539 44 417
541 40 419
537 37 426
539 37 424
550 35 415
553 32 415
557 28 415
559 29 412
558 32 410
556 30 414
559 30 411
565 25 410
571 23 406
574 22 404
583 18 399
587 16 397
594 17 389
598 18 384
606 18 376
609 18 373
605 21 374
612 21 367
616 26 358
618 29 353
618 24 358
622 22 356
630 19 351
638 16 346
641 16 343
644 15 341
649 11 340
649 12 339
652 12 336
659 13 328
659 16 325
661 21 318
667 19 314
668 17 315
670 12 318
682 13 305
683 18 299
684 22 294
678 26 296
678 25 297
676 22 302
682 21 297
684 19 297
686 21 293
688 23 289
686 27 287
688 27 285
685 26 289
681 28 291
679 31 290
676 31 293
664 39 297
664 37 299
655 47 298
642 54 304
640 50 310
631 55 314
629 52 319
622 55 323
621 50 329
619 50 331
619 48 333
616 43 341
616 40 344
617 39 344
620 38 342
616 43 341
618 45 337
621 46 333
616 53 331
622 44 334
622 42 336
621 44 335
619 44 337
619 44 337
618 53 329
612 56 332
612 52 336
608 50 342
607 47 346
612 44 344
611 43 346
610 47 343
610 43 347
612 37 351
619 38 343
621 37 342
621 40 339
619 43 338
615 45 340
612 46 342
610 38 352
609 41 350
612 36 352
610 35 355
612 40 348
619 35 346
617 36 347
619 34 347
620 33 347
622 35 343
622 38 340
628 35 337
631 30 339
635 32 333
636 35 329
635 37 328
633 37 330
641 39 320
635 45 320
634 44 322
632 42 326
627 41 332
621 44 335
623 39 338
626 32 342
625 33 342
629 31 340
635 25 340
644 23 333
645 22 333
651 19 330
651 25 324
655 25 320
659 23 318
661 18 321
665 17 318
668 18 314
674 17 309
679 16 305
677 17 306
682 21 297
682 27 291
681 32 287
678 35 287
680 31 289
679 35 286
682 34 284
674 39 287
672 42 286
673 41 286
669 40 291
657 53 290
655 52 293
644 60 296
641 60 299
641 53 306
633 57 310
631 55 314
619 65 316
618 59 323
615 59 326
611 58 331
619 58 323
615 56 329
620 47 333
613 49 338
615 42 343
613 37 350
611 35 354
612 32 356
613 26 361
610 26 364
608 28 364
605 36 359
610 36 354
608 37 355
613 33 354
615 30 355
618 26 356
618 25 357
621 23 356
623 25 352
627 23 350
635 21 344
641 18 341
645 15 340
651 12 337
663 13 324
668 14 318
673 9 318
680 7 313
684 9 307
689 10 301
700 10 290
709 9 282
711 10 279
717 9 274
725 8 267
730 9 261
729 10 261
732 9 259
729 10 261
734 13 253
733 16 251
731 23 246
731 23 246
728 26 246
731 25 244
719 36 245
714 39 247
707 43 250
709 40 251
711 36 253
708 37 255
704 39 257
707 36 257
701 41 258
700 37 263
701 33 266
693 41 266
690 44 266
679 48 273
679 44 277
678 46 276
685 41 274
685 37 278
690 39 271
686 44 270
684 44 272
683 39 278
684 38 278
680 35 285
680 36 284
688 27 285
690 25 285
690 22 288
686 24 290
685 26 289
683 27 290
680 29 291
679 26 295
684 17 299
680 23 297
681 26 293
676 31 293
