997 3 0
996 3 1
996 2 2
996 2 2
994 4 2
992 6 2
990 7 3
987 9 4
982 14 4
960 35 5
943 46 11
914 71 15
893 77 30
869 84 47
853 85 62
827 101 72
803 112 85
773 125 102
741 136 123
713 149 138
680 162 158
654 161 185
628 165 207
606 152 242
596 150 254
581 144 275
559 146 295
541 149 310
525 145 330
513 143 344
514 132 354
502 127 371
490 128 382
490 117 393
493 103 404
493 87 420
493 83 424
497 75 428
502 74 424
503 71 426
499 66 435
496 67 437
492 68 440
492 61 447
483 62 455
484 54 462
486 52 462
484 54 462
489 54 457
492 52 456
494 53 453
492 56 452
499 49 452
502 48 450
507 45 448
508 40 452
517 36 447
518 38 444
519 40 441
521 40 439
529 37 434
532 39 429
534 35 431
542 33 425
546 28 426
547 27 426
555 25 420
557 23 420
560 24 416
561 22 417
570 22 408
572 21 407
579 17 404
585 16 399
588 17 395
594 17 389
604 16 380
608 18 374
611 17 372
610 20 370
608 18 374
610 21 369
609 23 368
618 21 361
620 21 359
624 22 354
622 20 358
625 19 356
625 19 356
624 23 353
628 24 348
630 27 343
625 31 344
622 39 339
620 47 333
622 43 335
628 38 334
634 36 330
633 39 328
619 50 331
621 50 329
622 51 327
616 53 331
606 55 339
612 51 337
611 49 340
614 48 338
617 45 338
612 46 342
608 48 344
603 53 344
602 51 347
601 52 347
593 59 348
591 59 350
594 49 357
590 54 356
586 47 367
583 43 374
583 38 379
580 38 382
585 38 377
584 35 381
579 34 387
579 35 386
578 32 390
582 34 384
574 43 383
572 43 385
576 42 382
586 44 370
583 46 371
585 42 373
587 41 372
589 35 376
589 40 371
589 34 377
591 33 376
582 41 377
575 50 375
572 50 378
571 52 377
570 55 375
574 43 383
573 44 383
574 41 385
568 47 385
563 50 387
557 52 391
561 51 388
558 48 394
551 53 396
550 56 394
557 56 387
557 57 386
551 57 392
553 51 396
546 57 397
541 57 402
543 55 402
534 58 408
526 66 408
521 67 412
523 62 415
516 67 417
524 60 416
523 54 423
527 48 425
531 43 426
530 37 433
525 40 435
529 39 432
533 41 426
536 41 423
545 38 417
552 39 409
558 37 405
557 33 410
557 30 413
557 33 410
556 34 410
558 32 410
566 30 404
570 27 403
567 30 403
570 26 404
578 26 396
582 26 392
584 24 392
583 26 391
585 25 390
589 24 387
590 18 392
596 16 388
603 15 382
610 13 377
619 11 370
626 8 366
629 8 363
636 4 360
643 5 352
644 8 348
648 8 344
649 7 344
648 13 339
655 9 336
654 12 334
649 19 332
648 17 335
651 16 333
649 18 333
647 18 335
649 18 333
647 19 334
647 24 329
647 26 327
644 24 332
640 26 334
640 25 335
632 32 336
632 36 332
629 36 335
630 32 338
624 37 339
624 31 345
625 29 346
625 31 344
624 34 342
624 35 341
622 32 346
622 36 342
624 29 347
629 25 346
627 35 338
629 31 340
629 32 339
631 31 338
636 29 335
636 25 339
637 27 336
637 25 338
640 21 339
643 21 336
645 22 333
646 26 328
650 29 321
655 28 317
652 28 320
656 25 319
657 25 318
660 23 317
671 18 311
672 17 311
677 18 305
679 15 306
682 16 302
681 21 298
681 21 298
679 26 295
682 27 291
679 25 296
683 24 293
689 23 288
689 21 290
690 21 289
691 22 287
693 25 282
688 30 282
696 29 275
698 24 278
697 23 280
695 24 281
695 23 282
692 26 282
689 31 280
686 37 277
688 33 279
684 29 287
682 34 284
677 32 291
679 36 285
670 46 284
664 48 288
664 43 293
651 49 300
658 45 297
666 36 298
668 33 299
669 32 299
665 32 303
663 34 303
666 30 304
662 34 304
661 35 304
664 34 302
654 37 309
654 38 308
654 42 304
649 45 306
648 41 311
648 38 314
653 33 314
653 33 314
646 35 319
646 39 315
645 36 319
643 38 319
641 30 329
641 31 328
640 32 328
645 33 322
646 35 319
648 33 319
642 36 322
643 33 324
644 30 326
642 36 322
646 34 320
648 33 319
646 32 322
639 38 323
638 40 322
633 47 320
634 46 320
636 48 316
637 48 315
635 47 318
639 44 317
637 38 325
639 35 326
644 31 325
642 36 322
641 40 319
632 48 320
632 48 320
630 48 322
622 52 326
614 54 332
608 64 328
594 73 333
594 72 334
590 74 336
584 66 350
582 62 356
583 54 363
586 52 362
586 53 361
588 51 361
584 48 368
589 42 369
584 47 369
582 44 374
581 50 369
590 50 360
588 45 367
585 44 371
590 41 369
592 40 368
597 36 367
592 40 368
581 46 373
582 44 374
582 44 374
580 42 378
579 38 383
583 35 382
585 33 382
585 35 380
585 34 381
589 31 380
599 26 375
604 20 376
606 20 374
608 20 372
617 18 365
620 15 365
628 14 358
635 11 354
639 11 350
640 9 351
638 12 350
635 15 350
640 13 347
643 17 340
642 17 341
642 17 341
639 21 340
637 20 343
640 20 340
643 20 337
634 31 335
637 29 334
638 28 334
638 33 329
635 35 330
629 43 328
627 47 326
618 51 331
609 58 333
595 64 341
585 70 345
578 68 354
571 69 360
565 72 363
560 66 374
567 63 370
574 55 371
568 55 377
570 55 375
568 48 384
569 44 387
567 40 393
574 34 392
577 29 394
583 30 387
590 25 385
594 23 383
592 23 385
597 19 384
607 21 372
604 28 368
607 31 362
609 29 362
612 32 356
611 29 360
614 26 360
615 24 361
624 20 356
628 20 352
632 18 350
634 16 350
640 17 343
643 14 343
645 16 339
651 12 337
656 14 330
661 12 327
670 7 323
674 7 319
677 10 313
672 16 312
677 13 310
680 14 306
686 16 298
691 15 294
693 16 291
696 15 289
698 13 289
696 17 287
696 16 288
698 14 288
700 10 290
702 10 288
703 12 285
707 10 283
711 8 281
712 10 278
714 14 272
711 19 270
713 24 263
711 24 265
711 21 268
711 25 264
710 23 267
699 36 265
697 43 260
688 46 266
686 46 268
690 39 271
681 44 275
681 40 279
675 45 280
674 41 285
675 42 283
672 45 283
669 50 281
667 47 286
660 49 291
655 55 290
651 60 289
645 67 288
644 63 293
638 61 301
629 65 306
619 68 313
617 60 323
610 61 329
603 61 336
598 64 338
594 65 341
582 68 350
581 63 356
576 66 358
572 65 363
578 62 360
575 61 364
574 59 367
569 53 378
570 50 380
575 49 376
579 40 381
582 39 379
590 36 374
595 32 373
590 39 371
590 38 372
586 43 371
587 42 371
584 42 374
584 47 369
585 47 368
591 46 363
590 46 364
591 45 364
592 37 371
597 36 367
593 40 367
591 42 367
595 35 370
594 35 371
594 38 368
595 39 366
593 36 371
595 30 375
599 28 373
601 27 372
601 29 370
603 29 368
608 29 363
609 27 364
610 30 360
609 27 364
616 28 356
615 30 355
617 28 355
620 28 352
621 24 355
625 29 346
627 26 347
627 25 348
631 24 345
632 21 347
639 21 340
635 24 341
637 25 338
634 30 336
637 30 333
633 42 325
624 45 331
626 42 332
624 45 331
622 44 334
619 48 333
624 48 328
614 52 334
610 51 339
611 51 338
611 50 339
603 52 345
597 53 350
595 57 348
595 53 352
594 49 357
595 40 365
591 42 367
592 44 364
590 44 366
593 38 369
595 34 371
598 30 372
607 31 362
605 34 361
607 35 358
608 34 358
608 36 356
608 35 357
613 34 353
617 34 349
618 36 346
627 32 341
628 32 340
629 30 341
632 25 343
632 27 341
630 33 337
638 29 333
638 32 330
642 29 329
643 26 331
642 31 327
639 33 328
641 31 328
641 36 323
636 37 327
634 37 329
640 35 325
641 30 329
633 35 332
638 35 327
635 38 327
638 39 323
637 38 325
633 45 322
629 48 323
630 45 325
623 47 330
625 38 337
620 37 343
620 38 342
615 40 345
610 47 343
609 44 347
607 46 347
610 42 348
614 40 346
614 40 346
609 43 348
610 41 349
612 42 346
610 44 346
603 49 348
604 47 349
603 43 354
610 37 353
614 34 352
615 38 347
609 44 347
609 40 351
614 36 350
612 38 350
604 44 352
603 45 352
598 42 360
594 46 360
591 48 361
590 47 363
590 43 367
587 36 377
588 37 375
596 30 374
595 33 372
597 30 373
597 31 372
599 28 373
604 26 370
607 24 369
611 23 366
617 26 357
617 25 358
617 25 358
623 25 352
623 26 351
625 19 356
630 16 354
632 17 351
637 19 344
645 14 341
648 15 337
652 20 328
660 18 322
656 25 319
654 24 322
653 22 325
662 20 318
667 19 314
676 18 306
681 17 302
681 19 300
683 19 298
683 22 295
684 26 290
687 28 285
690 29 281
694 22 284
698 20 282
703 20 277
705 18 277
709 18 273
707 23 270
702 29 269
700 26 274
701 25 274
702 25 273
706 21 273
707 20 273
714 19 267
720 16 264
721 17 262
726 14 260
730 13 257
729 17 254
730 15 255
736 12 252
738 14 248
739 10 251
742 11 247
744 11 245
749 10 241
752 7 241
754 9 237
755 9 236
758 8 234
763 10 227
764 6 230
766 8 226
769 8 223
773 9 218
772 9 219
764 19 217
760 21 219
756 25 219
751 31 218
751 29 220
737 37 226
729 46 225
722 50 228
714 51 235
706 52 242
706 55 239
698 53 249
688 57 255
679 67 254
672 71 257
665 73 262
656 74 270
650 71 279
647 71 282
640 74 286
638 67 295
636 56 308
631 52 317
633 47 320
637 43 320
636 42 322
631 39 330
631 38 331
632 40 328
631 35 334
630 37 333
637 38 325
631 40 329
629 43 328
629 37 334
630 34 336
633 32 335
636 30 334
641 25 334
647 25 328
652 24 324
656 22 322
661 22 317
660 20 320
664 14 322
668 13 319
670 15 315
674 12 314
676 11 313
682 11 307
684 7 309
689 6 305
691 9 300
694 11 295
693 13 294
699 15 286
707 14 279
705 17 278
709 16 275
713 15 272
711 17 272
714 17 269
714 20 266
708 23 269
704 29 267
698 31 271
697 30 273
696 32 272
695 32 273
697 29 274
693 31 276
688 35 277
684 34 282
682 34 284
679 36 285
679 33 288
677 33 290
672 34 294
670 34 296
672 31 297
669 36 295
675 38 287
676 33 291
672 39 289
675 35 290
674 38 288
677 33 290
676 33 291
675 34 291
674 33 293
674 32 294
677 31 292
679 37 284
679 35 286
680 36 284
681 36 283
677 38 285
673 42 285
670 42 288
669 42 289
660 42 298
661 36 303
660 29 311
657 31 312
656 29 315
661 28 311
657 33 310
664 26 310
668 24 308
672 23 305
674 22 304
677 24 299
678 26 296
682 20 298
681 22 297
683 23 294
680 25 295
684 22 294
680 25 295
682 24 294
687 23 290
690 20 290
695 19 286
695 22 283
695 21 284
689 29 282
685 34 281
680 38 282
679 31 290
683 29 288
681 32 287
686 34 280
685 35 280
689 33 278
693 29 278
694 28 278
698 25 277
699 26 275
704 26 270
703 26 271
700 28 272
704 28 268
702 31 267
700 33 267
697 37 266
695 36 269
702 30 268
708 29 263
705 29 266
701 32 267
698 35 267
695 38 267
689 42 269
680 48 272
666 58 276
657 64 279
646 64 290
637 59 304
633 52 315
628 60 312
626 54 320
621 55 324
617 57 326
619 52 329
620 53 327
617 48 335
618 48 334
615 47 338
614 48 338
617 46 337
617 43 340
616 45 339
607 48 345
601 50 349
604 41 355
608 36 356
609 41 350
612 39 349
608 42 350
602 43 355
605 39 356
603 39 358
607 40 353
603 41 356
602 38 360
604 36 360
595 45 360
597 43 360
595 38 367
599 33 368
605 28 367
605 26 369
606 27 367
611 25 364
614 21 365
617 20 363
625 18 357
628 18 354
630 19 351
628 25 347
628 28 344
629 29 342
626 31 343
627 32 341
625 31 344
622 36 342
622 38 340
622 42 336
612 45 343
607 46 347
609 35 356
609 41 350
612 38 350
616 36 348
615 31 354
621 30 349
620 24 356
617 25 358
620 26 354
616 31 353
614 28 358
616 29 355
617 28 355
618 28 354
619 26 355
617 22 361
621 19 360
628 19 353
623 24 353
619 24 357
625 22 353
632 18 350
628 20 352
627 17 356
623 23 354
626 24 350
622 31 347
625 32 343
624 38 338
620 37 343
621 41 338
622 43 335
620 43 337
615 52 333
605 61 334
597 60 343
594 61 345
590 55 355
586 58 356
580 59 361
580 61 359
578 60 362
581 58 361
586 55 359
585 55 360
584 53 363
582 48 370
578 52 370
574 54 372
575 47 378
576 47 377
583 44 373
579 50 371
579 46 375
578 46 376
572 48 380
568 56 376
562 59 379
562 52 386
564 48 388
565 50 385
566 45 389
570 42 388
573 38 389
575 40 385
576 41 383
573 41 386
581 35 384
582 34 384
582 35 383
592 34 374
594 34 372
591 33 376
589 32 379
587 35 378
589 36 375
591 32 377
590 37 373
587 35 378
588 26 386
594 26 380
594 28 378
597 29 374
