169
396
611
839
170
704
248
362
761
681
347
275
705
107
21
725
473
249
754
297
126
227
501
101
817
65
568
236
321
941
82
987
33
630
149
523
678
526
283
544
51
150
61
286
416
382
577
355
422
421
146
701
612
135
1
335
908
511
31
882
340
710
652
368
53
138
665
399
647
375
855
86
6
745
781
656
202
186
258
702
90
755
628
56
866
216
988
498
77
343
477
662
742
457
12
467
901
591
838
490
849
843
269
629
582
339
4
785
273
925
782
530
412
460
451
29
380
108
310
924
495
45
720
686
342
543
957
30
176
687
22
201
405
766
777
847
95
931
518
731
767
779
181
972
820
693
140
424
604
676
371
384
383
888
814
