995
164
562
121
218
650
636
92
625
928
133
122
118
34
422
939
445
718
272
98
387
76
230
428
644
953
292
584
170
859
138
373
738
104
883
61
993
519
863
474
144
870
637
417
39
631
692
142
873
397
400
624
460
97
822
967
701
772
989
839
305
459
102
185
50
895
517
57
485
528
502
522
714
610
646
666
113
213
894
676
955
504
820
46
841
871
123
615
613
901
749
816
119
748
707
279
760
490
228
372
686
984
912
678
845
262
754
594
674
313
503
421
77
11
248
897
868
275
1
887
633
802
419
533
468
172
854
507
492
229
495
433
651
297
828
341
952
411
302
371
489
318
552
440
137
587
581
793
711
817
232
908
285
491
980
