277
584
23
485
204
653
185
121
337
286
691
632
320
752
53
493
88
681
613
213
70
662
902
160
695
266
499
948
305
487
224
580
490
837
240
689
271
665
732
159
597
417
671
435
78
63
676
781
358
229
813
355
460
18
891
278
820
369
841
182
294
135
142
129
583
861
546
418
150
558
279
753
270
562
545
374
120
539
942
552
362
998
459
171
30
603
474
674
586
835
970
220
202
339
705
203
263
964
542
235
873
809
729
751
368
76
359
12
518
9
315
239
390
615
962
553
261
118
568
913
66
406
782
889
535
101
145
497
6
252
607
151
990
500
636
444
756
759
36
863
722
796
79
799
192
846
509
237
854
141
932
654
890
802
330
