98
356
388
308
941
605
744
772
524
333
667
854
816
700
762
652
754
555
488
738
6
441
654
725
95
752
894
275
517
639
922
28
885
487
467
303
150
921
372
530
113
704
557
785
478
656
451
435
540
561
153
273
407
188
96
645
283
45
956
66
231
679
801
152
758
787
756
794
288
840
393
46
871
389
507
315
23
891
55
17
722
887
863
749
932
875
997
822
165
205
244
491
218
234
958
831
511
696
417
296
716
897
721
256
493
579
216
968
632
682
508
747
634
107
486
485
799
948
257
617
51
105
247
255
981
92
681
342
464
601
945
684
413
192
129
424
720
201
463
293
380
795
358
510
431
969
228
867
521
687
384
796
973
212
135
