335
924
252
780
382
519
872
912
438
770
599
614
548
228
152
200
585
615
80
952
683
333
280
286
648
987
60
793
666
913
589
259
982
433
104
917
646
490
774
226
606
865
645
990
403
409
684
157
842
507
63
315
217
778
207
100
434
798
116
400
783
595
372
804
474
702
342
483
821
837
904
726
718
443
968
738
762
741
212
125
366
791
830
12
487
376
325
172
711
859
19
698
267
410
673
272
844
911
29
85
896
53
675
957
882
962
87
55
223
900
729
538
796
845
716
649
941
293
118
173
828
65
822
244
956
82
205
190
497
352
986
258
948
276
602
499
727
300
123
832
311
186
457
641
782
925
964
48
854
387
478
213
215
679
731
