995 5 0
994 5 1
994 4 2
993 5 2
988 9 3
982 13 5
976 17 7
971 17 12
966 22 12
953 30 17
936 40 24
924 44 32
906 55 39
879 76 45
848 93 59
813 104 83
776 120 104
740 145 115
715 153 132
680 170 150
658 164 178
634 167 199
610 171 219
601 150 249
584 142 274
572 140 288
556 134 310
544 136 320
531 142 327
529 131 340
522 126 352
514 122 364
511 121 368
497 120 383
492 104 404
484 103 413
484 94 422
486 88 426
488 79 433
494 77 429
487 81 432
489 75 436
493 69 438
497 63 440
494 60 446
497 59 444
500 48 452
508 46 446
509 46 445
516 39 445
513 39 448
514 41 445
518 38 444
523 39 438
528 39 433
527 35 438
529 30 441
528 31 441
529 34 437
527 36 437
529 35 436
529 33 438
536 31 433
543 30 427
543 37 420
544 36 420
545 33 422
547 29 424
549 33 418
553 32 415
553 37 410
553 37 410
553 37 410
550 35 415
554 35 411
558 33 409
560 30 410
565 29 406
563 30 407
566 31 403
569 28 403
573 29 398
575 27 398
574 27 399
582 22 396
586 17 397
591 16 393
596 10 394
601 8 391
605 5 390
609 5 386
616 4 380
621 3 376
627 2 371
633 1 366
640 1 359
649 3 348
659 3 338
662 4 334
665 6 329
666 8 326
668 7 325
671 7 322
668 13 319
663 17 320
672 20 308
671 23 306
670 27 303
659 33 308
652 39 309
644 43 313
641 44 315
641 45 314
638 46 316
630 45 325
636 43 321
637 41 322
638 39 323
638 34 328
637 33 330
638 32 330
641 29 330
644 26 330
647 26 327
655 24 321
659 25 316
662 26 312
668 26 306
669 25 306
665 29 306
666 28 306
669 26 305
671 23 306
676 18 306
684 16 300
694 15 291
699 16 285
703 15 282
702 17 281
698 22 280
698 30 272
689 42 269
683 47 270
680 47 273
675 52 273
671 46 283
667 52 281
665 49 286
663 54 283
659 58 283
656 56 288
659 52 289
647 60 293
644 57 299
643 62 295
640 62 298
638 54 308
636 51 313
634 47 319
635 40 325
630 43 327
632 38 330
633 38 329
634 34 332
639 34 327
642 32 326
644 27 329
645 21 334
651 18 331
650 17 333
651 22 327
655 20 325
652 21 327
655 20 325
652 21 327
648 25 327
650 25 325
654 25 321
651 27 322
654 27 319
662 24 314
665 24 311
663 23 314
666 17 317
670 14 316
676 12 312
677 12 311
681 12 307
686 14 300
691 12 297
697 12 291
700 11 289
701 11 288
703 11 286
706 12 282
709 14 277
711 14 275
709 16 275
704 21 275
704 22 274
707 20 273
711 19 270
713 17 270
717 16 267
716 18 266
716 20 264
718 21 261
721 21 258
724 18 258
721 20 259
719 21 260
712 26 262
710 24 266
711 24 265
708 23 269
708 24 268
707 22 271
701 28 271
695 32 273
697 32 271
697 30 273
696 31 273
690 34 276
682 37 281
680 37 283
679 34 287
675 33 292
676 35 289
672 34 294
670 33 297
670 34 296
668 40 292
661 44 295
661 42 297
657 42 301
665 39 296
663 39 298
669 35 296
664 41 295
664 39 297
665 41 294
657 40 303
654 43 303
652 45 303
657 46 297
659 42 299
655 45 300
651 49 300
642 52 306
635 56 309
634 50 316
624 55 321
625 56 319
623 59 318
618 57 325
614 47 339
616 50 334
621 45 334
628 39 333
630 38 332
633 35 332
642 30 328
641 31 328
644 32 324
644 33 323
639 38 323
640 36 324
637 35 328
638 29 333
642 26 332
645 20 335
648 18 334
652 18 330
659 21 320
660 22 318
661 21 318
660 18 322
662 17 321
664 18 318
664 18 318
666 18 316
665 17 318
662 17 321
667 13 320
672 10 318
682 11 307
687 8 305
690 8 302
690 9 301
696 7 297
701 6 293
705 5 290
708 5 287
706 6 288
713 9 278
715 9 276
722 8 270
720 9 271
723 9 268
720 11 269
719 14 267
720 17 263
722 19 259
721 18 261
719 20 261
713 20 267
716 23 261
715 23 262
712 26 262
708 31 261
708 28 264
710 26 264
711 20 269
712 17 271
714 17 269
712 17 271
713 16 271
715 16 269
716 15 269
716 15 269
718 19 263
718 21 261
719 20 261
726 20 254
723 23 254
724 23 253
722 25 253
722 25 253
720 26 254
714 32 254
712 34 254
708 34 258
712 28 260
707 33 260
701 37 262
698 38 264
693 45 262
689 45 266
691 39 270
687 39 274
680 39 281
681 42 277
681 42 277
683 41 276
684 41 275
677 48 275
670 46 284
669 38 293
673 36 291
673 34 293
664 39 297
654 49 297
647 55 298
649 43 308
646 43 311
640 49 311
632 45 323
631 46 323
626 52 322
629 49 322
630 42 328
626 42 332
625 40 335
628 35 337
631 34 335
636 30 334
639 26 335
639 21 340
644 17 339
639 24 337
645 19 336
654 17 329
660 15 325
669 15 316
669 18 313
677 17 306
679 15 306
679 16 305
677 19 304
678 20 302
677 22 301
679 23 298
679 26 295
679 24 297
682 24 294
679 27 294
680 24 296
680 22 298
681 22 297
679 23 298
686 20 294
683 23 294
686 20 294
683 22 295
683 19 298
685 17 298
693 20 287
693 20 287
695 24 281
695 31 274
688 35 277
685 45 270
678 51 271
674 58 268
671 59 270
664 57 279
661 55 284
658 59 283
649 66 285
642 65 293
635 66 299
632 67 301
623 64 313
626 62 312
625 65 310
622 61 317
612 62 326
609 56 335
603 57 340
595 61 344
594 58 348
593 62 345
589 59 352
585 54 361
584 54 362
576 59 365
574 56 370
577 54 369
573 56 371
573 59 368
576 53 371
581 44 375
585 38 377
589 43 368
585 45 370
581 50 369
579 45 376
585 44 371
588 45 367
586 50 364
588 37 375
588 40 372
587 41 372
585 43 372
583 41 376
593 39 368
593 39 368
596 39 365
588 46 366
581 44 375
579 44 377
580 43 377
580 41 379
584 36 380
586 33 381
591 28 381
600 25 375
604 22 374
606 22 372
610 20 370
608 23 369
601 30 369
597 36 367
594 41 365
590 46 364
589 44 367
590 39 371
593 39 368
593 41 366
592 42 366
591 41 368
589 43 368
588 40 372
593 39 368
598 40 362
601 39 360
598 39 363
601 36 363
603 37 360
604 32 364
609 30 361
608 29 363
612 25 363
625 25 350
638 18 344
645 15 340
645 17 338
652 15 333
655 17 328
652 25 323
653 30 317
651 34 315
647 35 318
646 36 318
649 32 319
649 31 320
650 30 320
651 29 320
649 31 320
655 30 315
650 30 320
651 29 320
655 29 316
652 29 319
650 33 317
650 33 317
647 38 315
647 37 316
645 34 321
652 33 315
654 34 312
654 28 318
658 26 316
663 24 313
662 27 311
666 26 308
677 20 303
684 20 296
687 20 293
684 23 293
682 24 294
677 27 296
681 27 292
675 25 300
682 24 294
686 26 288
687 26 287
688 28 284
691 23 286
686 27 287
681 27 292
677 29 294
669 32 299
666 37 297
663 35 302
659 42 299
645 52 303
635 59 306
631 59 310
619 62 319
610 65 325
611 56 333
612 51 337
608 54 338
609 49 342
606 50 344
605 50 345
606 48 346
605 44 351
603 46 351
608 41 351
599 49 352
589 57 354
581 60 359
575 64 361
567 60 373
566 64 370
563 64 373
560 62 378
556 63 381
560 61 379
565 58 377
560 62 378
561 61 378
565 56 379
562 58 380
565 54 381
564 57 379
562 55 383
561 49 390
562 45 393
559 47 394
560 42 398
556 43 401
558 41 401
551 45 404
544 54 402
538 57 405
540 52 408
543 50 407
544 47 409
541 46 413
547 41 412
545 40 415
548 39 413
548 29 423
550 26 424
553 29 418
556 26 418
563 23 414
562 25 413
566 28 406
563 30 407
566 30 404
566 32 402
563 34 403
567 32 401
564 35 401
561 41 398
566 43 391
573 40 387
577 39 384
577 44 379
581 38 381
582 37 381
589 35 376
591 36 373
598 28 374
604 26 370
611 21 368
618 18 364
625 17 358
633 14 353
644 11 345
650 9 341
656 9 335
662 8 330
663 9 328
668 8 324
671 8 321
670 10 320
675 8 317
679 8 313
685 5 310
691 3 306
698 4 298
699 5 296
707 4 289
713 5 282
716 6 278
724 6 270
727 6 267
731 4 265
734 4 262
742 5 253
746 8 246
749 6 245
753 8 239
756 9 235
759 8 233
763 8 229
768 7 225
775 6 219
770 10 220
769 13 218
771 12 217
773 10 217
780 10 210
780 11 209
783 13 204
786 12 202
785 14 201
782 20 198
767 27 206
760 30 210
753 36 211
744 38 218
741 37 222
728 45 227
712 58 230
703 61 236
696 61 243
689 69 242
680 70 250
666 73 261
659 74 267
653 66 281
641 73 286
629 69 302
619 79 302
616 77 307
611 72 317
608 63 329
603 59 338
599 59 342
597 57 346
594 57 349
594 51 355
593 49 358
596 44 360
594 43 363
591 44 365
593 42 365
599 36 365
606 32 362
604 35 361
610 32 358
612 31 357
619 31 350
620 33 347
623 32 345
621 35 344
625 37 338
626 38 336
626 35 339
628 37 335
632 33 335
633 30 337
637 28 335
639 28 333
646 25 329
644 27 329
644 28 328
651 25 324
652 25 323
653 27 320
655 27 318
657 25 318
665 27 308
668 31 301
671 30 299
670 29 301
672 27 301
678 28 294
678 28 294
686 25 289
690 23 287
694 22 284
698 22 280
704 20 276
707 18 275
715 20 265
722 19 259
728 16 256
730 15 255
735 12 253
734 13 253
735 13 252
733 15 252
730 16 254
726 23 251
726 24 250
726 24 250
721 29 250
720 28 252
720 28 252
722 31 247
725 29 246
728 30 242
729 28 243
725 30 245
726 26 248
729 28 243
729 25 246
731 24 245
729 30 241
729 35 236
728 32 240
723 30 247
722 25 253
727 21 252
733 23 244
736 23 241
731 30 239
732 32 236
729 31 240
726 33 241
723 37 240
721 36 243
715 37 248
716 38 246
707 49 244
703 51 246
695 56 249
695 48 257
696 44 260
693 46 261
682 50 268
675 56 269
672 58 270
665 57 278
663 55 282
660 54 286
651 58 291
653 57 290
652 58 290
648 58 294
654 50 296
659 46 295
653 45 302
643 51 306
645 42 313
646 40 314
649 32 319
652 31 317
649 35 316
650 34 316
648 33 319
646 41 313
646 45 309
639 44 317
632 48 320
624 48 328
618 48 334
626 41 333
626 39 335
628 36 336
635 30 335
631 33 336
627 35 338
627 37 336
627 43 330
629 44 327
629 39 332
634 39 327
630 42 328
627 46 327
617 51 332
607 55 338
603 51 346
599 50 351
595 58 347
588 62 350
587 60 353
583 62 355
578 58 364
568 65 367
561 63 376
558 59 383
562 48 390
558 56 386
552 58 390
548 56 396
546 54 400
538 58 404
529 66 405
528 69 403
525 63 412
525 57 418
524 51 425
530 46 424
535 39 426
538 35 427
541 37 422
539 37 424
545 35 420
550 34 416
550 31 419
557 26 417
562 24 414
569 21 410
572 18 410
574 18 408
580 18 402
587 16 397
591 16 393
595 12 393
598 11 391
603 8 389
607 9 384
616 8 376
624 8 368
630 9 361
637 8 355
643 6 351
650 6 344
656 6 338
659 4 337
668 4 328
673 4 323
680 5 315
687 5 308
693 3 304
700 3 297
706 3 291
708 3 289
715 4 281
717 5 278
723 5 272
721 7 272
728 6 266
731 7 262
735 11 254
732 13 255
731 17 252
730 17 253
732 17 251
733 20 247
743 17 240
742 17 241
739 20 241
739 25 236
733 31 236
726 35 239
708 53 239
697 63 240
688 61 251
676 68 256
671 65 264
668 65 267
669 57 274
665 52 283
667 46 287
667 44 289
669 45 286
671 46 283
665 50 285
663 53 284
662 51 287
658 48 294
660 44 296
658 42 300
656 37 307
652 41 307
647 41 312
644 42 314
646 39 315
639 40 321
636 43 321
632 45 323
635 37 328
635 36 329
635 37 328
639 35 326
641 29 330
639 31 330
640 28 332
638 28 334
635 27 338
635 24 341
639 21 340
650 21 329
651 22 327
651 25 324
658 20 322
653 22 325
657 21 322
652 28 320
648 30 322
643 35 322
641 36 323
641 37 322
640 42 318
640 39 321
630 45 325
624 46 330
623 43 334
625 39 336
626 36 338
625 32 343
623 30 347
622 29 349
627 28 345
626 30 344
629 23 348
636 22 342
641 20 339
641 17 342
648 15 337
652 16 332
654 17 329
660 14 326
662 16 322
668 16 316
670 18 312
675 18 307
675 18 307
678 18 304
678 18 304
677 20 303
675 25 300
672 32 296
667 38 295
665 37 298
660 41 299
651 43 306
653 43 304
645 52 303
646 47 307
645 47 308
639 54 307
642 51 307
635 62 303
634 59 307
628 59 313
626 54 320
625 52 323
618 55 327
616 59 325
613 57 330
608 61 331
600 69 331
594 70 336
589 67 344
579 68 353
575 66 359
576 59 365
584 53 363
582 55 363
585 51 364
582 45 373
583 37 380
587 38 375
586 35 379
589 32 379
593 29 378
600 25 375
609 25 366
610 26 364
613 24 363
614 24 362
