995 5 0
993 7 0
990 10 0
986 12 2
985 12 3
978 18 4
971 22 7
967 20 13
953 34 13
937 45 18
909 66 25
884 79 37
842 110 48
807 132 61
764 146 90
735 154 111
699 168 133
663 179 158
630 200 170
605 204 191
581 183 236
556 186 258
526 184 290
515 175 310
491 174 335
473 164 363
454 158 388
455 134 411
453 122 425
450 115 435
441 115 444
431 116 453
433 105 462
430 98 472
432 88 480
430 78 492
433 62 505
437 53 510
442 49 509
446 46 508
444 46 510
454 41 505
454 42 504
458 39 503
458 39 503
465 36 499
466 37 497
475 32 493
484 35 481
484 36 480
489 35 476
493 32 475
498 32 470
507 26 467
510 18 472
517 17 466
525 15 460
530 15 455
534 15 451
540 15 445
546 15 439
556 11 433
564 10 426
570 10 420
574 11 415
581 9 410
587 10 403
597 9 394
610 7 383
611 5 384
619 5 376
626 5 369
633 4 363
639 2 359
646 2 352
654 2 344
657 1 342
663 1 336
666 1 333
669 4 327
674 5 321
675 3 322
678 3 319
687 3 310
691 4 305
698 4 298
704 2 294
703 3 294
703 3 294
711 3 286
712 4 284
715 4 281
724 6 270
732 4 264
734 7 259
737 8 255
740 9 251
737 10 253
731 16 253
729 15 256
731 12 257
732 16 252
732 17 251
736 17 247
737 18 245
732 25 243
727 32 241
706 51 243
690 59 251
675 67 258
659 75 266
652 79 269
647 69 284
642 66 292
635 64 301
627 73 300
621 72 307
612 65 323
601 73 326
598 75 327
591 72 337
586 76 338
582 66 352
573 68 359
566 65 369
569 51 380
573 46 381
580 35 385
579 34 387
583 32 385
582 29 389
584 30 386
591 31 378
593 34 373
589 36 375
590 29 381
593 31 376
593 32 375
594 25 381
590 27 383
591 26 383
595 21 384
600 19 381
601 20 379
603 18 379
608 15 377
611 13 376
613 16 371
616 14 370
623 15 362
634 14 352
641 12 347
643 12 345
646 15 339
649 13 338
655 12 333
658 14 328
660 15 325
662 13 325
666 11 323
670 9 321
672 10 318
678 9 313
678 13 309
679 13 308
674 22 304
675 26 299
673 33 294
675 32 293
672 34 294
662 41 297
655 46 299
643 51 306
629 59 312
624 61 315
611 64 325
604 67 329
602 60 338
606 49 345
608 43 349
614 38 348
618 37 345
623 34 343
629 31 340
637 30 333
639 35 326
638 34 328
635 31 334
636 34 330
640 31 329
644 34 322
647 32 321
653 29 318
649 35 316
653 36 311
656 34 310
657 37 306
658 35 307
662 35 303
658 35 307
657 31 312
660 33 307
663 36 301
664 30 306
668 22 310
668 24 308
668 21 311
668 22 310
662 27 311
659 30 311
655 29 316
655 27 318
656 26 318
658 24 318
663 25 312
667 26 307
669 26 305
669 25 306
669 23 308
673 23 304
666 27 307
665 29 306
665 30 305
662 28 310
661 26 313
663 22 315
665 22 313
667 16 317
673 19 308
678 22 300
680 22 298
674 27 299
669 29 302
668 30 302
670 26 304
669 27 304
670 21 309
673 20 307
676 16 308
671 24 305
671 27 302
672 34 294
675 31 294
665 37 298
659 41 300
659 38 303
661 37 302
664 30 306
670 23 307
673 23 304
676 20 304
683 17 300
688 18 294
687 20 293
685 21 294
686 19 295
691 20 289
690 23 287
694 22 284
697 22 281
701 24 275
704 18 278
712 15 273
713 16 271
716 16 268
718 15 267
717 16 267
714 22 264
714 23 263
713 21 266
712 20 268
709 22 269
704 25 271
699 32 269
698 37 265
699 38 263
692 45 263
689 46 265
686 39 275
687 38 275
689 41 270
689 41 270
690 40 270
688 40 272
683 44 273
678 45 277
677 44 279
677 43 280
685 34 281
683 28 289
690 29 281
688 29 283
689 30 281
685 32 283
680 30 290
686 27 287
687 22 291
689 23 288
689 21 290
695 19 286
698 22 280
699 21 280
703 19 278
695 29 276
690 32 278
688 36 276
680 40 280
668 51 281
659 55 286
652 58 290
644 57 299
633 70 297
626 69 305
616 68 316
605 68 327
598 65 337
596 64 340
589 63 348
589 60 351
595 53 352
596 46 358
593 45 362
600 42 358
608 41 351
607 36 357
606 41 353
605 37 358
605 40 355
605 37 358
600 41 359
596 41 363
598 38 364
598 40 362
604 37 359
609 33 358
612 30 358
617 28 355
618 27 355
621 25 354
624 24 352
625 22 353
634 18 348
636 20 344
639 23 338
633 31 336
633 31 336
634 33 333
628 37 335
630 36 334
625 36 339
628 31 341
634 28 338
633 27 340
636 23 341
636 23 341
635 27 338
642 29 329
646 28 326
648 27 325
647 28 325
644 32 324
645 29 326
651 23 326
655 20 325
657 17 326
663 14 323
669 11 320
674 14 312
680 12 308
683 10 307
687 8 305
690 9 301
696 10 294
699 8 293
701 9 290
707 6 287
713 6 281
719 7 274
721 9 270
722 7 271
721 8 271
725 10 265
731 9 260
736 8 256
740 7 253
743 9 248
745 9 246
747 8 245
747 6 247
751 7 242
752 7 241
755 5 240
758 5 237
756 7 237
760 7 233
761 5 234
762 6 232
764 6 230
768 5 227
773 4 223
777 3 220
782 3 215
782 4 214
786 5 209
788 6 206
790 6 204
800 4 196
803 4 193
807 5 188
810 5 185
807 7 186
805 10 185
805 12 183
804 19 177
801 19 180
798 20 182
797 22 181
797 26 177
783 38 179
778 41 181
760 57 183
747 65 188
726 76 198
707 83 210
691 91 218
674 96 230
666 95 239
653 97 250
650 96 254
646 93 261
644 90 266
640 82 278
640 78 282
632 86 282
620 87 293
608 90 302
595 98 307
583 94 323
574 97 329
570 94 336
562 89 349
559 84 357
559 75 366
562 69 369
569 59 372
573 52 375
579 47 374
573 52 375
573 48 379
572 46 382
570 41 389
570 40 390
569 37 394
567 43 390
569 38 393
568 46 386
573 42 385
579 37 384
580 36 384
587 35 378
587 34 379
583 36 381
586 30 384
583 30 387
585 31 384
590 32 378
591 31 378
589 34 377
594 29 377
594 34 372
594 29 377
594 27 379
593 29 378
598 25 377
603 21 376
605 19 376
611 21 368
615 20 365
622 17 361
623 16 361
627 17 356
632 17 351
633 16 351
638 11 351
642 13 345
645 16 339
641 21 338
645 23 332
645 26 329
647 21 332
653 20 327
660 18 322
662 19 319
669 16 315
671 13 316
671 13 316
674 17 309
674 18 308
675 18 307
678 19 303
680 21 299
679 22 299
668 30 302
671 32 297
673 29 298
674 27 299
671 29 300
674 22 304
669 22 309
669 29 302
672 25 303
672 27 301
673 24 303
675 22 303
676 19 305
672 26 302
669 29 302
676 26 298
672 31 297
671 34 295
675 30 295
681 28 291
674 34 292
670 38 292
668 38 294
664 39 297
658 41 301
658 41 301
648 49 303
642 52 306
639 49 312
637 46 317
633 46 321
637 41 322
637 39 324
636 42 322
636 40 324
635 37 328
632 37 331
633 36 331
633 40 327
634 37 329
637 33 330
635 35 330
630 45 325
629 48 323
628 50 322
623 44 333
621 43 336
625 40 335
628 33 339
626 35 339
631 29 340
636 30 334
634 34 332
635 29 336
633 33 334
629 37 334
625 39 336
624 39 337
625 37 338
622 44 334
619 40 341
621 37 342
627 35 338
633 35 332
635 34 331
643 30 327
645 30 325
644 32 324
642 31 327
648 28 324
646 30 324
647 30 323
652 26 322
656 20 324
655 22 323
658 20 322
662 20 318
665 21 314
663 23 314
663 23 314
670 20 310
675 17 308
677 15 308
678 15 307
678 14 308
683 14 303
689 15 296
695 11 294
696 13 291
704 11 285
708 11 281
708 11 281
706 16 278
709 10 281
709 12 279
713 12 275
715 14 271
715 13 272
717 15 268
718 14 268
724 12 264
729 15 256
730 17 253
726 22 252
718 31 251
709 42 249
701 48 251
699 43 258
685 54 261
669 65 266
656 80 264
645 86 269
630 92 278
618 96 286
597 108 295
580 111 309
559 120 321
551 118 331
540 115 345
544 112 344
535 110 355
533 103 364
533 98 369
523 96 381
520 84 396
531 68 401
534 54 412
535 47 418
537 45 418
546 44 410
552 45 403
554 44 402
552 46 402
556 47 397
562 44 394
561 41 398
566 36 398
568 36 396
566 44 390
561 43 396
557 46 397
555 47 398
562 47 391
567 40 393
572 36 392
566 43 391
565 42 393
568 35 397
570 35 395
573 35 392
578 34 388
573 41 386
577 41 382
573 47 380
572 53 375
564 56 380
556 55 389
550 59 391
543 64 393
545 59 396
553 57 390
556 55 389
560 49 391
560 46 394
560 43 397
564 40 396
562 35 403
560 32 408
565 33 402
565 33 402
573 28 399
573 28 399
580 26 394
584 28 388
588 22 390
590 22 388
590 23 387
595 19 386
599 15 386
602 14 384
604 15 381
605 18 377
609 20 371
606 21 373
608 19 373
600 21 379
603 19 378
602 18 380
606 19 375
612 19 369
616 14 370
621 13 366
623 16 361
622 15 363
621 19 360
627 17 356
628 19 353
632 17 351
636 11 353
637 13 350
641 10 349
643 11 346
646 7 347
648 8 344
648 12 340
654 10 336
658 12 330
661 11 328
668 7 325
673 3 324
679 3 318
683 4 313
686 2 312
690 2 308
693 1 306
695 5 300
689 16 295
683 23 294
675 30 295
674 32 294
670 38 292
666 41 293
664 41 295
662 42 296
662 35 303
655 39 306
651 41 308
648 31 321
646 33 321
647 33 320
649 33 318
654 28 318
658 22 320
660 21 319
656 21 323
663 20 317
666 21 313
667 27 306
672 28 300
673 31 296
677 26 297
683 23 294
691 22 287
687 23 290
687 24 289
692 25 283
695 24 281
692 22 286
694 19 287
698 21 281
698 25 277
701 30 269
702 28 270
698 33 269
696 33 271
694 33 273
697 33 270
700 26 274
706 24 270
705 24 271
706 27 267
700 32 268
701 31 268
696 37 267
692 46 262
685 49 266
675 53 272
661 61 278
651 63 286
647 61 292
644 56 300
641 53 306
636 55 309
640 48 312
636 46 318
630 49 321
630 47 323
633 47 320
637 47 316
640 37 323
646 32 322
645 34 321
646 31 323
649 35 316
653 34 313
646 33 321
643 34 323
643 34 323
640 33 327
638 28 334
640 24 336
643 24 333
648 22 330
651 21 328
658 19 323
667 20 313
666 21 313
668 20 312
675 17 308
676 19 305
681 18 301
684 16 300
686 13 301
688 12 300
692 12 296
695 10 295
699 11 290
699 12 289
702 11 287
704 9 287
707 8 285
711 6 283
710 11 279
710 11 279
711 11 278
712 13 275
703 22 275
710 16 274
712 17 271
715 18 267
709 27 264
708 25 267
705 30 265
705 34 261
699 41 260
685 51 264
677 61 262
672 59 269
660 62 278
648 67 285
632 81 287
613 94 293
603 93 304
601 82 317
589 84 327
586 85 329
587 75 338
582 75 343
577 82 341
567 81 352
572 72 356
570 68 362
573 64 363
571 57 372
567 59 374
565 54 381
558 54 388
559 42 399
563 43 394
570 37 393
576 30 394
581 30 389
582 32 386
582 29 389
590 19 391
590 20 390
590 16 394
599 16 385
600 19 381
603 19 378
608 13 379
614 15 371
618 15 367
622 13 365
623 13 364
632 11 357
634 12 354
636 12 352
643 12 345
646 13 341
645 13 342
646 18 336
649 17 334
649 14 337
654 13 333
658 16 326
651 19 330
650 19 331
656 18 326
656 14 330
662 9 329
669 8 323
673 7 320
678 6 316
681 9 310
688 9 303
691 11 298
697 10 293
700 10 290
702 10 288
704 11 285
707 11 282
711 11 278
717 8 275
724 7 269
729 4 267
730 9 261
734 9 257
738 9 253
742 7 251
735 12 253
739 10 251
739 11 250
738 13 249
740 14 246
735 18 247
737 21 242
743 16 241
745 13 242
747 12 241
744 16 240
742 19 239
736 22 242
728 28 244
728 32 240
714 42 244
704 47 249
695 55 250
688 60 252
683 55 262
683 52 265
674 54 272
670 58 272
665 55 280
663 49 288
651 55 294
644 61 295
628 77 295
610 91 299
603 90 307
593 92 315
592 90 318
583 98 319
576 90 334
575 86 339
571 84 345
567 73 360
564 73 363
565 66 369
565 61 374
564 51 385
570 47 383
574 40 386
578 35 387
582 33 385
593 31 376
604 27 369
606 25 369
614 23 363
620 20 360
626 17 357
630 15 355
628 15 357
633 15 352
639 13 348
646 12 342
648 13 339
645 18 337
646 17 337
651 18 331
652 21 327
659 13 328
664 14 322
663 16 321
663 18 319
662 18 320
660 16 324
661 19 320
663 24 313
667 23 310
670 23 307
670 23 307
671 22 307
676 21 303
681 18 301
682 18 300
688 15 297
694 17 289
697 18 285
700 19 281
705 16 279
712 13 275
714 15 271
719 13 268
723 13 264
728 11 261
730 15 255
731 13 256
736 13 251
737 12 251
743 10 247
742 9 249
744 11 245
750 11 239
753 15 232
751 16 233
750 18 232
741 25 234
727 31 242
