1000 0 0
1000 0 0
1000 0 0
1000 0 0
1000 0 0
999 1 0
997 2 1
991 8 1
985 13 2
982 15 3
973 19 8
958 30 12
943 33 24
912 60 28
883 74 43
840 104 56
809 116 75
772 134 94
746 146 108
718 153 129
678 172 150
644 180 176
626 165 209
609 162 229
592 151 257
581 148 271
559 150 291
546 144 310
537 136 327
530 122 348
517 121 362
517 110 373
505 102 393
497 102 401
497 92 411
495 93 412
495 89 416
489 86 425
487 79 434
496 79 425
500 70 430
502 62 436
507 56 437
512 51 437
515 45 440
513 47 440
515 50 435
515 51 434
521 49 430
531 42 427
544 37 419
542 40 418
547 32 421
553 27 420
560 25 415
563 25 412
565 26 409
566 28 406
571 24 405
577 21 402
585 22 393
588 19 393
599 17 384
601 17 382
601 17 382
602 20 378
607 18 375
614 16 370
623 15 362
626 16 358
627 16 357
626 18 356
627 15 358
630 15 355
632 20 348
635 21 344
638 21 341
645 22 333
641 27 332
642 27 331
642 28 330
644 27 329
646 25 329
649 24 327
645 27 328
642 31 327
640 38 322
641 41 318
643 41 316
641 40 319
644 39 317
646 40 314
644 42 314
642 39 319
645 37 318
647 36 317
646 38 316
645 33 322
650 32 318
652 30 318
650 30 320
651 27 322
652 28 320
654 30 316
649 34 317
641 41 318
639 37 324
636 38 326
637 37 326
639 35 326
636 34 330
636 35 329
630 40 330
627 48 325
618 57 325
613 54 333
613 48 339
599 58 343
593 57 350
588 58 354
581 58 361
578 63 359
574 53 373
564 56 380
562 51 387
560 46 394
561 47 392
559 45 396
561 37 402
567 34 399
577 31 392
582 27 391
587 24 389
590 24 386
588 27 385
591 25 384
594 28 378
588 36 376
586 36 378
581 40 379
582 35 383
580 34 386
585 33 382
583 30 387
592 30 378
595 27 378
601 28 371
601 27 372
600 32 368
603 30 367
606 29 365
609 26 365
613 26 361
615 24 361
613 27 360
615 31 354
618 30 352
617 29 354
615 29 356
619 28 353
619 31 350
619 24 357
623 23 354
627 22 351
636 22 342
633 27 340
634 28 338
637 26 337
638 27 335
638 23 339
639 22 339
638 28 334
642 27 331
641 25 334
639 29 332
638 30 332
640 25 335
638 29 333
632 32 336
633 30 337
635 26 339
636 21 343
638 22 340
644 18 338
644 18 338
654 17 329
657 17 326
658 15 327
663 14 323
662 15 323
669 15 316
671 17 312
675 18 307
679 22 299
676 20 304
681 19 300
683 19 298
688 19 293
688 22 290
689 24 287
695 22 283
692 28 280
691 29 280
690 33 277
690 34 276
690 37 273
687 39 274
686 37 277
682 43 275
675 48 277
669 52 279
658 61 281
656 58 286
650 59 291
649 58 293
643 61 296
636 65 299
640 62 298
634 69 297
627 66 307
619 69 312
618 64 318
619 63 318
610 62 328
605 65 330
596 67 337
586 73 341
586 64 350
583 67 350
580 64 356
571 69 360
567 67 366
569 65 366
570 59 371
575 61 364
573 56 371
575 49 376
568 51 381
575 46 379
584 44 372
584 43 373
585 40 375
588 37 375
591 34 375
591 31 378
592 30 378
594 31 375
601 29 370
604 25 371
603 27 370
603 29 368
609 24 367
615 21 364
622 19 359
624 22 354
630 22 348
635 21 344
640 18 342
647 19 334
646 21 333
649 21 330
652 24 324
653 26 321
657 26 317
663 23 314
667 20 313
674 19 307
676 19 305
672 22 306
674 20 306
674 22 304
674 23 303
679 24 297
683 25 292
684 24 292
684 21 295
680 25 295
674 32 294
673 34 293
678 36 286
676 34 290
679 32 289
682 26 292
680 28 292
679 32 289
678 32 290
682 30 288
680 33 287
682 32 286
687 28 285
689 27 284
691 27 282
690 28 282
696 26 278
696 27 277
695 25 280
699 24 277
698 28 274
696 32 272
701 32 267
699 30 271
699 27 274
701 23 276
701 25 274
700 26 274
701 20 279
704 19 277
702 21 277
705 21 274
699 26 275
688 35 277
676 42 282
677 39 284
675 40 285
672 39 289
665 41 294
661 41 298
655 38 307
653 41 306
649 38 313
644 41 315
650 41 309
649 40 311
651 45 304
643 48 309
641 46 313
646 40 314
644 42 314
643 43 314
646 38 316
641 39 320
643 39 318
649 36 315
650 36 314
653 35 312
651 31 318
649 38 313
651 33 316
655 34 311
652 39 309
653 36 311
651 39 310
649 39 312
653 38 309
656 36 308
653 35 312
652 35 313
655 32 313
652 34 314
652 37 311
659 33 308
659 30 311
657 32 311
660 30 310
663 25 312
668 22 310
669 21 310
676 24 300
680 17 303
684 15 301
688 15 297
688 15 297
690 12 298
693 9 298
697 9 294
701 8 291
709 7 284
712 8 280
717 10 273
721 11 268
723 10 267
725 13 262
723 15 262
721 16 263
725 16 259
728 18 254
730 17 253
729 17 254
736 15 249
740 14 246
744 13 243
746 11 243
750 8 242
750 12 238
757 11 232
763 13 224
764 14 222
771 12 217
779 11 210
780 9 211
786 10 204
787 14 199
789 11 200
788 13 199
789 12 199
790 13 197
792 13 195
792 14 194
795 11 194
796 9 195
796 9 195
797 6 197
801 4 195
803 4 193
808 5 187
809 4 187
808 3 189
810 4 186
812 2 186
814 2 184
819 3 178
824 3 173
826 3 171
825 5 170
828 3 169
826 4 170
830 4 166
831 4 165
835 3 162
835 8 157
826 17 157
816 23 161
805 33 162
793 48 159
783 52 165
762 64 174
756 62 182
729 82 189
722 75 203
707 77 216
696 84 220
687 78 235
677 82 241
668 87 245
658 92 250
643 98 259
633 101 266
627 93 280
625 87 288
624 79 297
625 71 304
621 68 311
617 69 314
615 69 316
611 66 323
614 62 324
607 62 331
607 53 340
604 53 343
601 50 349
599 48 353
600 40 360
600 40 360
600 40 360
603 34 363
604 33 363
605 33 362
610 34 356
609 37 354
609 40 351
612 39 349
612 39 349
608 40 352
598 48 354
594 52 354
595 47 358
595 50 355
595 51 354
592 53 355
592 48 360
597 44 359
588 49 363
583 47 370
580 43 377
587 43 370
591 33 376
593 32 375
599 27 374
599 23 378
604 21 375
603 22 375
604 25 371
602 25 373
604 27 369
603 29 368
606 31 363
612 28 360
607 34 359
615 32 353
619 33 348
626 30 344
626 33 341
624 36 340
632 35 333
632 30 338
634 29 337
633 28 339
634 29 337
635 25 340
636 25 339
642 23 335
644 23 333
651 16 333
658 16 326
665 14 321
667 16 317
668 16 316
663 21 316
661 26 313
668 21 311
674 22 304
665 31 304
658 38 304
643 49 308
638 57 305
632 63 305
624 64 312
622 68 310
615 68 317
610 64 326
604 64 332
596 64 340
590 68 342
587 68 345
582 66 352
577 68 355
573 66 361
566 63 371
559 65 376
556 60 384
561 59 380
562 58 380
564 58 378
566 54 380
567 57 376
571 59 370
579 57 364
585 59 356
586 56 358
586 53 361
591 50 359
589 51 360
586 55 359
583 54 363
585 55 360
583 55 362
586 53 361
592 46 362
595 46 359
600 42 358
604 37 359
610 36 354
618 29 353
622 29 349
621 35 344
619 33 348
615 35 350
613 36 351
616 39 345
616 39 345
619 31 350
625 31 344
623 32 345
630 32 338
631 33 336
636 30 334
638 29 333
636 28 336
635 33 332
635 38 327
633 34 333
632 34 334
634 33 333
632 35 333
637 29 334
640 27 333
643 24 333
647 22 331
647 23 330
652 24 324
659 24 317
658 26 316
664 26 310
662 24 314
663 24 313
664 22 314
664 24 312
661 24 315
663 23 314
666 24 310
667 25 308
671 24 305
674 21 305
677 22 301
679 21 300
680 23 297
680 25 295
678 29 293
675 34 291
673 36 291
673 32 295
675 33 292
680 32 288
676 33 291
677 28 295
684 31 285
687 30 283
688 33 279
680 36 284
670 40 290
664 40 296
655 50 295
639 65 296
625 69 306
610 74 316
599 80 321
587 78 335
581 75 344
585 70 345
580 66 354
582 59 359
583 54 363
587 42 371
588 39 373
590 36 374
596 38 366
594 40 366
594 40 366
589 43 368
592 44 364
599 41 360
597 46 357
604 46 350
603 44 353
602 36 362
604 31 365
607 32 361
620 26 354
626 22 352
630 21 349
627 25 348
630 24 346
636 22 342
643 20 337
645 21 334
647 19 334
655 16 329
661 18 321
665 15 320
668 13 319
675 11 314
677 11 312
684 9 307
692 7 301
697 7 296
700 8 292
706 9 285
710 11 279
708 15 277
701 25 274
693 31 276
688 39 273
679 46 275
667 51 282
664 53 283
646 63 291
638 66 296
623 77 300
611 84 305
608 78 314
604 74 322
596 67 337
591 68 341
587 66 347
583 68 349
577 67 356
574 62 364
574 59 367
571 61 368
566 65 369
561 66 373
559 60 381
561 58 381
569 45 386
573 46 381
574 47 379
572 47 381
573 43 384
577 45 378
580 41 379
575 44 381
574 42 384
575 36 389
571 41 388
580 37 383
584 35 381
587 35 378
589 34 377
589 32 379
593 31 376
594 31 375
594 33 373
599 29 372
604 28 368
608 28 364
605 30 365
596 37 367
593 34 373
600 28 372
604 24 372
611 24 365
614 21 365
615 22 363
620 21 359
622 17 361
628 17 355
632 17 351
637 13 350
639 7 354
640 8 352
637 14 349
647 13 340
644 19 337
645 16 339
652 14 334
657 13 330
658 16 326
664 13 323
669 9 322
669 8 323
674 5 321
680 4 316
685 3 312
688 3 309
696 2 302
704 1 295
711 0 289
715 0 285
716 0 284
722 2 276
720 4 276
723 5 272
728 7 265
731 8 261
736 9 255
738 11 251
737 15 248
731 22 247
726 28 246
726 30 244
726 28 246
731 24 245
728 25 247
730 28 242
731 28 241
729 29 242
723 33 244
726 31 243
722 37 241
715 40 245
718 38 244
717 38 245
718 32 250
721 31 248
721 33 246
721 36 243
719 35 246
712 42 246
704 41 255
698 46 256
692 46 262
685 47 268
678 52 270
676 46 278
668 52 280
663 49 288
665 43 292
666 40 294
667 39 294
667 37 296
667 34 299
670 33 297
671 33 296
669 36 295
671 33 296
674 30 296
669 38 293
668 37 295
673 31 296
673 34 293
669 41 290
665 41 294
667 36 297
666 35 299
663 35 302
668 32 300
670 33 297
673 29 298
679 28 293
683 30 287
686 27 287
689 21 290
688 26 286
683 35 282
676 40 284
669 45 286
669 46 285
660 49 291
656 49 295
647 53 300
639 54 307
639 51 310
636 51 313
630 53 317
630 56 314
628 59 313
631 54 315
619 62 319
609 66 325
616 59 325
616 53 331
616 52 332
608 53 339
609 44 347
606 43 351
610 40 350
605 45 350
598 46 356
596 38 366
602 38 360
604 39 357
599 40 361
586 50 364
588 41 371
582 40 378
587 32 381
590 31 379
589 36 375
592 36 372
597 32 371
595 37 368
592 40 368
595 38 367
602 38 360
604 34 362
607 34 359
604 38 358
607 29 364
611 28 361
615 29 356
618 28 354
619 25 356
619 27 354
624 24 352
625 20 355
626 22 352
631 15 354
631 17 352
635 18 347
639 19 342
647 16 337
652 10 338
653 11 336
656 9 335
660 8 332
663 9 328
671 11 318
672 12 316
677 11 312
684 12 304
678 20 302
675 26 299
675 26 299
675 26 299
669 25 306
673 23 304
670 21 309
673 19 308
675 15 310
682 10 308
688 9 303
692 10 298
699 9 292
705 6 289
709 6 285
710 6 284
714 6 280
715 7 278
716 12 272
721 12 267
725 12 263
722 15 263
725 15 260
727 13 260
733 12 255
740 11 249
743 11 246
745 12 243
750 13 237
749 18 233
752 18 230
750 24 226
747 30 223
743 32 225
740 31 229
742 29 229
735 33 232
730 36 234
730 32 238
724 38 238
718 43 239
710 47 243
701 49 250
696 50 254
692 50 258
688 49 263
680 55 265
671 58 271
661 63 276
662 58 280
664 52 284
658 52 290
650 59 291
657 56 287
654 54 292
652 50 298
643 54 303
646 44 310
636 53 311
629 55 316
613 66 321
603 66 331
599 65 336
595 61 344
593 60 347
592 58 350
587 57 356
589 53 358
587 50 363
581 50 369
579 49 372
580 42 378
581 43 376
585 38 377
589 38 373
595 32 373
599 27 374
602 25 373
608 24 368
612 19 369
614 19 367
617 18 365
620 19 361
620 17 363
622 16 362
624 19 357
632 21 347
635 20 345
645 16 339
648 16 336
653 17 330
653 20 327
652 22 326
651 25 324
653 22 325
651 24 325
648 28 324
648 27 325
650 30 320
655 27 318
656 25 319
654 27 319
652 30 318
650 29 321
650 24 326
656 18 326
660 16 324
660 16 324
665 17 318
666 19 315
665 20 315
668 23 309
664 24 312
660 27 313
661 31 308
649 38 313
650 41 309
647 40 313
646 39 315
648 38 314
646 42 312
653 36 311
655 39 306
654 42 304
656 39 305
662 35 303
662 31 307
667 29 304
667 27 306
670 24 306
667 31 302
