1000 0 0
1000 0 0
1000 0 0
1000 0 0
999 1 0
998 2 0
998 2 0
996 2 2
991 6 3
990 5 5
982 13 5
969 22 9
950 36 14
934 45 21
915 58 27
887 75 38
854 98 48
819 116 65
778 133 89
749 140 111
715 154 131
684 157 159
656 157 187
631 155 214
611 148 241
593 148 259
582 139 279
577 131 292
566 125 309
558 120 322
554 109 337
540 101 359
536 96 368
527 99 374
521 93 386
524 79 397
528 71 401
524 69 407
527 69 404
530 64 406
524 70 406
526 67 407
531 59 410
536 58 406
536 53 411
536 52 412
538 50 412
540 47 413
546 39 415
551 40 409
555 35 410
553 36 411
552 38 410
555 35 410
563 29 408
570 25 405
572 26 402
573 27 400
579 23 398
583 22 395
591 18 391
593 18 389
595 18 387
605 16 379
612 13 375
615 13 372
616 14 370
615 17 368
614 19 367
620 18 362
630 18 352
632 18 350
633 20 347
628 20 352
626 27 347
634 30 336
633 36 331
631 35 334
624 39 337
624 37 339
627 36 337
631 34 335
632 31 337
640 31 329
641 31 328
645 28 327
642 31 327
638 31 331
640 29 331
639 31 330
638 23 339
636 28 336
630 37 333
627 41 332
630 33 337
624 39 337
629 35 336
632 33 335
634 31 335
632 34 334
634 33 333
632 37 331
627 37 336
623 39 338
630 37 333
628 36 336
634 33 333
638 30 332
641 26 333
651 26 323
651 25 324
653 19 328
654 19 327
659 17 324
662 13 325
668 12 320
672 13 315
673 11 316
680 7 313
681 6 313
686 6 308
690 8 302
694 8 298
696 10 294
697 11 292
695 11 294
696 11 293
695 11 294
699 12 289
705 12 283
708 12 280
716 9 275
721 9 270
728 10 262
728 12 260
726 11 263
724 14 262
727 12 261
728 13 259
730 12 258
731 12 257
734 11 255
734 15 251
733 19 248
734 16 250
740 17 243
741 15 244
742 16 242
740 17 243
742 13 245
738 20 242
740 23 237
740 24 236
733 30 237
726 35 239
720 38 242
718 39 243
712 43 245
709 44 247
708 43 249
704 50 246
700 52 248
698 52 250
693 44 263
697 41 262
695 40 265
692 39 269
690 37 273
691 37 272
690 39 271
686 38 276
685 42 273
689 38 273
693 34 273
694 34 272
695 32 273
690 38 272
684 42 274
682 41 277
680 41 279
679 45 276
678 47 275
679 44 277
679 41 280
678 40 282
675 46 279
678 35 287
677 37 286
675 37 288
677 36 287
680 33 287
681 31 288
690 27 283
688 30 282
693 28 279
691 34 275
686 36 278
685 35 280
688 36 276
684 35 281
680 37 283
677 40 283
679 35 286
679 39 282
674 40 286
676 38 286
667 47 286
653 58 289
652 52 296
644 48 308
639 51 310
633 55 312
633 45 322
633 40 327
638 34 328
636 35 329
637 33 330
637 31 332
642 32 326
645 30 325
643 30 327
644 25 331
652 21 327
656 20 324
660 17 323
665 14 321
669 12 319
675 11 314
677 10 313
680 10 310
679 14 307
683 17 300
684 15 301
687 16 297
689 14 297
690 13 297
693 15 292
700 11 289
707 10 283
709 13 278
714 9 277
714 10 276
713 9 278
718 11 271
717 14 269
719 15 266
719 16 265
719 17 264
725 18 257
720 23 257
714 28 258
705 34 261
700 37 263
690 44 266
684 46 270
675 49 276
671 53 276
663 57 280
660 58 282
652 57 291
647 56 297
643 56 301
643 52 305
638 54 308
635 55 310
634 55 311
625 64 311
604 84 312
590 95 315
584 93 323
574 92 334
572 82 346
561 94 345
549 95 356
538 93 369
536 96 368
531 97 372
530 92 378
534 74 392
530 71 399
523 68 409
519 68 413
517 63 420
519 57 424
523 57 420
525 55 420
526 47 427
524 42 434
528 38 434
532 33 435
539 29 432
548 24 428
550 24 426
552 23 425
556 19 425
565 14 421
567 16 417
574 15 411
580 15 405
589 12 399
597 9 394
604 9 387
610 8 382
621 8 371
628 5 367
633 4 363
642 2 356
645 2 353
650 2 348
652 4 344
658 5 337
665 6 329
664 7 329
664 10 326
667 11 322
668 10 322
665 14 321
668 10 322
676 7 317
683 7 310
688 6 306
689 7 304
697 5 298
704 5 291
709 4 287
713 3 284
714 4 282
716 3 281
718 2 280
726 0 274
727 1 272
736 0 264
737 2 261
741 6 253
740 8 252
743 12 245
743 13 244
745 12 243
748 14 238
748 15 237
749 15 236
747 20 233
749 18 233
745 18 237
745 20 235
746 21 233
744 20 236
740 21 239
735 26 239
734 29 237
730 25 245
718 30 252
720 32 248
715 37 248
712 40 248
697 50 253
693 51 256
686 53 261
685 54 261
678 54 268
667 65 268
662 63 275
661 54 285
658 51 291
658 52 290
656 54 290
652 51 297
649 47 304
646 47 307
642 49 309
636 50 314
632 51 317
629 52 319
625 54 321
618 54 328
617 52 331
615 51 334
621 48 331
621 46 333
623 41 336
623 31 346
630 26 344
635 24 341
638 23 339
645 21 334
651 22 327
651 23 326
650 23 327
648 23 329
655 24 321
661 25 314
661 24 315
662 21 317
666 18 316
666 17 317
668 18 314
671 21 308
677 21 302
684 18 298
681 19 300
683 19 298
684 23 293
681 28 291
678 28 294
675 33 292
679 29 292
681 29 290
679 32 289
672 35 293
664 34 302
661 35 304
656 40 304
649 43 308
641 49 310
640 47 313
640 45 315
641 41 318
646 43 311
640 38 322
634 41 325
633 45 322
629 50 321
627 51 322
626 53 321
623 58 319
619 49 332
612 49 339
608 45 347
616 42 342
616 39 345
620 35 345
617 39 344
616 32 352
614 34 352
616 32 352
619 31 350
621 26 353
619 27 354
620 29 351
621 25 354
623 25 352
626 23 351
626 28 346
628 27 345
636 24 340
644 17 339
649 13 338
660 12 328
667 13 320
667 11 322
673 12 315
672 13 315
671 12 317
668 14 318
673 16 311
679 16 305
676 24 300
677 25 298
676 27 297
677 27 296
680 25 295
683 25 292
679 25 296
677 26 297
679 24 297
685 21 294
688 19 293
691 20 289
690 24 286
696 23 281
699 22 279
703 19 278
706 17 277
707 17 276
711 13 276
714 11 275
716 14 270
719 17 264
726 18 256
729 18 253
727 24 249
719 33 248
717 30 253
713 30 257
706 37 257
703 39 258
691 48 261
690 48 262
689 46 265
687 45 268
690 48 262
684 49 267
688 45 267
687 45 268
689 41 270
685 40 275
686 39 275
686 34 280
689 32 279
692 31 277
687 38 275
690 35 275
688 40 272
689 38 273
687 38 275
681 43 276
679 44 277
676 37 287
676 38 286
675 39 286
678 32 290
680 30 290
675 32 293
681 32 287
678 34 288
683 30 287
679 32 289
675 33 292
672 35 293
673 35 292
679 34 287
679 36 285
678 31 291
681 28 291
683 26 291
684 24 292
686 22 292
687 22 291
691 20 289
698 18 284
697 22 281
703 24 273
702 27 271
704 29 267
706 28 266
704 34 262
704 36 260
705 38 257
704 42 254
700 42 258
696 45 259
698 43 259
699 45 256
691 46 263
692 48 260
692 46 262
688 42 270
686 40 274
684 38 278
684 39 277
683 37 280
682 39 279
686 36 278
686 41 273
685 39 276
687 36 277
685 39 276
682 42 276
676 49 275
676 42 282
675 42 283
668 53 279
674 46 280
668 50 282
655 57 288
648 61 291
642 62 296
632 65 303
630 61 309
625 58 317
621 59 320
618 54 328
618 50 332
615 54 331
615 55 330
617 47 336
617 43 340
621 42 337
622 41 337
624 40 336
627 37 336
622 42 336
624 39 337
631 32 337
627 36 337
625 36 339
626 42 332
627 44 329
624 40 336
614 49 337
611 48 341
611 44 345
613 44 343
615 45 340
619 42 339
622 41 337
620 36 344
623 32 345
624 29 347
626 32 342
632 27 341
635 26 339
638 26 336
635 28 337
640 28 332
636 31 333
628 42 330
622 45 333
616 48 336
611 51 338
604 55 341
602 60 338
604 55 341
605 49 346
604 50 346
601 53 346
601 53 346
601 51 348
601 47 352
598 49 353
603 46 351
606 41 353
604 40 356
609 43 348
610 40 350
610 39 351
607 40 353
604 34 362
608 33 359
609 36 355
615 38 347
618 37 345
616 39 345
615 40 345
619 36 345
615 33 352
621 32 347
618 36 346
621 36 343
624 29 347
626 28 346
633 29 338
633 28 339
633 28 339
637 25 338
647 21 332
656 17 327
668 15 317
670 12 318
670 14 316
679 11 310
679 13 308
685 13 302
684 16 300
686 15 299
685 13 302
688 13 299
685 15 300
684 18 298
684 17 299
690 17 293
692 15 293
690 13 297
696 16 288
693 21 286
696 21 283
695 22 283
694 21 285
693 22 285
688 25 287
689 26 285
690 22 288
691 21 288
697 20 283
703 18 279
708 17 275
708 15 277
713 15 272
715 14 271
718 15 267
715 16 269
721 18 261
718 27 255
715 30 255
705 37 258
702 39 259
691 47 262
681 58 261
677 57 266
677 56 267
672 60 268
659 61 280
652 60 288
647 60 293
648 54 298
642 52 306
638 47 315
637 47 316
633 47 320
634 43 323
630 44 326
631 41 328
629 47 324
626 49 325
616 55 329
616 47 337
617 45 338
618 45 337
615 49 336
618 40 342
624 35 341
630 30 340
633 25 342
642 23 335
643 24 333
645 26 329
646 25 329
647 23 330
656 22 322
657 24 319
658 26 316
662 25 313
663 19 318
666 18 316
666 22 312
670 20 310
673 18 309
674 21 305
675 17 308
678 17 305
678 18 304
684 16 300
689 13 298
692 12 296
699 13 288
703 13 284
707 13 280
710 12 278
711 14 275
712 14 274
714 12 274
713 15 272
713 13 274
716 14 270
718 16 266
720 13 267
722 13 265
720 13 267
722 15 263
728 10 262
730 13 257
729 13 258
730 16 254
730 22 248
732 22 246
728 25 247
730 23 247
729 24 247
730 26 244
724 33 243
717 35 248
708 38 254
701 41 258
698 40 262
687 46 267
685 41 274
683 43 274
672 45 283
664 47 289
659 46 295
659 45 296
644 57 299
632 69 299
634 70 296
623 69 308
617 67 316
615 64 321
607 70 323
601 69 330
589 78 333
589 78 333
588 72 340
582 72 346
578 62 360
575 65 360
573 59 368
563 59 378
569 50 381
570 45 385
573 46 381
574 43 383
577 38 385
583 38 379
587 36 377
589 36 375
587 42 371
588 40 372
594 36 370
595 35 370
594 36 370
596 37 367
599 42 359
599 39 362
598 39 363
603 34 363
603 28 369
602 29 369
599 31 370
599 32 369
601 33 366
608 34 358
608 35 357
611 32 357
612 25 363
615 23 362
613 28 359
614 26 360
616 27 357
613 28 359
612 32 356
614 30 356
620 23 357
620 22 358
626 23 351
629 23 348
634 28 338
634 25 341
634 27 339
632 28 340
633 29 338
638 28 334
636 26 338
637 27 336
635 27 338
641 28 331
643 26 331
639 29 332
638 29 333
640 29 331
634 33 333
625 37 338
631 33 336
627 34 339
626 39 335
621 42 337
620 46 334
619 41 340
617 42 341
615 45 340
613 52 335
610 45 345
612 48 340
612 45 343
614 40 346
618 37 345
620 32 348
618 33 349
621 28 351
622 26 352
622 25 353
624 28 348
630 31 339
626 37 337
627 34 339
625 38 337
618 41 341
615 44 341
613 43 344
611 38 351
614 39 347
615 38 347
620 31 349
623 31 346
620 34 346
627 33 340
634 27 339
641 26 333
641 32 327
642 30 328
642 28 330
651 25 324
653 25 322
656 22 322
656 18 326
657 15 328
669 14 317
675 15 310
672 22 306
680 20 300
682 24 294
679 34 287
677 39 284
671 43 286
664 50 286
660 46 294
657 45 298
656 40 304
655 44 301
645 54 301
638 58 304
633 60 307
631 62 307
625 64 311
621 66 313
613 74 313
604 73 323
600 68 332
588 71 341
584 63 353
583 65 352
580 63 357
574 65 361
568 63 369
562 64 374
562 52 386
566 44 390
569 40 391
573 42 385
576 45 379
579 45 376
573 47 380
566 48 386
558 50 392
559 49 392
559 48 393
560 47 393
557 45 398
561 46 393
555 54 391
560 50 390
562 49 389
565 42 393
569 37 394
562 41 397
561 39 400
558 42 400
564 41 395
568 48 384
568 49 383
571 48 381
568 48 384
572 50 378
572 50 378
571 45 384
575 45 380
568 50 382
560 54 386
559 54 387
556 60 384
555 56 389
552 52 396
552 42 406
552 45 403
555 41 404
555 41 404
554 40 406
557 43 400
562 45 393
568 49 383
572 47 381
569 45 386
569 44 387
568 44 388
563 50 387
568 43 389
567 41 392
569 42 389
567 44 389
566 42 392
563 44 393
557 46 397
563 42 395
568 38 394
573 31 396
572 36 392
576 34 390
581 30 389
583 30 387
584 30 386
582 38 380
582 35 383
579 36 385
578 35 387
581 34 385
590 34 376
593 31 376
599 33 368
599 26 375
604 25 371
611 24 365
616 21 363
619 17 364
621 18 361
624 18 358
626 19 355
629 17 354
632 11 357
640 10 350
649 8 343
654 9 337
659 9 332
