995 5 0
994 6 0
988 10 2
981 14 5
972 20 8
956 34 10
942 44 14
917 61 22
886 86 28
864 96 40
840 107 53
798 130 72
771 134 95
743 154 103
713 163 124
683 170 147
664 163 173
640 156 204
619 160 221
599 157 244
571 154 275
554 139 307
547 124 329
543 117 340
543 111 346
533 112 355
537 106 357
530 98 372
522 94 384
515 89 396
506 88 406
506 83 411
508 75 417
508 72 420
504 62 434
505 60 435
516 51 433
519 46 435
515 52 433
511 55 434
509 55 436
506 56 438
503 55 442
506 51 443
503 51 446
507 47 446
512 39 449
520 36 444
524 34 442
525 33 442
535 31 434
537 30 433
547 29 424
556 26 418
560 26 414
566 25 409
570 25 405
580 23 397
582 25 393
583 24 393
581 29 390
584 30 386
595 30 375
600 32 368
595 38 367
605 34 361
607 34 359
609 33 358
610 32 358
611 33 356
611 34 355
608 39 353
610 32 358
609 34 357
603 33 364
602 35 363
607 36 357
604 37 359
604 33 363
605 32 363
605 35 360
604 36 360
601 38 361
598 39 363
595 38 367
594 41 365
591 44 365
588 43 369
587 43 370
591 43 366
585 43 372
580 44 376
575 53 372
580 56 364
576 56 368
573 57 370
573 58 369
570 60 370
566 58 376
565 52 383
563 51 386
562 51 387
561 49 390
558 48 394
564 48 388
562 44 394
561 41 398
565 41 394
566 38 396
576 34 390
580 31 389
583 30 387
584 29 387
590 27 383
594 22 384
601 22 377
607 24 369
612 25 363
617 25 358
619 24 357
620 22 358
628 20 352
636 15 349
640 13 347
645 12 343
654 9 337
660 7 333
664 9 327
671 9 320
674 9 317
679 9 312
683 9 308
691 8 301
692 8 300
697 7 296
698 4 298
701 4 295
705 3 292
709 2 289
712 1 287
718 0 282
725 0 275
729 0 271
738 0 262
740 0 260
745 0 255
749 0 251
749 1 250
750 1 249
753 1 246
756 3 241
759 1 240
760 4 236
765 3 232
767 3 230
764 8 228
762 8 230
762 9 229
762 13 225
761 16 223
761 18 221
756 22 222
743 34 223
733 41 226
722 50 228
706 65 229
688 74 238
684 82 234
666 88 246
662 83 255
652 86 262
641 89 270
631 81 288
630 72 298
630 65 305
627 57 316
622 55 323
610 67 323
614 61 325
617 52 331
617 54 329
620 52 328
626 44 330
624 44 332
629 41 330
638 37 325
644 34 322
645 37 318
646 40 314
649 40 311
643 46 311
636 50 314
633 44 323
637 39 324
635 38 327
635 43 322
628 48 324
624 48 328
619 50 331
618 53 329
608 57 335
605 50 345
602 52 346
603 48 349
600 46 354
598 41 361
601 37 362
604 36 360
608 31 361
614 26 360
622 24 354
632 23 345
636 21 343
639 23 338
634 20 346
637 21 342
636 25 339
642 24 334
642 25 333
639 29 332
640 26 334
647 24 329
651 20 329
654 21 325
659 21 320
659 17 324
665 18 317
666 16 318
668 13 319
672 16 312
676 15 309
677 12 311
685 9 306
691 11 298
697 10 293
706 9 285
712 10 278
714 12 274
714 11 275
714 16 270
716 16 268
718 16 266
722 16 262
722 16 262
723 15 262
730 15 255
731 16 253
732 11 257
733 12 255
732 16 252
734 16 250
740 17 243
741 19 240
744 18 238
743 20 237
733 31 236
727 35 238
725 33 242
716 41 243
710 47 243
702 52 246
698 55 247
698 49 253
689 58 253
684 61 255
681 59 260
669 70 261
662 68 270
656 67 277
654 67 279
643 68 289
631 75 294
625 72 303
619 76 305
610 68 322
610 61 329
611 63 326
603 60 337
595 61 344
593 61 346
596 54 350
597 50 353
596 45 359
604 37 359
605 36 359
605 37 358
608 37 355
607 38 355
604 37 359
609 33 358
607 35 358
610 36 354
618 32 350
622 27 351
625 28 347
624 24 352
622 25 353
623 21 356
630 20 350
632 20 348
639 18 343
635 17 348
640 21 339
640 23 337
643 21 336
646 19 335
644 21 335
648 19 333
651 16 333
657 14 329
660 15 325
665 17 318
659 21 320
661 21 318
661 20 319
668 22 310
663 28 309
661 36 303
653 40 307
645 47 308
640 53 307
632 54 314
628 55 317
623 50 327
617 52 331
607 62 331
596 65 339
587 74 339
590 66 344
569 79 352
567 77 356
562 74 364
566 74 360
569 70 361
568 69 363
562 73 365
556 69 375
559 61 380
553 66 381
547 65 388
554 59 387
552 59 389
551 51 398
551 43 406
547 42 411
550 41 409
555 34 411
560 32 408
564 35 401
568 29 403
576 25 399
579 26 395
584 20 396
589 19 392
594 19 387
601 17 382
603 17 380
606 19 375
613 15 372
618 16 366
624 14 362
625 18 357
623 15 362
621 20 359
622 22 356
624 26 350
625 32 343
623 41 336
617 47 336
621 51 328
617 49 334
620 49 331
624 50 326
619 51 330
613 59 328
611 62 327
599 72 329
601 66 333
596 64 340
589 70 341
589 67 344
582 65 353
584 62 354
583 55 362
580 46 374
588 42 370
594 41 365
599 39 362
596 40 364
602 34 364
607 31 362
606 31 363
611 27 362
610 28 362
616 26 358
622 25 353
624 26 350
622 25 353
624 25 351
623 27 350
626 27 347
617 33 350
616 38 346
610 42 348
614 39 347
617 35 348
617 36 347
621 33 346
622 32 346
621 35 344
623 37 340
625 38 337
625 38 337
626 33 341
621 33 346
621 28 351
623 27 350
628 26 346
633 21 346
639 18 343
644 17 339
648 15 337
654 17 329
654 18 328
657 16 327
661 14 325
666 14 320
665 12 323
668 9 323
672 12 316
678 13 309
676 16 308
685 12 303
693 9 298
697 8 295
699 11 290
703 8 289
706 9 285
704 15 281
711 11 278
719 10 271
720 12 268
721 10 269
726 12 262
726 13 261
723 17 260
725 21 254
722 23 255
720 28 252
720 31 249
709 33 258
712 28 260
707 35 258
698 41 261
691 45 264
688 46 266
677 53 270
673 53 274
668 56 276
664 55 281
663 54 283
661 57 282
657 57 286
656 54 290
651 56 293
650 53 297
647 51 302
644 46 310
649 45 306
649 44 307
648 48 304
651 47 302
654 44 302
647 45 308
643 51 306
641 47 312
641 43 316
641 45 314
648 39 313
654 37 309
651 38 311
639 44 317
641 45 314
647 43 310
643 42 315
640 43 317
642 41 317
644 37 319
638 37 325
638 37 325
637 40 323
638 35 327
642 31 327
647 30 323
643 34 323
637 41 322
632 39 329
635 39 326
634 42 324
640 40 320
642 38 320
643 30 327
640 35 325
644 33 323
650 28 322
646 30 324
644 32 324
639 36 325
641 32 327
647 23 330
646 22 332
646 27 327
650 24 326
651 22 327
654 22 324
656 23 321
665 22 313
666 20 314
667 20 313
665 27 308
663 27 310
663 27 310
663 31 306
665 32 303
666 30 304
660 34 306
664 33 303
661 33 306
663 30 307
667 25 308
670 28 302
670 25 305
667 27 306
664 31 305
668 28 304
663 34 303
663 33 304
664 35 301
662 35 303
659 33 308
655 40 305
651 37 312
650 37 313
650 36 314
646 33 321
648 28 324
650 25 325
651 25 324
651 22 327
656 16 328
663 15 322
670 15 315
674 14 312
678 13 309
682 12 306
691 10 299
694 9 297
697 10 293
702 9 289
705 9 286
707 9 284
709 9 282
715 8 277
716 8 276
720 6 274
720 9 271
721 11 268
723 10 267
730 8 262
735 7 258
736 6 258
736 6 258
735 9 256
736 11 253
729 16 255
724 21 255
719 26 255
703 40 257
705 38 257
698 37 265
689 46 265
683 51 266
684 51 265
681 49 270
676 52 272
674 49 277
666 52 282
660 52 288
652 57 291
645 64 291
637 67 296
632 69 299
627 72 301
617 76 307
607 85 308
591 91 318
570 96 334
562 96 342
556 95 349
541 101 358
529 99 372
515 108 377
514 99 387
520 85 395
521 82 397
524 74 402
524 69 407
525 66 409
525 67 408
517 66 417
518 62 420
519 62 419
521 59 420
518 54 428
523 48 429
524 45 431
520 46 434
519 42 439
526 43 431
520 44 436
520 37 443
520 35 445
522 35 443
525 29 446
532 28 440
542 29 429
544 29 427
549 28 423
556 29 415
561 28 411
570 25 405
574 22 404
571 28 401
577 28 395
577 30 393
582 29 389
592 24 384
595 18 387
599 17 384
603 18 379
611 16 373
611 17 372
610 17 373
610 20 370
618 18 364
624 16 360
627 20 353
634 20 346
640 19 341
639 24 337
644 22 334
641 23 336
639 24 337
638 26 336
641 27 332
640 26 334
646 23 331
650 22 328
650 22 328
648 19 333
646 25 329
646 27 327
641 32 327
643 33 324
640 35 325
645 34 321
648 35 317
652 31 317
650 35 315
649 34 317
648 42 310
642 45 313
638 51 311
626 62 312
613 71 316
603 73 324
591 80 329
578 85 337
574 82 344
573 74 353
568 74 358
563 72 365
563 64 373
566 62 372
563 57 380
563 55 382
568 48 384
565 48 387
562 48 390
564 43 393
565 47 388
563 46 391
569 45 386
565 47 388
559 50 391
563 46 391
561 43 396
562 45 393
562 47 391
557 51 392
559 44 397
554 46 400
558 45 397
556 43 401
558 41 401
561 42 397
572 31 397
577 30 393
582 24 394
587 22 391
591 18 391
597 14 389
600 13 387
603 14 383
607 13 380
613 12 375
619 8 373
626 7 367
635 6 359
641 4 355
648 7 345
654 9 337
656 10 334
660 8 332
662 6 332
667 4 329
669 5 326
674 6 320
676 8 316
682 8 310
681 14 305
676 20 304
679 20 301
681 17 302
680 17 303
686 17 297
689 18 293
693 16 291
695 14 291
699 14 287
698 14 288
700 12 288
704 14 282
710 12 278
713 13 274
719 9 272
721 10 269
724 9 267
731 9 260
732 11 257
735 12 253
737 15 248
737 20 243
732 16 252
728 17 255
722 25 253
719 27 254
722 24 254
728 21 251
725 25 250
719 30 251
714 33 253
714 28 258
707 29 264
700 34 266
699 38 263
696 42 262
690 41 269
688 41 271
691 41 268
694 39 267
694 35 271
689 34 277
689 34 277
689 28 283
689 27 284
689 24 287
684 25 291
688 28 284
693 28 279
694 26 280
698 27 275
694 33 273
694 33 273
689 37 274
686 44 270
687 44 269
682 44 274
680 44 276
678 42 280
671 53 276
664 44 292
653 47 300
645 55 300
639 47 314
639 42 319
632 43 325
628 44 328
626 45 329
625 42 333
626 40 334
629 38 333
631 46 323
628 46 326
626 43 331
627 48 325
616 57 327
608 61 331
611 52 337
613 49 338
610 49 341
606 43 351
605 43 352
605 42 353
604 41 355
607 40 353
605 39 356
604 38 358
601 41 358
601 43 356
603 42 355
603 39 358
601 38 361
596 41 363
591 45 364
596 39 365
592 42 366
589 41 370
589 45 366
589 42 369
585 48 367
576 57 367
565 57 378
560 50 390
555 51 394
550 52 398
558 46 396
556 44 400
558 39 403
565 31 404
567 29 404
569 24 407
575 24 401
577 25 398
581 22 397
583 20 397
588 22 390
592 20 388
598 19 383
603 20 377
603 19 378
603 19 378
612 18 370
614 19 367
611 19 370
610 22 368
609 23 368
611 22 367
614 25 361
619 26 355
627 25 348
628 23 349
633 23 344
636 23 341
644 18 338
649 16 335
650 18 332
652 17 331
656 19 325
661 17 322
664 22 314
666 24 310
665 27 308
665 30 305
657 38 305
648 46 306
643 47 310
642 52 306
641 56 303
642 58 300
643 48 309
640 47 313
638 43 319
640 41 319
635 43 322
634 42 324
636 43 321
635 42 323
632 46 322
625 48 327
622 47 331
613 46 341
608 48 344
606 48 346
598 52 350
601 46 353
605 44 351
607 39 354
605 43 352
602 39 359
599 42 359
598 39 363
602 36 362
613 35 352
616 32 352
625 30 345
628 31 341
630 29 341
625 30 345
620 31 349
621 30 349
621 26 353
617 33 350
615 36 349
613 39 348
610 42 348
608 45 347
609 45 346
605 47 348
608 44 348
609 39 352
610 42 348
607 45 348
605 44 351
604 41 355
608 43 349
608 42 350
618 40 342
617 42 341
616 41 343
618 40 342
617 39 344
614 43 343
618 35 347
620 33 347
614 38 348
618 34 348
619 32 349
613 31 356
621 28 351
619 30 351
625 30 345
631 27 342
631 25 344
634 25 341
633 25 342
637 23 340
634 30 336
634 29 337
640 28 332
636 26 338
636 27 337
636 33 331
639 34 327
642 35 323
644 32 324
647 33 320
646 29 325
647 30 323
643 31 326
634 33 333
639 32 329
641 30 329
643 27 330
647 28 325
647 25 328
650 28 322
652 25 323
655 28 317
654 32 314
660 24 316
663 23 314
666 19 315
661 27 312
661 23 316
665 21 314
670 21 309
672 22 306
672 25 303
680 26 294
681 24 295
682 24 294
690 19 291
691 17 292
692 16 292
696 13 291
697 11 292
689 14 297
682 24 294
674 30 296
671 31 298
670 37 293
668 37 295
668 36 296
670 33 297
663 42 295
660 41 299
659 38 303
662 34 304
664 30 306
669 26 305
