1000 0 0
1000 0 0
1000 0 0
1000 0 0
1000 0 0
1000 0 0
999 1 0
998 2 0
998 2 0
995 3 2
988 9 3
971 24 5
954 32 14
934 46 20
915 52 33
895 62 43
864 80 56
829 99 72
798 114 88
781 121 98
762 133 105
731 138 131
713 133 154
704 126 170
684 118 198
677 119 204
657 129 214
641 139 220
626 137 237
613 134 253
605 119 276
592 118 290
582 121 297
568 118 314
556 114 330
559 99 342
563 97 340
559 101 340
553 98 349
541 102 357
537 96 367
528 96 376
525 85 390
525 79 396
519 74 407
520 70 410
517 72 411
518 68 414
520 58 422
523 56 421
524 52 424
526 46 428
531 48 421
530 44 426
531 44 425
536 43 421
540 43 417
545 40 415
548 37 415
551 35 414
552 36 412
554 36 410
564 34 402
573 31 396
577 28 395
579 27 394
585 23 392
587 21 392
592 16 392
593 20 387
601 20 379
606 18 376
612 17 371
614 17 369
617 15 368
621 12 367
628 8 364
630 9 361
634 9 357
640 10 350
645 12 343
648 13 339
644 16 340
647 16 337
650 18 332
649 12 339
654 11 335
658 11 331
663 10 327
668 11 321
665 15 320
665 14 321
666 17 317
661 25 314
658 30 312
650 37 313
646 40 314
647 41 312
646 44 310
640 46 314
640 42 318
636 43 321
637 43 320
635 39 326
636 40 324
639 35 326
643 24 333
641 27 332
645 29 326
653 27 320
654 26 320
659 21 320
661 18 321
659 15 326
664 13 323
667 14 319
667 15 318
666 20 314
667 20 313
667 19 314
669 18 313
669 21 310
670 23 307
668 28 304
665 30 305
663 34 303
662 36 302
666 34 300
666 37 297
670 35 295
676 30 294
670 36 294
668 33 299
666 28 306
667 28 305
664 33 303
665 36 299
665 31 304
663 30 307
665 31 304
663 30 307
661 31 308
659 36 305
657 40 303
655 40 305
647 50 303
648 46 306
646 46 308
645 43 312
649 35 316
649 27 324
653 27 320
646 34 320
644 36 320
639 39 322
637 42 321
632 42 326
634 41 325
630 31 339
629 28 343
634 26 340
639 24 337
640 26 334
634 28 338
636 28 336
637 21 342
634 27 339
632 29 339
634 33 333
637 32 331
639 32 329
637 31 332
643 26 331
650 22 328
648 24 328
652 25 323
656 23 321
659 25 316
658 29 313
661 23 316
657 22 321
656 25 319
659 23 318
663 23 314
668 22 310
668 26 306
671 27 302
660 33 307
661 38 301
658 36 306
661 37 302
649 46 305
644 50 306
639 52 309
634 51 315
633 50 317
624 53 323
621 54 325
623 45 332
620 49 331
616 44 340
615 47 338
609 55 336
603 62 335
600 58 342
598 58 344
597 55 348
598 58 344
600 50 350
597 49 354
603 48 349
604 43 353
611 36 353
614 37 349
615 39 346
615 38 347
618 33 349
618 36 346
625 32 343
630 29 341
634 26 340
637 31 332
636 33 331
635 39 326
636 37 327
633 38 329
634 34 332
634 34 332
636 32 332
643 29 328
644 35 321
645 35 320
644 33 323
646 29 325
649 30 321
650 26 324
651 25 324
652 27 321
653 25 322
660 25 315
662 21 317
671 19 310
674 20 306
676 20 304
676 19 305
682 17 301
688 13 299
691 13 296
691 10 299
696 11 293
694 13 293
695 14 291
700 9 291
703 10 287
707 8 285
709 8 283
713 9 278
716 9 275
720 10 270
722 9 269
723 9 268
721 13 266
723 16 261
718 18 264
721 18 261
724 16 260
730 17 253
727 18 255
724 21 255
726 21 253
723 27 250
723 28 249
723 29 248
721 25 254
717 29 254
716 26 258
720 26 254
725 28 247
726 23 251
728 19 253
728 21 251
728 18 254
730 20 250
734 18 248
727 26 247
724 29 247
720 29 251
720 29 251
725 22 253
726 18 256
724 18 258
723 17 260
725 20 255
721 19 260
726 23 251
731 18 251
725 26 249
725 24 251
723 24 253
722 29 249
720 33 247
717 30 253
716 29 255
713 23 264
714 27 259
713 24 263
713 25 262
714 22 264
712 25 263
707 27 266
706 31 263
702 32 266
698 37 265
694 38 268
694 36 270
694 36 270
695 37 268
695 37 268
692 41 267
693 42 265
690 43 267
689 44 267
688 43 269
685 41 274
688 37 275
688 34 278
687 31 282
686 30 284
688 27 285
691 28 281
695 27 278
697 25 278
702 22 276
705 20 275
709 17 274
711 17 272
716 13 271
719 13 268
719 14 267
722 12 266
726 13 261
738 12 250
740 11 249
742 11 247
743 16 241
744 17 239
743 19 238
747 20 233
744 22 234
745 21 234
737 27 236
731 33 236
728 39 233
721 43 236
721 41 238
711 45 244
703 50 247
696 53 251
682 60 258
680 57 263
676 52 272
675 45 280
667 50 283
664 49 287
660 50 290
659 44 297
661 41 298
662 40 298
662 36 302
665 36 299
660 35 305
662 37 301
662 35 303
663 35 302
664 35 301
659 39 302
659 42 299
652 43 305
652 43 305
645 41 314
644 44 312
647 40 313
646 41 313
646 43 311
643 43 314
638 49 313
637 51 312
634 54 312
624 58 318
617 61 322
611 60 329
605 60 335
599 65 336
592 72 336
587 80 333
580 80 340
572 78 350
564 81 355
563 80 357
550 77 373
542 79 379
534 84 382
526 80 394
529 72 399
529 63 408
528 53 419
530 46 424
534 42 424
534 36 430
538 32 430
546 30 424
550 26 424
553 22 425
559 23 418
558 28 414
567 24 409
569 19 412
573 20 407
573 21 406
581 15 404
586 19 395
590 17 393
597 12 391
600 14 386
600 20 380
599 22 379
598 21 381
597 17 386
602 17 381
606 14 380
609 13 378
608 16 376
614 12 374
621 12 367
618 17 365
624 18 358
629 20 351
636 17 347
639 19 342
642 18 340
641 18 341
639 19 342
641 22 337
633 25 342
635 22 343
645 19 336
647 22 331
652 23 325
655 24 321
655 25 320
653 26 321
662 22 316
661 24 315
663 24 313
665 28 307
666 29 305
659 32 309
651 38 311
649 41 310
645 43 312
643 42 315
640 45 315
632 49 319
629 44 327
631 45 324
624 50 326
621 49 330
623 51 326
626 54 320
629 47 324
630 43 327
629 40 331
630 35 335
634 35 331
636 33 331
640 31 329
645 31 324
643 32 325
639 34 327
639 33 328
638 32 330
635 37 328
636 43 321
630 46 324
627 45 328
626 41 333
623 40 337
624 38 338
628 38 334
623 39 338
623 37 340
628 36 336
629 40 331
619 48 333
619 45 336
614 45 341
598 56 346
590 63 347
588 70 342
585 67 348
579 62 359
580 56 364
579 52 369
572 56 372
581 47 372
584 43 373
586 32 382
593 32 375
599 34 367
605 33 362
607 35 358
612 31 357
618 27 355
614 28 358
618 28 354
622 27 351
620 26 354
628 24 348
629 21 350
631 16 353
633 19 348
634 20 346
637 24 339
644 22 334
648 19 333
653 17 330
659 14 327
661 16 323
667 16 317
674 12 314
682 11 307
687 11 302
693 13 294
699 13 288
700 12 288
702 11 287
705 9 286
710 7 283
714 5 281
718 4 278
721 4 275
721 7 272
725 9 266
723 12 265
721 14 265
716 22 262
714 21 265
717 23 260
717 29 254
714 29 257
708 33 259
706 28 266
704 28 268
698 35 267
695 39 266
695 36 269
687 44 269
689 40 271
689 37 274
685 36 279
679 40 281
677 42 281
674 41 285
673 36 291
676 33 291
680 26 294
681 25 294
683 28 289
686 23 291
684 28 288
688 23 289
687 24 289
688 21 291
690 19 291
690 23 287
698 21 281
694 24 282
692 24 284
685 28 287
683 31 286
682 41 277
674 45 281
667 42 291
663 42 295
661 45 294
661 39 300
651 47 302
651 46 303
650 46 304
655 42 303
650 44 306
647 46 307
639 52 309
632 59 309
622 61 317
616 65 319
619 65 316
616 66 318
607 68 325
603 69 328
599 66 335
594 68 338
592 70 338
586 67 347
587 65 348
582 65 353
577 62 361
575 60 365
577 59 364
580 56 364
584 54 362
581 55 364
580 51 369
583 49 368
580 47 373
575 47 378
565 57 378
560 57 383
558 59 383
562 53 385
556 58 386
557 53 390
559 57 384
567 57 376
564 57 379
563 58 379
562 55 383
565 50 385
566 51 383
569 49 382
569 44 387
571 43 386
571 41 388
575 41 384
577 45 378
585 38 377
585 32 383
586 30 384
592 25 383
593 25 382
598 24 378
601 26 373
605 20 375
616 23 361
619 25 356
618 26 356
620 22 358
621 21 358
630 17 353
637 21 342
640 19 341
644 21 335
651 18 331
654 20 326
657 20 323
658 23 319
661 20 319
665 16 319
673 18 309
674 17 309
679 15 306
680 15 305
684 13 303
686 14 300
687 19 294
692 21 287
693 21 286
696 24 280
689 31 280
689 34 277
691 39 270
688 41 271
687 41 272
685 41 274
679 47 274
679 45 276
672 49 279
670 49 281
666 48 286
663 49 288
663 47 290
658 46 296
661 49 290
657 49 294
655 49 296
648 46 306
647 46 307
647 42 311
645 38 317
643 39 318
635 45 320
628 48 324
631 45 324
633 38 329
630 32 338
632 30 338
628 31 341
633 27 340
635 25 340
642 19 339
641 18 341
646 16 338
649 14 337
652 13 335
658 12 330
661 14 325
668 13 319
674 14 312
669 23 308
666 22 312
665 22 313
664 28 308
659 36 305
656 39 305
661 34 305
659 34 307
661 33 306
662 29 309
663 26 311
664 26 310
667 20 313
666 18 316
672 16 312
675 17 308
678 15 307
685 14 301
684 14 302
688 14 298
694 13 293
698 13 289
701 14 285
705 13 282
710 12 278
712 13 275
715 12 273
716 12 272
720 15 265
718 17 265
716 21 263
715 23 262
717 24 259
717 22 261
719 24 257
721 25 254
723 29 248
722 28 250
726 28 246
725 26 249
723 26 251
728 23 249
729 23 248
730 23 247
727 25 248
730 21 249
728 24 248
729 18 253
732 18 250
735 18 247
733 21 246
725 31 244
716 44 240
706 49 245
700 48 252
695 51 254
693 53 254
686 55 259
685 56 259
683 53 264
679 52 269
681 48 271
674 49 277
669 53 278
658 57 285
647 67 286
639 67 294
634 59 307
631 57 312
622 64 314
618 65 317
612 70 318
609 70 321
603 69 328
596 72 332
588 75 337
579 73 348
571 76 353
572 70 358
565 75 360
562 72 366
562 69 369
558 59 383
550 59 391
543 66 391
546 65 389
548 56 396
552 56 392
550 57 393
550 53 397
549 52 399
547 53 400
548 51 401
551 45 404
557 40 403
558 43 399
554 39 407
560 34 406
562 34 404
563 35 402
565 37 398
567 30 403
569 31 400
574 28 398
578 27 395
583 25 392
587 24 389
586 19 395
591 17 392
593 17 390
596 14 390
598 16 386
600 19 381
603 20 377
606 20 374
608 21 371
611 23 366
610 29 361
615 32 353
614 33 353
618 28 354
621 25 354
626 28 346
630 25 345
630 22 348
633 22 345
635 22 343
638 21 341
643 17 340
647 16 337
654 11 335
658 7 335
664 8 328
672 7 321
679 7 314
681 7 312
685 5 310
688 5 307
687 6 307
689 7 304
691 9 300
692 11 297
694 11 295
695 14 291
695 14 291
691 17 292
688 20 292
685 21 294
688 21 291
687 27 286
685 30 285
684 31 285
687 28 285
684 28 288
679 26 295
684 25 291
687 26 287
688 28 284
692 27 281
689 31 280
685 36 279
682 36 282
681 33 286
680 35 285
675 39 286
674 38 288
676 36 288
674 35 291
673 38 289
672 41 287
673 41 286
678 41 281
677 42 281
685 37 278
688 36 276
691 36 273
688 41 271
690 42 268
685 45 270
684 39 277
683 37 280
680 36 284
683 36 281
675 41 284
672 42 286
667 44 289
668 43 289
661 42 297
654 44 302
656 42 302
660 38 302
654 40 306
649 41 310
651 45 304
653 46 301
648 46 306
647 50 303
646 47 307
646 43 311
646 40 314
645 36 319
648 30 322
650 31 319
656 33 311
652 38 310
649 39 312
649 35 316
644 37 319
644 39 317
644 40 316
644 32 324
647 31 322
650 28 322
652 27 321
654 25 321
654 23 323
658 19 323
660 20 320
663 20 317
661 16 323
658 16 326
659 18 323
663 15 322
666 13 321
666 16 318
669 17 314
667 16 317
666 20 314
665 23 312
660 27 313
657 28 315
654 30 316
655 32 313
658 30 312
668 29 303
672 27 301
669 28 303
667 24 309
669 19 312
673 19 308
672 18 310
671 18 311
673 16 311
674 15 311
674 16 310
674 19 307
669 24 307
677 24 299
678 22 300
679 22 299
680 25 295
681 27 292
687 29 284
689 29 282
690 23 287
692 20 288
695 21 284
698 18 284
697 18 285
700 17 283
692 25 283
693 29 278
690 33 277
689 36 275
693 40 267
692 36 272
692 40 268
688 38 274
687 32 281
686 30 284
690 23 287
690 21 289
691 18 291
691 19 290
691 19 290
691 19 290
689 26 285
685 31 284
684 30 286
685 30 285
686 25 289
691 25 284
693 20 287
696 16 288
695 19 286
698 20 282
700 21 279
699 19 282
699 25 276
699 29 272
703 29 268
711 24 265
708 29 263
