995 5 0
995 5 0
993 6 1
989 9 2
988 9 3
984 12 4
975 20 5
960 33 7
936 53 11
913 70 17
900 75 25
876 85 39
854 97 49
837 98 65
814 111 75
787 121 92
763 120 117
732 123 145
711 120 169
682 126 192
655 126 219
628 132 240
611 129 260
586 135 279
572 135 293
558 138 304
545 135 320
530 134 336
519 124 357
513 115 372
514 100 386
515 91 394
510 89 401
503 84 413
497 81 422
492 80 428
484 81 435
482 74 444
479 74 447
479 70 451
480 63 457
476 62 462
478 54 468
477 55 468
481 46 473
489 43 468
495 34 471
501 28 471
502 30 468
510 26 464
512 25 463
521 23 456
521 24 455
531 23 446
537 22 441
545 19 436
543 28 429
542 27 431
547 23 430
555 23 422
552 27 421
552 32 416
559 32 409
555 40 405
555 42 403
554 39 407
552 42 406
554 38 408
556 35 409
556 37 407
554 36 410
553 37 410
556 35 409
567 30 403
569 33 398
571 35 394
576 36 388
572 36 392
578 36 386
581 37 382
584 34 382
587 39 374
590 35 375
588 43 369
584 45 371
584 46 370
583 48 369
587 47 366
587 49 364
585 56 359
583 48 369
580 51 369
577 48 375
574 50 376
569 54 377
576 55 369
576 58 366
571 60 369
567 64 369
560 67 373
559 62 379
565 54 381
565 49 386
570 43 387
575 36 389
576 35 389
580 30 390
584 26 390
583 30 387
588 26 386
595 26 379
604 26 370
611 22 367
618 19 363
620 18 362
624 16 360
622 18 360
628 17 355
625 20 355
635 15 350
642 10 348
646 8 346
649 7 344
650 9 341
658 11 331
665 14 321
664 20 316
662 24 314
659 31 310
658 37 305
657 41 302
655 43 302
645 43 312
637 48 315
636 43 321
634 44 322
635 42 323
638 37 325
634 40 326
642 35 323
642 33 325
642 35 323
642 30 328
644 31 325
646 28 326
650 27 323
648 29 323
652 27 321
652 26 322
654 22 324
651 22 327
654 20 326
658 21 321
658 20 322
659 21 320
664 16 320
665 17 318
667 15 318
674 16 310
678 14 308
677 15 308
679 16 305
684 9 307
685 12 303
689 9 302
693 9 298
694 12 294
694 12 294
694 10 296
698 10 292
699 12 289
702 14 284
703 15 282
704 17 279
713 13 274
719 14 267
721 10 269
724 11 265
730 10 260
731 9 260
733 11 256
732 11 257
733 14 253
736 14 250
732 20 248
726 24 250
726 20 254
732 20 248
731 19 250
734 21 245
739 23 238
729 35 236
721 40 239
716 42 242
715 42 243
704 51 245
690 58 252
687 56 257
678 67 255
677 63 260
662 73 265
648 77 275
646 71 283
639 74 287
638 73 289
635 66 299
635 62 303
639 58 303
634 57 309
634 50 316
636 46 318
639 41 320
638 38 324
639 36 325
641 37 322
647 36 317
651 35 314
654 32 314
658 29 313
656 27 317
655 30 315
648 33 319
641 39 320
646 35 319
645 32 323
646 25 329
650 23 327
652 20 328
660 18 322
664 16 320
673 16 311
671 21 308
673 23 304
676 21 303
684 15 301
686 11 303
689 9 302
697 11 292
700 10 290
697 13 290
703 13 284
704 16 280
707 15 278
711 11 278
713 11 276
717 9 274
722 10 268
726 8 266
729 6 265
736 3 261
741 3 256
742 6 252
745 9 246
746 9 245
751 9 240
754 10 236
755 11 234
756 13 231
749 23 228
738 30 232
734 34 232
727 37 236
725 38 237
717 43 240
709 44 247
710 47 243
709 45 246
701 44 255
696 49 255
692 48 260
689 48 263
684 43 273
682 47 271
684 47 269
675 44 281
676 48 276
670 54 276
665 51 284
660 50 290
655 47 298
652 42 306
658 37 305
658 39 303
649 48 303
641 55 304
632 62 306
632 59 309
627 63 310
621 65 314
622 63 315
616 68 316
610 68 322
611 65 324
604 70 326
601 72 327
585 79 336
587 68 345
583 68 349
588 59 353
582 62 356
574 67 359
576 60 364
574 60 366
573 60 367
578 59 363
579 53 368
574 57 369
576 51 373
576 48 376
574 52 374
571 56 373
569 55 376
558 56 386
551 62 387
543 72 385
535 74 391
537 69 394
523 79 398
512 82 406
505 85 410
505 79 416
492 82 426
490 79 431
481 79 440
475 78 447
474 77 449
476 73 451
476 70 454
474 67 459
477 58 465
478 53 469
479 49 472
480 49 471
473 50 477
476 45 479
478 43 479
485 40 475
485 40 475
483 44 473
482 45 473
487 38 475
491 40 469
492 32 476
495 34 471
499 37 464
499 39 462
503 37 460
507 31 462
511 32 457
520 28 452
515 29 456
521 29 450
526 24 450
527 25 448
534 22 444
538 22 440
537 25 438
539 23 438
547 17 436
548 17 435
552 18 430
559 14 427
565 11 424
574 10 416
576 12 412
580 10 410
587 9 404
593 10 397
595 10 395
603 9 388
607 6 387
610 7 383
617 5 378
620 2 378
627 2 371
631 2 367
639 2 359
644 2 354
650 2 348
657 2 341
661 2 337
667 2 331
670 2 328
673 2 325
680 2 318
687 1 312
694 1 305
695 1 304
697 0 303
702 0 298
708 0 292
713 0 287
718 0 282
727 0 273
730 0 270
735 0 265
739 0 261
750 0 250
755 0 245
757 0 243
761 0 239
765 0 235
771 0 229
774 0 226
779 0 221
783 0 217
785 0 215
788 0 212
788 0 212
791 0 209
793 0 207
795 0 205
799 0 201
806 0 194
806 0 194
808 0 192
811 0 189
816 0 184
817 0 183
823 0 177
826 0 174
831 0 169
836 0 164
840 0 160
842 0 158
845 0 155
846 0 154
848 0 152
851 0 149
853 0 147
854 0 146
855 0 145
857 0 143
858 0 142
859 0 141
862 0 138
863 0 137
864 0 136
867 0 133
868 0 132
874 0 126
877 0 123
881 0 119
883 0 117
883 0 117
885 0 115
885 0 115
887 0 113
887 0 113
888 0 112
889 0 111
891 0 109
891 0 109
894 0 106
895 0 105
898 0 102
902 0 98
904 0 96
905 0 95
906 0 94
911 0 89
912 0 88
915 0 85
917 0 83
919 0 81
922 0 78
923 0 77
925 0 75
927 0 73
928 0 72
929 0 71
933 0 67
934 0 66
935 0 65
936 0 64
936 0 64
936 0 64
936 0 64
936 0 64
936 0 64
936 0 64
936 0 64
936 0 64
938 0 62
941 0 59
942 0 58
942 0 58
943 0 57
944 0 56
945 0 55
947 0 53
947 0 53
947 0 53
947 0 53
948 0 52
948 0 52
948 0 52
948 0 52
950 0 50
950 0 50
950 0 50
951 0 49
951 0 49
952 0 48
952 0 48
953 0 47
956 0 44
958 0 42
958 0 42
958 0 42
959 0 41
960 0 40
962 0 38
964 0 36
965 0 35
966 0 34
968 0 32
969 0 31
969 0 31
970 0 30
972 0 28
973 0 27
973 0 27
973 0 27
973 0 27
974 0 26
976 0 24
976 0 24
977 0 23
977 0 23
978 0 22
980 0 20
980 0 20
980 0 20
980 0 20
980 0 20
981 0 19
981 0 19
981 0 19
981 0 19
981 0 19
981 0 19
981 0 19
981 0 19
981 0 19
981 0 19
981 0 19
981 0 19
981 0 19
981 0 19
981 0 19
982 0 18
983 0 17
983 0 17
983 0 17
983 0 17
983 0 17
983 0 17
983 0 17
983 0 17
983 0 17
984 0 16
984 0 16
984 0 16
984 0 16
984 0 16
984 0 16
984 0 16
984 0 16
984 0 16
985 0 15
985 0 15
985 0 15
985 0 15
985 0 15
985 0 15
985 0 15
985 0 15
985 0 15
987 0 13
987 0 13
988 0 12
988 0 12
988 0 12
989 0 11
989 0 11
989 0 11
989 0 11
989 0 11
990 0 10
990 0 10
990 0 10
990 0 10
990 0 10
990 0 10
990 0 10
991 0 9
991 0 9
991 0 9
991 0 9
991 0 9
991 0 9
991 0 9
991 0 9
992 0 8
992 0 8
992 0 8
993 0 7
994 0 6
994 0 6
994 0 6
994 0 6
994 0 6
994 0 6
994 0 6
995 0 5
995 0 5
995 0 5
996 0 4
996 0 4
996 0 4
996 0 4
996 0 4
996 0 4
996 0 4
996 0 4
996 0 4
996 0 4
996 0 4
996 0 4
996 0 4
996 0 4
996 0 4
996 0 4
996 0 4
997 0 3
997 0 3
997 0 3
997 0 3
997 0 3
997 0 3
998 0 2
998 0 2
998 0 2
998 0 2
998 0 2
998 0 2
998 0 2
998 0 2
998 0 2
998 0 2
998 0 2
998 0 2
998 0 2
998 0 2
998 0 2
999 0 1
999 0 1
999 0 1
999 0 1
999 0 1
999 0 1
999 0 1
999 0 1
999 0 1
999 0 1
999 0 1
999 0 1
999 0 1
999 0 1
999 0 1
999 0 1
999 0 1
999 0 1
999 0 1
999 0 1
999 0 1
999 0 1
999 0 1
999 0 1
999 0 1
999 0 1
999 0 1
999 0 1
999 0 1
999 0 1
999 0 1
999 0 1
999 0 1
999 0 1
999 0 1
999 0 1
999 0 1
999 0 1
999 0 1
999 0 1
999 0 1
999 0 1
999 0 1
999 0 1
999 0 1
999 0 1
999 0 1
999 0 1
999 0 1
999 0 1
999 0 1
999 0 1
999 0 1
999 0 1
999 0 1
999 0 1
999 0 1
999 0 1
999 0 1
999 0 1
999 0 1
999 0 1
999 0 1
999 0 1
999 0 1
999 0 1
999 0 1
999 0 1
999 0 1
999 0 1
999 0 1
999 0 1
999 0 1
999 0 1
999 0 1
999 0 1
999 0 1
999 0 1
999 0 1
999 0 1
999 0 1
999 0 1
999 0 1
999 0 1
999 0 1
999 0 1
999 0 1
999 0 1
999 0 1
999 0 1
999 0 1
999 0 1
999 0 1
999 0 1
999 0 1
999 0 1
999 0 1
999 0 1
999 0 1
999 0 1
999 0 1
999 0 1
999 0 1
999 0 1
999 0 1
999 0 1
999 0 1
999 0 1
999 0 1
999 0 1
999 0 1
999 0 1
999 0 1
999 0 1
999 0 1
999 0 1
999 0 1
999 0 1
999 0 1
999 0 1
999 0 1
1000 0 0
1000 0 0
1000 0 0
1000 0 0
1000 0 0
1000 0 0
1000 0 0
1000 0 0
1000 0 0
1000 0 0
1000 0 0
1000 0 0
1000 0 0
1000 0 0
1000 0 0
1000 0 0
1000 0 0
1000 0 0
1000 0 0
1000 0 0
1000 0 0
1000 0 0
1000 0 0
1000 0 0
1000 0 0
1000 0 0
1000 0 0
1000 0 0
1000 0 0
1000 0 0
1000 0 0
1000 0 0
1000 0 0
1000 0 0
1000 0 0
1000 0 0
1000 0 0
1000 0 0
1000 0 0
1000 0 0
1000 0 0
1000 0 0
1000 0 0
1000 0 0
1000 0 0
1000 0 0
1000 0 0
1000 0 0
1000 0 0
1000 0 0
1000 0 0
1000 0 0
1000 0 0
1000 0 0
1000 0 0
1000 0 0
1000 0 0
1000 0 0
1000 0 0
1000 0 0
1000 0 0
1000 0 0
1000 0 0
1000 0 0
1000 0 0
1000 0 0
1000 0 0
1000 0 0
1000 0 0
1000 0 0
1000 0 0
1000 0 0
1000 0 0
1000 0 0
1000 0 0
1000 0 0
1000 0 0
1000 0 0
1000 0 0
1000 0 0
1000 0 0
1000 0 0
1000 0 0
1000 0 0
1000 0 0
1000 0 0
1000 0 0
1000 0 0
1000 0 0
1000 0 0
1000 0 0
1000 0 0
1000 0 0
1000 0 0
1000 0 0
1000 0 0
1000 0 0
1000 0 0
1000 0 0
1000 0 0
1000 0 0
1000 0 0
1000 0 0
1000 0 0
1000 0 0
1000 0 0
1000 0 0
1000 0 0
1000 0 0
1000 0 0
1000 0 0
1000 0 0
1000 0 0
1000 0 0
1000 0 0
1000 0 0
1000 0 0
1000 0 0
1000 0 0
1000 0 0
1000 0 0
1000 0 0
1000 0 0
1000 0 0
1000 0 0
1000 0 0
1000 0 0
1000 0 0
1000 0 0
1000 0 0
1000 0 0
1000 0 0
1000 0 0
1000 0 0
1000 0 0
1000 0 0
1000 0 0
1000 0 0
1000 0 0
1000 0 0
1000 0 0
1000 0 0
1000 0 0
1000 0 0
1000 0 0
1000 0 0
1000 0 0
1000 0 0
1000 0 0
1000 0 0
1000 0 0
1000 0 0
1000 0 0
1000 0 0
1000 0 0
1000 0 0
1000 0 0
1000 0 0
1000 0 0
1000 0 0
1000 0 0
1000 0 0
1000 0 0
1000 0 0
1000 0 0
1000 0 0
1000 0 0
1000 0 0
1000 0 0
1000 0 0
1000 0 0
1000 0 0
1000 0 0
1000 0 0
1000 0 0
1000 0 0
1000 0 0
1000 0 0
1000 0 0
1000 0 0
1000 0 0
1000 0 0
1000 0 0
1000 0 0
1000 0 0
1000 0 0
1000 0 0
1000 0 0
1000 0 0
1000 0 0
1000 0 0
1000 0 0
1000 0 0
1000 0 0
1000 0 0
1000 0 0
1000 0 0
1000 0 0
1000 0 0
1000 0 0
1000 0 0
1000 0 0
1000 0 0
1000 0 0
1000 0 0
1000 0 0
1000 0 0
1000 0 0
1000 0 0
1000 0 0
1000 0 0
1000 0 0
1000 0 0
1000 0 0
1000 0 0
1000 0 0
1000 0 0
1000 0 0
1000 0 0
1000 0 0
1000 0 0
1000 0 0
1000 0 0
1000 0 0
