843
697
599
118
431
782
53
965
910
711
959
104
928
684
237
177
531
857
248
795
472
700
471
219
557
484
656
393
77
741
306
383
291
736
992
996
467
541
678
46
32
142
759
568
361
348
456
842
203
256
761
580
320
7
685
271
496
254
825
448
941
200
818
730
159
139
980
363
710
749
947
938
901
694
79
817
404
746
937
993
779
780
176
292
156
806
22
523
172
171
163
436
654
990
466
486
513
30
342
131
933
31
263
558
799
210
936
835
600
829
485
503
603
26
981
343
544
914
966
233
594
355
432
186
899
533
820
865
