998 2 0
998 1 1
997 2 1
996 3 1
996 1 3
994 2 4
990 6 4
988 8 4
981 14 5
967 25 8
955 32 13
936 42 22
910 66 24
887 78 35
859 92 49
823 117 60
805 115 80
772 133 95
741 139 120
708 146 146
684 142 174
666 134 200
651 133 216
634 131 235
620 123 257
602 133 265
589 127 284
575 126 299
565 117 318
558 110 332
545 105 350
537 100 363
537 89 374
538 82 380
536 81 383
527 78 395
524 73 403
520 74 406
521 62 417
522 56 422
524 52 424
525 44 431
523 44 433
532 38 430
534 40 426
538 39 423
549 32 419
547 34 419
549 37 414
545 38 417
550 41 409
549 39 412
545 43 412
543 49 408
538 57 405
537 59 404
538 55 407
545 54 401
548 50 402
553 43 404
554 42 404
554 41 405
547 42 411
545 42 413
552 43 405
553 46 401
548 48 404
552 48 400
555 48 397
553 47 400
548 43 409
548 43 409
555 43 402
562 35 403
570 31 399
569 36 395
571 32 397
578 30 392
580 25 395
577 25 398
585 22 393
592 18 390
599 19 382
606 15 379
615 14 371
618 12 370
625 12 363
639 12 349
645 12 343
650 9 341
659 6 335
664 7 329
669 7 324
673 6 321
675 6 319
679 6 315
682 3 315
687 3 310
686 7 307
689 9 302
693 8 299
693 8 299
693 10 297
694 11 295
694 16 290
693 21 286
692 26 282
680 32 288
675 33 292
677 33 290
669 38 293
659 45 296
656 44 300
659 42 299
660 39 301
655 47 298
642 55 303
641 59 300
628 67 305
626 67 307
607 76 317
594 76 330
596 61 343
589 62 349
585 56 359
581 62 357
584 59 357
586 49 365
584 48 368
576 54 370
579 47 374
583 45 372
587 42 371
595 37 368
591 39 370
596 37 367
602 35 363
597 37 366
603 36 361
597 44 359
590 50 360
591 46 363
592 45 363
587 44 369
588 49 363
578 50 372
581 50 369
568 60 372
567 51 382
568 51 381
568 52 380
568 49 383
567 49 384
569 46 385
567 48 385
573 44 383
583 36 381
588 36 376
591 35 374
589 33 378
585 42 373
584 39 377
586 34 380
593 38 369
600 35 365
603 31 366
607 24 369
608 25 367
612 24 364
615 23 362
620 18 362
625 18 357
635 16 349
634 20 346
637 22 341
643 22 335
649 19 332
652 17 331
652 17 331
655 17 328
662 13 325
661 14 325
674 10 316
682 8 310
689 6 305
693 7 300
693 7 300
693 11 296
703 11 286
697 22 281
694 21 285
690 27 283
687 26 287
675 36 289
674 34 292
668 36 296
667 36 297
664 40 296
665 43 292
665 41 294
664 39 297
661 39 300
664 36 300
664 35 301
668 32 300
666 32 302
670 26 304
670 29 301
667 34 299
665 33 302
665 34 301
669 32 299
666 30 304
663 31 306
667 32 301
669 32 299
669 31 300
672 27 301
671 28 301
680 24 296
683 23 294
685 27 288
689 22 289
684 32 284
680 35 285
663 47 290
655 55 290
653 52 295
651 52 297
652 51 297
643 55 302
635 63 302
624 72 304
622 68 310
613 63 324
609 67 324
600 58 342
590 63 347
577 63 360
573 61 366
571 62 367
567 60 373
571 55 374
572 59 369
569 56 375
572 52 376
572 47 381
574 44 382
577 44 379
570 47 383
572 45 383
571 43 386
569 40 391
572 37 391
576 31 393
578 33 389
576 34 390
575 36 389
574 35 391
574 36 390
578 34 388
578 38 384
578 41 381
573 46 381
573 47 380
573 44 383
576 38 386
577 34 389
577 35 388
577 36 387
580 36 384
582 33 385
577 35 388
581 35 384
581 38 381
576 46 378
577 50 373
582 49 369
585 44 371
577 49 374
577 55 368
576 56 368
580 51 369
578 52 370
574 49 377
570 45 385
578 43 379
579 43 378
578 42 380
577 45 378
576 43 381
568 49 383
567 45 388
565 45 390
559 43 398
561 47 392
563 45 392
565 41 394
562 46 392
560 43 397
564 39 397
558 46 396
553 47 400
558 42 400
559 46 395
562 43 395
560 39 401
559 38 403
565 30 405
571 28 401
575 27 398
579 23 398
578 21 401
585 19 396
594 20 386
603 18 379
613 18 369
618 18 364
623 15 362
627 11 362
632 8 360
646 8 346
647 7 346
653 7 340
658 8 334
661 6 333
665 7 328
672 6 322
676 3 321
682 3 315
689 2 309
694 1 305
700 1 299
699 4 297
705 5 290
710 4 286
715 3 282
719 5 276
725 5 270
724 7 269
724 7 269
722 11 267
724 11 265
723 14 263
720 19 261
716 25 259
715 24 261
715 27 258
708 27 265
705 26 269
700 27 273
693 35 272
694 34 272
682 43 275
674 49 277
667 51 282
659 57 284
653 62 285
640 76 284
634 66 300
630 62 308
623 62 315
622 59 319
617 60 323
608 68 324
604 65 331
605 62 333
599 67 334
593 70 337
591 71 338
591 66 343
588 66 346
594 58 348
586 60 354
594 52 354
594 45 361
594 45 361
599 45 356
600 46 354
598 39 363
597 42 361
600 38 362
604 34 362
602 36 362
601 37 362
606 36 358
609 35 356
610 27 363
612 27 361
617 26 357
625 21 354
633 18 349
637 19 344
642 18 340
649 18 333
651 22 327
649 25 326
655 24 321
656 28 316
655 27 318
649 30 321
645 36 319
635 44 321
629 42 329
633 39 328
629 36 335
629 42 329
624 44 332
622 41 337
618 47 335
612 50 338
608 48 344
600 53 347
595 49 356
591 48 361
591 39 370
597 39 364
599 40 361
598 42 360
599 45 356
601 40 359
606 37 357
610 30 360
611 31 358
615 33 352
621 30 349
625 29 346
630 23 347
633 21 346
637 16 347
640 14 346
644 14 342
648 17 335
660 17 323
663 16 321
664 14 322
665 16 319
668 17 315
674 17 309
680 13 307
681 14 305
678 18 304
679 20 301
678 20 302
677 26 297
675 28 297
669 30 301
669 29 302
670 29 301
673 29 298
673 30 297
672 35 293
671 30 299
672 30 298
673 32 295
672 32 296
664 41 295
658 43 299
654 44 302
649 42 309
647 43 310
647 43 310
641 45 314
643 39 318
646 31 323
648 33 319
645 36 319
639 35 326
645 30 325
647 29 324
649 27 324
652 22 326
653 22 325
658 20 322
662 21 317
666 23 311
667 23 310
671 21 308
673 19 308
676 16 308
680 11 309
685 12 303
691 12 297
702 11 287
700 15 285
705 14 281
712 14 274
715 12 273
719 13 268
722 10 268
726 10 264
727 14 259
727 13 260
730 9 261
732 8 260
729 11 260
731 13 256
728 16 256
728 17 255
726 19 255
732 20 248
730 24 246
726 28 246
721 30 249
719 35 246
716 38 246
703 44 253
700 45 255
692 49 259
677 65 258
663 74 263
654 74 272
651 73 276
653 70 277
645 64 291
638 66 296
633 65 302
625 66 309
619 67 314
613 65 322
602 75 323
593 81 326
584 81 335
585 78 337
572 82 346
573 72 355
577 58 365
576 55 369
575 54 371
577 48 375
580 48 372
585 43 372
590 38 372
591 37 372
593 35 372
594 31 375
598 27 375
604 28 368
608 30 362
612 23 365
619 21 360
617 20 363
620 20 360
625 21 354
623 24 353
620 27 353
619 28 353
626 21 353
625 24 351
626 22 352
624 25 351
629 19 352
634 15 351
633 14 353
639 12 349
640 12 348
643 14 343
647 15 338
646 18 336
638 31 331
633 36 331
634 31 335
631 37 332
626 37 337
627 37 336
628 40 332
625 45 330
627 46 327
630 47 323
637 43 320
632 49 319
636 39 325
635 34 331
632 34 334
636 34 330
633 32 335
637 27 336
632 31 337
634 34 332
640 34 326
642 29 329
650 24 326
653 19 328
656 17 327
656 16 328
662 14 324
666 17 317
660 27 313
655 29 316
657 31 312
654 24 322
657 23 320
653 27 320
646 30 324
643 32 325
633 38 329
626 40 334
624 38 338
622 39 339
621 39 340
619 37 344
616 37 347
615 37 348
620 31 349
622 27 351
624 23 353
629 23 348
627 20 353
630 22 348
634 23 343
634 29 337
640 30 330
642 31 327
632 38 330
629 32 339
622 39 339
623 37 340
622 41 337
616 50 334
610 53 337
605 53 342
594 61 345
592 59 349
593 57 350
595 48 357
597 47 356
598 49 353
606 42 352
604 37 359
597 45 358
594 44 362
584 52 364
582 57 361
577 61 362
574 57 369
571 59 370
574 50 376
578 44 378
576 43 381
578 40 382
574 42 384
576 50 374
572 46 382
576 43 381
569 44 387
572 46 382
573 51 376
571 52 377
574 45 381
581 38 381
583 38 379
586 33 381
586 30 384
590 27 383
596 29 375
601 26 373
604 25 371
608 21 371
615 16 369
619 16 365
628 14 358
632 15 353
631 19 350
632 25 343
624 32 344
628 30 342
630 28 342
625 29 346
624 24 352
628 25 347
627 27 346
629 28 343
627 27 346
631 26 343
631 25 344
632 24 344
633 29 338
632 36 332
627 40 333
630 37 333
627 41 332
631 35 334
632 32 336
631 31 338
630 37 333
630 32 338
634 27 339
637 23 340
636 26 338
641 23 336
645 19 336
651 17 332
652 14 334
657 14 329
661 11 328
667 10 323
675 8 317
679 8 313
685 5 310
689 5 306
691 5 304
694 8 298
695 9 296
695 13 292
695 15 290
701 13 286
704 14 282
703 16 281
709 18 273
706 18 276
710 16 274
711 17 272
709 21 270
702 25 273
705 25 270
709 23 268
713 24 263
713 18 269
711 18 271
711 23 266
706 26 268
703 30 267
702 32 266
697 44 259
689 48 263
683 52 265
676 59 265
665 69 266
648 87 265
634 91 275
618 95 287
608 94 298
596 92 312
591 81 328
587 86 327
583 85 332
586 86 328
584 79 337
580 77 343
578 74 348
568 78 354
556 82 362
556 71 373
559 66 375
556 60 384
550 60 390
547 58 395
548 56 396
548 53 399
548 59 393
552 53 395
555 46 399
557 40 403
555 43 402
557 37 406
560 27 413
565 23 412
569 21 410
574 18 408
578 14 408
582 13 405
584 11 405
587 13 400
595 14 391
598 16 386
602 13 385
613 11 376
614 12 374
620 11 369
622 15 363
624 13 363
626 14 360
627 16 357
624 21 355
624 23 353
629 23 348
632 26 342
630 29 341
629 32 339
627 33 340
630 33 337
627 32 341
624 31 345
627 31 342
630 34 336
631 36 333
623 43 334
616 48 336
616 44 340
612 51 337
606 49 345
603 42 355
605 38 357
609 36 355
609 38 353
605 43 352
593 51 356
591 55 354
588 57 355
587 54 359
582 53 365
584 51 365
587 50 363
582 52 366
585 46 369
583 47 370
584 46 370
586 40 374
587 36 377
589 33 378
590 34 376
589 36 375
584 37 379
585 38 377
581 42 377
579 51 370
574 43 383
574 39 387
575 35 390
578 38 384
588 31 381
588 28 384
591 29 380
598 27 375
602 27 371
605 32 363
609 29 362
608 34 358
609 34 357
612 26 362
616 22 362
620 21 359
620 24 356
624 24 352
629 20 351
634 19 347
638 19 343
644 16 340
642 18 340
644 19 337
641 22 337
639 21 340
643 22 335
650 23 327
649 24 327
652 26 322
650 33 317
645 35 320
643 34 323
635 44 321
625 55 320
621 60 319
618 55 327
614 56 330
612 56 332
613 55 332
609 52 339
607 52 341
605 60 335
604 62 334
603 58 339
597 63 340
592 67 341
595 56 349
599 52 349
595 46 359
591 44 365
588 43 369
590 43 367
589 44 367
597 37 366
595 41 364
595 37 368
597 33 370
598 32 370
596 36 368
594 41 365
589 43 368
592 36 372
592 38 370
594 35 371
599 26 375
599 22 379
602 21 377
601 28 371
605 28 367
609 30 361
605 30 365
609 27 364
609 30 361
606 36 358
603 38 359
592 45 363
590 49 361
589 50 361
587 48 365
588 48 364
589 47 364
585 46 369
579 54 367
574 56 370
568 59 373
563 67 370
558 67 375
550 71 379
550 69 381
546 68 386
539 68 393
539 60 401
536 66 398
536 65 399
535 60 405
534 53 413
542 47 411
548 37 415
550 39 411
560 35 405
568 31 401
579 27 394
578 24 398
575 26 399
580 21 399
585 22 393
593 18 389
598 18 384
601 16 383
605 15 380
605 12 383
606 14 380
605 19 376
608 20 372
610 24 366
608 26 366
610 24 366
615 19 366
619 23 358
612 29 359
617 26 357
619 24 357
624 18 358
636 17 347
635 22 343
636 22 342
639 22 339
638 21 341
638 27 335
634 33 333
627 37 336
628 40 332
630 37 333
623 39 338
620 42 338
626 38 336
633 35 332
633 38 329
636 28 336
637 29 334
637 24 339
642 25 333
647 26 327
654 24 322
660 21 319
663 18 319
662 16 322
663 14 323
665 18 317
670 18 312
668 18 314
668 16 316
669 21 310
670 24 306
673 28 299
675 33 292
676 35 289
676 33 291
675 34 291
671 36 293
670 36 294
679 30 291
674 30 296
675 27 298
673 27 300
673 30 297
675 29 296
676 26 298
674 27 299
676 29 295
679 28 293
680 25 295
680 27 293
680 32 288
676 32 292
678 29 293
678 32 290
673 34 293
668 36 296
675 35 290
673 35 292
672 37 291
669 36 295
663 40 297
