998 2 0
997 3 0
991 9 0
984 12 4
972 23 5
958 33 9
949 36 15
936 44 20
918 55 27
895 67 38
857 94 49
823 115 62
795 117 88
765 130 105
729 148 123
686 170 144
652 178 170
614 192 194
589 191 220
568 184 248
555 175 270
530 167 303
518 162 320
503 151 346
497 146 357
491 140 369
487 135 378
478 125 397
467 123 410
466 114 420
455 113 432
453 114 433
448 106 446
437 106 457
427 107 466
427 99 474
424 100 476
433 94 473
441 90 469
433 86 481
436 79 485
438 73 489
436 62 502
442 55 503
452 51 497
456 49 495
459 47 494
456 49 495
454 50 496
458 47 495
461 50 489
459 51 490
464 37 499
471 35 494
470 42 488
481 38 481
485 32 483
495 31 474
503 30 467
505 30 465
511 26 463
512 27 461
515 27 458
521 25 454
526 24 450
528 24 448
535 18 447
548 11 441
559 10 431
565 8 427
571 6 423
577 5 418
585 5 410
589 5 406
599 3 398
606 3 391
616 2 382
625 2 373
631 2 367
636 1 363
643 2 355
646 2 352
653 3 344
660 3 337
662 2 336
663 2 335
672 1 327
677 1 322
679 1 320
684 1 315
690 2 308
692 2 306
700 1 299
703 1 296
707 1 292
708 3 289
713 3 284
716 5 279
714 8 278
717 9 274
716 10 274
711 16 273
710 21 269
711 12 277
712 12 276
717 12 271
722 13 265
723 14 263
723 11 266
729 10 261
733 9 258
734 11 255
733 14 253
737 12 251
740 10 250
742 12 246
741 14 245
739 18 243
740 13 247
742 14 244
740 14 246
745 14 241
749 14 237
745 23 232
742 26 232
735 34 231
735 34 231
731 38 231
722 47 231
722 47 231
723 42 235
712 49 239
695 61 244
683 73 244
680 70 250
671 77 252
671 71 258
662 72 266
658 72 270
654 67 279
642 73 285
642 68 290
632 74 294
629 70 301
630 69 301
632 60 308
634 62 304
633 59 308
631 60 309
629 50 321
628 48 324
628 40 332
629 43 328
625 51 324
619 53 328
622 50 328
629 52 319
629 49 322
630 42 328
632 41 327
636 41 323
632 41 327
634 45 321
629 44 327
633 43 324
631 42 327
633 39 328
637 36 327
642 36 322
649 36 315
643 44 313
642 44 314
635 42 323
627 42 331
622 42 336
624 35 341
629 29 342
621 36 343
617 35 348
621 31 348
620 32 348
620 35 345
611 41 348
611 41 348
605 47 348
608 47 345
608 46 346
607 42 351
606 40 354
605 35 360
609 36 355
615 34 351
614 35 351
617 26 357
618 32 350
614 30 356
606 40 354
604 37 359
596 42 362
596 43 361
592 46 362
592 41 367
588 46 366
584 47 369
576 47 377
575 44 381
575 40 385
574 41 385
575 44 381
573 44 383
566 51 383
563 47 390
565 48 387
559 45 396
555 49 396
558 54 388
559 45 396
561 41 398
565 41 394
566 40 394
557 42 401
557 37 406
564 32 404
560 35 405
564 35 401
568 30 402
574 25 401
574 20 406
575 18 407
576 19 405
577 20 403
580 22 398
583 24 393
581 32 387
582 33 385
589 30 381
592 30 378
598 28 374
595 31 374
596 27 377
596 23 381
594 27 379
593 23 384
594 26 380
591 29 380
592 32 376
595 28 377
592 33 375
589 34 377
584 38 378
577 42 381
578 43 379
583 42 375
578 46 376
568 55 377
556 61 383
554 60 386
558 50 392
558 55 387
563 53 384
565 46 389
565 41 394
571 40 389
567 42 391
563 45 392
560 45 395
559 48 393
555 52 393
551 49 400
553 47 400
554 47 399
562 47 391
563 47 390
568 41 391
572 41 387
569 47 384
572 43 385
568 47 385
569 46 385
564 53 383
559 47 394
566 46 388
563 43 394
563 39 398
563 32 405
564 31 405
566 32 402
571 35 394
569 33 398
573 28 399
573 28 399
573 25 402
578 24 398
578 26 396
584 29 387
589 25 386
595 24 381
597 22 381
594 25 381
599 22 379
596 22 382
598 21 381
599 20 381
596 20 384
602 15 383
605 13 382
611 12 377
618 11 371
624 11 365
630 9 361
636 9 355
640 11 349
644 10 346
648 12 340
648 13 339
651 13 336
653 11 336
660 10 330
662 14 324
661 18 321
655 27 318
657 22 321
655 25 320
654 31 315
654 33 313
648 41 311
643 47 310
633 51 316
635 46 319
631 40 329
631 43 326
629 40 331
628 39 333
631 39 330
628 35 337
631 28 341
638 27 335
641 28 331
643 29 328
651 26 323
652 26 322
653 23 324
650 27 323
652 28 320
656 26 318
661 20 319
661 19 320
665 21 314
669 24 307
667 28 305
667 26 307
668 30 302
668 29 303
670 30 300
668 34 298
666 33 301
669 29 302
674 30 296
675 27 298
670 32 298
671 28 301
668 30 302
663 33 304
660 36 304
654 40 306
647 46 307
644 53 303
639 58 303
635 55 310
621 64 315
616 62 322
610 63 327
611 50 339
619 43 338
613 47 340
614 47 339
613 46 341
612 47 341
616 46 338
615 46 339
615 43 342
613 41 346
615 35 350
614 40 346
607 37 356
608 30 362
613 30 357
610 34 356
618 32 350
621 30 349
627 19 354
626 17 357
637 14 349
643 15 342
650 15 335
650 23 327
648 24 328
647 31 322
643 35 322
643 37 320
645 33 322
636 40 324
633 41 326
630 41 329
629 42 329
627 43 330
625 45 330
630 38 332
630 35 335
629 36 335
628 39 333
625 36 339
625 37 338
625 34 341
627 32 341
627 31 342
629 26 345
634 22 344
643 21 336
648 19 333
651 20 329
657 19 324
657 18 325
665 18 317
660 24 316
663 25 312
661 28 311
656 31 313
655 29 316
654 23 323
659 18 323
658 20 322
661 21 318
665 20 315
671 18 311
674 15 311
678 14 308
677 15 308
681 15 304
681 17 302
685 17 298
685 15 300
683 16 301
683 20 297
686 19 295
692 18 290
698 14 288
701 11 288
702 11 287
704 12 284
715 9 276
717 11 272
716 12 272
715 15 270
719 13 268
718 13 269
717 14 269
717 18 265
722 18 260
722 20 258
724 19 257
728 16 256
727 17 256
734 15 251
733 16 251
732 17 251
730 20 250
730 22 248
734 25 241
735 24 241
731 24 245
735 22 243
732 26 242
731 28 241
730 30 240
724 34 242
726 30 244
726 27 247
716 38 246
716 40 244
713 47 240
707 54 239
693 59 248
680 72 248
672 76 252
657 83 260
648 75 277
645 69 286
645 69 286
646 65 289
643 63 294
639 64 297
631 65 304
628 64 308
620 65 315
614 65 321
611 61 328
604 58 338
600 58 342
601 57 342
595 57 348
590 61 349
586 64 350
583 55 362
587 48 365
587 34 379
589 31 380
595 29 376
600 27 373
602 28 370
608 26 366
614 28 358
619 31 350
615 36 349
612 41 347
615 37 348
619 33 348
619 35 346
613 37 350
618 33 349
625 24 351
629 24 347
633 21 346
637 19 344
644 18 338
648 17 335
650 13 337
650 15 335
649 18 333
651 20 329
660 17 323
667 14 319
671 13 316
671 14 315
676 10 314
677 11 312
680 10 310
684 10 306
684 11 305
689 11 300
691 13 296
695 14 291
699 11 290
702 8 290
709 9 282
714 8 278
716 12 272
715 14 271
711 16 273
712 15 273
719 14 267
718 15 267
715 22 263
717 19 264
714 14 272
714 20 266
720 17 263
718 24 258
718 26 256
717 28 255
718 25 257
719 25 256
717 27 256
716 29 255
716 33 251
713 36 251
710 40 250
707 44 249
697 54 249
693 51 256
684 52 264
688 55 257
686 54 260
681 52 267
678 49 273
673 47 280
668 48 284
673 44 283
676 41 283
676 39 285
674 43 283
668 42 290
667 38 295
666 39 295
661 42 297
658 43 299
660 40 300
663 41 296
660 40 300
656 43 301
649 41 310
651 44 305
650 42 308
644 43 313
647 42 311
649 41 310
648 45 307
645 43 312
645 44 311
643 42 315
645 35 320
645 34 321
643 40 317
635 42 323
632 40 328
626 46 328
631 41 328
629 36 335
627 38 335
627 36 337
632 28 340
630 26 344
634 23 343
631 30 339
634 31 335
637 29 334
643 28 329
646 30 324
645 30 325
642 31 327
644 28 328
643 28 329
646 24 330
648 25 327
648 30 322
647 34 319
654 27 319
657 26 317
659 23 318
665 20 315
660 24 316
660 19 321
659 19 322
655 19 326
659 21 320
662 21 317
661 22 317
665 19 316
670 17 313
676 15 309
677 16 307
681 16 303
684 16 300
690 12 298
693 18 289
684 27 289
686 30 284
683 38 279
673 43 284
677 37 286
669 42 289
659 45 296
651 46 303
650 40 310
646 39 315
638 44 318
637 45 318
634 45 321
635 45 320
631 50 319
621 62 317
615 60 325
608 64 328
599 65 336
600 55 345
600 60 340
601 54 345
595 58 347
594 51 355
600 49 351
599 46 355
599 42 359
603 41 356
604 43 353
607 39 354
618 36 346
620 32 348
619 29 352
620 25 355
623 21 356
629 19 352
633 19 348
638 18 344
637 23 340
641 22 337
649 20 331
653 15 332
656 14 330
660 17 323
662 16 322
668 14 318
667 18 315
670 16 314
671 17 312
679 15 306
676 18 306
680 15 305
679 16 305
686 17 297
690 14 296
697 12 291
700 10 290
706 8 286
715 6 279
716 9 275
725 10 265
730 11 259
735 7 258
740 6 254
740 7 253
746 6 248
747 9 244
747 12 241
750 11 239
746 17 237
745 21 234
745 20 235
744 22 234
738 28 234
730 35 235
726 37 237
711 48 241
693 57 250
687 61 252
677 72 251
663 81 256
648 93 259
632 100 268
623 95 282
618 96 286
598 103 299
583 104 313
574 97 329
567 96 337
564 96 340
569 83 348
566 79 355
562 81 357
562 79 359
556 75 369
560 67 373
564 61 375
564 58 378
569 49 382
575 45 380
579 40 381
577 46 377
575 44 381
574 48 378
579 41 380
580 36 384
581 32 387
586 30 384
588 30 382
588 23 389
595 23 382
598 22 380
606 21 373
606 21 373
604 23 373
610 21 369
615 20 365
619 17 364
622 14 364
629 14 357
636 13 351
639 16 345
644 15 341
646 14 340
651 11 338
652 9 339
654 14 332
651 18 331
653 20 327
649 23 328
645 28 327
653 25 322
655 24 321
656 19 325
654 24 322
657 23 320
658 23 319
660 28 312
658 30 312
657 27 316
657 23 320
654 30 316
653 31 316
652 30 318
653 32 315
653 32 315
661 28 311
661 26 313
664 25 311
664 24 312
665 20 315
670 17 313
676 18 306
679 22 299
680 22 298
682 19 299
685 22 293
683 24 293
689 24 287
690 26 284
686 28 286
684 26 290
681 25 294
679 26 295
680 24 296
680 25 295
674 34 292
675 33 292
676 35 289
670 40 290
662 45 293
665 42 293
659 47 294
651 52 297
644 57 299
638 64 298
630 61 309
631 55 314
631 51 318
625 54 321
619 52 329
616 50 334
613 53 334
609 55 336
608 46 346
604 47 349
608 46 346
608 45 347
612 44 344
618 36 346
619 32 349
623 29 348
622 33 345
618 35 347
614 41 345
612 45 343
610 46 344
609 46 345
600 49 351
598 48 354
602 51 347
603 47 350
600 54 346
590 60 350
589 55 356
591 54 355
580 57 363
582 51 367
581 53 366
583 51 366
577 55 368
576 49 375
572 51 377
573 48 379
578 38 384
583 32 385
584 30 386
589 25 386
591 24 385
599 25 376
601 21 378
602 22 376
604 18 378
602 19 379
610 19 371
616 16 368
620 12 368
625 10 365
632 10 358
636 12 352
644 11 345
646 11 343
652 9 339
653 11 336
659 11 330
664 9 327
667 10 323
676 12 312
676 14 310
679 15 306
678 15 307
684 15 301
682 15 303
685 14 301
689 13 298
695 11 294
701 10 289
704 12 284
713 11 276
719 12 269
720 12 268
723 11 266
726 8 266
726 10 264
726 11 263
728 14 258
734 13 253
730 18 252
731 16 253
731 15 254
729 18 253
719 30 251
708 42 250
696 50 254
686 55 259
674 59 267
677 54 269
675 53 272
676 53 271
672 48 280
671 47 282
662 54 284
653 62 285
645 67 288
637 75 288
639 69 292
634 67 299
627 68 305
623 71 306
621 64 315
621 57 322
626 58 316
627 54 319
624 50 326
623 49 328
619 54 327
615 55 330
610 61 329
608 58 334
602 58 340
594 63 343
592 63 345
586 68 346
587 55 358
585 56 359
580 57 363
576 56 368
576 51 373
573 56 371
575 46 379
577 41 382
571 42 387
575 46 379
578 42 380
576 50 374
570 50 380
571 50 379
569 52 379
566 55 379
564 56 380
565 52 383
565 48 387
557 47 396
556 46 398
558 42 400
559 39 402
557 40 403
557 41 402
559 41 400
558 43 399
556 45 399
558 36 406
565 32 403
568 33 399
572 29 399
576 29 395
573 31 396
577 30 393
587 22 391
588 24 388
589 26 385
591 28 381
593 27 380
602 25 373
610 20 370
612 22 366
617 20 363
620 20 360
615 25 360
610 28 362
615 26 359
614 29 357
621 27 352
623 30 347
623 31 346
626 28 346
628 28 344
631 26 343
637 23 340
633 27 340
639 22 339
642 24 334
644 21 335
645 24 331
645 23 332
647 23 330
