997 3 0
997 2 1
997 2 1
997 2 1
997 1 2
997 1 2
997 1 2
997 1 2
996 2 2
989 8 3
974 20 6
957 33 10
938 45 17
919 54 27
880 82 38
845 108 47
806 129 65
762 149 89
714 175 111
670 191 139
645 191 164
623 191 186
599 193 208
567 184 249
541 189 270
519 187 294
491 185 324
479 177 344
458 172 370
454 158 388
444 156 400
443 137 420
443 123 434
439 111 450
442 98 460
444 88 468
453 81 466
456 69 475
453 68 479
460 59 481
465 53 482
471 48 481
475 44 481
480 49 471
487 43 470
489 39 472
492 38 470
495 41 464
496 38 466
499 41 460
502 43 455
499 48 453
496 45 459
499 42 459
502 41 457
504 41 455
505 38 457
511 37 452
517 35 448
518 37 445
519 39 442
517 42 441
520 38 442
524 37 439
526 33 441
531 30 439
537 28 435
546 27 427
550 25 425
551 25 424
550 27 423
554 26 420
552 30 418
553 26 421
554 29 417
554 29 417
557 26 417
564 22 414
567 19 414
574 16 410
587 15 398
593 11 396
601 9 390
611 7 382
618 6 376
618 9 373
625 10 365
625 9 366
632 6 362
637 5 358
640 5 355
643 3 354
647 3 350
644 8 348
638 18 344
642 17 341
635 24 341
635 25 340
639 25 336
641 26 333
645 25 330
651 26 323
654 23 323
650 25 325
651 27 322
651 23 326
657 20 323
657 21 322
660 20 320
660 24 316
660 26 314
657 27 316
656 30 314
656 28 316
652 34 314
654 30 316
649 35 316
646 36 318
642 39 319
638 44 318
631 46 323
630 53 317
631 49 320
630 41 329
630 41 329
628 40 332
631 34 335
634 33 333
635 33 332
644 31 325
648 34 318
647 33 320
640 40 320
640 42 318
642 39 319
641 39 320
642 36 322
635 38 327
635 43 322
634 45 321
629 44 327
629 40 331
621 39 340
621 41 338
622 36 342
622 32 346
618 30 352
619 29 352
619 27 354
623 24 353
622 21 357
627 20 353
626 25 349
629 25 346
624 28 348
629 27 344
617 34 349
608 42 350
609 41 350
611 39 350
609 44 347
600 49 351
587 58 355
577 59 364
578 60 362
572 56 372
571 53 376
575 50 375
569 58 373
563 55 382
567 46 387
569 48 383
570 44 386
572 38 390
568 35 397
573 32 395
575 27 398
578 31 391
580 30 390
578 31 391
574 31 395
578 31 391
582 28 390
576 31 393
581 30 389
580 32 388
580 33 387
577 38 385
579 41 380
577 41 382
576 41 383
573 45 382
573 47 380
573 42 385
574 42 384
579 36 385
583 37 380
586 38 376
590 35 375
589 34 377
589 30 381
592 26 382
593 24 383
594 20 386
591 29 380
591 35 374
588 32 380
590 36 374
593 35 372
593 34 373
599 33 368
597 31 372
601 32 367
603 35 362
597 36 367
596 39 365
592 45 363
586 47 367
592 43 365
590 45 365
590 47 363
590 49 361
591 44 365
591 35 374
593 37 370
597 33 370
601 28 371
598 34 368
603 31 366
602 30 368
608 27 365
611 31 358
614 31 355
619 28 353
617 34 349
611 41 348
606 43 351
603 49 348
588 57 355
585 58 357
588 53 359
596 54 350
598 49 353
601 38 361
596 39 365
599 37 364
597 36 367
598 39 363
599 38 363
600 41 359
597 41 362
598 41 361
595 36 369
600 35 365
595 37 368
599 43 358
604 41 355
607 39 354
608 37 355
612 29 359
616 28 356
617 29 354
617 31 352
620 33 347
622 24 354
629 22 349
632 23 345
633 23 344
641 21 338
647 22 331
651 20 329
650 21 329
655 20 325
658 19 323
662 18 320
667 19 314
669 20 311
663 27 310
662 25 313
652 31 317
657 30 313
661 29 310
663 29 308
660 32 308
659 33 308
657 35 308
656 34 310
651 37 312
655 30 315
654 34 312
656 37 307
650 37 313
644 38 318
640 38 322
630 49 321
623 53 324
610 58 332
609 53 338
616 51 333
619 45 336
621 43 336
615 45 340
614 41 345
613 39 348
613 39 348
613 36 351
611 35 354
607 39 354
606 42 352
606 39 355
608 37 355
606 39 355
605 39 356
601 39 360
606 40 354
602 37 361
606 38 356
611 35 354
625 33 342
625 32 343
623 29 348
628 27 345
629 30 341
629 31 340
628 31 341
626 33 341
619 37 344
623 37 340
619 42 339
616 46 338
619 38 343
619 37 344
621 34 345
621 31 348
622 30 348
622 25 353
627 25 348
631 21 348
633 20 347
641 16 343
645 19 336
653 17 330
659 14 327
667 12 321
674 13 313
676 13 311
675 12 313
673 13 314
673 16 311
676 17 307
680 16 304
681 14 305
681 17 302
679 18 303
677 21 302
670 28 302
668 24 308
671 21 308
675 17 308
671 26 303
668 30 302
671 29 300
670 28 302
676 27 297
679 26 295
682 28 290
687 28 285
685 32 283
682 36 282
674 37 289
672 42 286
663 51 286
662 56 282
661 50 289
659 48 293
658 40 302
658 38 304
658 33 309
666 25 309
664 22 314
669 19 312
672 21 307
678 25 297
675 28 297
678 28 294
676 29 295
676 25 299
672 27 301
672 25 303
671 23 306
675 20 305
679 16 305
680 17 303
689 16 295
688 19 293
687 19 294
687 20 293
680 30 290
679 30 291
681 27 292
684 30 286
682 33 285
681 34 285
680 29 291
685 31 284
681 35 284
683 31 286
686 30 284
686 35 279
684 34 282
682 38 280
679 37 284
673 42 285
667 44 289
662 43 295
662 39 299
659 42 299
651 43 306
649 36 315
641 39 320
641 37 322
637 39 324
634 41 325
628 46 326
623 50 327
617 53 330
616 48 336
620 46 334
625 41 334
626 34 340
629 29 342
631 31 338
631 27 342
631 32 337
632 30 338
629 30 341
638 25 337
637 28 335
636 27 337
638 25 337
641 31 328
643 31 326
641 29 330
639 32 329
644 32 324
641 37 322
641 39 320
641 38 321
642 33 325
640 33 327
645 29 326
650 28 322
656 22 322
655 22 323
657 24 319
657 28 315
656 30 314
659 29 312
657 36 307
656 40 304
655 32 313
653 36 311
652 40 308
654 36 310
651 39 310
655 35 310
653 33 314
656 32 312
657 34 309
651 40 309
647 44 309
641 50 309
632 53 315
628 54 318
629 47 324
630 49 321
630 48 322
625 51 324
624 46 330
625 43 332
621 44 335
621 40 339
624 36 340
624 38 338
625 37 338
620 39 341
618 37 345
614 38 348
609 38 353
606 36 358
604 43 353
600 46 354
595 50 355
589 54 357
589 54 357
591 50 359
584 49 367
577 48 375
578 49 373
585 51 364
580 57 363
579 51 370
583 44 373
583 42 375
583 37 380
589 32 379
594 29 377
595 28 377
595 30 375
598 30 372
598 28 374
603 29 368
607 25 368
615 21 364
622 17 361
635 16 349
637 13 350
639 12 349
643 9 348
652 10 338
651 11 338
656 12 332
660 12 328
666 16 318
668 14 318
669 13 318
668 12 320
671 14 315
671 17 312
674 17 309
672 20 308
676 18 306
675 18 307
678 16 306
683 14 303
684 15 301
688 14 298
691 12 297
695 12 293
700 12 288
702 13 285
705 14 281
703 15 282
705 12 283
710 14 276
714 14 272
719 14 267
722 18 260
720 22 258
717 26 257
718 29 253
720 28 252
721 27 252
725 26 249
720 33 247
717 37 246
710 41 249
704 46 250
705 50 245
699 50 251
693 53 254
683 55 262
667 66 267
658 71 271
654 70 276
651 63 286
644 67 289
638 71 291
634 70 296
627 68 305
623 65 312
621 58 321
615 55 330
610 57 333
617 55 328
613 55 332
613 51 336
610 55 335
609 55 336
601 59 340
601 59 340
591 65 344
590 68 342
590 69 341
590 63 347
586 65 349
583 59 358
582 60 358
577 58 365
575 61 364
573 60 367
570 57 373
566 55 379
572 54 374
577 44 379
574 41 385
569 42 389
568 42 390
568 46 386
569 39 392
570 41 389
572 37 391
576 34 390
575 36 389
581 28 391
588 25 387
593 24 383
595 23 382
603 21 376
610 21 369
616 21 363
622 21 357
631 18 351
632 17 351
639 19 342
643 16 341
643 18 339
649 20 331
656 15 329
655 18 327
660 14 326
654 14 332
657 15 328
659 14 327
658 16 326
665 17 318
669 15 316
671 17 312
679 15 306
684 14 302
681 17 302
686 15 299
688 19 293
687 17 296
688 19 293
694 15 291
697 15 288
706 14 280
708 12 280
714 12 274
717 14 269
720 13 267
722 11 267
728 8 264
734 5 261
741 4 255
745 4 251
750 3 247
755 4 241
756 5 239
757 6 237
761 6 233
764 5 231
767 4 229
768 3 229
768 5 227
771 8 221
774 7 219
775 7 218
774 7 219
771 9 220
765 16 219
759 21 220
755 24 221
756 27 217
755 28 217
745 33 222
746 31 223
741 34 225
741 33 226
739 36 225
736 39 225
734 38 228
735 35 230
732 40 228
728 42 230
723 44 233
717 45 238
715 47 238
711 47 242
707 43 250
700 54 246
696 47 257
699 42 259
698 40 262
695 43 262
694 37 269
694 35 271
695 32 273
694 32 274
695 33 272
691 36 273
687 42 271
686 43 271
690 40 270
682 46 272
679 51 270
680 50 270
680 48 272
682 48 270
681 49 270
684 45 271
689 43 268
695 36 269
696 38 266
699 36 265
704 36 260
698 35 267
693 38 269
686 45 269
682 46 272
678 49 273
676 50 274
672 49 279
669 54 277
668 48 284
668 48 284
662 49 289
658 49 293
648 51 301
644 54 302
635 58 307
627 64 309
625 65 310
622 64 314
621 62 317
617 69 314
612 71 317
603 68 329
601 66 333
595 67 338
589 66 345
585 58 357
583 51 366
585 42 373
582 43 375
583 34 383
587 30 383
587 36 377
590 34 376
584 43 373
583 49 368
580 50 370
581 52 367
578 52 370
572 59 369
564 59 377
562 60 378
552 65 383
546 74 380
548 70 382
547 59 394
544 54 402
549 49 402
554 49 397
549 57 394
549 60 391
552 58 390
549 56 395
544 61 395
545 62 393
548 58 394
547 53 400
543 50 407
537 55 408
537 53 410
533 52 415
532 52 416
528 49 423
526 43 431
527 41 432
528 40 432
529 43 428
532 43 425
534 40 426
541 41 418
544 41 415
547 38 415
542 41 417
549 34 417
549 36 415
544 39 417
551 35 414
557 30 413
559 30 411
560 34 406
568 32 400
569 34 397
566 32 402
566 31 403
571 25 404
575 22 403
578 18 404
584 20 396
587 18 395
586 17 397
590 15 395
593 17 390
594 16 390
602 16 382
598 16 386
601 15 384
602 15 383
606 16 378
607 20 373
610 21 369
616 24 360
623 29 348
620 27 353
626 29 345
626 31 343
619 35 346
622 38 340
624 36 340
623 37 340
623 35 342
626 30 344
635 27 338
640 25 335
639 29 332
638 27 335
642 22 336
643 25 332
644 25 331
649 24 327
655 21 324
653 20 327
650 21 329
647 24 329
652 25 323
658 24 318
657 24 319
659 21 320
660 26 314
651 36 313
650 32 318
655 31 314
651 33 316
642 38 320
642 42 316
638 36 326
634 39 327
635 40 325
633 39 328
627 42 331
628 41 331
629 41 330
625 40 335
622 43 335
622 46 332
618 51 331
614 51 335
611 48 341
600 52 348
589 57 354
582 60 358
580 58 362
584 49 367
590 40 370
590 34 376
589 33 378
590 28 382
590 31 379
595 26 379
596 29 375
598 26 376
605 25 370
605 27 368
610 26 364
615 25 360
614 23 363
619 20 361
619 21 360
617 19 364
618 15 367
622 14 364
621 22 357
623 21 356
625 25 350
635 20 345
644 19 337
653 16 331
660 16 324
665 18 317
666 21 313
671 22 307
668 24 308
665 23 312
666 20 314
671 21 308
675 24 301
676 24 300
683 20 297
684 17 299
683 20 297
679 25 296
679 29 292
668 41 291
665 42 293
669 37 294
664 37 299
663 43 294
663 44 293
664 34 302
660 38 302
661 38 301
664 31 305
665 28 307
657 30 313
650 35 315
650 31 319
651 38 311
638 48 314
639 45 316
634 48 318
632 47 321
631 53 316
623 57 320
623 55 322
620 60 320
615 56 329
611 55 334
605 55 340
601 56 343
596 54 350
595 46 359
593 46 361
588 43 369
585 47 368
584 41 375
586 39 375
585 35 380
584 39 377
585 34 381
583 32 385
587 31 382
588 36 376
582 36 382
581 35 384
579 37 384
581 29 390
586 28 386
589 25 386
599 20 381
604 16 380
610 14 376
607 19 374
614 12 374
620 8 372
630 8 362
634 5 361
643 5 352
647 3 350
653 2 345
659 2 339
667 1 332
674 1 325
676 1 323
681 1 318
688 2 310
691 4 305
701 4 295
706 3 291
709 3 288
711 1 288
724 1 275
727 1 272
730 2 268
732 3 265
733 5 262
735 5 260
741 5 254
747 6 247
751 5 244
753 5 242
756 4 240
759 9 232
759 7 234
756 13 231
753 21 226
746 24 230
739 31 230
731 36 233
726 36 238
717 40 243
714 44 242
714 41 245
708 44 248
702 48 250
692 52 256
685 52 263
688 44 268
685 41 274
684 42 274
683 41 276
676 46 278
669 49 282
669 47 284
668 48 284
664 46 290
658 41 301
