736
31
576
989
246
380
708
392
1
288
696
942
52
41
986
760
929
726
29
15
859
867
493
555
454
809
906
117
551
581
808
14
599
173
320
185
272
312
497
905
83
300
963
730
382
27
66
84
366
677
632
868
959
662
973
500
810
108
316
874
601
954
442
790
679
767
50
355
523
148
82
557
937
962
693
340
722
514
47
505
930
333
981
710
81
21
665
213
882
561
407
589
35
755
414
681
766
684
342
764
271
465
0
836
92
971
64
697
60
240
268
211
542
741
415
258
643
398
361
522
25
299
328
138
535
703
436
753
23
297
391
254
241
387
946
255
281
19
800
428
871
327
798
58
536
571
824
372
985
558
875
583
18
329
444
289
285
796
834
389
891
815
303
235
510
59
153
187
978
991
904
759
712
