775
522
749
964
138
442
63
875
379
813
124
234
704
212
16
317
331
739
774
826
460
931
118
182
791
240
398
72
392
683
717
548
814
864
694
776
552
901
369
221
107
367
713
267
657
639
804
13
490
742
426
625
614
341
650
779
675
936
920
909
885
691
318
250
15
697
575
365
376
958
399
902
506
126
248
290
10
211
29
990
458
408
178
882
598
289
711
477
685
321
993
141
125
799
11
475
589
68
346
417
320
796
424
531
282
150
25
954
95
686
802
963
748
988
970
667
61
750
878
792
579
867
103
758
22
624
43
486
142
621
415
849
853
46
32
339
701
658
133
730
785
383
127
633
299
731
950
393
292
756
443
366
788
615
428
600
420
102
283
673
410
80
352
343
910
434
78
161
869
455
550
640
484
