179
851
954
585
13
982
784
327
890
741
663
997
552
665
225
669
133
786
836
594
842
620
510
639
606
618
691
503
758
821
680
165
857
291
71
565
659
767
604
579
501
437
616
348
465
570
798
161
835
537
181
965
439
515
295
575
523
193
363
484
254
415
651
109
834
685
550
578
853
325
652
729
356
178
16
98
827
216
189
929
546
11
534
688
219
91
212
107
702
781
8
514
837
234
346
945
768
379
298
942
435
33
502
128
852
410
412
554
451
706
516
563
116
918
174
979
876
197
445
866
845
292
709
129
859
640
960
93
185
151
755
140
526
612
87
316
229
317
906
671
246
408
236
427
683
300
548
936
7
743
886
43
807
825
474
646
750
719
226
849
568
306
267
518
841
472
482
495
97
4
919
491
573
