643
820
256
49
407
287
718
389
970
264
534
865
783
989
56
710
427
894
633
602
527
167
753
130
492
530
843
973
536
544
771
315
330
217
77
208
961
816
238
111
873
277
202
867
526
521
528
500
489
648
981
818
267
5
507
328
321
344
215
586
649
494
132
250
518
309
449
926
679
351
700
359
995
457
91
144
377
395
415
291
758
716
224
960
685
939
877
859
514
734
892
187
479
547
64
572
918
68
4
793
231
22
112
740
554
785
506
40
600
607
938
478
444
928
524
347
420
689
992
125
43
172
651
282
548
387
666
719
844
909
997
743
341
35
50
682
625
752
441
902
312
486
245
887
216
437
576
262
967
174
469
246
800
48
882
26
450
931
655
109
261
79
447
94
976
53
742
954
703
670
915
168
106
