998 2 0
997 3 0
996 3 1
995 3 2
992 6 2
988 9 3
985 10 5
983 11 6
979 14 7
973 18 9
965 26 9
953 31 16
947 33 20
930 45 25
922 46 32
915 47 38
900 56 44
880 70 50
852 90 58
825 108 67
799 118 83
781 125 94
756 129 115
722 145 133
691 165 144
663 163 174
632 176 192
610 163 227
588 165 247
572 172 256
552 170 278
536 168 296
526 162 312
514 151 335
505 139 356
502 133 365
510 114 376
512 111 377
507 107 386
507 95 398
504 91 405
502 85 413
503 76 421
509 69 422
507 61 432
507 60 433
507 54 439
512 50 438
510 51 439
511 49 440
508 48 444
512 47 441
516 41 443
519 40 441
520 39 441
522 35 443
531 29 440
539 28 433
542 29 429
545 22 433
553 20 427
560 19 421
566 20 414
569 21 410
576 19 405
581 17 402
581 19 400
583 17 400
588 15 397
598 14 388
598 16 386
603 16 381
602 20 378
602 19 379
606 17 377
612 16 372
619 16 365
617 21 362
617 19 364
622 16 362
628 17 355
627 21 352
625 23 352
626 25 349
631 23 346
634 29 337
640 29 331
648 26 326
652 26 322
651 29 320
654 28 318
652 29 319
650 29 321
653 31 316
656 26 318
655 25 320
653 33 314
653 32 315
652 36 312
651 42 307
646 45 309
642 45 313
646 45 309
645 43 312
637 51 312
636 51 313
627 52 321
628 47 325
629 45 326
633 41 326
639 34 327
637 33 330
632 38 330
628 43 329
630 44 326
630 43 327
624 45 331
621 48 331
614 55 331
607 62 331
610 50 340
609 45 346
607 42 351
616 43 341
617 42 341
617 43 340
619 42 339
615 44 341
615 45 340
618 43 339
616 42 342
615 42 343
610 39 351
616 33 351
617 31 352
618 30 352
620 31 349
622 24 354
628 21 351
635 20 345
637 17 346
642 14 344
647 13 340
653 12 335
655 11 334
656 10 334
663 10 327
667 12 321
676 13 311
676 14 310
678 16 306
680 17 303
682 21 297
687 19 294
685 21 294
692 15 293
696 15 289
700 16 284
698 17 285
703 12 285
699 16 285
698 14 288
704 11 285
709 10 281
712 11 277
712 13 275
715 12 273
716 13 271
721 14 265
718 19 263
717 18 265
718 17 265
719 14 267
725 12 263
730 11 259
735 10 255
737 12 251
740 12 248
742 13 245
741 14 245
743 12 245
747 12 241
749 8 243
752 8 240
752 9 239
756 8 236
758 8 234
764 8 228
763 14 223
760 18 222
758 18 224
756 20 224
756 23 221
754 24 222
752 23 225
745 32 223
743 34 223
731 43 226
720 55 225
715 60 225
692 75 233
678 83 239
671 82 247
659 84 257
646 86 268
627 91 282
621 87 292
604 94 302
594 98 308
579 103 318
565 113 322
549 115 336
539 111 350
535 108 357
530 102 368
531 97 372
524 94 382
517 91 392
516 82 402
510 77 413
505 69 426
506 61 433
506 55 439
508 56 436
515 49 436
525 43 432
530 39 431
532 35 433
536 35 429
540 38 422
538 39 423
539 35 426
546 32 422
553 34 413
549 31 420
549 31 420
551 27 422
558 29 413
558 28 414
560 28 412
563 28 409
572 26 402
576 26 398
578 28 394
581 32 387
580 33 387
577 38 385
584 34 382
588 35 377
589 26 385
596 20 384
601 20 379
603 18 379
613 15 372
614 14 372
616 12 372
622 11 367
625 10 365
635 9 356
641 8 351
644 10 346
648 9 343
653 7 340
658 7 335
657 8 335
660 9 331
665 7 328
674 7 319
680 6 314
682 5 313
690 4 306
694 4 302
699 4 297
701 6 293
703 6 291
709 6 285
710 7 283
712 8 280
716 8 276
718 7 275
719 7 274
725 6 269
726 7 267
728 8 264
729 7 264
732 6 262
735 5 260
736 6 258
740 7 253
741 5 254
744 4 252
747 6 247
748 5 247
753 3 244
759 2 239
762 2 236
765 3 232
768 3 229
770 3 227
776 2 222
781 1 218
784 1 215
786 1 213
791 2 207
795 2 203
802 2 196
804 2 194
808 2 190
810 1 189
814 1 185
819 1 180
820 1 179
824 1 175
826 1 173
826 2 172
829 1 170
836 1 163
838 3 159
842 3 155
843 3 154
848 2 150
848 3 149
851 3 146
854 3 143
858 3 139
857 4 139
860 4 136
859 8 133
860 9 131
861 11 128
856 13 131
858 12 130
862 11 127
862 11 127
863 11 126
866 11 123
866 10 124
866 11 123
867 11 122
868 10 122
866 10 124
864 12 124
863 15 122
864 16 120
866 17 117
858 26 116
839 46 115
829 53 118
817 66 117
804 75 121
791 74 135
779 73 148
767 76 157
742 89 169
723 94 183
707 94 199
674 112 214
646 121 233
637 122 241
623 122 255
606 122 272
595 124 281
583 125 292
584 121 295
584 114 302
579 110 311
579 103 318
577 92 331
576 83 341
573 82 345
565 81 354
562 78 360
555 84 361
550 92 358
540 95 365
534 86 380
537 72 391
540 61 399
539 54 407
549 44 407
560 43 397
568 32 400
570 31 399
569 30 401
570 29 401
575 27 398
578 27 395
587 21 392
592 21 387
595 20 385
605 21 374
609 22 369
611 22 367
616 16 368
621 16 363
630 15 355
633 14 353
634 14 352
640 14 346
646 12 342
651 9 340
657 10 333
658 11 331
658 13 329
662 11 327
664 13 323
668 11 321
668 12 320
670 11 319
676 10 314
679 9 312
680 10 310
679 12 309
683 11 306
687 10 303
688 12 300
692 10 298
698 10 292
704 6 290
706 6 288
708 5 287
711 5 284
715 4 281
722 3 275
723 3 274
729 2 269
733 2 265
734 2 264
739 2 259
750 2 248
753 2 245
757 2 241
759 2 239
762 2 236
765 1 234
766 1 233
770 1 229
771 1 228
776 1 223
786 0 214
789 0 211
792 0 208
793 0 207
795 0 205
798 0 202
799 0 201
804 0 196
809 0 191
813 0 187
815 0 185
819 0 181
822 0 178
826 0 174
832 0 168
833 0 167
837 0 163
840 0 160
844 0 156
846 0 154
849 0 151
855 0 145
858 0 142
860 0 140
864 0 136
864 0 136
866 0 134
867 0 133
872 0 128
873 0 127
875 0 125
878 0 122
883 0 117
886 0 114
887 0 113
887 0 113
892 0 108
892 0 108
893 0 107
895 0 105
899 0 101
901 0 99
902 0 98
907 0 93
907 0 93
911 0 89
912 0 88
913 0 87
914 0 86
915 0 85
917 0 83
917 0 83
917 0 83
917 0 83
917 0 83
918 0 82
921 0 79
921 0 79
922 0 78
924 0 76
924 0 76
925 0 75
925 0 75
927 0 73
929 0 71
930 0 70
931 0 69
931 0 69
931 0 69
935 0 65
935 0 65
935 0 65
937 0 63
941 0 59
941 0 59
941 0 59
942 0 58
943 0 57
943 0 57
944 0 56
946 0 54
946 0 54
946 0 54
946 0 54
946 0 54
946 0 54
948 0 52
949 0 51
950 0 50
950 0 50
950 0 50
951 0 49
951 0 49
951 0 49
952 0 48
952 0 48
953 0 47
953 0 47
955 0 45
956 0 44
958 0 42
958 0 42
959 0 41
960 0 40
960 0 40
960 0 40
960 0 40
961 0 39
961 0 39
961 0 39
963 0 37
963 0 37
964 0 36
965 0 35
965 0 35
965 0 35
965 0 35
967 0 33
967 0 33
967 0 33
967 0 33
968 0 32
968 0 32
969 0 31
969 0 31
969 0 31
970 0 30
971 0 29
972 0 28
972 0 28
972 0 28
972 0 28
972 0 28
973 0 27
973 0 27
973 0 27
973 0 27
973 0 27
974 0 26
974 0 26
974 0 26
974 0 26
974 0 26
974 0 26
974 0 26
974 0 26
974 0 26
975 0 25
975 0 25
975 0 25
975 0 25
975 0 25
975 0 25
975 0 25
975 0 25
976 0 24
976 0 24
976 0 24
976 0 24
976 0 24
976 0 24
976 0 24
977 0 23
977 0 23
977 0 23
978 0 22
978 0 22
978 0 22
979 0 21
980 0 20
980 0 20
980 0 20
980 0 20
981 0 19
982 0 18
982 0 18
982 0 18
983 0 17
983 0 17
984 0 16
984 0 16
984 0 16
984 0 16
984 0 16
984 0 16
984 0 16
985 0 15
985 0 15
985 0 15
985 0 15
985 0 15
985 0 15
986 0 14
986 0 14
986 0 14
986 0 14
986 0 14
987 0 13
987 0 13
988 0 12
988 0 12
988 0 12
988 0 12
989 0 11
989 0 11
989 0 11
989 0 11
990 0 10
990 0 10
990 0 10
991 0 9
991 0 9
991 0 9
991 0 9
991 0 9
991 0 9
991 0 9
991 0 9
991 0 9
991 0 9
991 0 9
991 0 9
991 0 9
991 0 9
991 0 9
991 0 9
992 0 8
992 0 8
992 0 8
992 0 8
993 0 7
994 0 6
995 0 5
995 0 5
995 0 5
995 0 5
995 0 5
995 0 5
995 0 5
995 0 5
995 0 5
995 0 5
995 0 5
995 0 5
995 0 5
995 0 5
995 0 5
995 0 5
995 0 5
995 0 5
995 0 5
995 0 5
995 0 5
995 0 5
995 0 5
995 0 5
995 0 5
995 0 5
995 0 5
996 0 4
996 0 4
996 0 4
996 0 4
996 0 4
996 0 4
996 0 4
996 0 4
996 0 4
996 0 4
996 0 4
997 0 3
997 0 3
997 0 3
997 0 3
997 0 3
997 0 3
997 0 3
997 0 3
997 0 3
997 0 3
997 0 3
997 0 3
997 0 3
997 0 3
997 0 3
997 0 3
997 0 3
997 0 3
997 0 3
997 0 3
997 0 3
997 0 3
997 0 3
997 0 3
997 0 3
997 0 3
997 0 3
997 0 3
997 0 3
997 0 3
997 0 3
997 0 3
997 0 3
997 0 3
998 0 2
998 0 2
998 0 2
998 0 2
998 0 2
998 0 2
998 0 2
998 0 2
998 0 2
998 0 2
998 0 2
998 0 2
998 0 2
998 0 2
998 0 2
998 0 2
998 0 2
998 0 2
998 0 2
998 0 2
998 0 2
998 0 2
998 0 2
998 0 2
998 0 2
998 0 2
998 0 2
998 0 2
998 0 2
998 0 2
998 0 2
998 0 2
998 0 2
998 0 2
998 0 2
998 0 2
998 0 2
999 0 1
999 0 1
999 0 1
999 0 1
999 0 1
999 0 1
999 0 1
999 0 1
999 0 1
999 0 1
1000 0 0
1000 0 0
1000 0 0
1000 0 0
1000 0 0
1000 0 0
1000 0 0
1000 0 0
1000 0 0
1000 0 0
1000 0 0
1000 0 0
1000 0 0
1000 0 0
1000 0 0
1000 0 0
1000 0 0
1000 0 0
1000 0 0
1000 0 0
1000 0 0
1000 0 0
1000 0 0
1000 0 0
1000 0 0
1000 0 0
1000 0 0
1000 0 0
1000 0 0
1000 0 0
1000 0 0
1000 0 0
1000 0 0
1000 0 0
1000 0 0
1000 0 0
1000 0 0
1000 0 0
1000 0 0
1000 0 0
1000 0 0
1000 0 0
1000 0 0
1000 0 0
1000 0 0
1000 0 0
1000 0 0
1000 0 0
1000 0 0
1000 0 0
1000 0 0
1000 0 0
1000 0 0
1000 0 0
1000 0 0
1000 0 0
1000 0 0
1000 0 0
1000 0 0
1000 0 0
1000 0 0
1000 0 0
1000 0 0
1000 0 0
1000 0 0
1000 0 0
1000 0 0
1000 0 0
1000 0 0
1000 0 0
1000 0 0
1000 0 0
1000 0 0
1000 0 0
1000 0 0
1000 0 0
1000 0 0
1000 0 0
1000 0 0
1000 0 0
1000 0 0
1000 0 0
1000 0 0
1000 0 0
1000 0 0
1000 0 0
1000 0 0
1000 0 0
1000 0 0
1000 0 0
1000 0 0
1000 0 0
1000 0 0
1000 0 0
1000 0 0
1000 0 0
1000 0 0
1000 0 0
1000 0 0
1000 0 0
1000 0 0
1000 0 0
1000 0 0
1000 0 0
1000 0 0
1000 0 0
1000 0 0
1000 0 0
1000 0 0
1000 0 0
1000 0 0
1000 0 0
1000 0 0
1000 0 0
1000 0 0
1000 0 0
1000 0 0
1000 0 0
1000 0 0
1000 0 0
1000 0 0
1000 0 0
1000 0 0
1000 0 0
1000 0 0
1000 0 0
1000 0 0
1000 0 0
1000 0 0
1000 0 0
1000 0 0
1000 0 0
1000 0 0
1000 0 0
1000 0 0
1000 0 0
1000 0 0
1000 0 0
1000 0 0
1000 0 0
1000 0 0
1000 0 0
1000 0 0
1000 0 0
1000 0 0
1000 0 0
1000 0 0
1000 0 0
1000 0 0
1000 0 0
1000 0 0
1000 0 0
1000 0 0
1000 0 0
1000 0 0
1000 0 0
1000 0 0
1000 0 0
1000 0 0
1000 0 0
1000 0 0
1000 0 0
1000 0 0
1000 0 0
1000 0 0
1000 0 0
1000 0 0
1000 0 0
1000 0 0
1000 0 0
1000 0 0
1000 0 0
1000 0 0
1000 0 0
1000 0 0
1000 0 0
1000 0 0
1000 0 0
1000 0 0
1000 0 0
1000 0 0
1000 0 0
1000 0 0
1000 0 0
1000 0 0
1000 0 0
1000 0 0
1000 0 0
1000 0 0
1000 0 0
1000 0 0
1000 0 0
1000 0 0
1000 0 0
1000 0 0
1000 0 0
1000 0 0
1000 0 0
1000 0 0
1000 0 0
1000 0 0
1000 0 0
1000 0 0
1000 0 0
1000 0 0
1000 0 0
1000 0 0
1000 0 0
1000 0 0
1000 0 0
1000 0 0
