997 3 0
996 4 0
995 5 0
995 5 0
995 5 0
993 7 0
992 6 2
987 11 2
977 18 5
969 24 7
965 27 8
957 33 10
942 40 18
928 49 23
916 59 25
888 76 36
855 100 45
823 115 62
795 122 83
771 130 99
748 127 125
707 153 140
678 160 162
665 157 178
646 161 193
627 158 215
610 160 230
593 152 255
578 145 277
564 145 291
552 137 311
536 139 325
528 130 342
520 125 355
519 115 366
518 101 381
520 102 378
513 99 388
508 96 396
505 93 402
495 98 407
497 95 408
493 90 417
490 85 425
491 84 425
490 75 435
489 71 440
487 68 445
491 66 443
493 57 450
499 52 449
507 49 444
510 45 445
513 42 445
515 43 442
518 39 443
522 32 446
528 27 445
536 27 437
541 22 437
541 18 441
553 15 432
559 15 426
558 17 425
566 16 418
575 14 411
580 17 403
583 15 402
587 12 401
591 12 397
596 13 391
596 16 388
603 14 383
609 14 377
617 14 369
614 19 367
616 20 364
619 21 360
620 20 360
623 22 355
624 26 350
627 21 352
632 21 347
635 19 346
641 18 341
646 15 339
650 14 336
650 15 335
653 19 328
649 25 326
647 28 325
646 28 326
650 24 326
652 28 320
655 29 316
658 30 312
663 28 309
666 26 308
671 20 309
674 19 307
675 19 306
676 23 301
673 25 302
676 24 300
676 27 297
675 25 300
673 25 302
677 21 302
680 19 301
683 13 304
684 12 304
687 12 301
694 9 297
699 7 294
704 5 291
708 5 287
706 8 286
704 11 285
703 11 286
704 12 284
707 11 282
706 13 281
712 10 278
715 10 275
717 9 274
721 8 271
727 8 265
725 9 266
726 9 265
730 9 261
734 7 259
738 7 255
742 7 251
745 8 247
749 9 242
752 8 240
755 7 238
755 9 236
756 9 235
758 9 233
757 10 233
756 16 228
753 18 229
758 17 225
763 11 226
768 10 222
770 9 221
773 8 219
773 10 217
774 10 216
776 10 214
781 9 210
782 9 209
786 9 205
790 8 202
792 7 201
789 10 201
787 13 200
787 14 199
786 18 196
786 16 198
785 16 199
783 19 198
777 25 198
769 30 201
767 35 198
751 50 199
741 60 199
733 66 201
721 72 207
699 90 211
677 101 222
657 109 234
634 126 240
614 130 256
596 137 267
584 130 286
572 122 306
563 119 318
552 115 333
542 108 350
536 97 367
536 96 368
530 92 378
527 88 385
526 81 393
527 80 393
527 72 401
528 68 404
526 67 407
525 62 413
528 59 413
529 51 420
529 48 423
530 44 426
531 43 426
532 42 426
532 40 428
534 41 425
536 38 426
541 37 422
541 34 425
545 34 421
549 27 424
554 26 420
562 24 414
568 27 405
576 18 406
581 19 400
586 18 396
589 21 390
594 21 385
594 17 389
598 17 385
604 18 378
609 17 374
614 15 371
618 11 371
631 9 360
629 10 361
633 7 360
639 8 353
646 7 347
650 7 343
655 7 338
662 7 331
669 7 324
672 7 321
676 7 317
681 6 313
685 6 309
686 7 307
693 4 303
694 3 303
695 3 302
700 2 298
702 2 296
707 2 291
710 2 288
712 1 287
720 1 279
724 1 275
727 1 272
730 1 269
733 1 266
737 1 262
737 1 262
740 1 259
743 1 256
748 1 251
752 0 248
757 0 243
763 0 237
766 0 234
769 0 231
772 0 228
773 0 227
780 0 220
784 0 216
787 0 213
792 0 208
792 0 208
795 0 205
801 0 199
802 0 198
803 0 197
807 0 193
808 0 192
811 0 189
813 0 187
816 0 184
821 0 179
822 0 178
827 0 173
829 0 171
830 0 170
833 0 167
836 0 164
842 0 158
845 0 155
851 0 149
855 0 145
857 0 143
862 0 138
865 0 135
868 0 132
868 0 132
869 0 131
871 0 129
874 0 126
874 0 126
876 0 124
878 0 122
882 0 118
884 0 116
887 0 113
887 0 113
888 0 112
889 0 111
892 0 108
893 0 107
893 0 107
894 0 106
894 0 106
897 0 103
898 0 102
898 0 102
900 0 100
902 0 98
905 0 95
908 0 92
910 0 90
911 0 89
914 0 86
914 0 86
917 0 83
918 0 82
920 0 80
920 0 80
920 0 80
922 0 78
922 0 78
922 0 78
923 0 77
925 0 75
926 0 74
927 0 73
928 0 72
928 0 72
931 0 69
931 0 69
932 0 68
934 0 66
935 0 65
936 0 64
938 0 62
938 0 62
938 0 62
939 0 61
940 0 60
940 0 60
942 0 58
943 0 57
945 0 55
947 0 53
947 0 53
948 0 52
948 0 52
949 0 51
949 0 51
950 0 50
951 0 49
952 0 48
955 0 45
955 0 45
957 0 43
957 0 43
958 0 42
959 0 41
961 0 39
962 0 38
962 0 38
962 0 38
964 0 36
965 0 35
965 0 35
966 0 34
967 0 33
968 0 32
969 0 31
969 0 31
969 0 31
969 0 31
969 0 31
969 0 31
969 0 31
969 0 31
969 0 31
969 0 31
969 0 31
969 0 31
969 0 31
970 0 30
970 0 30
973 0 27
973 0 27
973 0 27
973 0 27
974 0 26
974 0 26
975 0 25
975 0 25
975 0 25
975 0 25
976 0 24
976 0 24
976 0 24
977 0 23
977 0 23
979 0 21
979 0 21
980 0 20
980 0 20
980 0 20
981 0 19
982 0 18
982 0 18
982 0 18
982 0 18
982 0 18
984 0 16
984 0 16
984 0 16
984 0 16
984 0 16
984 0 16
984 0 16
984 0 16
984 0 16
984 0 16
984 0 16
984 0 16
984 0 16
984 0 16
984 0 16
984 0 16
984 0 16
986 0 14
986 0 14
986 0 14
986 0 14
986 0 14
986 0 14
986 0 14
986 0 14
987 0 13
987 0 13
987 0 13
987 0 13
987 0 13
987 0 13
987 0 13
987 0 13
987 0 13
987 0 13
989 0 11
989 0 11
989 0 11
989 0 11
989 0 11
990 0 10
991 0 9
991 0 9
992 0 8
992 0 8
992 0 8
992 0 8
992 0 8
993 0 7
993 0 7
993 0 7
993 0 7
993 0 7
993 0 7
993 0 7
993 0 7
993 0 7
993 0 7
993 0 7
993 0 7
993 0 7
993 0 7
993 0 7
993 0 7
993 0 7
993 0 7
993 0 7
993 0 7
993 0 7
993 0 7
994 0 6
995 0 5
995 0 5
995 0 5
995 0 5
995 0 5
995 0 5
995 0 5
995 0 5
995 0 5
995 0 5
995 0 5
995 0 5
996 0 4
996 0 4
996 0 4
996 0 4
996 0 4
996 0 4
997 0 3
997 0 3
997 0 3
997 0 3
997 0 3
997 0 3
998 0 2
998 0 2
998 0 2
998 0 2
998 0 2
998 0 2
998 0 2
999 0 1
999 0 1
999 0 1
999 0 1
999 0 1
999 0 1
999 0 1
999 0 1
999 0 1
999 0 1
999 0 1
999 0 1
999 0 1
999 0 1
999 0 1
999 0 1
1000 0 0
1000 0 0
1000 0 0
1000 0 0
1000 0 0
1000 0 0
1000 0 0
1000 0 0
1000 0 0
1000 0 0
1000 0 0
1000 0 0
1000 0 0
1000 0 0
1000 0 0
1000 0 0
1000 0 0
1000 0 0
1000 0 0
1000 0 0
1000 0 0
1000 0 0
1000 0 0
1000 0 0
1000 0 0
1000 0 0
1000 0 0
1000 0 0
1000 0 0
1000 0 0
1000 0 0
1000 0 0
1000 0 0
1000 0 0
1000 0 0
1000 0 0
1000 0 0
1000 0 0
1000 0 0
1000 0 0
1000 0 0
1000 0 0
1000 0 0
1000 0 0
1000 0 0
1000 0 0
1000 0 0
1000 0 0
1000 0 0
1000 0 0
1000 0 0
1000 0 0
1000 0 0
1000 0 0
1000 0 0
1000 0 0
1000 0 0
1000 0 0
1000 0 0
1000 0 0
1000 0 0
1000 0 0
1000 0 0
1000 0 0
1000 0 0
1000 0 0
1000 0 0
1000 0 0
1000 0 0
1000 0 0
1000 0 0
1000 0 0
1000 0 0
1000 0 0
1000 0 0
1000 0 0
1000 0 0
1000 0 0
1000 0 0
1000 0 0
1000 0 0
1000 0 0
1000 0 0
1000 0 0
1000 0 0
1000 0 0
1000 0 0
1000 0 0
1000 0 0
1000 0 0
1000 0 0
1000 0 0
1000 0 0
1000 0 0
1000 0 0
1000 0 0
1000 0 0
1000 0 0
1000 0 0
1000 0 0
1000 0 0
1000 0 0
1000 0 0
1000 0 0
1000 0 0
1000 0 0
1000 0 0
1000 0 0
1000 0 0
1000 0 0
1000 0 0
1000 0 0
1000 0 0
1000 0 0
1000 0 0
1000 0 0
1000 0 0
1000 0 0
1000 0 0
1000 0 0
1000 0 0
1000 0 0
1000 0 0
1000 0 0
1000 0 0
1000 0 0
1000 0 0
1000 0 0
1000 0 0
1000 0 0
1000 0 0
1000 0 0
1000 0 0
1000 0 0
1000 0 0
1000 0 0
1000 0 0
1000 0 0
1000 0 0
1000 0 0
1000 0 0
1000 0 0
1000 0 0
1000 0 0
1000 0 0
1000 0 0
1000 0 0
1000 0 0
1000 0 0
1000 0 0
1000 0 0
1000 0 0
1000 0 0
1000 0 0
1000 0 0
1000 0 0
1000 0 0
1000 0 0
1000 0 0
1000 0 0
1000 0 0
1000 0 0
1000 0 0
1000 0 0
1000 0 0
1000 0 0
1000 0 0
1000 0 0
1000 0 0
1000 0 0
1000 0 0
1000 0 0
1000 0 0
1000 0 0
1000 0 0
1000 0 0
1000 0 0
1000 0 0
1000 0 0
1000 0 0
1000 0 0
1000 0 0
1000 0 0
1000 0 0
1000 0 0
1000 0 0
1000 0 0
1000 0 0
1000 0 0
1000 0 0
1000 0 0
1000 0 0
1000 0 0
1000 0 0
1000 0 0
1000 0 0
1000 0 0
1000 0 0
1000 0 0
1000 0 0
1000 0 0
1000 0 0
1000 0 0
1000 0 0
1000 0 0
1000 0 0
1000 0 0
1000 0 0
1000 0 0
1000 0 0
1000 0 0
1000 0 0
1000 0 0
1000 0 0
1000 0 0
1000 0 0
1000 0 0
1000 0 0
1000 0 0
1000 0 0
1000 0 0
1000 0 0
1000 0 0
1000 0 0
1000 0 0
1000 0 0
1000 0 0
1000 0 0
1000 0 0
1000 0 0
1000 0 0
1000 0 0
1000 0 0
1000 0 0
1000 0 0
1000 0 0
1000 0 0
1000 0 0
1000 0 0
1000 0 0
1000 0 0
1000 0 0
1000 0 0
1000 0 0
1000 0 0
1000 0 0
1000 0 0
1000 0 0
1000 0 0
1000 0 0
1000 0 0
1000 0 0
1000 0 0
1000 0 0
1000 0 0
1000 0 0
1000 0 0
1000 0 0
1000 0 0
1000 0 0
1000 0 0
1000 0 0
1000 0 0
1000 0 0
1000 0 0
1000 0 0
1000 0 0
1000 0 0
1000 0 0
1000 0 0
1000 0 0
1000 0 0
1000 0 0
1000 0 0
1000 0 0
1000 0 0
1000 0 0
1000 0 0
1000 0 0
1000 0 0
1000 0 0
1000 0 0
1000 0 0
1000 0 0
1000 0 0
1000 0 0
1000 0 0
1000 0 0
1000 0 0
1000 0 0
1000 0 0
1000 0 0
1000 0 0
1000 0 0
1000 0 0
1000 0 0
1000 0 0
1000 0 0
1000 0 0
1000 0 0
1000 0 0
1000 0 0
1000 0 0
1000 0 0
1000 0 0
1000 0 0
1000 0 0
1000 0 0
1000 0 0
1000 0 0
1000 0 0
1000 0 0
1000 0 0
1000 0 0
1000 0 0
1000 0 0
1000 0 0
1000 0 0
1000 0 0
1000 0 0
1000 0 0
1000 0 0
1000 0 0
1000 0 0
1000 0 0
1000 0 0
1000 0 0
1000 0 0
1000 0 0
1000 0 0
1000 0 0
1000 0 0
1000 0 0
1000 0 0
1000 0 0
1000 0 0
1000 0 0
1000 0 0
1000 0 0
1000 0 0
1000 0 0
1000 0 0
1000 0 0
1000 0 0
1000 0 0
1000 0 0
1000 0 0
1000 0 0
1000 0 0
1000 0 0
1000 0 0
1000 0 0
1000 0 0
1000 0 0
1000 0 0
1000 0 0
1000 0 0
1000 0 0
1000 0 0
1000 0 0
1000 0 0
1000 0 0
1000 0 0
1000 0 0
1000 0 0
1000 0 0
1000 0 0
1000 0 0
1000 0 0
1000 0 0
1000 0 0
1000 0 0
1000 0 0
1000 0 0
1000 0 0
1000 0 0
1000 0 0
1000 0 0
1000 0 0
1000 0 0
1000 0 0
1000 0 0
1000 0 0
1000 0 0
1000 0 0
1000 0 0
1000 0 0
1000 0 0
1000 0 0
1000 0 0
1000 0 0
1000 0 0
1000 0 0
1000 0 0
1000 0 0
1000 0 0
1000 0 0
1000 0 0
1000 0 0
1000 0 0
1000 0 0
1000 0 0
1000 0 0
1000 0 0
1000 0 0
1000 0 0
1000 0 0
1000 0 0
1000 0 0
1000 0 0
1000 0 0
1000 0 0
1000 0 0
1000 0 0
1000 0 0
1000 0 0
1000 0 0
1000 0 0
1000 0 0
1000 0 0
1000 0 0
1000 0 0
1000 0 0
1000 0 0
1000 0 0
1000 0 0
1000 0 0
1000 0 0
1000 0 0
1000 0 0
1000 0 0
1000 0 0
1000 0 0
1000 0 0
1000 0 0
1000 0 0
1000 0 0
1000 0 0
1000 0 0
1000 0 0
1000 0 0
1000 0 0
1000 0 0
1000 0 0
1000 0 0
1000 0 0
1000 0 0
1000 0 0
1000 0 0
1000 0 0
1000 0 0
1000 0 0
1000 0 0
1000 0 0
1000 0 0
1000 0 0
1000 0 0
1000 0 0
1000 0 0
1000 0 0
1000 0 0
1000 0 0
1000 0 0
1000 0 0
1000 0 0
1000 0 0
1000 0 0
1000 0 0
1000 0 0
1000 0 0
1000 0 0
1000 0 0
1000 0 0
