998 2 0
997 3 0
996 4 0
996 4 0
994 6 0
992 5 3
991 5 4
991 4 5
988 6 6
988 4 8
988 4 8
986 5 9
982 9 9
979 10 11
979 8 13
977 10 13
974 11 15
971 11 18
958 24 18
943 37 20
928 45 27
899 69 32
877 80 43
862 83 55
846 88 66
831 91 78
814 95 91
799 93 108
784 93 123
760 107 133
739 117 144
719 115 166
699 119 182
685 112 203
679 108 213
669 102 229
655 99 246
651 97 252
645 85 270
646 80 274
645 75 280
639 69 292
633 75 292
625 76 299
619 76 305
615 78 307
612 74 314
602 75 323
602 68 330
607 61 332
608 59 333
607 51 342
606 49 345
608 49 343
608 48 344
606 49 345
608 35 357
615 33 352
618 28 354
622 29 349
623 32 345
622 29 349
619 32 349
616 37 347
617 32 351
620 33 347
624 27 349
629 25 346
631 28 341
631 26 343
630 27 343
622 34 344
616 39 345
619 43 338
616 48 336
613 51 336
611 52 337
605 55 340
594 65 341
587 64 349
577 68 355
569 66 365
565 67 368
570 61 369
569 58 373
564 55 381
566 53 381
568 49 383
570 40 390
581 35 384
585 36 379
584 35 381
588 32 380
590 28 382
590 28 382
586 30 384
587 31 382
584 33 383
591 29 380
593 26 381
588 32 380
591 33 376
584 40 376
583 42 375
579 44 377
583 45 372
581 46 373
583 36 381
580 36 384
577 35 388
575 37 388
573 37 390
574 34 392
579 32 389
578 35 387
579 31 390
584 28 388
582 29 389
585 26 389
594 27 379
603 26 371
600 27 373
606 28 366
604 28 368
606 27 367
609 24 367
615 19 366
617 15 368
622 10 368
625 10 365
628 9 363
629 10 361
637 10 353
638 11 351
641 10 349
650 10 340
650 9 341
654 7 339
657 8 335
666 7 327
673 7 320
677 5 318
680 4 316
683 4 313
690 3 307
694 4 302
699 3 298
704 2 294
710 2 288
713 3 284
714 5 281
712 8 280
715 8 277
715 11 274
717 10 273
718 13 269
717 16 267
719 11 270
725 10 265
727 10 263
726 15 259
729 12 259
733 11 256
732 13 255
734 12 254
741 11 248
742 13 245
742 16 242
740 20 240
734 27 239
722 31 247
720 32 248
714 34 252
714 34 252
709 37 254
708 42 250
706 42 252
705 38 257
700 40 260
700 41 259
693 46 261
684 51 265
679 55 266
669 57 274
663 56 281
661 55 284
656 49 295
646 49 305
644 46 310
641 43 316
640 43 317
642 41 317
648 38 314
650 34 316
651 30 319
646 31 323
651 27 322
654 25 321
654 23 323
655 23 322
657 23 320
661 25 314
665 22 313
660 26 314
664 26 310
663 27 310
662 27 311
664 24 312
667 29 304
670 28 302
670 31 299
671 34 295
668 34 298
666 37 297
667 41 292
664 38 298
665 39 296
658 43 299
659 40 301
664 38 298
665 37 298
667 34 299
668 31 301
666 32 302
663 34 303
665 35 300
672 33 295
673 32 295
679 31 290
678 33 289
680 33 287
683 36 281
679 38 283
684 35 281
681 35 284
680 31 289
678 31 291
678 25 297
681 24 295
681 24 295
683 21 296
683 21 296
686 17 297
693 15 292
694 15 291
697 14 289
697 18 285
696 16 288
703 14 283
703 16 281
708 16 276
713 14 273
714 14 272
716 14 270
722 11 267
724 11 265
728 11 261
732 9 259
735 7 258
738 7 255
739 5 256
744 5 251
749 5 246
755 5 240
762 3 235
770 2 228
775 2 223
778 3 219
779 2 219
784 2 214
789 2 209
791 5 204
792 6 202
792 7 201
792 9 199
798 8 194
798 10 192
798 14 188
796 18 186
792 21 187
791 22 187
787 23 190
783 28 189
775 34 191
774 31 195
760 45 195
758 45 197
751 47 202
739 59 202
733 64 203
727 59 214
715 64 221
712 57 231
713 54 233
710 57 233
708 58 234
704 62 234
701 60 239
702 54 244
695 53 252
688 53 259
687 49 264
682 44 274
682 41 277
681 42 277
682 38 280
681 41 278
680 42 278
684 40 276
684 36 280
682 34 284
687 31 282
692 29 279
692 28 280
697 24 279
701 20 279
701 19 280
702 17 281
700 18 282
702 14 284
705 13 282
709 12 279
717 7 276
716 8 276
719 7 274
719 9 272
720 7 273
722 7 271
723 8 269
727 8 265
729 8 263
734 8 258
741 6 253
742 6 252
748 6 246
754 7 239
751 9 240
751 11 238
749 11 240
748 11 241
752 9 239
749 12 239
747 15 238
747 15 238
747 16 237
746 20 234
744 18 238
747 18 235
750 19 231
751 20 229
749 23 228
749 23 228
743 27 230
739 29 232
740 30 230
739 26 235
742 23 235
740 24 236
739 25 236
740 23 237
741 22 237
741 22 237
742 23 235
745 22 233
742 23 235
744 18 238
741 21 238
734 29 237
736 27 237
736 26 238
740 22 238
740 21 239
744 18 238
742 23 235
740 26 234
739 23 238
740 27 233
737 27 236
737 24 239
733 27 240
734 29 237
730 31 239
729 33 238
731 31 238
731 29 240
729 27 244
726 32 242
728 34 238
724 35 241
726 33 241
727 37 236
722 39 239
721 33 246
719 32 249
719 32 249
717 30 253
718 28 254
717 27 256
718 24 258
722 20 258
727 20 253
734 19 247
734 18 248
738 18 244
745 18 237
747 14 239
749 16 235
752 13 235
752 13 235
753 12 235
752 13 235
751 12 237
756 9 235
758 9 233
762 9 229
764 9 227
761 13 226
766 10 224
765 12 223
769 14 217
769 12 219
763 17 220
761 18 221
760 19 221
754 26 220
750 29 221
755 28 217
753 29 218
750 27 223
751 26 223
749 26 225
749 25 226
756 19 225
760 17 223
758 15 227
759 9 232
762 9 229
769 8 223
770 6 224
767 10 223
770 7 223
769 8 223
772 8 220
774 8 218
779 9 212
779 11 210
784 10 206
785 10 205
785 10 205
792 10 198
793 11 196
795 13 192
796 10 194
799 11 190
796 15 189
796 13 191
791 23 186
784 28 188
775 33 192
764 46 190
759 45 196
756 41 203
754 35 211
752 34 214
750 33 217
747 36 217
743 40 217
733 46 221
729 44 227
725 43 232
719 45 236
717 43 240
718 41 241
719 41 240
718 37 245
715 38 247
713 39 248
708 40 252
709 40 251
707 35 258
707 37 256
705 39 256
706 36 258
709 34 257
707 32 261
705 34 261
696 44 260
690 46 264
685 46 269
686 40 274
689 40 271
690 40 270
688 38 274
689 39 272
687 40 273
684 38 278
683 38 279
679 43 278
678 45 277
675 48 277
669 50 281
671 47 282
665 51 284
662 52 286
654 51 295
659 47 294
654 47 299
660 42 298
666 38 296
667 37 296
673 34 293
669 36 295
675 31 294
674 30 296
681 27 292
677 30 293
679 30 291
676 29 295
677 25 298
676 21 303
676 23 301
677 23 300
680 19 301
681 18 301
683 17 300
686 15 299
684 16 300
685 17 298
682 22 296
681 24 295
683 25 292
686 25 289
683 24 293
683 22 295
684 24 292
686 24 290
690 23 287
690 24 286
688 24 288
689 25 286
690 24 286
690 24 286
692 23 285
689 26 285
693 24 283
689 27 284
682 34 284
678 35 287
673 40 287
670 41 289
666 45 289
664 43 293
669 44 287
666 45 289
663 46 291
657 54 289
652 63 285
644 69 287
635 70 295
633 70 297
626 68 306
617 76 307
610 78 312
606 79 315
602 69 329
596 68 336
595 63 342
594 57 349
591 58 351
587 62 351
582 60 358
572 64 364
573 66 361
567 70 363
563 73 364
561 73 366
558 70 372
557 66 377
562 62 376
562 52 386
563 45 392
565 43 392
568 41 391
568 39 393
577 36 387
585 33 382
593 29 378
597 28 375
603 27 370
604 27 369
613 21 366
617 19 364
619 19 362
623 20 357
631 16 353
631 15 354
633 12 355
636 12 352
642 10 348
649 8 343
658 8 334
667 8 325
672 7 321
677 7 316
680 7 313
685 7 308
689 7 304
691 6 303
695 7 298
698 4 298
701 2 297
706 2 292
710 3 287
717 3 280
722 1 277
728 1 271
731 1 268
735 1 264
740 1 259
745 1 254
750 1 249
756 1 243
758 1 241
759 1 240
762 1 237
763 1 236
769 1 230
772 1 227
771 3 226
775 3 222
778 3 219
782 3 215
786 3 211
788 3 209
791 2 207
792 2 206
796 2 202
802 3 195
806 3 191
808 3 189
810 2 188
815 1 184
817 0 183
820 0 180
823 0 177
824 0 176
824 0 176
825 0 175
829 0 171
833 0 167
836 0 164
837 0 163
839 0 161
841 0 159
844 0 156
845 0 155
847 0 153
849 0 151
853 0 147
857 0 143
859 0 141
862 0 138
865 0 135
868 0 132
869 0 131
871 0 129
873 0 127
876 0 124
879 0 121
881 0 119
883 0 117
886 0 114
887 0 113
889 0 111
892 0 108
892 0 108
893 0 107
894 0 106
895 0 105
896 0 104
897 0 103
901 0 99
905 0 95
905 0 95
907 0 93
907 0 93
908 0 92
909 0 91
909 0 91
912 0 88
912 0 88
913 0 87
913 0 87
915 0 85
916 0 84
917 0 83
918 0 82
918 0 82
919 0 81
920 0 80
921 0 79
923 0 77
923 0 77
924 0 76
925 0 75
927 0 73
930 0 70
931 0 69
932 0 68
935 0 65
937 0 63
938 0 62
939 0 61
939 0 61
939 0 61
940 0 60
944 0 56
945 0 55
946 0 54
948 0 52
948 0 52
949 0 51
949 0 51
949 0 51
949 0 51
949 0 51
950 0 50
951 0 49
952 0 48
952 0 48
952 0 48
953 0 47
953 0 47
953 0 47
954 0 46
954 0 46
957 0 43
957 0 43
958 0 42
958 0 42
960 0 40
960 0 40
961 0 39
962 0 38
962 0 38
964 0 36
965 0 35
966 0 34
966 0 34
966 0 34
968 0 32
968 0 32
968 0 32
968 0 32
968 0 32
968 0 32
968 0 32
969 0 31
969 0 31
969 0 31
969 0 31
969 0 31
970 0 30
970 0 30
970 0 30
970 0 30
971 0 29
971 0 29
971 0 29
971 0 29
971 0 29
971 0 29
971 0 29
972 0 28
973 0 27
974 0 26
974 0 26
974 0 26
976 0 24
976 0 24
977 0 23
977 0 23
977 0 23
977 0 23
977 0 23
977 0 23
977 0 23
977 0 23
978 0 22
978 0 22
979 0 21
980 0 20
980 0 20
980 0 20
980 0 20
980 0 20
980 0 20
980 0 20
980 0 20
980 0 20
980 0 20
982 0 18
982 0 18
982 0 18
983 0 17
983 0 17
984 0 16
984 0 16
984 0 16
984 0 16
985 0 15
985 0 15
985 0 15
986 0 14
986 0 14
986 0 14
987 0 13
987 0 13
987 0 13
987 0 13
987 0 13
988 0 12
988 0 12
988 0 12
989 0 11
989 0 11
989 0 11
989 0 11
989 0 11
989 0 11
989 0 11
989 0 11
989 0 11
989 0 11
989 0 11
989 0 11
989 0 11
990 0 10
990 0 10
990 0 10
990 0 10
990 0 10
990 0 10
990 0 10
991 0 9
991 0 9
991 0 9
992 0 8
992 0 8
993 0 7
994 0 6
994 0 6
994 0 6
994 0 6
994 0 6
994 0 6
994 0 6
994 0 6
994 0 6
994 0 6
994 0 6
994 0 6
994 0 6
994 0 6
994 0 6
994 0 6
994 0 6
994 0 6
994 0 6
994 0 6
994 0 6
994 0 6
994 0 6
994 0 6
994 0 6
994 0 6
994 0 6
994 0 6
994 0 6
994 0 6
994 0 6
994 0 6
994 0 6
994 0 6
994 0 6
994 0 6
994 0 6
995 0 5
995 0 5
995 0 5
995 0 5
996 0 4
996 0 4
996 0 4
996 0 4
996 0 4
996 0 4
996 0 4
996 0 4
996 0 4
996 0 4
996 0 4
996 0 4
996 0 4
996 0 4
996 0 4
996 0 4
996 0 4
996 0 4
996 0 4
996 0 4
996 0 4
996 0 4
996 0 4
996 0 4
996 0 4
996 0 4
996 0 4
996 0 4
996 0 4
996 0 4
996 0 4
996 0 4
996 0 4
996 0 4
996 0 4
996 0 4
996 0 4
996 0 4
998 0 2
998 0 2
998 0 2
998 0 2
998 0 2
998 0 2
998 0 2
998 0 2
998 0 2
998 0 2
999 0 1
999 0 1
999 0 1
999 0 1
999 0 1
999 0 1
999 0 1
999 0 1
999 0 1
999 0 1
999 0 1
999 0 1
999 0 1
999 0 1
999 0 1
999 0 1
999 0 1
999 0 1
999 0 1
999 0 1
999 0 1
999 0 1
999 0 1
999 0 1
999 0 1
999 0 1
999 0 1
999 0 1
999 0 1
999 0 1
999 0 1
999 0 1
999 0 1
999 0 1
999 0 1
999 0 1
999 0 1
999 0 1
999 0 1
999 0 1
999 0 1
999 0 1
999 0 1
999 0 1
999 0 1
999 0 1
999 0 1
999 0 1
999 0 1
999 0 1
999 0 1
999 0 1
999 0 1
999 0 1
999 0 1
999 0 1
999 0 1
999 0 1
999 0 1
999 0 1
999 0 1
999 0 1
