995 5 0
993 5 2
985 11 4
978 16 6
972 20 8
962 24 14
950 33 17
937 40 23
920 53 27
901 70 29
882 86 32
854 101 45
818 121 61
781 139 80
744 148 108
723 147 130
698 150 152
672 155 173
652 157 191
627 152 221
610 145 245
591 146 263
586 133 281
571 136 293
570 118 312
559 122 319
551 122 327
542 114 344
532 113 355
523 105 372
517 101 382
513 93 394
514 75 411
515 65 420
519 57 424
526 50 424
532 43 425
533 41 426
538 40 422
539 40 421
543 33 424
540 36 424
543 34 423
552 34 414
557 34 409
556 36 408
557 42 401
556 43 401
558 41 401
561 41 398
562 41 397
565 39 396
565 32 403
565 31 404
573 31 396
576 28 396
574 33 393
581 29 390
585 28 387
588 30 382
595 27 378
598 25 377
601 23 376
604 24 372
605 27 368
606 26 368
610 27 363
610 28 362
616 28 356
617 32 351
614 41 345
611 43 346
608 47 345
607 44 349
605 44 351
602 44 354
602 40 358
602 39 359
606 38 356
608 34 358
610 34 356
612 39 349
621 31 348
630 31 339
633 28 339
634 29 337
631 35 334
637 31 332
640 27 333
643 26 331
643 27 330
649 24 327
653 23 324
651 21 328
658 19 323
664 18 318
667 18 315
666 19 315
673 17 310
677 18 305
681 18 301
684 19 297
687 18 295
687 16 297
692 12 296
696 16 288
698 16 286
695 24 281
694 27 279
690 31 279
684 36 280
687 32 281
686 34 280
686 36 278
683 35 282
679 37 284
674 42 284
673 40 287
672 43 285
673 37 290
670 41 289
666 46 288
661 51 288
654 51 295
648 54 298
646 56 298
643 57 300
640 57 303
639 48 313
639 43 318
639 38 323
641 32 327
641 33 326
639 34 327
640 34 326
642 36 322
639 43 318
637 47 316
639 42 319
636 41 323
635 41 324
627 41 332
626 42 332
619 46 335
614 49 337
613 49 338
612 51 337
612 50 338
614 48 338
614 49 337
619 49 332
618 51 331
614 49 337
617 50 333
613 57 330
612 61 327
614 60 326
616 50 334
618 45 337
617 42 341
616 44 340
619 37 344
623 36 341
628 34 338
630 33 337
630 38 332
637 31 332
635 32 333
631 37 332
633 36 331
634 42 324
633 49 318
636 48 316
642 40 318
646 36 318
646 32 322
653 27 320
653 21 326
659 21 320
663 20 317
668 17 315
670 15 315
676 15 309
679 16 305
685 16 299
684 20 296
683 22 295
681 22 297
679 26 295
681 21 298
686 21 293
689 21 290
692 19 289
688 26 286
689 26 285
689 26 285
691 23 286
689 24 287
687 26 287
693 26 281
695 28 277
698 22 280
691 30 279
689 26 285
693 22 285
698 18 284
695 17 288
697 18 285
697 22 281
694 26 280
696 24 280
693 27 280
683 36 281
676 43 281
671 46 283
664 47 289
654 46 300
652 51 297
651 47 302
648 54 298
645 56 299
647 50 303
642 48 310
639 50 311
643 47 310
644 49 307
650 42 308
652 48 300
661 41 298
656 38 306
660 33 307
659 34 307
662 31 307
664 31 305
667 27 306
663 35 302
660 39 301
654 46 300
652 38 310
656 35 309
655 32 313
660 27 313
657 28 315
657 26 317
653 31 316
653 32 315
656 29 315
660 25 315
658 30 312
655 32 313
653 29 318
655 31 314
655 29 316
652 31 317
652 30 318
653 30 317
650 34 316
651 31 318
657 28 315
660 24 316
662 25 313
669 26 305
669 21 310
669 24 307
670 23 307
673 20 307
672 20 308
674 23 303
668 27 305
672 25 303
674 28 298
675 28 297
677 28 295
681 25 294
686 21 293
690 24 286
691 20 289
693 19 288
690 23 287
690 23 287
690 22 288
693 17 290
695 14 291
696 16 288
700 15 285
704 11 285
708 12 280
714 10 276
717 10 273
717 11 272
721 8 271
723 9 268
724 10 266
726 11 263
731 12 257
734 11 255
736 8 256
744 8 248
745 5 250
748 4 248
751 8 241
754 8 238
759 8 233
759 10 231
758 12 230
758 12 230
761 12 227
761 9 230
764 7 229
763 10 227
771 10 219
775 7 218
775 11 214
771 16 213
776 13 211
776 16 208
780 13 207
787 13 200
783 15 202
780 19 201
773 30 197
771 31 198
764 37 199
752 43 205
743 49 208
738 49 213
732 52 216
726 57 217
715 60 225
708 62 230
705 53 242
699 57 244
695 61 244
685 69 246
675 68 257
662 79 259
657 75 268
648 76 276
637 75 288
625 79 296
613 86 301
611 75 314
610 73 317
604 74 322
607 67 326
597 72 331
599 61 340
600 59 341
598 55 347
595 58 347
597 55 348
598 53 349
602 52 346
604 52 344
600 52 348
603 52 345
604 48 348
600 50 350
593 55 352
590 44 366
588 46 366
588 47 365
589 35 376
591 33 376
598 27 375
604 29 367
607 31 362
609 31 360
610 33 357
607 36 357
600 37 363
599 39 362
606 29 365
609 32 359
611 34 355
609 32 359
611 33 356
612 30 358
616 27 357
621 27 352
621 24 355
621 21 358
613 29 358
617 29 354
623 31 346
622 33 345
626 32 342
630 36 334
632 35 333
625 45 330
623 45 332
625 47 328
623 44 333
620 46 334
612 48 340
613 40 347
612 41 347
607 42 351
608 46 346
610 41 349
615 34 351
616 32 352
627 26 347
630 26 344
638 23 339
647 20 333
654 18 328
658 16 326
663 15 322
672 15 313
679 14 307
682 14 304
685 16 299
690 15 295
696 17 287
697 18 285
701 18 281
703 16 281
707 20 273
708 19 273
712 22 266
710 26 264
707 28 265
708 26 266
709 25 266
706 24 270
707 23 270
707 24 269
708 25 267
710 25 265
707 27 266
706 30 264
703 31 266
703 28 269
692 36 272
689 40 271
688 43 269
688 40 272
689 37 274
686 38 276
682 39 279
687 30 283
688 29 283
692 24 284
695 20 285
699 18 283
702 16 282
702 17 281
700 20 280
700 20 280
707 22 271
706 20 274
705 23 272
706 25 269
700 28 272
699 34 267
701 30 269
701 32 267
698 32 270
699 27 274
698 28 274
692 32 276
686 40 274
681 44 275
673 52 275
669 51 280
658 59 283
656 61 283
647 66 287
643 72 285
637 71 292
643 65 292
634 70 296
635 65 300
638 62 300
630 67 303
619 69 312
621 62 317
618 65 317
617 56 327
611 61 328
608 61 331
595 67 338
588 71 341
581 69 350
574 70 356
576 62 362
573 57 370
567 60 373
569 65 366
566 60 374
562 57 381
558 60 382
558 53 389
565 47 388
571 44 385
570 37 393
568 36 396
569 40 391
576 38 386
571 36 393
570 34 396
572 32 396
577 30 393
577 30 393
581 30 389
577 33 390
582 31 387
584 29 387
588 26 386
592 23 385
594 24 382
602 19 379
602 16 382
607 17 376
608 21 371
612 25 363
612 27 361
617 25 358
622 22 356
626 21 353
630 19 351
631 15 354
634 15 351
641 12 347
646 10 344
653 9 338
661 8 331
673 8 319
675 11 314
681 10 309
688 9 303
690 8 302
696 9 295
696 12 292
692 19 289
691 19 290
693 21 286
698 16 286
702 15 283
701 15 284
707 13 280
712 16 272
713 19 268
711 19 270
713 14 273
713 17 270
714 14 272
711 18 271
708 20 272
709 18 273
712 15 273
718 14 268
721 12 267
726 9 265
729 9 262
728 11 261
730 11 259
737 9 254
740 6 254
748 6 246
747 8 245
746 12 242
744 11 245
745 10 245
740 16 244
740 21 239
740 22 238
736 24 240
736 19 245
735 23 242
732 25 243
734 21 245
737 18 245
737 18 245
737 18 245
734 17 249
736 19 245
737 20 243
741 19 240
739 24 237
733 28 239
727 37 236
718 42 240
707 50 243
695 52 253
694 46 260
689 42 269
682 39 279
674 45 281
672 47 281
671 45 284
672 44 284
665 48 287
660 47 293
656 50 294
652 48 300
654 49 297
655 43 302
656 42 302
655 34 311
662 30 308
666 31 303
665 32 303
666 36 298
670 33 297
678 27 295
678 27 295
680 23 297
684 22 294
685 21 294
690 25 285
688 24 288
682 26 292
677 28 295
676 29 295
677 30 293
675 36 289
670 37 293
671 37 292
670 39 291
675 33 292
678 32 290
683 28 289
685 23 292
689 20 291
692 21 287
694 24 282
693 27 280
692 27 281
690 26 284
690 25 285
687 30 283
688 34 278
685 38 277
682 42 276
679 43 278
679 40 281
679 39 282
677 37 286
680 37 283
677 35 288
677 38 285
673 41 286
664 46 290
666 44 290
664 46 290
663 43 294
663 41 296
661 44 295
665 37 298
670 30 300
670 30 300
673 27 300
676 23 301
677 25 298
676 33 291
675 34 291
673 32 295
669 39 292
674 35 291
677 36 287
676 40 284
673 38 289
670 42 288
666 41 293
669 33 298
673 34 293
671 32 297
666 36 298
665 30 305
667 29 304
674 26 300
676 19 305
679 19 302
681 20 299
677 23 300
678 24 298
680 25 295
681 21 298
686 14 300
687 17 296
688 13 299
688 16 296
692 17 291
696 13 291
701 12 287
702 15 283
704 14 282
708 15 277
707 14 279
711 13 276
712 12 276
712 13 275
710 17 273
715 15 270
712 19 269
717 19 264
721 19 260
723 17 260
726 17 257
728 20 252
731 20 249
735 18 247
736 20 244
730 23 247
730 22 248
724 30 246
724 31 245
723 36 241
718 39 243
713 42 245
707 39 254
698 45 257
685 53 262
677 57 266
669 59 272
663 57 280
664 53 283
650 60 290
644 59 297
636 68 296
626 81 293
615 83 302
605 85 310
596 83 321
590 77 333
581 73 346
576 75 349
565 77 358
564 69 367
561 69 370
561 65 374
557 69 374
557 66 377
557 59 384
554 65 381
555 64 381
555 63 382
548 67 385
538 72 390
542 71 387
546 65 389
541 68 391
537 66 397
535 61 404
529 62 409
522 58 420
524 54 422
522 48 430
521 47 432
519 45 436
522 44 434
523 43 434
526 44 430
528 41 431
528 41 431
532 45 423
537 41 422
541 38 421
542 38 420
541 38 421
544 39 417
552 40 408
558 32 410
559 27 414
562 29 409
569 31 400
571 28 401
578 26 396
580 22 398
584 22 394
589 21 390
596 21 383
596 15 389
601 12 387
612 10 378
618 10 372
628 8 364
636 7 357
643 4 353
650 5 345
660 4 336
662 6 332
666 5 329
671 5 324
677 4 319
682 5 313
687 4 309
693 4 303
689 10 301
694 7 299
699 9 292
700 10 290
701 7 292
699 9 292
702 11 287
702 15 283
704 13 283
707 15 278
714 11 275
716 11 273
717 11 272
719 11 270
722 12 266
726 16 258
724 17 259
725 17 258
724 24 252
723 24 253
722 27 251
721 25 254
719 28 253
713 30 257
713 34 253
713 34 253
709 39 252
707 45 248
696 53 251
693 50 257
682 55 263
674 64 262
664 63 273
659 66 275
656 65 279
648 61 291
642 64 294
641 56 303
632 62 306
624 57 319
625 59 316
617 63 320
615 60 325
610 53 337
608 52 340
605 55 340
599 58 343
585 62 353
580 65 355
582 58 360
581 54 365
576 49 375
578 48 374
577 46 377
579 44 377
582 40 378
587 40 373
590 36 374
598 36 366
601 33 366
605 32 363
603 37 360
607 32 361
602 35 363
597 40 363
596 45 359
598 43 359
599 37 364
603 33 364
607 30 363
610 32 358
606 31 363
607 27 366
608 27 365
613 29 358
619 28 353
618 31 351
625 29 346
629 30 341
625 35 340
627 33 340
630 33 337
632 29 339
640 26 334
643 24 333
642 20 338
642 21 337
651 23 326
657 20 323
657 22 321
664 20 316
672 20 308
670 17 313
674 18 308
681 16 303
680 16 304
681 17 302
676 23 301
675 23 302
667 30 303
669 33 298
670 29 301
669 38 293
668 35 297
666 38 296
661 39 300
657 38 305
662 36 302
659 35 306
667 29 304
675 27 298
675 25 300
675 25 300
677 17 306
684 19 297
687 17 296
688 16 296
688 15 297
690 15 295
693 18 289
699 21 280
698 24 278
694 30 276
694 33 273
691 36 273
688 37 275
683 38 279
672 46 282
672 40 288
666 43 291
666 44 290
668 43 289
667 40 293
664 43 293
662 44 294
661 37 302
660 33 307
660 26 314
664 25 311
662 25 313
663 25 312
666 24 310
668 25 307
666 25 309
664 29 307
658 30 312
656 27 317
665 25 310
667 25 308
664 32 304
663 35 302
658 42 300
647 50 303
650 47 303
647 45 308
642 50 308
642 51 307
642 49 309
635 50 315
631 53 316
626 50 324
624 50 326
621 51 328
619 49 332
618 47 335
612 48 340
610 43 347
608 41 351
603 41 356
600 38 362
602 36 362
601 41 358
603 37 360
609 33 358
607 30 363
612 26 362
619 24 357
622 21 357
623 16 361
636 17 347
643 18 339
644 14 342
645 11 344
649 10 341
652 8 340
658 7 335
658 12 330
666 11 323
676 10 314
678 10 312
678 12 310
687 7 306
693 8 299
697 9 294
704 8 288
708 7 285
705 9 286
709 6 285
712 3 285
715 3 282
719 2 279
725 2 273
728 3 269
734 3 263
742 2 256
744 3 253
749 2 249
750 6 244
748 12 240
745 16 239
741 24 235
