1000 0 0
1000 0 0
1000 0 0
1000 0 0
1000 0 0
998 2 0
998 1 1
998 1 1
997 1 2
996 2 2
996 1 3
996 2 2
996 2 2
996 2 2
996 2 2
996 2 2
995 3 2
994 4 2
994 3 3
993 4 3
993 4 3
992 5 3
990 5 5
989 6 5
986 7 7
983 9 8
980 10 10
980 9 11
978 9 13
977 8 15
975 9 16
965 19 16
959 21 20
951 28 21
942 33 25
934 34 32
932 30 38
924 33 43
915 37 48
903 41 56
887 45 68
873 48 79
852 63 85
835 62 103
816 70 114
800 75 125
783 78 139
765 89 146
749 91 160
737 92 171
719 97 184
706 93 201
695 90 215
686 93 221
674 90 236
668 84 248
655 94 251
644 100 256
634 100 266
615 107 278
606 113 281
595 115 290
593 106 301
586 100 314
578 101 321
576 92 332
575 81 344
577 75 348
576 62 362
581 56 363
581 52 367
578 53 369
578 44 378
575 45 380
574 47 379
579 43 378
578 41 381
580 39 381
581 40 379
583 35 382
582 31 387
588 29 383
592 29 379
595 27 378
597 28 375
606 27 367
615 24 361
627 21 352
626 27 347
630 25 345
628 26 346
624 28 348
626 30 344
624 28 348
623 29 348
625 28 347
629 23 348
634 25 341
637 22 341
638 18 344
644 20 336
644 24 332
649 21 330
657 17 326
663 14 323
658 18 324
659 16 325
664 18 318
666 20 314
670 22 308
671 23 306
674 22 304
678 25 297
680 23 297
683 22 295
687 22 291
689 22 289
691 16 293
695 16 289
695 16 289
696 15 289
696 16 288
696 22 282
698 23 279
705 21 274
703 21 276
704 24 272
708 23 269
708 26 266
708 25 267
710 27 263
713 23 264
707 28 265
704 29 267
703 33 264
701 32 267
698 35 267
693 39 268
694 40 266
700 34 266
704 34 262
702 38 260
702 35 263
701 38 261
692 41 267
685 51 264
677 54 269
669 56 275
667 55 278
663 55 282
664 48 288
663 48 289
657 48 295
650 50 300
649 46 305
651 38 311
646 46 308
646 48 306
643 43 314
649 38 313
641 42 317
637 47 316
632 48 320
629 52 319
623 54 323
620 46 334
618 44 338
617 47 336
619 43 338
615 43 342
612 42 346
614 44 342
611 45 344
617 41 342
614 45 341
616 43 341
614 47 339
607 50 343
602 53 345
607 46 347
611 41 348
616 40 344
617 36 347
622 38 340
618 41 341
617 45 338
612 46 342
613 49 338
615 43 342
619 41 340
614 45 341
615 41 344
613 39 348
615 35 350
613 33 354
620 30 350
621 29 350
619 31 350
619 30 351
618 31 351
627 27 346
626 32 342
631 32 337
634 29 337
632 23 345
637 22 341
639 28 333
638 30 332
636 37 327
638 37 325
641 38 321
644 39 317
643 36 321
643 34 323
643 36 321
642 37 321
638 42 320
637 40 323
633 42 325
633 42 325
641 37 322
643 37 320
646 36 318
650 38 312
647 34 319
649 36 315
653 33 314
650 35 315
650 36 314
651 32 317
650 30 320
653 30 317
651 28 321
657 24 319
658 28 314
659 27 314
660 29 311
660 31 309
660 27 313
658 29 313
656 31 313
656 32 312
660 26 314
663 28 309
662 27 311
668 22 310
668 20 312
674 17 309
677 10 313
682 11 307
684 12 304
687 13 300
686 12 302
694 9 297
696 11 293
705 10 285
709 13 278
714 11 275
718 10 272
720 10 270
722 11 267
725 9 266
730 7 263
734 7 259
733 9 258
736 9 255
739 10 251
739 11 250
743 9 248
741 11 248
740 10 250
738 13 249
738 14 248
733 17 250
741 11 248
742 16 242
739 17 244
744 16 240
738 25 237
736 26 238
735 30 235
738 24 238
731 27 242
731 31 238
729 31 240
728 32 240
722 34 244
717 34 249
712 40 248
713 37 250
704 49 247
698 54 248
694 56 250
684 55 261
682 51 267
680 50 270
678 50 272
667 55 278
663 60 277
659 52 289
660 47 293
661 49 290
658 44 298
657 46 297
659 40 301
660 42 298
657 41 302
655 39 306
654 39 307
658 37 305
657 39 304
654 38 308
650 36 314
653 35 312
653 33 314
656 29 315
657 29 314
666 23 311
674 24 302
674 23 303
676 23 301
679 22 299
684 18 298
686 15 299
691 17 292
694 15 291
693 15 292
692 15 293
691 13 296
698 12 290
703 9 288
710 9 281
715 9 276
720 9 271
720 11 269
718 16 266
720 14 266
722 15 263
724 14 262
724 15 261
720 18 262
725 16 259
725 18 257
731 17 252
732 15 253
738 15 247
737 15 248
737 13 250
740 16 244
738 20 242
734 26 240
732 22 246
730 25 245
720 31 249
712 43 245
709 44 247
708 41 251
703 39 258
705 39 256
705 45 250
705 39 256
701 39 260
696 43 261
686 46 268
675 52 273
676 51 273
671 51 278
670 51 279
664 53 283
659 53 288
654 50 296
650 49 301
643 55 302
638 56 306
634 52 314
631 47 322
631 49 320
635 44 321
634 41 325
636 36 328
634 38 328
633 43 324
626 43 331
628 46 326
629 44 327
630 45 325
627 45 328
628 48 324
621 51 328
616 54 330
617 50 333
614 50 336
616 50 334
617 50 333
620 49 331
622 40 338
628 37 335
630 38 332
633 33 334
637 36 327
636 39 325
639 38 323
639 35 326
637 39 324
636 38 326
639 39 322
634 37 329
633 33 334
635 29 336
639 23 338
640 23 337
640 23 337
642 25 333
639 27 334
638 27 335
638 28 334
638 36 326
636 35 329
640 31 329
647 29 324
649 26 325
652 29 319
652 26 322
650 31 319
655 28 317
657 26 317
659 26 315
666 27 307
668 28 304
668 28 304
671 29 300
669 31 300
665 36 299
663 37 300
664 34 302
658 37 305
659 32 309
660 34 306
655 37 308
658 33 309
660 36 304
655 41 304
653 36 311
654 36 310
657 34 309
660 34 306
666 34 300
665 38 297
667 38 295
661 42 297
661 40 299
656 35 309
659 34 307
663 34 303
667 29 304
667 29 304
674 24 302
678 22 300
681 25 294
679 26 295
675 27 298
675 26 299
675 23 302
676 23 301
681 21 298
678 28 294
678 29 293
679 23 298
681 23 296
683 17 300
681 16 303
686 14 300
686 16 298
687 21 292
696 20 284
695 19 286
695 21 284
699 20 281
700 18 282
702 18 280
702 21 277
701 22 277
693 27 280
691 25 284
689 27 284
687 36 277
691 34 275
689 35 276
685 42 273
682 41 277
679 37 284
683 29 288
685 29 286
682 26 292
681 26 293
679 28 293
684 25 291
687 21 292
690 18 292
695 23 282
699 25 276
701 24 275
702 25 273
703 23 274
703 22 275
699 27 274
699 26 275
699 30 271
700 25 275
698 26 276
697 23 280
697 24 279
697 21 282
701 20 279
703 22 275
701 24 275
707 22 271
707 23 270
706 24 270
706 19 275
707 19 274
712 18 270
709 24 267
715 20 265
715 20 265
713 23 264
714 19 267
719 13 268
723 16 261
719 17 264
720 17 263
727 14 259
733 14 253
733 13 254
730 18 252
732 16 252
734 17 249
734 19 247
733 20 247
735 19 246
735 22 243
735 21 244
734 20 246
737 19 244
736 19 245
740 18 242
742 14 244
744 13 243
747 18 235
745 24 231
749 18 233
747 18 235
749 19 232
750 21 229
745 26 229
747 23 230
749 20 231
750 20 230
748 19 233
751 19 230
751 22 227
745 26 229
746 22 232
744 19 237
744 24 232
739 28 233
739 23 238
738 25 237
741 25 234
739 30 231
741 31 228
744 27 229
745 29 226
742 32 226
739 36 225
733 36 231
732 37 231
725 43 232
723 45 232
715 53 232
706 54 240
698 56 246
690 65 245
681 67 252
667 74 259
668 68 264
665 68 267
658 69 273
650 67 283
642 64 294
638 61 301
631 66 303
630 57 313
627 57 316
633 64 303
626 72 302
618 74 308
610 73 317
601 80 319
594 76 330
589 77 334
584 71 345
584 61 355
583 58 359
585 52 363
582 56 362
581 51 368
585 43 372
590 44 366
584 51 365
586 47 367
582 49 369
586 40 374
586 37 377
585 34 381
586 33 381
592 33 375
592 32 376
587 33 380
588 31 381
591 30 379
594 31 375
600 32 368
602 26 372
612 25 363
610 25 365
612 29 359
612 24 364
614 24 362
616 25 359
625 25 350
628 22 350
635 19 346
638 17 345
641 19 340
642 19 339
641 23 336
637 25 338
636 29 335
641 28 331
643 25 332
646 24 330
648 20 332
652 21 327
656 22 322
660 19 321
667 17 316
665 20 315
668 22 310
675 17 308
674 22 304
676 22 302
686 22 292
679 28 293
683 26 291
682 27 291
689 22 289
690 21 289
690 22 288
689 23 288
692 26 282
696 22 282
692 21 287
693 22 285
694 24 282
704 16 280
704 17 279
702 15 283
706 16 278
710 12 278
720 12 268
723 13 264
728 12 260
732 14 254
734 14 252
733 15 252
736 18 246
737 18 245
737 20 243
742 21 237
738 23 239
737 27 236
731 33 236
730 33 237
729 39 232
718 44 238
714 41 245
713 39 248
715 36 249
714 35 251
710 41 249
713 38 249
704 45 251
703 43 254
702 35 263
703 41 256
704 38 258
700 42 258
696 43 261
693 44 263
687 51 262
686 50 264
688 44 268
684 44 272
678 44 278
675 40 285
674 34 292
674 36 290
671 40 289
675 39 286
675 37 288
679 35 286
674 39 287
669 44 287
667 44 289
667 45 288
664 42 294
660 37 303
650 42 308
653 40 307
651 37 312
654 36 310
654 40 306
661 37 302
660 31 309
668 31 301
673 26 301
675 25 300
677 24 299
685 20 295
692 20 288
694 18 288
693 20 287
696 19 285
698 16 286
699 16 285
703 16 281
700 21 279
700 20 280
703 18 279
712 13 275
716 14 270
721 12 267
724 11 265
720 14 266
716 19 265
715 20 265
720 22 258
723 20 257
725 24 251
723 26 251
722 25 253
716 29 255
717 29 254
713 32 255
715 32 253
712 31 257
710 35 255
709 34 257
701 36 263
699 36 265
695 38 267
693 43 264
692 42 266
690 41 269
690 35 275
688 33 279
685 34 281
680 44 276
674 47 279
673 48 279
667 52 281
662 58 280
662 50 288
658 60 282
655 60 285
652 58 290
650 56 294
648 55 297
648 51 301
646 44 310
646 40 314
644 37 319
640 36 324
637 36 327
632 40 328
627 47 326
628 42 330
627 40 333
625 42 333
627 45 328
624 46 330
626 44 330
621 47 332
612 56 332
610 54 336
611 58 331
608 51 341
603 55 342
604 54 342
601 55 344
598 50 352
597 43 360
598 39 363
600 34 366
602 30 368
604 28 368
601 31 368
605 31 364
604 33 363
603 33 364
594 42 364
597 38 365
603 30 367
607 26 367
609 28 363
609 31 360
615 31 354
614 31 355
618 36 346
620 34 346
625 29 346
631 25 344
639 19 342
638 22 340
638 23 339
633 26 341
634 28 338
635 29 336
642 26 332
646 26 328
640 34 326
638 34 328
640 30 330
633 30 337
627 32 341
633 35 332
635 32 333
639 28 333
641 31 328
640 31 329
633 36 331
632 34 334
627 34 339
628 38 334
626 43 331
623 38 339
621 40 339
625 38 337
623 42 335
624 42 334
626 43 331
620 52 328
611 51 338
606 49 345
603 50 347
600 50 350
598 53 349
607 51 342
605 47 348
608 44 348
608 45 347
610 44 346
616 39 345
621 37 342
624 36 340
627 32 341
625 37 338
623 36 341
620 38 342
621 34 345
622 31 347
630 25 345
637 25 338
646 22 332
652 22 326
661 24 315
664 25 311
665 30 305
666 29 305
670 33 297
669 38 293
667 41 292
666 36 298
665 36 299
664 31 305
663 34 303
663 30 307
660 32 308
661 30 309
659 30 311
660 27 313
659 23 318
663 21 316
666 22 312
661 26 313
661 30 309
661 30 309
665 31 304
664 28 308
667 27 306
674 28 298
671 27 302
672 28 300
668 33 299
662 29 309
656 37 307
647 44 309
645 49 306
643 50 307
640 48 312
635 48 317
632 48 320
624 50 326
623 49 328
623 49 328
623 51 326
619 56 325
611 58 331
611 55 334
607 50 343
604 55 341
600 49 351
602 43 355
600 46 354
598 43 359
595 43 362
598 41 361
593 48 359
593 47 360
593 42 365
591 39 370
588 39 373
587 39 374
587 35 378
584 37 379
586 35 379
585 34 381
585 32 383
587 36 377
594 30 376
593 33 374
594 34 372
596 33 371
599 34 367
600 35 365
600 32 368
604 26 370
606 21 373
615 18 367
622 19 359
632 18 350
634 19 347
641 19 340
642 17 341
647 16 337
648 11 341
651 13 336
653 14 333
654 15 331
665 13 322
667 11 322
675 12 313
680 12 308
684 12 304
688 13 299
694 11 295
694 14 292
701 10 289
707 9 284
711 9 280
714 6 280
719 5 276
723 4 273
726 4 270
731 3 266
733 2 265
733 3 264
735 3 262
739 3 258
742 2 256
749 0 251
751 1 248
755 1 244
758 1 241
762 2 236
765 3 232
765 3 232
766 3 231
769 3 228
773 3 224
776 3 221
779 4 217
784 5 211
783 8 209
790 7 203
796 7 197
798 8 194
801 9 190
804 9 187
806 11 183
