1000 0 0
1000 0 0
1000 0 0
1000 0 0
1000 0 0
998 2 0
997 2 1
996 2 2
995 2 3
994 2 4
992 4 4
993 3 4
993 2 5
991 4 5
989 4 7
984 8 8
983 9 8
981 11 8
978 12 10
960 27 13
946 38 16
933 46 21
913 55 32
889 69 42
879 61 60
864 59 77
853 61 86
832 73 95
804 88 108
786 87 127
760 99 141
740 102 158
728 98 174
715 96 189
710 93 197
697 93 210
681 97 222
666 102 232
656 104 240
642 107 251
628 106 266
607 110 283
602 99 299
598 96 306
585 99 316
573 102 325
571 90 339
560 90 350
555 83 362
556 81 363
555 71 374
562 65 373
559 60 381
553 55 392
552 53 395
555 52 393
560 43 397
558 43 399
555 48 397
555 41 404
559 39 402
563 38 399
563 33 404
569 34 397
567 35 398
573 28 399
579 27 394
585 26 389
587 23 390
590 23 387
590 29 381
592 27 381
595 24 381
594 26 380
602 23 375
606 18 376
610 16 374
616 14 370
624 16 360
632 17 351
637 17 346
645 13 342
646 12 342
648 15 337
656 14 330
658 16 326
660 21 319
665 20 315
673 18 309
677 17 306
687 17 296
690 16 294
691 16 293
691 21 288
690 21 289
690 22 288
695 19 286
693 22 285
687 29 284
689 30 281
689 33 278
689 33 278
690 30 280
689 26 285
689 27 284
691 27 282
692 29 279
694 27 279
695 25 280
696 24 280
696 18 286
695 21 284
694 26 280
695 25 280
691 31 278
691 33 276
693 35 272
693 36 271
689 37 274
683 40 277
678 46 276
670 53 277
671 55 274
666 57 277
661 58 281
661 53 286
654 50 296
656 42 302
649 45 306
651 39 310
649 37 314
644 42 314
646 33 321
649 33 318
655 30 315
654 33 313
654 37 309
664 36 300
669 32 299
674 31 295
674 36 290
674 34 292
672 33 295
668 31 301
671 31 298
673 30 297
672 32 296
675 32 293
676 30 294
675 29 296
680 31 289
679 29 292
676 35 289
672 38 290
669 42 289
662 44 294
660 47 293
657 41 302
656 42 302
654 43 303
650 42 308
644 42 314
645 43 312
641 42 317
644 36 320
646 36 318
645 41 314
651 35 314
648 38 314
650 39 311
650 35 315
652 32 316
654 31 315
658 32 310
660 32 308
658 33 309
657 31 312
659 30 311
661 33 306
656 37 307
656 38 306
657 41 302
659 39 302
663 35 302
670 31 299
674 31 295
679 27 294
684 26 290
680 31 289
676 34 290
676 34 290
681 35 284
681 38 281
678 38 284
675 39 286
676 40 284
673 45 282
668 45 287
665 40 295
664 34 302
667 38 295
667 35 298
665 35 300
664 38 298
664 28 308
668 23 309
669 23 308
675 24 301
676 28 296
679 21 300
678 18 304
679 19 302
683 15 302
684 15 301
687 19 294
688 21 291
686 24 290
683 27 290
686 26 288
683 29 288
680 31 289
677 31 292
678 30 292
677 31 292
677 29 294
678 31 291
681 29 290
680 30 290
682 28 290
686 23 291
685 26 289
682 26 292
680 24 296
680 22 298
675 24 301
682 24 294
683 26 291
684 26 290
683 28 289
684 25 291
686 26 288
686 26 288
685 25 290
684 26 290
687 25 288
683 25 292
683 27 290
688 27 285
689 24 287
687 30 283
687 38 275
679 43 278
679 43 278
677 45 278
674 44 282
674 45 281
677 39 284
671 45 284
679 37 284
676 34 290
675 37 288
672 39 289
668 41 291
674 37 289
673 35 292
674 35 291
675 35 290
672 34 294
668 39 293
665 39 296
667 31 302
667 34 299
666 32 302
666 28 306
674 25 301
674 27 299
673 29 298
667 32 301
666 32 302
664 37 299
673 34 293
672 34 294
672 40 288
672 38 290
666 41 293
663 38 299
659 37 304
656 36 308
654 37 309
657 31 312
657 32 311
661 30 309
668 27 305
672 28 300
673 27 300
670 27 303
673 24 303
671 27 302
674 24 302
678 23 299
677 19 304
676 21 303
683 21 296
685 24 291
686 21 293
688 17 295
695 18 287
696 18 286
703 20 277
700 21 279
700 20 280
700 21 279
703 17 280
700 21 279
697 22 281
701 24 275
698 28 274
701 28 271
702 29 269
698 31 271
692 34 274
694 36 270
699 31 270
697 32 271
701 30 269
699 35 266
699 38 263
705 35 260
704 39 257
699 42 259
703 41 256
701 39 260
698 44 258
706 42 252
707 44 249
703 44 253
697 45 258
696 48 256
691 51 258
693 47 260
694 46 260
696 45 259
692 41 267
690 40 270
694 34 272
691 36 273
686 37 277
687 36 277
687 35 278
690 33 277
695 30 275
690 33 277
685 34 281
677 39 284
669 45 286
661 53 286
656 56 288
655 55 290
639 63 298
642 55 303
640 49 311
630 56 314
626 57 317
627 49 324
619 57 324
618 51 331
618 49 333
618 45 337
618 48 334
615 44 341
615 45 340
616 46 338
618 43 339
619 41 340
615 37 348
609 43 348
615 38 347
615 35 350
616 33 351
620 32 348
617 31 352
616 27 357
625 26 349
619 26 355
628 26 346
630 27 343
633 24 343
633 25 342
635 27 338
638 24 338
639 24 337
641 24 335
642 27 331
644 26 330
647 24 329
645 29 326
652 29 319
654 24 322
658 25 317
661 24 315
667 21 312
675 19 306
674 21 305
676 22 302
678 20 302
675 22 303
678 20 302
686 20 294
693 19 288
696 21 283
693 23 284
693 25 282
694 25 281
697 26 277
702 19 279
707 17 276
703 16 281
710 14 276
714 14 272
716 16 268
719 10 271
724 7 269
722 10 268
723 11 266
725 14 261
726 14 260
728 14 258
729 16 255
726 17 257
728 17 255
732 17 251
733 20 247
733 21 246
735 18 247
735 20 245
738 21 241
737 20 243
739 19 242
742 21 237
739 27 234
742 27 231
740 31 229
736 28 236
735 27 238
733 29 238
730 31 239
729 32 239
723 35 242
719 36 245
714 37 249
715 30 255
713 30 257
710 30 260
707 33 260
704 40 256
700 46 254
696 47 257
696 37 267
703 31 266
704 31 265
704 34 262
703 33 264
701 38 261
695 38 267
694 38 268
696 36 268
697 35 268
696 33 271
697 32 271
696 32 272
697 32 271
695 35 270
701 33 266
697 38 265
697 38 265
691 40 269
688 36 276
691 30 279
695 25 280
699 18 283
706 15 279
709 17 274
714 18 268
715 17 268
716 19 265
719 14 267
725 16 259
731 14 255
730 13 257
733 13 254
735 13 252
737 11 252
740 8 252
740 10 250
744 8 248
749 9 242
749 11 240
748 11 241
753 9 238
755 11 234
760 12 228
767 13 220
770 13 217
770 14 216
774 10 216
778 10 212
782 11 207
784 11 205
788 9 203
790 5 205
793 6 201
797 4 199
799 6 195
801 5 194
804 7 189
805 6 189
814 6 180
815 6 179
817 4 179
822 5 173
825 6 169
829 4 167
832 6 162
833 8 159
832 8 160
833 8 159
832 9 159
833 10 157
836 9 155
839 11 150
840 11 149
841 12 147
842 10 148
843 10 147
846 9 145
847 6 147
849 6 145
847 7 146
849 8 143
850 8 142
851 8 141
850 7 143
849 8 143
850 5 145
847 8 145
845 10 145
844 12 144
840 14 146
837 17 146
834 18 148
826 25 149
824 23 153
821 24 155
810 35 155
803 30 167
796 36 168
789 36 175
784 33 183
772 41 187
767 45 188
757 51 192
746 55 199
739 53 208
734 52 214
722 54 224
717 54 229
714 56 230
707 61 232
685 73 242
668 84 248
661 86 253
643 94 263
631 95 274
622 96 282
613 99 288
598 102 300
592 97 311
594 93 313
587 90 323
584 88 328
574 93 333
569 89 342
563 88 349
559 85 356
557 83 360
553 76 371
557 63 380
556 64 380
555 57 388
558 55 387
561 49 390
570 47 383
569 43 388
569 42 389
571 42 387
567 41 392
569 38 393
577 37 386
587 34 379
587 33 380
585 30 385
586 30 384
591 27 382
594 23 383
594 24 382
595 24 381
604 23 373
607 23 370
610 24 366
612 25 363
620 18 362
625 19 356
631 15 354
633 15 352
635 18 347
637 20 343
642 16 342
645 17 338
648 19 333
648 16 336
645 22 333
643 30 327
643 33 324
641 30 329
638 36 326
642 31 327
638 31 331
633 34 333
628 35 337
624 38 338
621 37 342
618 32 350
616 29 355
617 31 352
620 28 352
625 25 350
630 24 346
628 25 347
634 25 341
635 25 340
637 28 335
635 28 337
637 25 338
642 26 332
639 26 335
642 24 334
648 22 330
654 17 329
661 16 323
666 13 321
668 14 318
675 16 309
679 14 307
684 14 302
689 9 302
693 10 297
698 10 292
703 8 289
709 8 283
711 12 277
714 10 276
714 14 272
721 12 267
726 11 263
730 10 260
732 13 255
732 16 252
726 23 251
722 24 254
718 26 256
720 24 256
718 25 257
715 20 265
716 23 261
718 20 262
718 19 263
717 17 266
718 19 263
721 17 262
723 17 260
726 18 256
728 16 256
738 14 248
742 15 243
744 15 241
749 16 235
748 18 234
749 17 234
750 16 234
751 19 230
749 20 231
746 21 233
745 21 234
744 20 236
742 21 237
738 25 237
742 23 235
735 29 236
727 34 239
726 28 246
725 26 249
729 25 246
720 30 250
717 31 252
712 33 255
718 31 251
721 29 250
718 33 249
706 41 253
700 46 254
691 45 264
690 47 263
687 51 262
681 47 272
677 51 272
668 59 273
668 52 280
666 55 279
662 59 279
656 60 284
647 67 286
631 68 301
622 68 310
617 66 317
609 68 323
609 63 328
606 58 336
599 64 337
596 61 343
595 59 346
588 60 352
600 59 341
600 54 346
597 53 350
598 54 348
597 58 345
599 51 350
600 49 351
603 43 354
601 47 352
597 45 358
598 43 359
599 39 362
600 36 364
605 35 360
606 34 360
602 38 360
602 37 361
600 37 363
600 39 361
599 41 360
604 37 359
604 34 362
606 33 361
613 31 356
610 29 361
607 27 366
606 27 367
604 29 367
606 30 364
607 35 358
612 29 359
618 31 351
621 29 350
624 34 342
624 28 348
628 26 346
628 26 346
632 24 344
630 22 348
635 18 347
633 19 348
638 16 346
639 17 344
640 15 345
650 14 336
652 15 333
661 8 331
666 7 327
670 8 322
674 9 317
680 9 311
690 9 301
690 10 300
695 8 297
695 9 296
697 10 293
702 9 289
707 9 284
709 9 282
710 12 278
711 14 275
712 14 274
718 11 271
721 11 268
721 13 266
720 16 264
719 17 264
715 22 263
712 24 264
714 21 265
711 22 267
709 24 267
697 36 267
690 40 270
685 36 279
674 43 283
678 42 280
681 38 281
676 42 282
672 41 287
664 48 288
660 45 295
653 49 298
649 55 296
652 54 294
647 57 296
638 58 304
637 50 313
636 46 318
640 40 320
638 37 325
631 44 325
631 40 329
641 35 324
643 38 319
638 38 324
639 33 328
642 35 323
649 26 325
650 23 327
654 18 328
657 21 322
657 23 320
658 21 321
657 26 317
664 24 312
663 25 312
662 24 314
668 22 310
672 22 306
672 17 311
678 15 307
674 18 308
679 16 305
686 15 299
688 16 296
690 13 297
696 11 293
695 13 292
694 17 289
696 18 286
696 19 285
698 16 286
697 18 285
696 19 285
700 15 285
701 16 283
706 12 282
710 11 279
713 13 274
712 12 276
721 9 270
721 11 268
723 10 267
724 12 264
724 14 262
723 14 263
723 15 262
720 18 262
717 20 263
716 20 264
717 23 260
721 24 255
718 27 255
719 28 253
722 27 251
717 36 247
718 33 249
720 36 244
721 31 248
721 26 253
722 26 252
717 30 253
717 29 254
716 26 258
721 24 255
715 24 261
710 30 260
714 26 260
717 23 260
716 24 260
712 21 267
709 25 266
704 26 270
702 30 268
707 29 264
708 31 261
702 34 264
692 40 268
685 39 276
674 42 284
670 46 284
672 41 287
670 37 293
671 37 292
678 38 284
674 44 282
670 42 288
669 41 290
669 42 289
668 48 284
669 39 292
670 41 289
667 38 295
669 38 293
669 30 301
679 26 295
675 31 294
673 31 296
672 30 298
673 31 296
675 32 293
673 37 290
670 39 291
665 41 294
666 46 288
661 45 294
657 45 298
651 48 301
649 52 299
648 38 314
654 35 311
656 30 314
661 27 312
662 27 311
667 23 310
671 22 307
672 21 307
670 22 308
673 24 303
676 23 301
682 18 300
679 19 302
681 19 300
680 20 300
678 22 300
675 22 303
673 24 303
674 22 304
675 23 302
674 22 304
671 25 304
674 24 302
675 24 301
674 22 304
677 18 305
679 21 300
683 17 300
684 19 297
687 14 299
687 13 300
690 15 295
697 13 290
702 12 286
705 9 286
704 10 286
707 13 280
707 14 279
707 17 276
709 16 275
713 16 271
716 17 267
714 19 267
718 13 269
712 16 272
711 19 270
711 17 272
710 20 270
714 19 267
717 22 261
719 22 259
722 22 256
718 25 257
715 27 258
708 26 266
709 21 270
720 17 263
727 18 255
727 22 251
727 23 250
726 21 253
729 17 254
733 14 253
733 14 253
738 18 244
738 19 243
737 18 245
737 17 246
734 24 242
738 24 238
