995 5 0
994 5 1
992 7 1
989 8 3
987 8 5
984 9 7
976 16 8
972 17 11
964 24 12
955 31 14
946 35 19
937 35 28
925 45 30
917 42 41
899 52 49
887 56 57
871 68 61
856 69 75
845 71 84
831 75 94
814 83 103
793 90 117
775 103 122
757 108 135
739 106 155
719 108 173
704 111 185
688 117 195
667 115 218
653 121 226
638 119 243
624 117 259
610 116 274
600 115 285
591 110 299
577 116 307
572 106 322
566 94 340
560 90 350
556 88 356
558 82 360
558 81 361
556 84 360
553 80 367
549 74 377
550 65 385
542 61 397
539 62 399
536 59 405
535 58 407
532 61 407
533 52 415
537 48 415
533 50 417
536 37 427
541 36 423
549 38 413
554 36 410
563 34 403
565 30 405
562 30 408
561 31 408
571 35 394
577 34 389
578 25 397
577 26 397
579 26 395
578 23 399
584 20 396
592 18 390
596 18 386
594 19 387
602 13 385
606 11 383
615 11 374
627 10 363
630 9 361
629 12 359
632 14 354
636 12 352
642 9 349
649 9 342
649 13 338
650 15 335
651 22 327
653 21 326
651 29 320
646 29 325
648 30 322
647 32 321
646 36 318
639 41 320
640 40 320
640 32 328
646 31 323
653 29 318
655 28 317
656 21 323
658 22 320
663 19 318
662 23 315
666 24 310
668 21 311
667 25 308
671 21 308
670 17 313
670 15 315
675 14 311
679 9 312
691 10 299
690 12 298
693 8 299
699 7 294
702 9 289
703 10 287
708 13 279
715 13 272
713 14 273
718 12 270
715 16 269
714 18 268
716 16 268
714 18 268
718 17 265
722 14 264
726 13 261
730 13 257
732 11 257
733 13 254
735 9 256
741 7 252
745 6 249
750 5 245
755 4 241
758 3 239
765 1 234
767 1 232
771 1 228
774 1 225
780 1 219
786 1 213
791 1 208
793 1 206
796 1 203
800 1 199
801 0 199
804 0 196
807 0 193
814 0 186
816 0 184
822 0 178
825 0 175
826 0 174
829 0 171
831 0 169
831 0 169
831 0 169
834 0 166
837 0 163
838 0 162
840 0 160
846 0 154
848 0 152
851 0 149
852 0 148
853 0 147
855 0 145
858 0 142
860 0 140
862 0 138
864 0 136
869 0 131
870 0 130
871 0 129
873 0 127
875 0 125
875 0 125
878 0 122
879 0 121
881 0 119
882 0 118
885 0 115
887 0 113
887 0 113
888 0 112
888 0 112
889 0 111
890 0 110
892 0 108
892 0 108
892 0 108
892 0 108
894 0 106
895 0 105
895 0 105
895 0 105
897 0 103
900 0 100
902 0 98
904 0 96
906 0 94
907 0 93
908 0 92
910 0 90
912 0 88
912 0 88
913 0 87
914 0 86
915 0 85
918 0 82
920 0 80
921 0 79
922 0 78
925 0 75
925 0 75
925 0 75
926 0 74
926 0 74
927 0 73
928 0 72
928 0 72
930 0 70
931 0 69
932 0 68
932 0 68
932 0 68
932 0 68
934 0 66
935 0 65
938 0 62
939 0 61
940 0 60
943 0 57
943 0 57
944 0 56
947 0 53
948 0 52
948 0 52
949 0 51
950 0 50
950 0 50
951 0 49
951 0 49
954 0 46
954 0 46
954 0 46
954 0 46
955 0 45
957 0 43
957 0 43
958 0 42
960 0 40
961 0 39
962 0 38
966 0 34
966 0 34
966 0 34
966 0 34
967 0 33
967 0 33
967 0 33
968 0 32
968 0 32
968 0 32
969 0 31
969 0 31
969 0 31
969 0 31
969 0 31
969 0 31
969 0 31
970 0 30
970 0 30
972 0 28
973 0 27
975 0 25
975 0 25
975 0 25
975 0 25
975 0 25
977 0 23
977 0 23
977 0 23
977 0 23
978 0 22
978 0 22
979 0 21
979 0 21
979 0 21
979 0 21
980 0 20
980 0 20
980 0 20
981 0 19
982 0 18
982 0 18
982 0 18
982 0 18
982 0 18
982 0 18
982 0 18
982 0 18
982 0 18
982 0 18
982 0 18
982 0 18
982 0 18
982 0 18
983 0 17
984 0 16
984 0 16
984 0 16
984 0 16
984 0 16
984 0 16
984 0 16
985 0 15
985 0 15
985 0 15
985 0 15
985 0 15
985 0 15
985 0 15
985 0 15
985 0 15
985 0 15
986 0 14
987 0 13
987 0 13
987 0 13
988 0 12
988 0 12
989 0 11
989 0 11
989 0 11
989 0 11
989 0 11
989 0 11
989 0 11
990 0 10
990 0 10
990 0 10
990 0 10
990 0 10
990 0 10
990 0 10
990 0 10
990 0 10
990 0 10
990 0 10
990 0 10
990 0 10
990 0 10
990 0 10
990 0 10
990 0 10
990 0 10
990 0 10
990 0 10
991 0 9
991 0 9
991 0 9
992 0 8
992 0 8
992 0 8
992 0 8
992 0 8
992 0 8
992 0 8
992 0 8
992 0 8
992 0 8
992 0 8
992 0 8
992 0 8
992 0 8
992 0 8
993 0 7
993 0 7
993 0 7
993 0 7
993 0 7
993 0 7
993 0 7
994 0 6
994 0 6
994 0 6
994 0 6
994 0 6
994 0 6
994 0 6
995 0 5
995 0 5
995 0 5
995 0 5
995 0 5
996 0 4
996 0 4
996 0 4
996 0 4
996 0 4
996 0 4
996 0 4
996 0 4
996 0 4
996 0 4
996 0 4
996 0 4
997 0 3
997 0 3
997 0 3
997 0 3
997 0 3
997 0 3
997 0 3
997 0 3
997 0 3
997 0 3
997 0 3
997 0 3
997 0 3
997 0 3
998 0 2
998 0 2
998 0 2
998 0 2
998 0 2
998 0 2
998 0 2
998 0 2
998 0 2
999 0 1
999 0 1
999 0 1
999 0 1
999 0 1
999 0 1
999 0 1
999 0 1
999 0 1
999 0 1
999 0 1
999 0 1
999 0 1
999 0 1
999 0 1
999 0 1
999 0 1
999 0 1
999 0 1
999 0 1
999 0 1
999 0 1
999 0 1
999 0 1
999 0 1
999 0 1
999 0 1
999 0 1
999 0 1
999 0 1
999 0 1
999 0 1
999 0 1
999 0 1
999 0 1
999 0 1
999 0 1
999 0 1
999 0 1
999 0 1
999 0 1
999 0 1
999 0 1
999 0 1
999 0 1
999 0 1
999 0 1
999 0 1
999 0 1
999 0 1
999 0 1
999 0 1
999 0 1
999 0 1
999 0 1
999 0 1
999 0 1
999 0 1
999 0 1
999 0 1
999 0 1
999 0 1
999 0 1
999 0 1
999 0 1
999 0 1
999 0 1
999 0 1
999 0 1
999 0 1
999 0 1
999 0 1
999 0 1
999 0 1
999 0 1
999 0 1
999 0 1
999 0 1
999 0 1
999 0 1
999 0 1
999 0 1
999 0 1
999 0 1
999 0 1
999 0 1
999 0 1
999 0 1
999 0 1
999 0 1
999 0 1
999 0 1
999 0 1
999 0 1
999 0 1
999 0 1
999 0 1
999 0 1
999 0 1
999 0 1
999 0 1
999 0 1
999 0 1
999 0 1
999 0 1
999 0 1
999 0 1
999 0 1
999 0 1
999 0 1
999 0 1
999 0 1
999 0 1
999 0 1
999 0 1
999 0 1
999 0 1
999 0 1
999 0 1
999 0 1
999 0 1
999 0 1
999 0 1
999 0 1
999 0 1
999 0 1
999 0 1
999 0 1
999 0 1
999 0 1
999 0 1
999 0 1
999 0 1
999 0 1
999 0 1
999 0 1
999 0 1
999 0 1
999 0 1
999 0 1
999 0 1
999 0 1
999 0 1
999 0 1
999 0 1
999 0 1
999 0 1
999 0 1
999 0 1
999 0 1
999 0 1
999 0 1
1000 0 0
1000 0 0
1000 0 0
1000 0 0
1000 0 0
1000 0 0
1000 0 0
1000 0 0
1000 0 0
1000 0 0
1000 0 0
1000 0 0
1000 0 0
1000 0 0
1000 0 0
1000 0 0
1000 0 0
1000 0 0
1000 0 0
1000 0 0
1000 0 0
1000 0 0
1000 0 0
1000 0 0
1000 0 0
1000 0 0
1000 0 0
1000 0 0
1000 0 0
1000 0 0
1000 0 0
1000 0 0
1000 0 0
1000 0 0
1000 0 0
1000 0 0
1000 0 0
1000 0 0
1000 0 0
1000 0 0
1000 0 0
1000 0 0
1000 0 0
1000 0 0
1000 0 0
1000 0 0
1000 0 0
1000 0 0
1000 0 0
1000 0 0
1000 0 0
1000 0 0
1000 0 0
1000 0 0
1000 0 0
1000 0 0
1000 0 0
1000 0 0
1000 0 0
1000 0 0
1000 0 0
1000 0 0
1000 0 0
1000 0 0
1000 0 0
1000 0 0
1000 0 0
1000 0 0
1000 0 0
1000 0 0
1000 0 0
1000 0 0
1000 0 0
1000 0 0
1000 0 0
1000 0 0
1000 0 0
1000 0 0
1000 0 0
1000 0 0
1000 0 0
1000 0 0
1000 0 0
1000 0 0
1000 0 0
1000 0 0
1000 0 0
1000 0 0
1000 0 0
1000 0 0
1000 0 0
1000 0 0
1000 0 0
1000 0 0
1000 0 0
1000 0 0
1000 0 0
1000 0 0
1000 0 0
1000 0 0
1000 0 0
1000 0 0
1000 0 0
1000 0 0
1000 0 0
1000 0 0
1000 0 0
1000 0 0
1000 0 0
1000 0 0
1000 0 0
1000 0 0
1000 0 0
1000 0 0
1000 0 0
1000 0 0
1000 0 0
1000 0 0
1000 0 0
1000 0 0
1000 0 0
1000 0 0
1000 0 0
1000 0 0
1000 0 0
1000 0 0
1000 0 0
1000 0 0
1000 0 0
1000 0 0
1000 0 0
1000 0 0
1000 0 0
1000 0 0
1000 0 0
1000 0 0
1000 0 0
1000 0 0
1000 0 0
1000 0 0
1000 0 0
1000 0 0
1000 0 0
1000 0 0
1000 0 0
1000 0 0
1000 0 0
1000 0 0
1000 0 0
1000 0 0
1000 0 0
1000 0 0
1000 0 0
1000 0 0
1000 0 0
1000 0 0
1000 0 0
1000 0 0
1000 0 0
1000 0 0
1000 0 0
1000 0 0
1000 0 0
1000 0 0
1000 0 0
1000 0 0
1000 0 0
1000 0 0
1000 0 0
1000 0 0
1000 0 0
1000 0 0
1000 0 0
1000 0 0
1000 0 0
1000 0 0
1000 0 0
1000 0 0
1000 0 0
1000 0 0
1000 0 0
1000 0 0
1000 0 0
1000 0 0
1000 0 0
1000 0 0
1000 0 0
1000 0 0
1000 0 0
1000 0 0
1000 0 0
1000 0 0
1000 0 0
1000 0 0
1000 0 0
1000 0 0
1000 0 0
1000 0 0
1000 0 0
1000 0 0
1000 0 0
1000 0 0
1000 0 0
1000 0 0
1000 0 0
1000 0 0
1000 0 0
1000 0 0
1000 0 0
1000 0 0
1000 0 0
1000 0 0
1000 0 0
1000 0 0
1000 0 0
1000 0 0
1000 0 0
1000 0 0
1000 0 0
1000 0 0
1000 0 0
1000 0 0
1000 0 0
1000 0 0
1000 0 0
1000 0 0
1000 0 0
1000 0 0
1000 0 0
1000 0 0
1000 0 0
1000 0 0
1000 0 0
1000 0 0
1000 0 0
1000 0 0
1000 0 0
1000 0 0
1000 0 0
1000 0 0
1000 0 0
1000 0 0
1000 0 0
1000 0 0
1000 0 0
1000 0 0
1000 0 0
1000 0 0
1000 0 0
1000 0 0
1000 0 0
1000 0 0
1000 0 0
1000 0 0
1000 0 0
1000 0 0
1000 0 0
1000 0 0
1000 0 0
1000 0 0
1000 0 0
1000 0 0
1000 0 0
1000 0 0
1000 0 0
1000 0 0
1000 0 0
1000 0 0
1000 0 0
1000 0 0
1000 0 0
1000 0 0
1000 0 0
1000 0 0
1000 0 0
1000 0 0
1000 0 0
1000 0 0
1000 0 0
1000 0 0
1000 0 0
1000 0 0
1000 0 0
1000 0 0
1000 0 0
1000 0 0
1000 0 0
1000 0 0
1000 0 0
1000 0 0
1000 0 0
1000 0 0
1000 0 0
1000 0 0
1000 0 0
1000 0 0
1000 0 0
1000 0 0
1000 0 0
1000 0 0
1000 0 0
1000 0 0
1000 0 0
1000 0 0
1000 0 0
1000 0 0
1000 0 0
1000 0 0
1000 0 0
1000 0 0
1000 0 0
1000 0 0
1000 0 0
1000 0 0
1000 0 0
1000 0 0
1000 0 0
1000 0 0
1000 0 0
1000 0 0
1000 0 0
1000 0 0
1000 0 0
1000 0 0
1000 0 0
1000 0 0
1000 0 0
1000 0 0
1000 0 0
1000 0 0
1000 0 0
1000 0 0
1000 0 0
1000 0 0
1000 0 0
1000 0 0
1000 0 0
1000 0 0
1000 0 0
1000 0 0
1000 0 0
1000 0 0
1000 0 0
1000 0 0
1000 0 0
1000 0 0
1000 0 0
1000 0 0
1000 0 0
1000 0 0
1000 0 0
1000 0 0
1000 0 0
1000 0 0
1000 0 0
1000 0 0
1000 0 0
1000 0 0
1000 0 0
1000 0 0
1000 0 0
1000 0 0
1000 0 0
1000 0 0
1000 0 0
1000 0 0
1000 0 0
1000 0 0
1000 0 0
1000 0 0
1000 0 0
1000 0 0
1000 0 0
1000 0 0
1000 0 0
1000 0 0
1000 0 0
1000 0 0
1000 0 0
1000 0 0
1000 0 0
1000 0 0
1000 0 0
1000 0 0
1000 0 0
1000 0 0
1000 0 0
1000 0 0
1000 0 0
1000 0 0
1000 0 0
1000 0 0
1000 0 0
1000 0 0
1000 0 0
1000 0 0
1000 0 0
1000 0 0
1000 0 0
1000 0 0
1000 0 0
1000 0 0
1000 0 0
1000 0 0
1000 0 0
1000 0 0
1000 0 0
1000 0 0
1000 0 0
1000 0 0
1000 0 0
1000 0 0
1000 0 0
1000 0 0
1000 0 0
1000 0 0
1000 0 0
1000 0 0
