1000 0 0
1000 0 0
1000 0 0
1000 0 0
1000 0 0
999 1 0
996 4 0
994 6 0
989 10 1
983 13 4
971 21 8
954 34 12
941 37 22
932 39 29
909 54 37
897 54 49
880 64 56
866 62 72
855 62 83
832 74 94
808 90 102
784 97 119
762 107 131
749 104 147
731 105 164
706 121 173
685 122 193
679 117 204
664 115 221
654 111 235
646 102 252
634 101 265
621 101 278
621 91 288
616 83 301
606 85 309
596 85 319
589 83 328
585 80 335
583 74 343
575 70 355
571 68 361
570 64 366
565 69 366
561 67 372
563 61 376
564 56 380
566 51 383
571 49 380
573 43 384
570 41 389
575 38 387
581 33 386
583 32 385
588 29 383
595 29 376
604 26 370
607 24 369
619 19 362
627 20 353
631 20 349
637 17 346
639 16 345
641 17 342
646 13 341
654 10 336
659 8 333
663 8 329
665 8 327
674 7 319
683 8 309
687 6 307
691 5 304
690 7 303
695 8 297
698 7 295
703 7 290
707 6 287
709 7 284
712 7 281
714 7 279
717 7 276
712 15 273
708 21 271
703 25 272
706 21 273
706 24 270
705 22 273
706 27 267
708 26 266
709 26 265
713 21 266
713 19 268
714 15 271
715 16 269
712 18 270
719 15 266
720 16 264
718 18 264
720 17 263
719 20 261
717 20 263
716 18 266
715 18 267
714 21 265
717 23 260
713 23 264
712 22 266
710 28 262
710 27 263
709 30 261
707 32 261
708 30 262
700 36 264
696 40 264
686 46 268
686 43 271
689 41 270
681 47 272
676 51 273
669 58 273
667 50 283
662 50 288
666 51 283
663 51 286
661 46 293
664 47 289
664 46 290
668 46 286
670 46 284
668 41 291
669 42 289
668 39 293
665 42 293
663 47 290
659 42 299
655 47 298
655 44 301
657 38 305
657 36 307
657 35 308
653 36 311
647 42 311
651 43 306
651 38 311
655 38 307
652 39 309
655 40 305
657 39 304
648 39 313
648 41 311
646 38 316
648 38 314
647 39 314
650 39 311
650 36 314
651 34 315
649 35 316
647 41 312
641 38 321
631 45 324
637 43 320
640 37 323
638 35 327
634 38 328
636 36 328
635 34 331
633 34 333
635 35 330
640 36 324
643 32 325
641 28 331
639 30 331
639 29 332
637 31 332
637 29 334
636 27 337
638 25 337
642 22 336
646 21 333
651 17 332
651 21 328
654 16 330
657 15 328
658 15 327
661 14 325
666 10 324
667 11 322
668 11 321
670 8 322
675 8 317
677 7 316
678 6 316
683 4 313
690 4 306
690 6 304
695 6 299
698 7 295
704 8 288
707 7 286
711 8 281
714 8 278
722 6 272
724 5 271
725 9 266
732 10 258
732 12 256
732 15 253
741 14 245
742 15 243
739 17 244
743 19 238
742 16 242
743 16 241
745 16 239
746 14 240
743 20 237
749 17 234
749 16 235
736 29 235
733 29 238
725 32 243
720 32 248
707 43 250
704 43 253
705 34 261
702 38 260
703 32 265
700 33 267
702 35 263
700 42 258
702 38 260
699 38 263
700 35 265
702 37 261
700 41 259
702 40 258
702 39 259
702 38 260
702 34 264
703 39 258
705 33 262
705 28 267
705 30 265
705 29 266
702 34 264
703 34 263
706 33 261
703 32 265
703 32 265
699 37 264
696 42 262
685 50 265
682 51 267
676 53 271
675 51 274
672 51 277
668 49 283
665 46 289
662 45 293
655 49 296
653 49 298
650 48 302
650 47 303
643 44 313
647 39 314
648 39 313
650 39 311
641 42 317
646 39 315
652 35 313
662 33 305
656 38 306
659 28 313
659 26 315
659 25 316
662 24 314
664 22 314
669 17 314
672 13 315
676 12 312
681 13 306
686 13 301
691 9 300
693 9 298
699 6 295
699 12 289
699 12 289
705 12 283
709 12 279
711 9 280
714 5 281
714 5 281
716 5 279
720 5 275
719 11 270
718 8 274
723 7 270
724 7 269
727 4 269
726 4 270
734 3 263
740 3 257
743 3 254
745 3 252
748 3 249
749 2 249
753 1 246
759 1 240
760 0 240
765 0 235
769 0 231
774 0 226
779 0 221
782 0 218
784 0 216
789 0 211
793 0 207
796 1 203
799 0 201
801 0 199
807 0 193
809 0 191
814 0 186
820 0 180
824 0 176
828 0 172
833 0 167
838 0 162
839 0 161
840 0 160
840 0 160
841 0 159
845 0 155
846 0 154
850 0 150
853 0 147
857 0 143
859 0 141
863 0 137
865 0 135
868 0 132
869 0 131
873 0 127
875 0 125
876 0 124
877 0 123
881 0 119
881 0 119
882 0 118
884 0 116
885 0 115
886 0 114
887 0 113
891 0 109
893 0 107
894 0 106
896 0 104
898 0 102
901 0 99
902 0 98
903 0 97
904 0 96
906 0 94
906 0 94
907 0 93
908 0 92
910 0 90
910 0 90
910 0 90
911 0 89
912 0 88
915 0 85
916 0 84
916 0 84
918 0 82
921 0 79
923 0 77
925 0 75
926 0 74
929 0 71
929 0 71
929 0 71
931 0 69
934 0 66
935 0 65
938 0 62
940 0 60
940 0 60
940 0 60
943 0 57
945 0 55
947 0 53
948 0 52
950 0 50
951 0 49
951 0 49
954 0 46
954 0 46
955 0 45
957 0 43
958 0 42
959 0 41
960 0 40
961 0 39
961 0 39
961 0 39
961 0 39
962 0 38
962 0 38
963 0 37
964 0 36
965 0 35
966 0 34
966 0 34
966 0 34
966 0 34
966 0 34
967 0 33
967 0 33
968 0 32
968 0 32
969 0 31
969 0 31
969 0 31
969 0 31
970 0 30
970 0 30
970 0 30
970 0 30
971 0 29
971 0 29
972 0 28
973 0 27
974 0 26
974 0 26
974 0 26
974 0 26
974 0 26
974 0 26
975 0 25
976 0 24
976 0 24
977 0 23
977 0 23
977 0 23
977 0 23
977 0 23
978 0 22
978 0 22
979 0 21
979 0 21
979 0 21
979 0 21
981 0 19
981 0 19
981 0 19
981 0 19
981 0 19
981 0 19
982 0 18
982 0 18
982 0 18
982 0 18
982 0 18
983 0 17
984 0 16
985 0 15
985 0 15
985 0 15
985 0 15
985 0 15
985 0 15
985 0 15
985 0 15
985 0 15
985 0 15
985 0 15
986 0 14
986 0 14
986 0 14
986 0 14
986 0 14
987 0 13
987 0 13
987 0 13
987 0 13
988 0 12
988 0 12
988 0 12
989 0 11
989 0 11
989 0 11
990 0 10
990 0 10
990 0 10
991 0 9
992 0 8
992 0 8
992 0 8
992 0 8
992 0 8
992 0 8
992 0 8
992 0 8
992 0 8
992 0 8
993 0 7
993 0 7
993 0 7
993 0 7
994 0 6
994 0 6
994 0 6
995 0 5
995 0 5
995 0 5
995 0 5
996 0 4
996 0 4
996 0 4
996 0 4
997 0 3
997 0 3
997 0 3
997 0 3
997 0 3
997 0 3
997 0 3
997 0 3
997 0 3
997 0 3
997 0 3
997 0 3
997 0 3
997 0 3
997 0 3
997 0 3
997 0 3
997 0 3
997 0 3
997 0 3
997 0 3
997 0 3
997 0 3
997 0 3
997 0 3
997 0 3
997 0 3
997 0 3
997 0 3
997 0 3
997 0 3
997 0 3
997 0 3
997 0 3
997 0 3
997 0 3
997 0 3
997 0 3
998 0 2
998 0 2
998 0 2
998 0 2
999 0 1
999 0 1
999 0 1
999 0 1
999 0 1
999 0 1
999 0 1
999 0 1
999 0 1
999 0 1
999 0 1
999 0 1
999 0 1
999 0 1
999 0 1
999 0 1
999 0 1
999 0 1
999 0 1
999 0 1
999 0 1
999 0 1
999 0 1
999 0 1
999 0 1
999 0 1
999 0 1
999 0 1
999 0 1
999 0 1
999 0 1
999 0 1
999 0 1
999 0 1
999 0 1
999 0 1
999 0 1
999 0 1
999 0 1
999 0 1
999 0 1
999 0 1
999 0 1
999 0 1
999 0 1
999 0 1
999 0 1
999 0 1
999 0 1
999 0 1
999 0 1
999 0 1
999 0 1
999 0 1
999 0 1
999 0 1
999 0 1
999 0 1
999 0 1
999 0 1
999 0 1
999 0 1
999 0 1
999 0 1
999 0 1
999 0 1
999 0 1
999 0 1
999 0 1
999 0 1
999 0 1
999 0 1
999 0 1
999 0 1
999 0 1
999 0 1
999 0 1
999 0 1
999 0 1
999 0 1
999 0 1
999 0 1
999 0 1
999 0 1
999 0 1
999 0 1
999 0 1
999 0 1
999 0 1
999 0 1
999 0 1
999 0 1
999 0 1
999 0 1
999 0 1
999 0 1
999 0 1
999 0 1
999 0 1
999 0 1
999 0 1
999 0 1
999 0 1
999 0 1
999 0 1
999 0 1
999 0 1
999 0 1
999 0 1
999 0 1
999 0 1
999 0 1
999 0 1
999 0 1
999 0 1
999 0 1
999 0 1
999 0 1
999 0 1
999 0 1
999 0 1
999 0 1
999 0 1
999 0 1
999 0 1
999 0 1
999 0 1
999 0 1
999 0 1
999 0 1
999 0 1
1000 0 0
1000 0 0
1000 0 0
1000 0 0
1000 0 0
1000 0 0
1000 0 0
1000 0 0
1000 0 0
1000 0 0
1000 0 0
1000 0 0
1000 0 0
1000 0 0
1000 0 0
1000 0 0
1000 0 0
1000 0 0
1000 0 0
1000 0 0
1000 0 0
1000 0 0
1000 0 0
1000 0 0
1000 0 0
1000 0 0
1000 0 0
1000 0 0
1000 0 0
1000 0 0
1000 0 0
1000 0 0
1000 0 0
1000 0 0
1000 0 0
1000 0 0
1000 0 0
1000 0 0
1000 0 0
1000 0 0
1000 0 0
1000 0 0
1000 0 0
1000 0 0
1000 0 0
1000 0 0
1000 0 0
1000 0 0
1000 0 0
1000 0 0
1000 0 0
1000 0 0
1000 0 0
1000 0 0
1000 0 0
1000 0 0
1000 0 0
1000 0 0
1000 0 0
1000 0 0
1000 0 0
1000 0 0
1000 0 0
1000 0 0
1000 0 0
1000 0 0
1000 0 0
1000 0 0
1000 0 0
1000 0 0
1000 0 0
1000 0 0
1000 0 0
1000 0 0
1000 0 0
1000 0 0
1000 0 0
1000 0 0
1000 0 0
1000 0 0
1000 0 0
1000 0 0
1000 0 0
1000 0 0
1000 0 0
1000 0 0
1000 0 0
1000 0 0
1000 0 0
1000 0 0
1000 0 0
1000 0 0
1000 0 0
1000 0 0
1000 0 0
1000 0 0
1000 0 0
1000 0 0
1000 0 0
1000 0 0
1000 0 0
1000 0 0
1000 0 0
1000 0 0
1000 0 0
1000 0 0
1000 0 0
1000 0 0
1000 0 0
1000 0 0
1000 0 0
1000 0 0
1000 0 0
1000 0 0
1000 0 0
1000 0 0
1000 0 0
1000 0 0
1000 0 0
1000 0 0
1000 0 0
1000 0 0
1000 0 0
1000 0 0
1000 0 0
1000 0 0
1000 0 0
1000 0 0
1000 0 0
1000 0 0
1000 0 0
1000 0 0
1000 0 0
1000 0 0
1000 0 0
1000 0 0
1000 0 0
1000 0 0
1000 0 0
1000 0 0
1000 0 0
1000 0 0
1000 0 0
1000 0 0
1000 0 0
1000 0 0
1000 0 0
1000 0 0
1000 0 0
1000 0 0
1000 0 0
1000 0 0
1000 0 0
1000 0 0
1000 0 0
1000 0 0
1000 0 0
1000 0 0
1000 0 0
1000 0 0
1000 0 0
1000 0 0
1000 0 0
1000 0 0
1000 0 0
1000 0 0
1000 0 0
1000 0 0
1000 0 0
1000 0 0
1000 0 0
1000 0 0
1000 0 0
1000 0 0
1000 0 0
1000 0 0
1000 0 0
1000 0 0
1000 0 0
1000 0 0
1000 0 0
1000 0 0
1000 0 0
1000 0 0
1000 0 0
1000 0 0
1000 0 0
1000 0 0
1000 0 0
1000 0 0
1000 0 0
1000 0 0
1000 0 0
1000 0 0
1000 0 0
1000 0 0
1000 0 0
1000 0 0
1000 0 0
1000 0 0
1000 0 0
1000 0 0
1000 0 0
1000 0 0
1000 0 0
1000 0 0
1000 0 0
1000 0 0
1000 0 0
1000 0 0
1000 0 0
1000 0 0
1000 0 0
1000 0 0
1000 0 0
1000 0 0
1000 0 0
1000 0 0
1000 0 0
1000 0 0
1000 0 0
1000 0 0
1000 0 0
1000 0 0
1000 0 0
1000 0 0
1000 0 0
1000 0 0
1000 0 0
1000 0 0
1000 0 0
1000 0 0
1000 0 0
1000 0 0
1000 0 0
1000 0 0
1000 0 0
1000 0 0
1000 0 0
1000 0 0
1000 0 0
1000 0 0
1000 0 0
1000 0 0
1000 0 0
1000 0 0
1000 0 0
1000 0 0
1000 0 0
1000 0 0
1000 0 0
1000 0 0
1000 0 0
1000 0 0
1000 0 0
1000 0 0
1000 0 0
1000 0 0
1000 0 0
1000 0 0
1000 0 0
1000 0 0
1000 0 0
1000 0 0
1000 0 0
1000 0 0
1000 0 0
1000 0 0
1000 0 0
1000 0 0
1000 0 0
1000 0 0
1000 0 0
1000 0 0
1000 0 0
1000 0 0
1000 0 0
1000 0 0
1000 0 0
1000 0 0
1000 0 0
1000 0 0
1000 0 0
1000 0 0
1000 0 0
1000 0 0
1000 0 0
1000 0 0
1000 0 0
1000 0 0
1000 0 0
1000 0 0
1000 0 0
1000 0 0
1000 0 0
1000 0 0
1000 0 0
1000 0 0
1000 0 0
1000 0 0
1000 0 0
1000 0 0
1000 0 0
1000 0 0
1000 0 0
1000 0 0
