1000 0 0
999 1 0
998 1 1
997 2 1
993 6 1
993 4 3
989 7 4
982 11 7
977 13 10
973 14 13
970 15 15
964 17 19
942 36 22
927 46 27
909 55 36
895 61 44
873 71 56
843 87 70
818 100 82
787 113 100
760 123 117
740 120 140
713 128 159
696 127 177
672 140 188
658 144 198
639 146 215
619 146 235
608 135 257
586 139 275
568 137 295
559 134 307
546 127 327
536 128 336
531 110 359
531 103 366
528 98 374
524 100 376
527 98 375
521 93 386
520 86 394
526 74 400
525 72 403
526 66 408
526 57 417
533 46 421
536 44 420
532 43 425
533 43 424
533 42 425
538 36 426
543 39 418
546 35 419
550 31 419
553 28 419
557 27 416
553 27 420
554 20 426
561 18 421
561 19 420
572 15 413
571 16 413
576 15 409
575 19 406
578 21 401
578 23 399
581 23 396
589 22 389
599 15 386
604 16 380
613 15 372
620 15 365
629 15 356
634 16 350
637 18 345
645 17 338
647 17 336
646 24 330
646 27 327
644 26 330
650 22 328
657 20 323
664 18 318
669 15 316
667 19 314
672 15 313
673 17 310
675 19 306
674 21 305
683 17 300
686 13 301
688 9 303
690 11 299
690 14 296
697 12 291
701 12 287
706 9 285
713 8 279
711 11 278
716 10 274
722 8 270
727 10 263
733 9 258
740 8 252
742 8 250
740 10 250
740 13 247
737 13 250
747 10 243
752 5 243
754 4 242
758 2 240
761 1 238
762 1 237
766 1 233
773 2 225
777 4 219
778 6 216
783 3 214
788 3 209
792 2 206
793 3 204
796 4 200
796 5 199
799 5 196
802 6 192
805 4 191
804 5 191
805 6 189
803 9 188
802 9 189
806 5 189
803 8 189
803 12 185
805 11 184
801 18 181
793 21 186
792 21 187
786 29 185
781 34 185
775 36 189
763 41 196
760 43 197
757 42 201
751 47 202
749 47 204
746 43 211
739 45 216
734 47 219
732 50 218
721 55 224
725 46 229
723 42 235
716 48 236
718 45 237
717 45 238
716 43 241
710 44 246
714 38 248
714 33 253
714 35 251
710 33 257
706 36 258
703 43 254
701 43 256
697 47 256
695 42 263
691 41 268
690 40 270
689 36 275
688 31 281
691 26 283
692 23 285
697 21 282
699 22 279
702 22 276
704 24 272
709 23 268
713 22 265
712 23 265
708 21 271
706 21 273
707 19 274
707 21 272
709 21 270
707 25 268
703 25 272
708 20 272
708 21 271
709 19 272
719 19 262
720 21 259
720 21 259
721 22 257
723 21 256
721 25 254
716 27 257
719 13 268
717 15 268
715 16 269
721 15 264
722 10 268
725 11 264
729 12 259
734 10 256
738 9 253
739 12 249
743 12 245
740 13 247
741 15 244
740 13 247
740 13 247
742 11 247
737 13 250
738 14 248
744 13 243
748 15 237
749 14 237
747 12 241
750 13 237
752 15 233
753 18 229
755 17 228
753 14 233
754 15 231
753 15 232
757 12 231
764 12 224
766 12 222
762 18 220
766 13 221
769 13 218
765 20 215
762 24 214
759 22 219
762 23 215
760 25 215
762 26 212
762 32 206
753 41 206
751 37 212
745 42 213
740 47 213
739 40 221
733 44 223
726 42 232
717 40 243
716 37 247
708 44 248
703 47 250
697 50 253
694 53 253
690 55 255
686 56 258
683 55 262
682 51 267
677 53 270
677 53 270
673 59 268
669 55 276
672 50 278
674 49 277
677 46 277
680 37 283
682 37 281
688 35 277
687 34 279
688 33 279
686 33 281
681 36 283
683 30 287
681 26 293
683 24 293
683 24 293
689 24 287
697 22 281
702 17 281
700 21 279
702 18 280
705 18 277
704 18 278
706 17 277
706 22 272
709 22 269
705 24 271
709 17 274
711 16 273
711 17 272
716 17 267
718 18 264
711 27 262
715 25 260
714 25 261
717 24 259
716 26 258
717 28 255
722 23 255
719 25 256
721 27 252
718 27 255
721 25 254
724 25 251
721 28 251
725 29 246
715 38 247
706 45 249
698 46 256
690 49 261
684 56 260
678 52 270
672 56 272
674 47 279
671 47 282
670 42 288
668 43 289
665 45 290
659 49 292
656 52 292
650 50 300
648 47 305
648 46 306
649 42 309
647 42 311
648 34 318
646 31 323
644 27 329
647 30 323
647 30 323
648 34 318
646 33 321
653 29 318
656 29 315
656 33 311
653 39 308
655 35 310
648 40 312
646 40 314
648 38 314
646 37 317
645 33 322
641 35 324
642 38 320
638 41 321
640 37 323
638 42 320
636 43 321
634 42 324
633 34 333
631 36 333
626 39 335
624 36 340
625 33 342
626 35 339
624 33 343
618 36 346
621 33 346
629 30 341
632 25 343
636 23 341
636 18 346
639 20 341
639 18 343
643 18 339
646 16 338
646 14 340
650 11 339
657 10 333
663 11 326
670 11 319
680 10 310
683 8 309
689 8 303
692 7 301
692 9 299
696 10 294
699 10 291
706 12 282
710 14 276
711 16 273
717 13 270
718 14 268
722 11 267
724 9 267
728 8 264
729 8 263
727 13 260
729 15 256
730 16 254
731 20 249
735 22 243
744 21 235
748 19 233
749 19 232
754 16 230
758 14 228
756 16 228
754 19 227
756 19 225
753 24 223
755 22 223
761 20 219
764 18 218
762 18 220
758 22 220
755 25 220
756 21 223
760 19 221
761 21 218
762 20 218
758 25 217
763 24 213
762 23 215
762 25 213
761 28 211
753 35 212
747 42 211
741 42 217
735 41 224
732 42 226
726 41 233
724 40 236
717 43 240
718 41 241
710 47 243
703 45 252
704 46 250
700 47 253
697 45 258
693 50 257
694 51 255
689 52 259
687 52 261
688 48 264
683 47 270
679 50 271
672 53 275
672 54 274
672 49 279
671 51 278
665 48 287
665 44 291
662 41 297
658 44 298
655 47 298
654 46 300
652 46 302
651 49 300
651 48 301
650 49 301
646 49 305
647 44 309
644 45 311
651 43 306
648 43 309
641 49 310
636 51 313
631 53 316
628 52 320
627 48 325
627 44 329
626 47 327
631 41 328
634 36 330
638 31 331
641 33 326
640 33 327
643 34 323
648 27 325
647 26 327
648 28 324
653 28 319
658 25 317
658 23 319
662 21 317
665 27 308
671 24 305
668 29 303
668 30 302
671 25 304
674 20 306
676 16 308
678 16 306
679 17 304
675 18 307
675 18 307
676 17 307
676 10 314
679 11 310
689 9 302
690 10 300
693 12 295
698 10 292
692 13 295
693 12 295
695 17 288
696 18 286
701 18 281
703 19 278
698 25 277
697 26 277
693 27 280
695 28 277
696 26 278
699 24 277
700 27 273
700 23 277
704 23 273
706 25 269
705 26 269
706 26 268
709 28 263
708 27 265
704 27 269
701 28 271
692 40 268
687 40 273
685 43 272
687 38 275
687 34 279
689 38 273
694 36 270
702 28 270
700 34 266
700 29 271
695 35 270
694 34 272
689 32 279
686 36 278
688 31 281
683 35 282
680 37 283
682 35 283
685 31 284
685 30 285
686 33 281
688 32 280
686 31 283
682 30 288
687 24 289
693 22 285
698 23 279
702 23 275
703 21 276
704 22 274
706 22 272
706 21 273
710 18 272
712 17 271
709 16 275
704 21 275
705 25 270
707 17 276
709 17 274
707 20 273
703 23 274
706 22 272
711 17 272
714 17 269
717 15 268
721 12 267
725 12 263
729 12 259
733 14 253
736 13 251
737 13 250
741 12 247
744 11 245
743 13 244
746 14 240
745 16 239
739 23 238
737 26 237
741 26 233
739 24 237
738 24 238
742 19 239
740 25 235
736 30 234
735 31 234
734 28 238
728 28 244
728 30 242
723 33 244
716 37 247
709 42 249
704 42 254
698 49 253
693 53 254
688 52 260
688 45 267
685 46 269
681 42 277
674 44 282
670 48 282
661 53 286
656 57 287
652 59 289
642 67 291
630 69 301
627 61 312
631 55 314
632 51 317
628 48 324
627 50 323
625 48 327
622 42 336
623 41 336
630 38 332
632 39 329
636 37 327
632 39 329
633 38 329
636 41 323
633 42 325
624 48 328
624 43 333
625 45 330
629 43 328
629 41 330
629 41 330
626 44 330
622 47 331
622 51 327
621 46 333
622 39 339
624 40 336
622 42 336
627 37 336
635 32 333
629 38 333
625 38 337
624 37 339
623 30 347
621 29 350
623 30 347
624 29 347
625 24 351
627 26 347
628 29 343
627 32 341
632 30 338
638 31 331
636 30 334
634 35 331
636 34 330
634 35 331
636 29 335
633 33 334
637 30 333
637 29 334
640 30 330
642 28 330
641 35 324
644 30 326
640 34 326
640 35 325
645 33 322
644 35 321
636 42 322
638 39 323
635 43 322
627 45 328
628 40 332
630 36 334
627 36 337
634 32 334
634 34 332
637 37 326
636 38 326
635 38 327
634 38 328
639 36 325
637 39 324
631 41 328
632 44 324
635 39 326
637 34 329
642 32 326
644 28 328
647 24 329
656 21 323
659 18 323
663 19 318
664 22 314
666 24 310
668 22 310
669 25 306
667 28 305
667 28 305
668 26 306
673 30 297
672 29 299
666 35 299
664 41 295
665 41 294
664 41 295
653 45 302
655 42 303
651 44 305
642 44 314
640 44 316
633 45 322
634 41 325
641 38 321
642 38 320
644 38 318
642 42 316
636 44 320
639 46 315
631 48 321
636 42 322
638 37 325
644 37 319
642 40 318
638 39 323
641 38 321
646 33 321
644 35 321
644 35 321
644 31 325
644 31 325
644 33 323
642 32 326
646 28 326
651 24 325
650 26 324
646 27 327
651 23 326
646 27 327
645 27 328
647 24 329
650 25 325
655 24 321
659 24 317
662 20 318
665 17 318
667 16 317
668 18 314
674 14 312
684 12 304
687 14 299
689 17 294
690 13 297
695 14 291
695 19 286
698 17 285
700 18 282
697 23 280
694 26 280
693 32 275
694 30 276
688 30 282
689 32 279
687 32 281
688 28 284
692 26 282
692 28 280
694 25 281
692 25 283
690 24 286
686 25 289
684 24 292
690 22 288
688 27 285
688 25 287
684 27 289
684 31 285
688 29 283
690 32 278
689 30 281
689 28 283
691 27 282
696 30 274
691 33 276
685 37 278
682 43 275
670 54 276
667 54 279
664 52 284
653 57 290
648 47 305
641 52 307
639 52 309
645 48 307
646 47 307
642 56 302
638 53 309
631 55 314
625 57 318
625 57 318
618 58 324
613 64 323
608 62 330
612 56 332
613 51 336
611 42 347
615 36 349
611 36 353
618 32 350
626 32 342
628 27 345
626 31 343
629 30 341
635 27 338
632 30 338
634 27 339
640 23 337
641 24 335
639 25 336
645 24 331
647 21 332
653 22 325
660 19 321
664 16 320
669 13 318
674 13 313
680 14 306
681 11 308
683 8 309
687 3 310
696 3 301
702 3 295
708 5 287
707 9 284
707 11 282
710 8 282
716 6 278
717 6 277
721 4 275
725 2 273
727 2 271
730 2 268
736 1 263
743 1 256
745 1 254
748 1 251
750 1 249
755 1 244
758 2 240
766 2 232
773 3 224
777 4 219
781 4 215
783 3 214
786 3 211
791 3 206
792 4 204
797 3 200
801 2 197
804 2 194
807 4 189
811 3 186
814 4 182
819 2 179
823 2 175
827 2 171
828 3 169
831 3 166
833 4 163
838 3 159
840 3 157
839 6 155
840 6 154
840 9 151
844 9 147
846 10 144
844 12 144
846 11 143
848 13 139
852 13 135
854 12 134
854 10 136
855 9 136
852 11 137
853 10 137
854 12 134
857 10 133
856 15 129
851 18 131
849 16 135
849 17 134
847 18 135
845 19 136
841 24 135
835 27 138
831 26 143
824 32 144
821 35 144
819 36 145
815 42 143
811 43 146
804 43 153
800 36 164
802 37 161
796 38 166
792 44 164
784 48 168
776 47 177
772 46 182
768 42 190
760 44 196
754 50 196
750 52 198
740 57 203
734 57 209
722 60 218
716 55 229
713 52 235
710 46 244
706 44 250
709 45 246
703 48 249
700 47 253
698 45 257
692 48 260
684 54 262
682 50 268
677 53 270
668 52 280
663 55 282
661 51 288
657 54 289
648 56 296
642 52 306
628 62 310
626 61 313
627 60 313
625 58 317
621 57 322
619 57 324
619 56 325
622 48 330
627 46 327
628 41 331
629 40 331
625 45 330
626 46 328
623 45 332
622 40 338
620 40 340
616 40 344
621 34 345
619 34 347
619 34 347
623 33 344
627 36 337
623 41 336
628 41 331
633 40 327
635 39 326
634 38 328
633 39 328
632 45 323
630 42 328
627 46 327
626 43 331
625 42 333
622 42 336
621 42 337
628 40 332
630 41 329
634 40 326
630 43 327
634 37 329
630 40 330
633 36 331
635 38 327
637 33 330
633 33 334
634 35 331
633 39 328
641 31 328
642 30 328
645 27 328
651 26 323
657 26 317
662 25 313
664 21 315
670 19 311
676 19 305
677 23 300
674 28 298
673 27 300
680 24 296
678 27 295
677 25 298
678 25 297
676 24 300
669 32 299
667 27 306
670 27 303
664 28 308
661 32 307
659 35 306
661 33 306
660 35 305
657 36 307
658 39 303
655 45 300
648 48 304
644 45 311
