995 5 0
995 4 1
992 6 2
986 11 3
973 19 8
966 24 10
963 25 12
950 33 17
939 41 20
922 52 26
908 57 35
894 62 44
867 82 51
843 90 67
823 88 89
798 99 103
781 100 119
759 117 124
730 127 143
713 126 161
686 133 181
661 142 197
638 155 207
618 150 232
601 142 257
582 139 279
568 136 296
562 135 303
552 123 325
553 109 338
543 98 359
536 91 373
540 80 380
538 70 392
537 69 394
534 60 406
539 54 407
545 51 404
546 51 403
549 53 398
555 49 396
553 53 394
563 49 388
565 44 391
568 43 389
576 40 384
579 35 386
583 37 380
587 39 374
587 35 378
585 38 377
588 42 370
592 40 368
589 39 372
587 42 371
592 41 367
596 37 367
602 35 363
604 36 360
609 31 360
618 32 350
619 39 342
621 40 339
629 39 332
632 37 331
629 40 331
632 37 331
635 36 329
636 36 328
636 35 329
636 29 335
642 26 332
643 26 331
643 26 331
646 29 325
649 25 326
646 34 320
648 27 325
645 31 324
646 34 320
639 37 324
635 37 328
633 38 329
627 42 331
630 42 328
626 45 329
627 43 330
627 48 325
627 45 328
630 46 324
623 49 328
622 47 331
626 46 328
617 50 333
612 50 338
610 50 340
609 49 342
616 40 344
618 41 341
618 34 348
622 34 344
619 37 344
619 37 344
619 37 344
615 41 344
617 43 340
618 41 341
610 48 342
607 49 344
605 51 344
608 48 344
605 46 349
612 43 345
614 39 347
617 38 345
619 37 344
615 36 349
612 38 350
614 41 345
614 43 343
611 46 343
606 45 349
596 51 353
594 49 357
597 43 360
600 38 362
601 38 361
607 34 359
604 37 359
606 33 361
610 32 358
614 31 355
616 33 351
618 29 353
628 23 349
630 26 344
631 27 342
633 25 342
634 27 339
637 27 336
635 26 339
632 30 338
629 37 334
632 41 327
639 34 327
638 33 329
641 31 328
642 29 329
649 27 324
650 24 326
649 26 325
643 29 328
649 26 325
642 31 327
634 38 328
638 38 324
634 35 331
636 34 330
643 33 324
651 34 315
649 33 318
646 41 313
642 43 315
632 47 321
630 46 324
636 40 324
636 34 330
634 34 332
633 36 331
633 35 332
635 37 328
640 38 322
637 43 320
634 48 318
630 53 317
624 49 327
619 49 332
617 49 334
615 49 336
617 50 333
610 50 340
599 51 350
602 47 351
597 49 354
596 43 361
601 40 359
606 35 359
606 32 362
609 34 357
608 37 355
614 35 351
615 32 353
611 33 356
611 30 359
614 33 353
617 33 350
624 30 346
625 27 348
629 25 346
631 19 350
634 22 344
632 25 343
637 21 342
636 20 344
636 21 343
636 21 343
637 24 339
641 21 338
646 14 340
643 19 338
644 22 334
636 23 341
637 26 337
640 28 332
643 31 326
637 32 331
635 37 328
630 45 325
623 51 326
625 52 323
621 54 325
614 57 329
615 50 335
612 56 332
608 63 329
600 67 333
595 63 342
597 58 345
594 55 351
592 53 355
595 53 352
593 52 355
586 54 360
578 57 365
583 50 367
578 55 367
571 56 373
565 54 381
564 53 383
564 52 384
568 49 383
566 46 388
570 45 385
569 49 382
565 51 384
565 49 386
563 51 386
562 45 393
562 41 397
559 44 397
558 49 393
561 48 391
565 47 388
565 44 391
570 45 385
572 41 387
575 40 385
579 36 385
579 35 386
587 31 382
587 37 376
589 32 379
593 26 381
598 29 373
599 25 376
600 29 371
605 27 368
608 30 362
605 29 366
601 33 366
601 36 363
610 29 361
615 26 359
621 22 357
618 24 358
625 19 356
632 14 354
638 13 349
639 13 348
645 11 344
654 10 336
658 8 334
663 9 328
673 10 317
679 13 308
679 14 307
680 12 308
681 11 308
681 9 310
689 9 302
696 10 294
702 9 289
707 7 286
711 12 277
713 14 273
700 25 275
699 25 276
698 22 280
695 21 284
697 19 284
697 21 282
696 22 282
695 23 282
694 24 282
689 28 283
690 27 283
689 28 283
688 29 283
686 30 284
685 28 287
691 25 284
693 28 279
695 23 282
694 23 283
699 24 277
699 25 276
694 31 275
693 36 271
689 38 273
684 41 275
681 42 277
681 40 279
677 43 280
683 41 276
681 42 277
674 42 284
671 42 287
665 44 291
662 36 302
668 35 297
664 41 295
662 40 298
659 41 300
660 43 297
655 46 299
654 44 302
653 41 306
641 51 308
631 55 314
632 54 314
627 62 311
614 64 322
607 63 330
605 63 332
594 65 341
588 56 356
585 50 365
586 51 363
585 48 367
590 39 371
587 41 372
589 41 370
596 40 364
593 41 366
587 48 365
589 52 359
593 50 357
597 46 357
602 44 354
600 44 356
604 35 361
608 31 361
610 26 364
611 29 360
615 21 364
616 22 362
620 18 362
622 21 357
627 19 354
629 20 351
631 24 345
629 26 345
630 31 339
633 27 340
633 28 339
634 29 337
637 23 340
641 21 338
642 20 338
642 17 341
648 13 339
654 12 334
658 14 328
659 15 326
660 19 321
657 21 322
661 20 319
662 21 317
663 20 317
666 17 317
669 19 312
668 18 314
669 21 310
669 23 308
668 27 305
670 29 301
670 24 306
676 19 305
680 18 302
677 21 302
678 24 298
680 25 295
686 25 289
696 24 280
693 25 282
691 29 280
690 23 287
691 19 290
694 20 286
693 20 287
695 20 285
701 20 279
703 22 275
711 21 268
713 21 266
712 21 267
719 21 260
724 20 256
724 23 253
721 22 257
723 23 254
717 31 252
720 30 250
722 29 249
725 29 246
725 33 242
725 34 241
721 31 248
724 25 251
720 27 253
719 27 254
720 24 256
726 24 250
725 26 249
733 26 241
731 29 240
737 27 236
739 25 236
735 32 233
731 34 235
721 41 238
707 49 244
697 53 250
692 51 257
685 42 273
682 37 281
682 38 280
682 38 280
681 40 279
674 50 276
673 47 280
674 46 280
675 43 282
678 42 280
675 42 283
679 39 282
684 35 281
686 30 284
684 27 289
686 27 287
690 27 283
693 29 278
694 31 275
693 28 279
695 26 279
692 30 278
692 29 279
692 29 279
697 28 275
696 26 278
694 26 280
695 25 280
698 21 281
701 19 280
701 20 279
705 19 276
711 16 273
711 20 269
719 19 262
720 18 262
720 18 262
724 21 255
729 18 253
732 17 251
737 17 246
736 23 241
733 24 243
734 21 245
732 20 248
728 26 246
719 35 246
712 36 252
702 47 251
690 59 251
680 59 261
672 68 260
667 73 260
657 73 270
642 81 277
627 86 287
626 78 296
624 72 304
624 59 317
615 61 324
609 58 333
610 60 330
608 58 334
610 52 338
607 48 345
610 42 348
609 45 346
609 50 341
604 49 347
609 45 346
615 45 340
612 49 339
611 51 338
611 45 344
614 42 344
611 46 343
611 46 343
609 50 341
609 45 346
606 45 349
606 41 353
603 42 355
597 45 358
594 45 361
595 45 360
591 39 370
589 36 375
592 31 377
599 24 377
598 28 374
598 29 373
594 32 374
599 33 368
600 29 371
595 32 373
600 28 372
600 26 374
604 25 371
608 25 367
613 28 359
608 31 361
606 30 364
607 33 360
608 35 357
616 28 356
621 30 349
625 27 348
626 27 347
630 29 341
633 32 335
637 29 334
639 29 332
641 29 330
643 28 329
644 23 333
649 25 326
655 22 323
660 20 320
664 15 321
668 14 318
668 16 316
674 14 312
680 13 307
679 18 303
679 16 305
681 17 302
682 16 302
693 14 293
701 14 285
707 11 282
707 13 280
709 15 276
708 18 274
706 21 273
707 19 274
703 25 272
704 29 267
699 31 270
695 34 271
694 36 270
687 41 272
689 43 268
695 41 264
699 35 266
701 33 266
702 33 265
701 34 265
706 28 266
703 30 267
699 29 272
704 21 275
707 20 273
714 19 267
716 15 269
716 11 273
719 9 272
721 8 271
723 8 269
726 9 265
726 9 265
729 7 264
731 7 262
732 8 260
734 8 258
738 8 254
739 9 252
741 10 249
738 13 249
736 11 253
741 11 248
742 12 246
739 15 246
741 14 245
744 15 241
744 18 238
748 16 236
742 22 236
737 24 239
731 23 246
722 25 253
721 23 256
720 21 259
724 16 260
728 15 257
732 17 251
739 16 245
743 14 243
744 14 242
748 15 237
747 15 238
750 14 236
752 14 234
753 12 235
755 14 231
753 16 231
752 18 230
752 23 225
756 19 225
754 18 228
750 21 229
757 19 224
760 12 228
766 12 222
766 14 220
771 12 217
776 12 212
777 11 212
782 11 207
782 9 209
784 11 205
788 13 199
792 13 195
789 18 193
782 21 197
785 22 193
784 24 192
780 32 188
779 28 193
778 29 193
777 30 193
771 33 196
767 38 195
752 53 195
737 66 197
716 73 211
700 77 223
690 79 231
680 79 241
676 82 242
654 97 249
648 99 253
634 95 271
617 106 277
600 112 288
579 123 298
568 120 312
560 118 322
554 111 335
547 110 343
543 106 351
543 94 363
543 87 370
540 76 384
542 71 387
536 75 389
530 75 395
533 71 396
531 67 402
527 65 408
526 56 418
522 58 420
528 49 423
525 50 425
529 48 423
530 53 417
533 55 412
537 50 413
547 46 407
551 40 409
553 32 415
559 26 415
564 23 413
570 21 409
579 20 401
583 19 398
586 14 400
593 14 393
594 15 391
600 14 386
606 16 378
604 19 377
607 13 380
617 12 371
622 13 365
626 11 363
632 11 357
636 10 354
641 10 349
648 12 340
650 13 337
660 11 329
669 11 320
671 9 320
675 8 317
678 6 316
684 5 311
689 5 306
696 6 298
701 4 295
706 4 290
708 5 287
708 4 288
711 3 286
712 4 284
717 3 280
720 3 277
727 4 269
727 7 266
731 6 263
728 10 262
727 13 260
723 16 261
720 14 266
720 14 266
719 15 266
721 14 265
718 15 267
719 14 267
715 13 272
715 18 267
713 24 263
714 23 263
708 30 262
704 33 263
706 29 265
705 33 262
702 35 263
699 39 262
697 44 259
694 44 262
689 48 263
686 42 272
686 36 278
685 39 276
682 44 274
680 40 280
683 42 275
674 42 284
663 51 286
654 54 292
651 53 296
649 52 299
652 45 303
653 48 299
649 45 306
649 42 309
640 45 315
635 51 314
639 51 310
637 49 314
635 50 315
638 44 318
636 40 324
632 37 331
630 36 334
632 34 334
633 34 333
637 33 330
650 30 320
652 26 322
657 24 319
661 21 318
659 21 320
658 21 321
658 24 318
656 27 317
660 26 314
662 22 316
661 25 314
661 27 312
659 29 312
657 32 311
660 32 308
656 30 314
662 24 314
668 18 314
663 25 312
667 20 313
668 20 312
669 21 310
669 24 307
673 21 306
676 21 303
683 17 300
684 18 298
686 18 296
693 15 292
701 16 283
703 17 280
704 16 280
708 15 277
711 16 273
712 15 273
710 13 277
713 14 273
714 13 273
710 16 274
711 15 274
718 15 267
721 9 270
723 11 266
728 8 264
728 8 264
730 7 263
727 12 261
731 10 259
732 7 261
736 4 260
745 4 251
750 2 248
757 2 241
754 6 240
756 4 240
759 4 237
767 4 229
769 6 225
773 4 223
775 4 221
781 5 214
783 5 212
787 6 207
791 6 203
791 5 204
796 5 199
797 5 198
801 5 194
805 3 192
806 6 188
807 4 189
805 7 188
807 7 186
807 10 183
808 9 183
807 11 182
807 11 182
809 12 179
808 14 178
807 15 178
804 20 176
802 22 176
802 22 176
803 21 176
800 30 170
794 35 171
784 38 178
771 49 180
761 51 188
743 62 195
726 78 196
700 95 205
681 107 212
669 107 224
656 107 237
640 109 251
624 110 266
605 112 283
589 120 291
577 112 311
564 117 319
554 111 335
543 108 349
537 104 359
527 104 369
525 92 383
520 94 386
515 90 395
510 85 405
510 83 407
508 79 413
506 78 416
506 72 422
502 62 436
502 61 437
508 55 437
513 47 440
519 41 440
522 39 439
530 35 435
533 30 437
536 25 439
541 26 433
543 26 431
547 25 428
552 27 421
560 27 413
565 18 417
574 22 404
576 21 403
581 16 403
583 12 405
583 14 403
590 14 396
598 13 389
600 16 384
609 14 377
613 10 377
619 8 373
621 10 369
622 12 366
624 14 362
629 11 360
640 11 349
643 10 347
642 9 349
646 10 344
655 9 336
657 11 332
667 11 322
670 11 319
673 6 321
675 8 317
677 9 314
681 13 306
680 14 306
684 14 302
683 15 302
686 17 297
686 22 292
685 26 289
684 32 284
677 41 282
675 41 284
671 39 290
671 40 289
668 39 293
662 40 298
657 42 301
658 41 301
655 43 302
645 50 305
641 52 307
640 48 312
632 50 318
632 51 317
621 52 327
612 55 333
611 58 331
610 58 332
602 68 330
598 63 339
599 63 338
594 59 347
591 59 350
587 63 350
588 58 354
592 57 351
597 53 350
589 51 360
585 49 366
591 41 368
590 34 376
593 31 376
602 27 371
608 21 371
609 19 372
611 17 372
616 13 371
620 13 367
625 14 361
626 15 359
636 15 349
643 16 341
649 16 335
654 11 335
656 9 335
661 11 328
661 13 326
