995 5 0
994 4 2
992 5 3
989 8 3
985 9 6
978 15 7
969 22 9
960 26 14
949 28 23
932 43 25
910 53 37
894 61 45
879 64 57
866 65 69
856 65 79
833 78 89
809 92 99
790 95 115
765 110 125
753 110 137
733 118 149
708 124 168
683 133 184
665 138 197
655 124 221
637 123 240
625 115 260
614 107 279
604 104 292
602 100 298
602 88 310
594 82 324
592 78 330
584 81 335
583 76 341
578 75 347
574 71 355
572 71 357
573 58 369
570 56 374
562 58 380
565 55 380
571 44 385
575 40 385
573 39 388
575 35 390
579 31 390
583 29 388
588 27 385
587 31 382
589 30 381
594 26 380
597 26 377
599 23 378
602 26 372
601 26 373
605 26 369
608 22 370
621 17 362
620 20 360
625 21 354
621 26 353
623 25 352
623 24 353
622 21 357
624 23 353
632 21 347
630 21 349
632 25 343
634 27 339
643 27 330
644 27 329
644 24 332
642 23 335
645 24 331
648 22 330
649 23 328
650 25 325
643 35 322
638 38 324
635 39 326
637 44 319
636 39 325
628 45 327
624 46 330
617 49 334
618 49 333
613 49 338
607 51 342
601 51 348
598 49 353
599 43 358
601 38 361
600 40 360
604 40 356
607 35 358
606 33 361
609 37 354
610 34 356
608 34 358
611 31 358
612 29 359
613 26 361
614 26 360
620 24 356
620 27 353
623 25 352
626 25 349
635 22 343
639 16 345
643 14 343
647 17 336
655 16 329
654 16 330
659 14 327
662 14 324
666 15 319
666 18 316
667 18 315
668 24 308
670 23 307
675 22 303
675 26 299
680 24 296
686 26 288
684 26 290
687 24 289
687 20 293
685 25 290
686 21 293
687 21 292
686 23 291
687 23 290
686 24 290
693 21 286
681 31 288
676 36 288
668 42 290
668 41 291
662 43 295
656 48 296
652 49 299
647 53 300
646 43 311
645 43 312
646 43 311
642 48 310
638 47 315
647 46 307
649 39 312
649 34 317
649 31 320
648 34 318
653 30 317
652 33 315
651 33 316
655 31 314
657 26 317
659 25 316
660 24 316
656 25 319
656 24 320
658 23 319
657 26 317
661 25 314
661 23 316
659 25 316
663 25 312
665 26 309
667 26 307
675 25 300
672 30 298
671 34 295
673 24 303
671 29 300
666 31 303
664 29 307
661 28 311
662 26 312
661 27 312
668 23 309
668 24 308
668 21 311
669 17 314
675 17 308
678 19 303
678 19 303
678 22 300
680 19 301
675 23 302
665 29 306
665 23 312
666 20 314
659 24 317
656 25 319
655 26 319
652 30 318
650 31 319
653 30 317
649 30 321
648 33 319
651 33 316
653 28 319
652 28 320
653 23 324
656 27 317
655 26 319
652 29 319
654 27 319
658 29 313
658 28 314
663 25 312
666 27 307
669 30 301
666 33 301
668 34 298
665 39 296
662 43 295
660 42 298
661 40 299
658 40 302
655 38 307
650 39 311
651 32 317
649 33 318
650 29 321
651 24 325
655 21 324
654 22 324
669 22 309
671 20 309
676 17 307
682 18 300
685 19 296
688 19 293
691 20 289
696 20 284
696 19 285
697 18 285
697 17 286
703 15 282
701 17 282
703 12 285
704 13 283
708 12 280
705 13 282
706 13 281
711 11 278
713 12 275
716 10 274
717 13 270
714 16 270
717 18 265
716 19 265
717 20 263
718 20 262
719 20 261
719 17 264
722 17 261
717 23 260
715 26 259
715 26 259
711 26 263
706 30 264
714 26 260
716 28 256
711 27 262
717 24 259
716 23 261
718 22 260
722 22 256
721 25 254
712 33 255
715 30 255
713 31 256
709 32 259
708 31 261
711 27 262
713 25 262
711 27 262
717 26 257
716 25 259
723 23 254
724 22 254
726 18 256
730 18 252
733 18 249
740 17 243
744 16 240
742 22 236
741 21 238
737 27 236
732 33 235
730 37 233
725 42 233
718 44 238
714 44 242
709 46 245
704 46 250
699 44 257
697 45 258
689 46 265
687 38 275
682 41 277
682 39 279
685 37 278
684 36 280
686 36 278
685 39 276
687 34 279
690 33 277
692 30 278
696 31 273
693 30 277
694 29 277
695 32 273
696 34 270
694 38 268
695 36 269
702 32 266
701 34 265
693 38 269
688 39 273
682 48 270
675 50 275
674 39 287
674 33 293
673 31 296
671 30 299
676 24 300
676 29 295
681 30 289
679 30 291
685 25 290
685 26 289
684 23 293
685 23 292
684 24 292
680 27 293
678 28 294
680 28 292
680 23 297
684 19 297
688 20 292
689 20 291
695 22 283
698 19 283
699 20 281
700 23 277
706 23 271
707 23 270
704 26 270
705 23 272
704 22 274
707 22 271
714 20 266
718 20 262
720 21 259
711 29 260
700 36 264
696 46 258
691 51 258
684 53 263
678 56 266
670 64 266
666 70 264
663 62 275
655 68 277
647 70 283
644 74 282
634 85 281
630 87 283
621 86 293
620 85 295
616 74 310
611 70 319
614 62 324
612 55 333
606 56 338
606 54 340
605 54 341
608 45 347
602 48 350
598 48 354
603 40 357
609 40 351
610 38 352
608 32 360
609 29 362
612 24 364
609 28 363
616 23 361
618 20 362
624 17 359
634 15 351
639 16 345
640 17 343
645 17 338
643 24 333
651 23 326
651 22 327
656 25 319
653 27 320
653 31 316
650 36 314
644 42 314
644 44 312
638 49 313
636 52 312
634 52 314
632 51 317
635 45 320
631 44 325
627 45 328
630 43 327
629 50 321
627 46 327
627 46 327
636 39 325
633 34 333
636 32 332
631 33 336
633 30 337
630 33 337
634 36 330
639 34 327
638 34 328
634 37 329
638 35 327
638 37 325
646 31 323
648 28 324
653 26 321
652 24 324
653 24 323
656 22 322
661 19 320
664 22 314
667 21 312
668 19 313
669 20 311
671 20 309
672 22 306
673 26 301
670 30 300
666 29 305
674 29 297
676 33 291
673 33 294
674 34 292
674 39 287
673 35 292
676 30 294
677 25 298
679 22 299
682 21 297
689 18 293
688 16 296
692 19 289
700 22 278
702 20 278
704 22 274
699 23 278
697 30 273
694 37 269
697 34 269
689 37 274
687 43 270
683 47 270
678 45 277
665 56 279
659 59 282
655 57 288
652 56 292
648 61 291
639 66 295
629 69 302
617 74 309
616 74 310
609 75 316
601 76 323
601 65 334
608 62 330
605 62 333
601 57 342
599 57 344
593 56 351
592 57 351
600 52 348
599 51 350
599 48 353
594 51 355
591 51 358
591 44 365
593 38 369
593 38 369
599 33 368
601 31 368
604 32 364
610 28 362
611 28 361
613 21 366
617 20 363
618 22 360
619 21 360
627 18 355
634 16 350
638 14 348
645 11 344
646 15 339
645 18 337
641 23 336
643 24 333
647 24 329
651 18 331
655 16 329
663 15 322
671 13 316
674 13 313
677 10 313
679 9 312
686 6 308
691 7 302
692 7 301
702 7 291
703 6 291
706 6 288
710 6 284
714 9 277
712 11 277
719 11 270
720 10 270
722 8 270
722 10 268
727 8 265
726 8 266
729 9 262
731 11 258
729 16 255
730 18 252
728 24 248
724 25 251
714 38 248
708 40 252
708 39 253
705 43 252
703 41 256
702 38 260
697 39 264
697 34 269
698 34 268
692 38 270
684 52 264
682 57 261
684 52 264
684 49 267
675 51 274
676 46 278
669 48 283
674 47 279
675 44 281
672 45 283
672 44 284
671 43 286
668 43 289
668 46 286
669 43 288
668 43 289
660 45 295
665 33 302
669 30 301
668 33 299
664 40 296
665 42 293
661 41 298
665 38 297
662 38 300
661 35 304
660 32 308
661 31 308
663 32 305
663 31 306
661 37 302
662 42 296
656 47 297
660 39 301
655 39 306
654 40 306
649 40 311
650 35 315
650 33 317
648 30 322
647 30 323
645 26 329
645 29 326
642 36 322
647 32 321
647 31 322
648 34 318
649 38 313
643 43 314
647 42 311
648 42 310
644 44 312
641 47 312
641 48 311
636 59 305
628 61 311
620 70 310
614 74 312
594 80 326
585 78 337
570 86 344
570 72 358
574 63 363
574 59 367
573 54 373
571 50 379
566 52 382
570 46 384
572 44 384
569 42 389
575 39 386
576 37 387
579 35 386
580 34 386
581 27 392
580 25 395
581 27 392
583 27 390
585 22 393
587 16 397
592 15 393
595 14 391
596 12 392
597 14 389
603 12 385
605 13 382
613 9 378
617 11 372
622 14 364
628 13 359
632 13 355
636 14 350
639 13 348
645 16 339
646 15 339
649 13 338
653 13 334
662 12 326
666 11 323
670 11 319
670 11 319
672 13 315
675 17 308
681 17 302
684 18 298
689 19 292
693 13 294
696 11 293
701 11 288
706 9 285
710 8 282
716 6 278
719 5 276
719 5 276
723 6 271
725 5 270
730 5 265
731 5 264
735 3 262
743 2 255
746 4 250
749 5 246
753 4 243
758 7 235
765 7 228
768 9 223
773 7 220
778 8 214
780 9 211
782 7 211
782 8 210
782 10 208
777 13 210
774 17 209
776 19 205
772 27 201
768 34 198
766 38 196
757 40 203
752 45 203
746 45 209
738 47 215
726 55 219
727 54 219
712 64 224
710 62 228
696 71 233
689 70 241
667 82 251
652 84 264
641 79 280
637 71 292
636 68 296
631 64 305
636 57 307
629 56 315
625 51 324
619 54 327
620 53 327
618 49 333
613 52 335
613 51 336
615 50 335
609 54 337
609 52 339
606 52 342
604 45 351
609 37 354
618 30 352
625 27 348
623 30 347
628 31 341
624 37 339
626 37 337
625 35 340
629 34 337
635 27 338
633 32 335
635 31 334
640 26 334
633 28 339
635 27 338
634 29 337
626 30 344
628 27 345
628 28 344
632 34 334
629 32 339
635 31 334
635 29 336
636 28 336
635 30 335
647 23 330
647 24 329
645 23 332
649 23 328
652 21 327
651 21 328
653 19 328
649 24 327
652 23 325
653 21 326
660 19 321
662 20 318
664 19 317
665 18 317
668 24 308
663 33 304
669 32 299
665 33 302
665 35 300
663 32 305
659 37 304
653 47 300
645 50 305
638 52 310
634 53 313
633 48 319
630 49 321
637 44 319
640 42 318
637 39 324
635 42 323
634 40 326
638 38 324
636 38 326
631 39 330
628 34 338
634 32 334
637 28 335
642 27 331
647 22 331
649 25 326
653 27 320
658 29 313
660 29 311
662 30 308
656 29 315
657 28 315
654 32 314
657 27 316
656 32 312
659 29 312
662 27 311
663 30 307
663 28 309
661 27 312
664 29 307
663 32 305
666 31 303
665 34 301
663 35 302
664 35 301
669 30 301
674 28 298
677 28 295
675 35 290
675 30 295
671 33 296
671 35 294
668 36 296
670 32 298
669 33 298
665 35 300
673 33 294
667 38 295
667 38 295
665 36 299
668 32 300
661 38 301
666 34 300
665 35 300
662 36 302
663 33 304
660 36 304
657 36 307
655 36 309
656 34 310
655 33 312
660 33 307
659 29 312
664 29 307
666 24 310
671 20 309
673 16 311
679 16 305
680 17 303
685 15 300
689 15 296
697 13 290
698 13 289
700 13 287
701 12 287
701 11 288
702 10 288
698 13 289
700 17 283
702 18 280
703 25 272
697 35 268
695 37 268
689 39 272
693 32 275
695 32 273
691 35 274
688 38 274
683 41 276
677 48 275
681 48 271
681 46 273
677 48 275
672 50 278
675 48 277
674 45 281
670 46 284
674 47 279
674 50 276
672 49 279
670 47 283
667 44 289
666 43 291
664 40 296
660 46 294
659 46 295
657 47 296
654 45 301
657 40 303
655 37 308
657 32 311
656 35 309
657 37 306
655 39 306
650 38 312
652 35 313
652 35 313
646 37 317
648 37 315
648 38 314
651 37 312
652 40 308
654 41 305
654 41 305
654 40 306
655 41 304
654 40 306
653 40 307
658 31 311
659 34 307
655 38 307
657 37 306
660 39 301
661 38 301
666 35 299
674 31 295
671 33 296
672 35 293
669 42 289
666 44 290
663 46 291
659 47 294
658 44 298
655 49 296
650 48 302
639 54 307
637 47 316
638 44 318
630 46 324
627 46 327
623 43 334
633 39 328
633 39 328
636 34 330
634 32 334
632 34 334
638 33 329
638 33 329
638 38 324
639 33 328
642 29 329
653 26 321
657 25 318
667 29 304
662 34 304
664 32 304
667 32 301
671 34 295
673 31 296
670 34 296
668 32 300
668 28 304
665 25 310
664 29 307
663 29 308
663 28 309
662 28 310
660 24 316
658 26 316
654 24 322
656 22 322
658 21 321
665 17 318
666 14 320
669 10 321
669 10 321
677 10 313
683 8 309
686 6 308
689 7 304
691 6 303
692 7 301
700 6 294
708 3 289
713 3 284
716 4 280
723 5 272
729 7 264
737 7 256
739 8 253
744 7 249
746 7 247
746 9 245
748 11 241
746 17 237
742 18 240
730 26 244
721 37 242
717 39 244
716 38 246
709 43 248
710 41 249
708 42 250
709 43 248
708 42 250
709 41 250
709 35 256
706 30 264
704 35 261
702 34 264
699 37 264
700 35 265
702 30 268
704 25 271
710 23 267
713 19 268
712 21 267
724 22 254
724 20 256
722 23 255
725 20 255
