1000 0 0
998 2 0
998 1 1
996 2 2
995 3 2
994 2 4
992 4 4
991 5 4
988 6 6
983 8 9
977 12 11
972 12 16
962 20 18
945 30 25
931 33 36
906 54 40
894 46 60
882 47 71
858 63 79
842 65 93
827 66 107
807 74 119
790 82 128
772 93 135
766 92 142
751 95 154
742 88 170
727 91 182
721 87 192
706 88 206
698 88 214
687 95 218
674 93 233
663 96 241
643 99 258
635 100 265
630 92 278
621 94 285
615 101 284
603 101 296
598 102 300
591 95 314
578 101 321
575 98 327
564 98 338
550 109 341
541 105 354
536 104 360
532 98 370
529 96 375
530 90 380
534 82 384
529 78 393
527 69 404
529 67 404
527 63 410
527 58 415
525 56 419
519 55 426
519 52 429
518 53 429
526 44 430
526 43 431
524 41 435
526 36 438
532 31 437
538 30 432
542 29 429
553 26 421
551 28 421
560 22 418
559 24 417
564 24 412
569 26 405
578 20 402
584 21 395
587 21 392
589 22 389
599 21 380
601 21 378
609 23 368
612 21 367
617 20 363
624 16 360
631 15 354
636 14 350
645 11 344
647 12 341
655 10 335
657 11 332
660 12 328
665 14 321
668 15 317
675 14 311
679 9 312
682 9 309
683 10 307
692 9 299
695 8 297
698 10 292
698 11 291
697 12 291
696 17 287
702 15 283
710 13 277
716 15 269
717 15 268
715 19 266
719 16 265
719 14 267
724 15 261
729 19 252
730 24 246
733 25 242
734 22 244
730 23 247
728 20 252
727 25 248
728 19 253
735 19 246
739 17 244
745 18 237
746 20 234
743 22 235
737 27 236
741 21 238
739 22 239
736 29 235
732 29 239
729 27 244
728 23 249
732 26 242
730 29 241
730 26 244
733 20 247
733 20 247
738 17 245
737 19 244
733 26 241
731 28 241
731 28 241
729 30 241
728 33 239
723 35 242
717 35 248
718 30 252
721 25 254
719 28 253
710 31 259
710 29 261
709 28 263
711 28 261
710 27 263
713 28 259
712 31 257
710 27 263
713 26 261
714 28 258
709 30 261
703 34 263
704 27 269
695 31 274
698 30 272
695 34 271
695 38 267
692 41 267
689 44 267
687 48 265
685 45 270
688 39 273
687 38 275
680 44 276
668 51 281
664 44 292
663 38 299
657 41 302
655 45 300
655 43 302
655 47 298
651 47 302
648 51 301
652 46 302
648 49 303
654 45 301
656 45 299
654 42 304
650 46 304
649 50 301
651 47 302
648 44 308
646 46 308
644 42 314
640 40 320
644 35 321
641 38 321
642 37 321
638 41 321
636 39 325
640 38 322
646 31 323
646 32 322
650 31 319
646 32 322
647 30 323
652 30 318
654 28 318
653 25 322
652 26 322
659 24 317
660 23 317
659 23 318
664 20 316
666 20 314
664 23 313
665 22 313
670 17 313
669 20 311
668 20 312
668 22 310
672 24 304
676 23 301
673 27 300
667 30 303
670 30 300
670 33 297
670 36 294
668 38 294
663 38 299
662 33 305
659 36 305
660 37 303
648 44 308
649 41 310
645 44 311
641 43 316
638 43 319
637 43 320
633 49 318
629 53 318
627 49 324
625 56 319
621 51 328
615 52 333
618 46 336
618 43 339
614 39 347
608 40 352
615 41 344
617 35 348
619 38 343
619 36 345
618 31 351
627 27 346
631 27 342
631 29 340
639 29 332
643 31 326
647 32 321
648 30 322
647 25 328
648 22 330
648 27 325
650 25 325
655 22 323
652 24 324
654 26 320
652 28 320
652 23 325
654 27 319
652 34 314
647 36 317
647 36 317
647 33 320
649 29 322
648 28 324
651 23 326
656 22 322
657 16 327
661 13 326
665 10 325
664 13 323
666 14 320
669 16 315
670 19 311
669 19 312
676 17 307
677 17 306
680 15 305
681 17 302
681 18 301
684 19 297
686 17 297
691 17 292
694 15 291
694 14 292
700 17 283
704 17 279
704 16 280
700 18 282
703 20 277
702 21 277
703 22 275
703 23 274
703 24 273
700 28 272
695 31 274
694 32 274
695 29 276
696 26 278
696 28 276
695 30 275
698 27 275
695 27 278
694 30 276
688 35 277
685 33 282
679 37 284
684 31 285
686 29 285
690 31 279
695 33 272
694 34 272
696 33 271
700 31 269
697 35 268
687 38 275
688 40 272
686 45 269
688 45 267
683 49 268
678 45 277
676 48 276
676 50 274
663 54 283
656 53 291
660 52 288
655 58 287
646 61 293
646 54 300
644 47 309
641 49 310
642 43 315
641 37 322
641 42 317
648 32 320
652 35 313
653 32 315
654 33 313
659 32 309
656 29 315
662 25 313
663 27 310
668 24 308
672 22 306
676 20 304
680 20 300
680 25 295
679 25 296
674 29 297
675 29 296
674 29 297
669 36 295
671 28 301
672 26 302
670 29 301
666 33 301
664 35 301
662 35 303
661 33 306
667 35 298
665 30 305
664 28 308
662 29 309
667 25 308
671 20 309
672 18 310
669 23 308
668 27 305
665 28 307
664 33 303
667 26 307
665 27 308
667 26 307
670 25 305
671 24 305
669 25 306
677 29 294
679 27 294
687 18 295
693 18 289
698 16 286
697 19 284
695 23 282
692 27 281
692 26 282
691 29 280
698 26 276
696 25 279
698 19 283
703 17 280
709 14 277
713 16 271
715 16 269
718 17 265
721 12 267
721 14 265
726 15 259
729 17 254
725 17 258
724 20 256
725 20 255
727 19 254
727 19 254
722 23 255
727 20 253
727 24 249
727 19 254
731 19 250
730 21 249
732 21 247
734 21 245
736 13 251
735 17 248
734 21 245
736 22 242
734 25 241
727 32 241
726 32 242
725 32 243
723 37 240
722 39 239
719 39 242
715 38 247
708 44 248
706 40 254
704 43 253
696 45 259
690 45 265
693 44 263
686 48 266
690 41 269
682 43 275
673 48 279
673 46 281
669 40 291
665 41 294
661 44 295
656 51 293
653 50 297
649 53 298
653 45 302
648 48 304
648 45 307
651 42 307
652 45 303
647 44 309
646 42 312
644 43 313
639 38 323
637 35 328
648 34 318
648 34 318
650 33 317
649 34 317
643 37 320
648 33 319
643 34 323
639 39 322
647 40 313
646 40 314
648 40 312
644 39 317
644 37 319
647 28 325
649 30 321
650 29 321
655 25 320
661 23 316
661 26 313
661 29 310
659 26 315
662 27 311
662 25 313
667 23 310
670 27 303
674 23 303
680 25 295
681 25 294
680 26 294
685 21 294
686 20 294
685 21 294
688 20 292
689 22 289
692 17 291
693 18 289
698 11 291
700 10 290
702 8 290
709 7 284
716 6 278
722 8 270
727 8 265
727 10 263
730 12 258
731 14 255
732 12 256
731 18 251
733 14 253
735 12 253
738 13 249
742 12 246
738 13 249
736 19 245
736 23 241
742 22 236
743 19 238
745 19 236
745 21 234
739 26 235
739 26 235
740 23 237
741 23 236
744 19 237
747 20 233
750 21 229
750 21 229
752 23 225
751 23 226
753 20 227
752 20 228
753 11 236
758 12 230
759 13 228
761 13 226
763 9 228
768 9 223
772 10 218
776 10 214
777 11 212
778 17 205
779 13 208
779 10 211
784 10 206
788 10 202
788 9 203
787 9 204
789 7 204
790 10 200
797 9 194
797 13 190
796 13 191
791 19 190
793 14 193
789 20 191
787 24 189
782 28 190
780 31 189
774 36 190
765 40 195
765 37 198
762 31 207
758 34 208
756 31 213
754 33 213
751 35 214
748 39 213
740 43 217
733 48 219
716 62 222
708 59 233
693 67 240
689 62 249
682 63 255
677 58 265
671 60 269
666 59 275
660 58 282
652 69 279
652 57 291
651 51 298
648 52 300
648 52 300
638 55 307
632 52 316
637 49 314
631 49 320
632 48 320
630 46 324
626 50 324
625 46 329
621 49 330
617 54 329
618 49 333
617 49 334
617 49 334
610 49 341
612 51 337
606 53 341
606 50 344
610 46 344
610 45 345
607 44 349
605 40 355
602 40 358
600 39 361
604 35 361
609 30 361
609 29 362
613 26 361
618 23 359
618 24 358
624 29 347
624 33 343
624 31 345
628 29 343
637 26 337
634 35 331
636 35 329
636 37 327
639 33 328
641 29 330
646 27 327
649 28 323
647 27 326
651 28 321
650 25 325
650 26 324
654 23 323
656 23 321
657 22 321
663 16 321
667 16 317
672 15 313
675 13 312
678 11 311
684 12 304
687 14 299
684 16 300
688 17 295
689 15 296
684 20 296
689 18 293
691 17 292
683 24 293
681 29 290
681 31 288
679 34 287
673 41 286
664 49 287
654 50 296
648 58 294
646 54 300
646 56 298
648 52 300
639 53 308
632 54 314
627 53 320
620 58 322
620 58 322
619 56 325
614 60 326
606 65 329
603 67 330
591 74 335
591 74 335
593 68 339
591 63 346
586 61 353
592 54 354
589 52 359
590 50 360
592 43 365
591 46 363
591 40 369
589 39 372
590 42 368
598 40 362
587 49 364
584 53 363
586 47 367
591 45 364
596 35 369
601 32 367
607 28 365
611 28 361
614 27 359
621 28 351
618 29 353
615 35 350
613 38 349
612 42 346
613 46 341
610 43 347
612 41 347
608 46 346
605 44 351
603 44 353
602 42 356
601 42 357
599 48 353
604 44 352
610 40 350
615 37 348
620 34 346
621 35 344
623 37 340
627 38 335
621 39 340
619 45 336
620 44 336
620 44 336
615 43 342
611 47 342
611 39 350
620 32 348
622 33 345
624 37 339
621 43 336
617 39 344
615 40 345
616 34 350
624 35 341
623 39 338
618 45 337
622 36 342
625 30 345
623 31 346
623 30 347
625 30 345
623 31 346
623 36 341
620 36 344
624 36 340
621 41 338
620 40 340
623 37 340
629 37 334
628 43 329
629 44 327
627 43 330
625 44 331
623 49 328
623 45 332
621 42 337
621 39 340
621 38 341
629 35 336
631 35 334
626 38 336
627 38 335
630 38 332
632 30 338
628 35 337
631 34 335
631 38 331
631 40 329
628 45 327
626 47 327
623 47 330
618 45 337
616 48 336
626 38 336
627 37 336
625 40 335
628 36 336
631 33 336
637 33 330
644 25 331
649 22 329
650 21 329
648 21 331
653 20 327
652 22 326
658 25 317
662 26 312
665 30 305
669 25 306
675 26 299
677 22 301
679 24 297
681 26 293
683 28 289
684 29 287
687 30 283
686 34 280
682 33 285
681 32 287
679 34 287
676 39 285
670 41 289
673 39 288
671 39 290
667 38 295
666 36 298
662 43 295
663 37 300
668 32 300
667 33 300
666 34 300
662 37 301
664 40 296
663 43 294
654 49 297
652 48 300
641 56 303
635 58 307
633 56 311
629 60 311
627 59 314
628 58 314
624 49 327
629 44 327
630 51 319
628 54 318
624 54 322
617 62 321
615 60 325
619 54 327
620 50 330
617 50 333
616 51 333
613 50 337
611 50 339
608 49 343
611 50 339
607 49 344
610 43 347
615 36 349
621 31 348
622 28 350
619 29 352
627 27 346
630 24 346
636 19 345
642 18 340
646 17 337
650 14 336
647 19 334
654 19 327
652 26 322
646 27 327
640 31 329
633 34 333
636 29 335
634 30 336
634 28 338
628 39 333
622 41 337
622 40 338
614 41 345
609 47 344
611 38 351
611 41 348
618 39 343
617 42 341
615 40 345
621 37 342
616 40 344
616 36 348
620 38 342
626 37 337
630 34 336
634 34 332
639 29 332
641 26 333
645 20 335
647 20 333
654 15 331
658 19 323
660 25 315
663 21 316
664 22 314
664 21 315
666 17 317
669 17 314
672 18 310
678 15 307
677 21 302
681 21 298
683 19 298
688 20 292
688 20 292
690 21 289
682 28 290
681 27 292
680 27 293
683 28 289
681 25 294
680 26 294
680 23 297
678 24 298
684 22 294
682 27 291
684 26 290
686 28 286
684 30 286
686 31 283
687 30 283
693 24 283
695 24 281
697 25 278
702 25 273
700 26 274
703 25 272
703 20 277
702 22 276
707 24 269
702 24 274
700 24 276
700 25 275
700 25 275
697 26 277
697 21 282
701 22 277
707 21 272
709 23 268
710 20 270
716 20 264
720 22 258
727 19 254
731 17 252
730 17 253
733 18 249
735 18 247
740 14 246
741 13 246
741 17 242
744 17 239
747 17 236
743 20 237
739 27 234
738 28 234
731 35 234
730 33 237
730 31 239
727 33 240
722 32 246
710 41 249
702 49 249
694 47 259
692 47 261
688 43 269
675 51 274
672 53 275
663 51 286
659 47 294
656 48 296
652 55 293
642 61 297
637 62 301
630 66 304
631 64 305
628 71 301
626 69 305
626 70 304
622 73 305
616 67 317
615 59 326
609 57 334
608 49 343
609 47 344
605 48 347
600 52 348
601 50 349
594 53 353
596 49 355
596 48 356
596 46 358
594 44 362
586 49 365
587 47 366
589 47 364
589 45 366
587 48 365
589 47 364
589 48 363
590 44 366
590 42 368
592 37 371
596 31 373
596 27 377
602 25 373
609 20 371
613 17 370
616 16 368
623 14 363
626 14 360
628 17 355
633 14 353
635 13 352
641 8 351
648 6 346
646 9 345
650 7 343
653 7 340
655 6 339
660 5 335
668 7 325
674 8 318
680 9 311
