995 5 0
991 9 0
990 10 0
984 14 2
979 18 3
976 18 6
967 22 11
951 37 12
939 46 15
929 44 27
911 57 32
893 67 40
876 75 49
857 85 58
848 78 74
817 96 87
791 104 105
765 120 115
741 126 133
715 127 158
696 129 175
681 138 181
659 143 198
641 146 213
616 148 236
597 146 257
589 136 275
577 131 292
558 131 311
550 117 333
537 115 348
528 113 359
529 105 366
522 104 374
520 98 382
517 89 394
522 85 393
517 86 397
518 86 396
523 76 401
517 72 411
516 57 427
525 49 426
527 49 424
531 44 425
538 43 419
543 40 417
542 36 422
547 38 415
548 33 419
549 33 418
553 33 414
559 34 407
564 31 405
565 32 403
567 32 401
574 33 393
581 34 385
584 29 387
582 31 387
589 30 381
596 28 376
603 29 368
614 31 355
617 30 353
616 31 353
620 30 350
623 29 348
625 27 348
636 25 339
637 29 334
639 27 334
644 24 332
648 21 331
655 18 327
662 15 323
670 12 318
673 12 315
678 9 313
684 7 309
689 7 304
693 7 300
695 8 297
696 10 294
697 9 294
699 11 290
698 13 289
694 21 285
693 28 279
683 36 281
679 40 281
667 49 284
661 53 286
652 52 296
652 51 297
655 47 298
654 44 302
651 44 305
652 37 311
649 33 318
643 43 314
633 53 314
628 59 313
613 69 318
609 70 321
604 63 333
607 56 337
600 54 346
599 47 354
595 52 353
595 48 357
592 47 361
591 43 366
592 41 367
595 40 365
595 43 362
590 52 358
589 51 360
593 42 365
596 37 367
593 40 367
597 35 368
592 37 371
593 39 368
593 35 372
598 31 371
603 28 369
615 26 359
622 18 360
629 17 354
632 16 352
638 16 346
650 15 335
652 13 335
656 14 330
662 14 324
662 14 324
671 13 316
674 12 314
678 11 311
682 12 306
691 15 294
694 11 295
697 11 292
696 12 292
695 13 292
698 9 293
703 8 289
707 8 285
711 6 283
718 4 278
722 3 275
723 2 275
722 3 275
726 3 271
733 3 264
736 2 262
743 2 255
746 2 252
749 1 250
754 2 244
755 4 241
750 9 241
751 9 240
758 9 233
760 10 230
760 11 229
764 10 226
763 13 224
765 10 225
766 10 224
771 10 219
773 10 217
778 5 217
773 9 218
776 7 217
779 7 214
783 8 209
788 9 203
788 11 201
792 9 199
794 9 197
797 8 195
803 6 191
806 2 192
809 2 189
812 4 184
813 5 182
814 5 181
814 5 181
811 9 180
810 10 180
808 11 181
809 11 180
810 14 176
809 14 177
805 16 179
804 16 180
798 21 181
797 21 182
793 23 184
791 24 185
789 31 180
784 41 175
779 44 177
770 48 182
765 50 185
756 57 187
755 56 189
746 56 198
732 63 205
718 73 209
699 85 216
699 75 226
686 77 237
677 77 246
668 78 254
665 78 257
658 71 271
659 63 278
650 61 289
651 63 286
647 63 290
642 61 297
642 56 302
643 50 307
635 54 311
638 47 315
642 41 317
641 45 314
640 44 316
638 49 313
642 50 308
642 45 313
643 39 318
647 33 320
654 34 312
659 30 311
662 29 309
660 29 311
657 30 313
662 28 310
667 28 305
673 30 297
674 29 297
672 34 294
676 36 288
674 39 287
676 35 289
679 33 288
674 37 289
667 41 292
671 37 292
672 39 289
668 38 294
667 42 291
670 43 287
666 42 292
664 39 297
660 38 302
666 39 295
661 41 298
657 46 297
659 43 298
654 43 303
652 45 303
655 43 302
652 42 306
653 39 308
653 39 308
658 29 313
654 32 314
654 30 316
652 31 317
650 24 326
649 26 325
654 26 320
657 26 317
659 19 322
659 17 324
666 17 317
674 18 308
673 19 308
677 19 304
680 17 303
679 19 302
680 19 301
682 15 303
690 12 298
692 11 297
695 11 294
695 14 291
695 11 294
698 11 291
699 13 288
706 11 283
707 12 281
712 12 276
720 12 268
721 16 263
724 16 260
726 14 260
727 11 262
734 10 256
734 11 255
733 12 255
730 17 253
731 22 247
714 35 251
713 35 252
707 38 255
701 43 256
698 34 268
695 38 267
693 34 273
696 28 276
699 29 272
703 29 268
706 28 266
706 30 264
703 32 265
702 32 266
703 27 270
703 25 272
701 25 274
704 21 275
705 20 275
706 18 276
701 23 276
704 27 269
704 27 269
708 25 267
707 28 265
703 31 266
703 27 270
700 25 275
699 28 273
700 29 271
702 26 272
706 22 272
714 18 268
715 20 265
715 20 265
716 20 264
715 18 267
718 16 266
720 14 266
722 17 261
720 20 260
723 16 261
725 14 261
725 13 262
730 12 258
730 12 258
731 13 256
733 13 254
739 12 249
742 11 247
740 15 245
738 20 242
739 22 239
741 23 236
738 24 238
739 21 240
742 15 243
748 18 234
746 20 234
748 21 231
751 21 228
753 19 228
750 21 229
752 22 226
743 29 228
739 30 231
734 35 231
727 37 236
719 40 241
712 47 241
710 47 243
700 59 241
696 61 243
686 61 253
680 66 254
670 69 261
658 78 264
653 80 267
644 81 275
637 85 278
630 86 284
620 82 298
617 74 309
615 75 310
613 75 312
606 67 327
601 65 334
597 56 347
600 46 354
598 42 360
603 39 358
606 36 358
610 30 360
609 31 360
609 26 365
612 27 361
612 31 357
613 31 356
626 27 347
628 25 347
631 21 348
630 25 345
630 21 349
637 18 345
644 18 338
650 17 333
657 14 329
661 15 324
661 15 324
670 13 317
673 13 314
674 14 312
681 14 305
682 15 303
683 16 301
682 21 297
678 21 301
676 21 303
673 23 304
672 24 304
678 27 295
679 25 296
680 23 297
686 21 293
688 22 290
696 17 287
698 16 286
699 19 282
704 17 279
705 18 277
708 17 275
708 16 276
714 16 270
714 20 266
715 22 263
718 21 261
716 25 259
716 26 258
716 30 254
717 33 250
714 36 250
714 32 254
713 31 256
713 31 256
709 31 260
707 29 264
705 30 265
695 37 268
688 38 274
688 37 275
687 44 269
680 45 275
676 47 277
671 45 284
668 48 284
663 50 287
662 53 285
658 50 292
651 47 302
648 44 308
644 45 311
640 41 319
633 41 326
629 47 324
630 45 325
630 44 326
630 46 324
633 44 323
628 47 325
623 47 330
623 42 335
619 41 340
615 42 343
614 46 340
612 48 340
614 45 341
618 44 338
615 44 341
611 41 348
612 43 345
618 44 338
614 45 341
614 47 339
614 46 340
613 44 343
614 43 343
616 41 343
618 39 343
621 36 343
626 33 341
627 30 343
623 36 341
619 36 345
622 31 347
624 28 348
625 25 350
630 24 346
631 23 346
634 21 345
636 24 340
638 27 335
642 25 333
644 23 333
649 22 329
655 20 325
658 19 323
665 18 317
672 18 310
671 16 313
673 14 313
680 13 307
679 16 305
677 19 304
675 19 306
678 17 305
676 22 302
675 17 308
676 24 300
680 21 299
684 23 293
685 26 289
677 30 293
680 32 288
671 40 289
663 46 291
660 43 297
658 40 302
656 37 307
658 40 302
651 46 303
653 46 301
649 43 308
647 42 311
648 42 310
648 36 316
642 35 323
644 39 317
642 39 319
644 35 321
648 31 321
649 31 320
653 30 317
657 26 317
656 29 315
659 25 316
662 25 313
664 28 308
667 29 304
667 29 304
669 28 303
666 35 299
665 32 303
667 30 303
666 31 303
663 30 307
661 33 306
661 32 307
665 29 306
662 34 304
659 34 307
667 33 300
669 32 299
673 32 295
677 32 291
679 28 293
679 30 291
681 29 290
679 33 288
677 35 288
673 33 294
677 32 291
682 33 285
681 28 291
678 32 290
673 38 289
675 34 291
672 38 290
671 37 292
672 38 290
673 38 289
666 35 299
672 36 292
669 39 292
663 40 297
664 37 299
664 38 298
666 36 298
669 35 296
669 32 299
673 28 299
672 29 299
676 29 295
676 31 293
674 33 293
674 33 293
677 27 296
679 23 298
681 20 299
683 19 298
686 17 297
690 19 291
692 15 293
695 15 290
699 14 287
696 14 290
692 19 289
698 24 278
695 27 278
693 32 275
691 29 280
691 30 279
684 35 281
678 36 286
676 36 288
677 36 287
672 39 289
663 43 294
662 42 296
661 41 298
660 43 297
660 32 308
662 29 309
661 25 314
661 23 316
663 24 313
668 22 310
675 21 304
677 22 301
677 22 301
673 26 301
677 23 300
672 27 301
668 32 300
664 40 296
664 39 297
666 37 297
659 45 296
655 40 305
662 35 303
663 29 308
664 30 306
666 35 299
670 27 303
675 22 303
675 21 304
678 23 299
685 19 296
690 19 291
689 25 286
691 23 286
694 22 284
697 21 282
700 20 280
702 24 274
701 24 275
703 25 272
698 30 272
689 35 276
684 33 283
681 32 287
682 34 284
684 31 285
673 37 290
676 34 290
673 42 285
677 35 288
678 31 291
677 34 289
683 30 287
687 32 281
684 36 280
685 34 281
688 33 279
691 31 278
692 29 279
693 30 277
689 32 279
690 32 278
684 37 279
682 37 281
682 33 285
687 39 274
685 33 282
675 38 287
672 42 286
668 40 292
675 34 291
675 38 287
672 38 290
665 42 293
665 40 295
660 38 302
663 38 299
666 35 299
668 31 301
669 31 300
669 33 298
671 29 300
673 29 298
676 31 293
671 39 290
662 45 293
663 42 295
668 31 301
676 31 293
677 28 295
682 26 292
684 26 290
681 28 291
680 30 290
680 26 294
675 33 292
673 34 293
670 37 293
667 35 298
665 38 297
666 32 302
669 26 305
668 28 304
665 30 305
663 29 308
664 24 312
660 31 309
661 32 307
662 31 307
665 25 310
671 26 303
669 26 305
671 24 305
676 20 304
688 17 295
695 16 289
698 17 285
697 20 283
699 19 282
701 23 276
702 25 273
705 26 269
709 26 265
712 22 266
711 20 269
714 18 268
710 24 266
704 29 267
701 32 267
701 32 267
702 30 268
699 31 270
701 29 270
707 28 265
709 25 266
711 26 263
711 27 262
715 21 264
716 22 262
718 17 265
724 18 258
725 16 259
724 17 259
725 16 259
728 16 256
734 16 250
738 13 249
745 12 243
746 13 241
747 14 239
747 13 240
745 19 236
746 20 234
747 19 234
748 20 232
747 22 231
747 20 233
754 20 226
754 25 221
747 30 223
749 31 220
734 44 222
719 56 225
706 60 234
698 66 236
691 69 240
687 65 248
671 73 256
665 73 262
655 72 273
648 71 281
650 64 286
647 67 286
641 65 294
640 62 298
639 57 304
643 49 308
640 47 313
638 49 313
637 45 318
638 43 319
634 45 321
635 46 319
630 46 324
624 47 329
624 46 330
628 47 325
631 47 322
631 45 324
629 43 328
629 50 321
628 53 319
621 50 329
620 46 334
625 42 333
627 40 333
625 39 336
626 34 340
628 35 337
624 35 341
618 35 347
619 31 350
626 23 351
627 24 349
622 32 346
622 33 345
628 29 343
635 26 339
634 29 337
641 30 329
638 30 332
642 26 332
644 23 333
647 20 333
652 21 327
654 19 327
656 17 327
661 15 324
670 12 318
672 12 316
676 9 315
676 10 314
679 13 308
680 16 304
679 22 299
677 20 303
676 21 303
679 16 305
679 18 303
678 19 303
676 21 303
673 21 306
675 22 303
683 20 297
681 20 299
681 22 297
681 24 295
678 30 292
677 31 292
673 34 293
670 41 289
665 43 292
665 42 293
656 49 295
645 56 299
632 65 303
621 68 311
616 65 319
611 55 334
609 52 339
607 50 343
604 49 347
603 41 356
600 41 359
598 46 356
598 47 355
596 45 359
597 39 364
597 41 362
595 38 367
596 38 366
594 38 368
589 41 370
586 44 370
588 40 372
594 41 365
597 38 365
591 35 374
596 32 372
598 29 373
597 28 375
603 25 372
607 21 372
613 20 367
619 18 363
626 16 358
626 19 355
628 18 354
633 25 342
634 26 340
642 22 336
654 16 330
661 13 326
661 14 325
667 13 320
676 11 313
681 10 309
683 9 308
688 10 302
693 11 296
704 9 287
710 8 282
714 9 277
718 9 273
720 7 273
720 8 272
720 8 272
722 8 270
723 7 270
729 6 265
730 6 264
734 5 261
735 8 257
728 14 258
724 24 252
724 27 249
722 32 246
720 34 246
708 49 243
694 57 249
689 52 259
676 61 263
662 69 269
654 72 274
648 71 281
636 70 294
637 66 297
627 70 303
618 72 310
603 81 316
597 82 321
586 85 329
575 87 338
569 84 347
569 82 349
563 76 361
559 75 366
552 75 373
546 72 382
540 67 393
532 65 403
533 63 404
534 55 411
537 55 408
537 48 415
540 44 416
531 54 415
525 62 413
528 59 413
525 66 409
517 70 413
513 69 418
506 72 422
504 74 422
493 79 428
487 74 439
489 71 440
493 64 443
494 55 451
494 46 460
496 43 461
498 42 460
508 36 456
510 38 452
510 38 452
513 39 448
517 40 443
517 41 442
525 39 436
515 50 435
524 46 430
528 46 426
533 37 430
533 42 425
541 40 419
543 38 419
546 38 416
549 35 416
555 31 414
557 35 408
568 34 398
574 33 393
582 33 385
586 28 386
600 24 376
603 21 376
606 20 374
