6
224
885
927
254
667
787
378
631
32
481
274
701
609
555
645
10
203
361
970
886
657
432
121
22
19
581
433
278
822
921
317
867
277
732
222
256
36
9
893
999
418
836
454
398
734
460
873
901
906
355
169
973
782
568
981
827
826
960
99
755
264
98
23
588
439
397
252
934
642
797
204
858
455
640
590
536
118
846
345
789
4
843
547
708
195
733
108
635
649
741
70
72
983
599
379
474
484
608
332
88
771
502
352
478
55
200
749
76
226
305
513
997
904
258
236
115
137
489
958
515
758
176
64
164
920
31
917
803
800
38
66
329
112
158
69
817
192
244
772
967
598
389
810
898
493
