808
70
659
926
534
23
109
389
263
27
892
814
178
780
581
371
486
209
140
433
400
225
4
61
103
597
541
732
721
490
755
77
944
557
73
692
53
627
934
978
771
852
723
494
312
155
271
2
784
950
382
380
224
817
281
610
847
579
714
963
364
33
328
240
420
630
590
777
89
397
396
236
945
717
680
260
770
555
290
354
628
488
821
549
274
96
738
510
916
210
300
25
359
728
645
339
758
82
350
799
220
192
604
769
324
859
530
876
673
781
523
923
84
837
764
392
540
598
483
134
278
347
385
36
584
169
872
138
888
506
583
650
766
44
315
801
900
351
477
421
724
302
768
562
151
113
