225
963
306
120
814
307
633
482
808
712
761
784
860
524
597
669
374
86
709
991
228
484
736
781
159
863
729
89
154
680
741
766
158
531
440
265
671
909
109
552
730
503
445
929
607
743
989
865
392
513
223
512
394
209
207
501
411
104
312
13
299
16
622
48
714
602
508
869
571
36
561
166
231
685
947
548
587
1
965
190
718
242
47
861
461
617
65
491
102
202
904
172
623
100
456
974
320
252
960
80
544
171
811
720
91
162
578
679
835
882
707
905
430
424
167
256
122
377
66
515
579
911
763
479
26
585
23
469
215
385
733
785
260
614
510
665
770
573
4
214
646
272
921
683
564
95
