853
365
419
111
601
518
636
526
331
709
159
14
604
358
88
654
199
895
222
572
697
629
813
278
762
945
187
289
877
432
200
817
81
906
566
776
765
458
844
473
990
904
98
400
128
881
423
831
979
926
389
574
251
495
76
437
506
965
60
126
194
263
388
449
894
216
586
923
659
207
224
327
465
595
186
166
255
123
330
353
466
39
795
378
501
977
409
366
62
794
11
637
387
212
144
802
272
985
738
678
647
790
672
43
954
511
811
628
385
347
843
826
301
590
627
316
942
549
932
249
219
92
314
763
28
704
832
338
197
587
26
800
784
970
573
742
428
908
47
86
757
708
277
152
719
260
