158
797
990
795
142
742
574
842
601
761
270
744
527
703
342
556
10
63
505
866
640
948
967
465
20
247
227
754
19
833
438
780
714
45
343
317
208
933
4
538
475
867
823
921
439
443
677
275
920
844
631
853
322
263
506
615
713
11
791
725
93
652
136
493
431
801
629
982
794
336
737
638
315
137
782
154
215
276
330
877
190
630
113
394
770
248
824
524
984
96
177
46
513
641
943
609
229
530
26
211
567
805
117
964
466
533
361
445
886
482
822
938
986
763
915
597
942
491
199
15
813
489
655
398
734
478
207
511
743
738
974
917
442
214
520
543
340
658
459
952
381
363
358
450
501
981
