702
163
983
533
102
168
522
17
508
458
256
267
326
772
639
705
591
877
559
942
178
201
562
602
351
82
832
922
910
389
722
471
720
359
573
120
766
979
745
913
608
65
519
28
917
181
232
441
918
734
789
949
574
975
75
346
475
596
316
85
15
413
394
369
81
806
671
661
283
160
469
1
155
41
360
430
578
89
268
773
946
696
381
391
794
476
265
424
159
815
693
556
375
73
263
135
434
465
309
903
665
577
167
252
146
403
785
904
254
752
935
324
704
662
585
870
144
908
38
401
386
714
540
127
448
334
236
209
318
415
951
466
229
756
557
200
355
817
523
113
786
874
887
62
962
697
