903
638
578
376
554
757
99
76
159
568
667
108
127
230
941
824
739
228
434
992
540
166
681
882
67
728
425
98
840
444
243
167
546
855
811
691
13
278
988
708
660
96
173
497
576
333
974
447
795
847
335
193
852
22
633
351
259
191
143
50
651
821
30
868
262
406
964
426
349
404
959
845
931
227
463
311
369
863
632
724
867
239
822
630
358
55
758
565
875
20
645
21
428
343
131
771
226
125
115
6
224
249
325
219
697
407
459
139
440
436
766
418
626
499
684
294
469
69
433
956
594
579
714
661
770
674
879
501
68
764
943
745
932
796
693
994
516
181
142
614
321
60
105
816
850
350
