976
162
359
152
590
293
326
34
255
526
818
304
437
301
378
194
888
716
599
193
1
907
822
438
868
22
171
798
705
721
657
762
792
575
971
404
519
35
71
493
479
662
926
676
376
844
242
997
874
303
990
228
476
362
165
163
567
109
783
555
588
880
898
562
970
894
409
813
892
969
845
372
902
897
330
650
383
817
68
876
866
223
623
406
308
345
356
23
323
887
96
458
671
968
98
922
608
778
578
164
18
954
332
625
616
113
231
520
802
947
677
315
652
525
501
848
357
950
47
502
986
889
352
168
211
602
269
820
125
707
764
324
553
934
819
900
284
909
299
698
870
344
318
550
410
514
