997
976
844
496
963
144
724
24
599
279
984
731
71
930
931
459
758
567
529
982
777
114
582
699
800
453
229
98
341
96
999
861
860
890
223
305
787
15
933
837
31
645
780
795
727
539
896
455
838
749
924
34
163
663
885
657
928
314
643
610
299
962
179
55
507
737
661
360
402
796
805
706
752
293
551
910
562
606
247
641
250
922
479
717
644
352
680
720
541
333
176
288
948
868
756
384
852
571
487
870
131
632
762
535
443
853
319
191
472
81
139
932
624
162
950
145
839
101
105
25
4
142
200
337
185
935
285
864
87
94
448
716
542
642
421
662
813
373
797
190
548
354
560
614
857
757
