646
264
570
506
517
657
908
115
302
44
930
53
277
236
162
942
878
201
210
112
316
997
797
351
851
433
305
119
233
34
771
782
332
715
206
284
224
146
888
303
432
127
89
732
16
101
281
761
308
513
607
440
13
261
411
0
741
294
663
444
899
859
515
345
588
858
973
109
807
972
164
722
739
178
498
82
537
610
860
676
385
825
661
583
148
832
543
981
42
480
484
659
683
407
328
342
810
928
398
386
354
478
197
964
501
628
624
961
29
14
11
619
327
263
508
631
944
993
30
116
502
350
376
249
821
495
584
980
458
998
155
977
829
820
259
187
542
987
3
404
679
522
1
835
629
113
