211
745
153
766
325
315
670
870
740
995
773
170
209
657
326
83
318
61
272
381
92
612
171
55
850
335
402
718
507
941
453
682
946
529
264
700
594
128
628
348
793
803
767
566
956
731
261
456
120
655
732
636
723
970
509
630
656
104
854
864
88
837
554
625
39
930
615
968
311
804
984
853
213
861
294
474
95
943
123
369
244
537
452
996
765
341
684
384
683
131
100
386
982
178
51
17
791
753
84
25
176
555
359
435
911
743
524
997
969
648
414
603
473
786
912
255
835
249
314
259
444
420
349
947
490
375
5
246
910
724
481
903
354
49
522
841
166
642
888
416
838
923
303
506
106
472
