600
432
51
323
722
226
302
303
655
296
974
148
410
25
612
893
470
924
114
876
24
514
264
324
398
526
45
825
569
129
605
644
79
466
519
126
725
371
301
437
413
298
654
417
467
754
150
650
747
886
355
337
375
57
31
517
186
997
734
244
690
808
897
145
446
187
802
224
673
991
267
95
53
230
858
329
938
185
217
930
648
33
642
800
861
177
824
550
87
465
482
838
966
309
496
949
727
502
571
342
575
11
316
209
818
280
638
341
424
265
330
996
811
277
165
361
826
541
405
682
152
806
427
758
705
883
435
12
702
393
680
530
720
38
910
357
956
925
511
423
701
719
686
907
147
310
