1000 0 0
1000 0 0
998 2 0
998 1 1
997 2 1
996 4 0
995 5 0
995 4 1
987 8 5
988 4 8
984 7 9
981 9 10
975 13 12
960 24 16
943 29 28
924 43 33
903 56 41
883 66 51
862 78 60
836 76 88
815 93 92
795 93 112
778 89 133
769 85 146
757 85 158
743 84 173
727 91 182
714 92 194
705 90 205
688 96 216
682 88 230
674 89 237
672 85 243
672 73 255
658 72 270
662 75 263
657 68 275
650 70 280
646 70 284
642 69 289
638 66 296
628 67 305
625 67 308
619 70 311
617 72 311
616 68 316
613 65 322
611 56 333
610 52 338
610 52 338
611 51 338
612 44 344
612 44 344
609 49 342
607 47 346
617 44 339
621 39 340
625 36 339
622 33 345
615 42 343
619 38 343
617 41 342
624 36 340
624 38 338
628 35 337
628 39 333
624 40 336
621 42 337
624 38 338
624 35 341
626 31 343
625 33 342
630 27 343
632 24 344
639 20 341
648 20 332
644 23 333
646 22 332
649 17 334
653 16 331
655 20 325
662 21 317
665 19 316
668 19 313
670 21 309
678 21 301
679 18 303
676 21 303
676 27 297
678 22 300
677 24 299
678 22 300
678 20 302
679 23 298
677 28 295
680 31 289
683 23 294
685 22 293
690 23 287
691 23 286
694 21 285
690 24 286
692 26 282
698 25 277
700 30 270
705 28 267
706 27 267
710 27 263
713 25 262
712 28 260
715 22 263
712 23 265
718 20 262
721 20 259
721 19 260
719 20 261
725 17 258
725 15 260
728 16 256
727 15 258
733 15 252
736 15 249
738 15 247
737 18 245
737 21 242
736 21 243
736 19 245
736 19 245
731 23 246
725 27 248
720 30 250
723 30 247
724 31 245
723 28 249
725 26 249
726 26 248
730 25 245
726 34 240
726 34 240
725 37 238
716 43 241
713 42 245
709 48 243
710 41 249
703 41 256
701 44 255
697 45 258
694 43 263
688 46 266
680 53 267
675 46 279
674 44 282
675 42 283
673 39 288
672 40 288
667 38 295
666 39 295
666 36 298
666 35 299
672 33 295
674 35 291
674 34 292
674 35 291
672 36 292
666 33 301
667 28 305
666 28 306
664 32 304
669 30 301
669 28 303
670 32 298
669 36 295
673 35 292
672 31 297
671 26 303
676 29 295
678 28 294
677 31 292
677 33 290
672 41 287
674 38 288
678 32 290
678 31 291
675 33 292
680 29 291
679 30 291
676 36 288
677 29 294
680 29 291
682 30 288
686 27 287
688 27 285
682 27 291
683 27 290
681 28 291
682 27 291
683 27 290
685 25 290
689 23 288
690 19 291
688 22 290
690 23 287
689 25 286
690 30 280
689 29 282
681 33 286
684 29 287
681 35 284
678 40 282
678 40 282
682 37 281
680 39 281
677 40 283
677 36 287
676 38 286
676 35 289
674 39 287
673 41 286
666 40 294
665 38 297
671 36 293
668 40 292
671 42 287
671 41 288
672 44 284
674 42 284
671 49 280
669 54 277
661 56 283
653 61 286
651 60 289
650 58 292
651 52 297
652 49 299
651 44 305
644 50 306
642 44 314
641 48 311
643 43 314
644 38 318
642 39 319
643 34 323
643 31 326
645 27 328
649 27 324
656 21 323
661 22 317
665 18 317
668 23 309
663 26 311
662 28 310
664 27 309
663 33 304
665 31 304
668 31 301
672 26 302
680 25 295
684 28 288
686 28 286
687 31 282
692 26 282
693 28 279
702 26 272
701 27 272
693 35 272
691 35 274
691 30 279
690 31 279
680 35 285
680 33 287
680 33 287
678 36 286
675 36 289
672 38 290
673 36 291
676 30 294
681 26 293
691 22 287
694 15 291
695 16 289
693 17 290
694 17 289
693 23 284
699 19 282
697 23 280
699 27 274
698 32 270
697 34 269
693 35 272
689 35 276
684 39 277
678 44 278
680 37 283
684 34 282
682 35 283
679 36 285
676 37 287
677 41 282
675 40 285
672 41 287
671 42 287
672 35 293
668 42 290
671 38 291
672 37 291
673 39 288
675 39 286
672 34 294
677 33 290
678 32 290
683 30 287
687 30 283
684 33 283
680 36 284
679 36 285
679 35 286
681 31 288
680 28 292
681 31 288
680 30 290
677 32 291
677 31 292
676 33 291
680 29 291
681 28 291
678 34 288
677 29 294
680 30 290
680 29 291
687 24 289
689 25 286
692 21 287
694 21 285
692 22 286
692 27 281
691 28 281
690 30 280
693 28 279
693 28 279
697 26 277
700 22 278
700 17 283
703 15 282
705 16 279
710 12 278
709 13 278
711 12 277
718 11 271
724 7 269
729 7 264
735 6 259
738 4 258
740 5 255
744 6 250
747 3 250
751 4 245
755 5 240
755 7 238
751 11 238
749 13 238
750 14 236
750 17 233
748 19 233
745 23 232
743 23 234
744 19 237
746 17 237
751 13 236
758 11 231
760 11 229
763 10 227
771 11 218
773 11 216
775 12 213
773 14 213
776 15 209
778 14 208
778 15 207
779 15 206
778 18 204
780 19 201
784 16 200
782 17 201
781 19 200
777 22 201
777 20 203
777 18 205
783 18 199
782 18 200
780 21 199
778 26 196
780 25 195
781 23 196
781 26 193
783 24 193
783 19 198
786 18 196
789 18 193
791 20 189
792 22 186
789 23 188
787 22 191
790 19 191
794 19 187
798 18 184
801 14 185
799 15 186
798 20 182
796 23 181
788 27 185
780 35 185
778 30 192
772 39 189
761 40 199
753 43 204
750 44 206
737 48 215
733 45 222
725 49 226
718 47 235
710 47 243
709 42 249
707 47 246
704 46 250
702 47 251
703 45 252
699 41 260
705 40 255
700 46 254
700 47 253
698 39 263
699 35 266
697 35 268
693 33 274
692 35 273
691 36 273
690 32 278
690 35 275
688 33 279
691 30 279
690 27 283
692 24 284
690 31 279
686 32 282
685 36 279
689 31 280
691 33 276
692 32 276
693 33 274
691 30 279
692 27 281
694 29 277
695 27 278
700 27 273
706 24 270
710 25 265
710 22 268
718 19 263
716 18 266
718 16 266
718 21 261
718 22 260
720 22 258
722 19 259
721 21 258
722 24 254
724 26 250
727 23 250
727 18 255
731 21 248
729 24 247
724 22 254
724 21 255
725 23 252
729 22 249
729 18 253
728 23 249
728 26 246
730 24 246
731 23 246
734 21 245
729 26 245
725 26 249
726 25 249
732 21 247
724 26 250
727 29 244
722 26 252
720 27 253
719 33 248
715 32 253
711 31 258
715 27 258
717 27 256
720 26 254
725 25 250
726 23 251
722 24 254
721 27 252
723 24 253
727 22 251
733 22 245
732 24 244
734 23 243
737 23 240
734 23 243
733 23 244
732 24 244
734 24 242
737 24 239
740 24 236
739 26 235
740 26 234
746 24 230
748 21 231
749 23 228
751 24 225
752 22 226
752 20 228
756 18 226
757 18 225
759 18 223
760 17 223
765 18 217
759 24 217
759 25 216
758 28 214
752 30 218
744 36 220
735 43 222
733 44 223
728 45 227
726 44 230
719 47 234
718 45 237
718 47 235
711 51 238
706 57 237
699 56 245
688 63 249
680 68 252
678 60 262
680 55 265
676 46 278
670 47 283
666 44 290
664 39 297
669 32 299
669 27 304
673 24 303
676 25 299
686 26 288
690 25 285
685 28 287
690 26 284
694 19 287
694 21 285
697 22 281
700 20 280
700 22 278
704 21 275
702 21 277
705 16 279
704 16 280
708 14 278
709 18 273
712 16 272
712 13 275
712 11 277
715 11 274
717 10 273
721 8 271
727 8 265
730 9 261
734 11 255
738 14 248
743 13 244
748 12 240
752 12 236
753 11 236
758 10 232
756 12 232
755 14 231
757 14 229
759 12 229
759 9 232
762 13 225
759 13 228
768 12 220
770 11 219
769 12 219
772 12 216
775 14 211
773 16 211
772 15 213
771 16 213
773 18 209
770 19 211
764 24 212
758 29 213
753 30 217
749 31 220
745 34 221
739 36 225
732 44 224
730 41 229
731 42 227
728 40 232
722 43 235
715 44 241
709 50 241
706 46 248
704 47 249
696 54 250
686 53 261
687 50 263
678 58 264
674 48 278
674 41 285
679 41 280
681 35 284
680 33 287
671 40 289
671 34 295
669 36 295
667 37 296
669 37 294
669 38 293
670 38 292
672 35 293
671 33 296
672 34 294
674 29 297
669 30 301
670 28 302
671 25 304
670 25 305
672 24 304
670 25 305
672 26 302
669 24 307
671 22 307
669 21 310
670 20 310
670 23 307
674 23 303
678 21 301
682 18 300
682 15 303
686 16 298
681 17 302
682 17 301
685 18 297
686 22 292
685 25 290
686 25 289
683 25 292
683 29 288
677 31 292
679 32 289
682 28 290
684 26 290
683 26 291
683 23 294
682 27 291
679 29 292
676 32 292
684 27 289
682 31 287
685 33 282
688 32 280
692 28 280
689 28 283
692 27 281
695 26 279
694 24 282
692 27 281
689 30 281
690 30 280
700 24 276
706 24 270
712 26 262
715 27 258
717 27 256
718 22 260
721 18 261
725 19 256
726 21 253
728 23 249
730 27 243
725 30 245
725 32 243
727 35 238
730 30 240
732 28 240
727 30 243
724 35 241
722 39 239
717 41 242
716 42 242
710 48 242
704 45 251
698 42 260
689 49 262
685 50 265
690 47 263
683 57 260
687 50 263
687 49 264
675 52 273
670 45 285
665 49 286
660 53 287
658 45 297
650 56 294
644 58 298
639 57 304
633 57 310
628 60 312
621 63 316
612 63 325
603 63 334
598 57 345
595 56 349
597 51 352
594 52 354
592 50 358
586 56 358
582 52 366
586 45 369
582 45 373
582 46 372
583 45 372
590 39 371
591 42 367
595 37 368
598 37 365
599 39 362
604 35 361
612 29 359
610 27 363
615 32 353
611 36 353
608 37 355
613 34 353
611 34 355
609 39 352
606 38 356
609 32 359
610 32 358
613 37 350
615 36 349
610 43 347
610 43 347
609 38 353
609 38 353
611 30 359
613 33 354
617 28 355
624 26 350
629 22 349
628 19 353
635 19 346
637 18 345
639 15 346
643 16 341
646 13 341
654 13 333
657 15 328
664 15 321
667 15 318
669 17 314
670 13 317
671 14 315
667 16 317
670 16 314
677 14 309
674 20 306
676 18 306
673 24 303
669 25 306
664 30 306
662 30 308
662 34 304
661 35 304
659 33 308
661 35 304
659 38 303
656 37 307
657 38 305
655 37 308
655 36 309
652 38 310
649 36 315
651 35 314
654 34 312
659 32 309
656 31 313
658 31 311
657 30 313
658 32 310
659 35 306
653 40 307
655 36 309
655 38 307
651 45 304
653 45 302
655 47 298
651 51 298
650 52 298
651 40 309
657 36 307
661 35 304
656 36 308
656 41 303
657 39 304
657 35 308
663 32 305
663 31 306
666 32 302
667 28 305
664 31 305
668 27 305
674 29 297
677 24 299
679 25 296
681 24 295
679 22 299
684 20 296
689 18 293
695 14 291
696 15 289
698 15 287
704 14 282
711 14 275
710 14 276
714 15 271
717 16 267
716 20 264
723 20 257
724 24 252
720 24 256
721 20 259
719 22 259
718 25 257
719 23 258
724 20 256
723 22 255
721 24 255
721 27 252
717 32 251
719 28 253
717 30 253
715 32 253
710 34 256
707 34 259
705 31 264
707 25 268
710 26 264
708 29 263
711 29 260
713 26 261
712 27 261
705 34 261
698 39 263
698 32 270
696 33 271
692 39 269
692 33 275
692 28 280
688 29 283
690 32 278
685 32 283
682 30 288
681 31 288
675 33 292
675 28 297
679 30 291
676 26 298
674 33 293
673 32 295
675 33 292
675 34 291
672 37 291
676 30 294
675 31 294
669 33 298
669 33 298
668 30 302
667 33 300
666 33 301
668 33 299
672 30 298
671 34 295
669 35 296
665 39 296
663 40 297
654 38 308
655 39 306
655 39 306
657 36 307
649 42 309
642 46 312
637 49 314
635 48 317
636 47 317
638 47 315
636 45 319
630 50 320
627 45 328
618 48 334
618 44 338
616 40 344
612 39 349
613 33 354
617 28 355
626 27 347
627 28 345
628 24 348
630 29 341
635 23 342
641 22 337
642 25 333
640 25 335
644 26 330
644 29 327
639 36 325
631 37 332
638 31 331
639 31 330
644 32 324
643 31 326
641 32 327
638 30 332
639 28 333
642 23 335
650 21 329
655 17 328
652 21 327
652 20 328
659 18 323
663 21 316
665 21 314
663 25 312
665 26 309
662 33 305
660 34 306
656 37 307
652 39 309
650 44 306
644 52 304
646 50 304
646 49 305
653 44 303
652 48 300
643 46 311
638 50 312
631 48 321
631 43 326
641 34 325
639 38 323
643 35 322
646 37 317
645 39 316
640 35 325
638 33 329
640 31 329
646 28 326
649 28 323
651 25 324
654 21 325
658 16 326
664 10 326
669 12 319
667 16 317
667 17 316
670 23 307
672 21 307
669 22 309
673 20 307
669 25 306
672 19 309
675 17 308
686 15 299
689 17 294
687 24 289
682 29 289
685 32 283
683 33 284
681 35 284
684 34 282
690 28 282
686 30 284
689 31 280
687 31 282
692 29 279
687 33 280
691 31 278
693 31 276
695 32 273
694 28 278
