1000 0 0
1000 0 0
998 2 0
998 2 0
998 2 0
996 4 0
995 5 0
991 9 0
985 13 2
980 17 3
966 25 9
955 31 14
942 41 17
926 45 29
912 51 37
893 62 45
877 69 54
856 84 60
835 80 85
807 102 91
789 102 109
774 100 126
767 99 134
748 103 149
732 107 161
720 97 183
700 101 199
680 105 215
666 110 224
657 109 234
653 100 247
641 102 257
626 101 273
613 96 291
604 85 311
600 81 319
592 86 322
587 85 328
592 76 332
589 68 343
591 64 345
594 62 344
590 57 353
587 64 349
591 58 351
588 53 359
589 51 360
587 49 364
583 55 362
583 57 360
578 54 368
579 54 367
581 48 371
578 48 374
579 42 379
570 44 386
573 40 387
574 34 392
580 34 386
585 31 384
588 33 379
589 32 379
592 31 377
592 30 378
595 31 374
594 36 370
601 37 362
606 33 361
613 33 354
613 36 351
616 33 351
620 36 344
622 30 348
623 29 348
623 24 353
622 20 358
632 17 351
637 12 351
638 13 349
641 13 346
646 11 343
652 9 339
654 7 339
658 10 332
655 11 334
664 9 327
672 9 319
681 9 310
688 8 304
694 7 299
695 7 298
697 7 296
702 6 292
705 8 287
707 10 283
709 10 281
711 7 282
714 8 278
716 10 274
716 13 271
716 14 270
714 18 268
716 17 267
718 18 264
718 19 263
725 17 258
725 18 257
727 17 256
726 17 257
728 15 257
728 10 262
726 11 263
730 11 259
732 15 253
731 15 254
737 12 251
739 12 249
738 15 247
743 17 240
737 25 238
729 33 238
726 32 242
722 32 246
725 32 243
724 30 246
721 32 247
720 32 248
724 28 248
725 26 249
718 30 252
714 33 253
706 33 261
701 32 267
704 39 257
702 45 253
692 50 258
686 54 260
678 58 264
676 51 273
667 59 274
661 59 280
659 50 291
654 54 292
650 57 293
650 54 296
647 58 295
652 56 292
654 53 293
652 48 300
642 53 305
641 41 318
635 41 324
634 48 318
634 44 322
629 42 329
632 40 328
628 45 327
627 44 329
627 45 328
625 40 335
625 38 337
623 41 336
625 38 337
629 39 332
632 34 334
632 35 333
632 32 336
631 32 337
634 31 335
635 33 332
635 33 332
636 34 330
629 41 330
632 41 327
630 38 332
627 33 340
629 33 338
628 35 337
628 37 335
629 38 333
625 43 332
629 39 332
622 41 337
618 42 340
611 50 339
606 49 345
602 51 347
598 58 344
594 55 351
591 57 352
589 54 357
593 50 357
595 48 357
597 43 360
603 37 360
603 39 358
601 42 357
602 35 363
607 36 357
609 33 358
613 33 354
611 32 357
611 33 356
615 33 352
615 36 349
616 33 351
623 29 348
630 29 341
638 29 333
638 26 336
640 25 335
643 30 327
641 37 322
636 34 330
644 34 322
635 42 323
637 40 323
636 42 322
635 43 322
631 44 325
638 44 318
638 39 323
639 41 320
637 41 322
636 41 323
647 34 319
647 37 316
648 33 319
652 33 315
657 29 314
656 21 323
656 22 322
659 25 316
657 27 316
661 27 312
668 23 309
668 22 310
667 26 307
665 26 309
659 28 313
659 30 311
662 28 310
662 27 311
659 28 313
664 27 309
672 25 303
677 25 298
679 23 298
681 25 294
682 29 289
682 29 289
683 30 287
680 35 285
685 24 291
682 25 293
685 21 294
685 20 295
687 17 296
690 16 294
688 19 293
691 22 287
696 19 285
700 19 281
703 17 280
704 18 278
711 16 273
713 15 272
709 21 270
708 19 273
708 20 272
705 19 276
706 15 279
705 18 277
704 24 272
709 21 270
708 22 270
706 25 269
709 22 269
707 28 265
712 29 259
711 28 261
706 35 259
695 43 262
692 43 265
687 44 269
680 47 273
678 51 271
677 46 277
672 51 277
668 48 284
668 45 287
669 43 288
670 41 289
677 37 286
671 39 290
670 38 292
664 44 292
666 41 293
663 45 292
665 45 290
661 50 289
654 46 300
648 49 303
646 48 306
645 43 312
646 34 320
640 36 324
641 35 324
637 43 320
632 41 327
635 39 326
634 35 331
634 34 332
639 30 331
643 26 331
646 26 328
648 26 326
650 29 321
653 28 319
652 20 328
659 18 323
657 24 319
658 22 320
660 17 323
659 20 321
656 19 325
656 19 325
660 18 322
663 17 320
668 16 316
672 15 313
671 17 312
668 22 310
674 21 305
672 24 304
675 22 303
674 25 301
677 21 302
676 26 298
680 20 300
686 16 298
683 22 295
682 23 295
685 21 294
690 21 289
695 24 281
702 19 279
705 21 274
701 26 273
705 24 271
706 23 271
709 24 267
708 22 270
710 27 263
708 31 261
708 33 259
709 32 259
712 33 255
710 35 255
714 35 251
714 31 255
721 26 253
721 27 252
722 28 250
730 21 249
729 26 245
724 27 249
718 32 250
718 31 251
713 37 250
709 42 249
703 42 255
706 38 256
703 40 257
697 46 257
692 50 258
690 52 258
687 59 254
676 72 252
671 71 258
657 77 266
653 73 274
645 71 284
636 70 294
633 65 302
628 66 306
624 67 309
623 67 310
615 71 314
611 75 314
606 70 324
593 81 326
583 83 334
576 77 347
567 80 353
560 79 361
552 78 370
550 72 378
555 65 380
552 62 386
554 56 390
546 59 395
540 65 395
543 59 398
552 53 395
553 47 400
560 39 401
563 39 398
568 39 393
567 44 389
562 46 392
567 40 393
567 39 394
567 37 396
565 33 402
566 27 407
564 30 406
569 27 404
571 26 403
574 25 401
572 21 407
578 17 405
583 18 399
590 15 395
590 15 395
596 14 390
605 12 383
608 12 380
611 13 376
620 15 365
624 18 358
623 21 356
623 21 356
621 20 359
624 20 356
621 22 357
618 25 357
618 27 355
619 25 356
618 28 354
619 26 355
620 23 357
621 26 353
620 29 351
623 32 345
632 24 344
628 29 343
637 30 333
635 35 330
629 40 331
629 41 330
625 41 334
623 41 336
624 38 338
629 34 337
630 37 333
630 34 336
634 32 334
631 35 334
630 35 335
631 35 334
625 33 342
626 37 337
629 37 334
631 38 331
631 38 331
632 40 328
635 41 324
638 43 319
635 44 321
632 46 322
626 50 324
614 58 328
611 64 325
615 54 331
619 48 333
616 45 339
622 40 338
617 42 341
617 39 344
615 39 346
618 38 344
620 33 347
623 37 340
621 41 338
620 44 336
612 47 341
604 47 349
607 46 347
605 44 351
603 48 349
604 43 353
599 42 359
598 42 360
596 45 359
596 42 362
595 42 363
597 36 367
600 38 362
597 45 358
600 35 365
601 34 365
601 35 364
605 32 363
605 33 362
598 37 365
611 32 357
616 29 355
612 36 352
614 31 355
614 33 353
615 31 354
617 27 356
619 25 356
620 25 355
622 21 357
620 20 360
627 17 356
629 17 354
631 21 348
633 16 351
635 19 346
640 22 338
643 16 341
646 13 341
657 11 332
660 15 325
668 13 319
671 12 317
676 10 314
678 7 315
685 5 310
688 7 305
695 6 299
700 7 293
703 10 287
709 9 282
708 12 280
704 17 279
706 20 274
705 23 272
702 26 272
705 27 268
700 30 270
704 26 270
706 22 272
710 22 268
710 21 269
712 20 268
719 18 263
722 22 256
725 22 253
729 23 248
728 25 247
729 26 245
733 25 242
733 25 242
732 24 244
729 25 246
732 25 243
727 29 244
729 31 240
729 28 243
726 32 242
726 32 242
723 38 239
717 44 239
714 39 247
710 36 254
712 34 254
713 32 255
717 28 255
713 28 259
711 29 260
702 35 263
700 32 268
701 30 269
691 42 267
684 44 272
688 37 275
689 37 274
693 36 271
689 38 273
687 35 278
688 32 280
690 30 280
688 31 281
690 28 282
690 25 285
691 29 280
687 27 286
687 24 289
687 24 289
688 23 289
687 23 290
691 19 290
692 20 288
696 21 283
697 24 279
699 17 284
701 18 281
704 18 278
709 20 271
708 18 274
709 19 272
710 22 268
713 23 264
711 28 261
711 28 261
707 30 263
700 36 264
705 35 260
702 36 262
697 38 265
694 39 267
691 39 270
680 39 281
679 38 283
674 45 281
663 48 289
664 44 292
662 49 289
664 46 290
661 44 295
652 51 297
652 53 295
645 49 306
636 50 314
632 54 314
627 53 320
624 52 324
627 43 330
624 39 337
627 44 329
626 44 330
627 46 327
624 45 331
626 36 338
631 32 337
628 37 335
633 33 334
636 35 329
636 39 325
633 38 329
637 22 341
640 21 339
649 17 334
655 15 330
652 16 332
653 18 329
649 21 330
653 21 326
651 22 327
650 25 325
660 22 318
662 21 317
662 20 318
665 19 316
670 19 311
672 17 311
671 20 309
670 20 310
666 25 309
664 27 309
666 29 305
669 29 302
663 32 305
658 37 305
649 43 308
645 45 310
645 42 313
640 41 319
639 42 319
642 37 321
643 32 325
644 32 324
647 36 317
652 31 317
654 32 314
650 41 309
656 40 304
654 43 303
653 45 302
653 35 312
653 28 319
656 22 322
659 23 318
667 19 314
673 17 310
676 13 311
676 17 307
678 19 303
677 22 301
675 22 303
681 21 298
687 21 292
690 19 291
696 18 286
693 19 288
697 19 284
704 14 282
707 15 278
707 18 275
707 18 275
707 16 277
708 12 280
711 10 279
706 15 279
705 17 278
700 24 276
697 25 278
697 23 280
698 24 278
693 28 279
686 32 282
688 27 285
694 24 282
695 27 278
694 31 275
691 34 275
689 32 279
693 28 279
693 28 279
693 29 278
695 25 280
693 28 279
694 24 282
699 23 278
702 22 276
705 24 271
697 27 276
697 32 271
696 33 271
699 30 271
696 27 277
695 27 278
694 28 278
692 26 282
686 28 286
689 30 281
685 37 278
688 34 278
695 35 270
695 31 274
695 30 275
695 35 270
696 31 273
699 32 269
692 33 275
689 34 277
688 31 281
690 30 280
686 25 289
687 29 284
695 24 281
691 30 279
691 30 279
690 31 279
693 31 276
699 26 275
701 27 272
698 29 273
696 33 271
697 35 268
698 34 268
702 33 265
701 31 268
702 27 271
697 31 272
700 31 269
698 31 271
693 32 275
689 43 268
681 46 273
679 45 276
675 44 281
669 43 288
661 48 291
654 55 291
645 60 295
638 60 302
635 54 311
633 52 315
630 54 316
630 51 319
630 48 322
621 55 324
621 50 329
617 48 335
614 50 336
623 45 332
623 40 337
620 35 345
620 33 347
625 30 345
622 36 342
630 27 343
628 29 343
635 30 335
631 33 336
636 30 334
637 32 331
622 41 337
618 45 337
616 47 337
615 42 343
610 41 349
607 41 352
608 40 352
613 39 348
615 42 343
618 47 335
620 43 337
619 42 339
618 39 343
618 43 339
619 39 342
615 40 345
624 35 341
628 34 338
624 34 342
625 34 341
629 35 336
628 33 339
627 34 339
629 34 337
628 36 336
628 35 337
630 31 339
637 27 336
639 22 339
644 22 334
644 22 334
647 25 328
653 26 321
655 23 322
657 22 321
660 24 316
664 24 312
664 25 311
664 26 310
668 23 309
670 26 304
673 27 300
676 23 301
680 24 296
683 22 295
684 20 296
687 17 296
689 16 295
694 12 294
699 12 289
702 14 284
709 15 276
707 14 279
707 15 278
710 18 272
710 22 268
710 22 268
709 22 269
711 23 266
706 28 266
708 23 269
709 28 263
705 32 263
702 35 263
697 41 262
697 42 261
694 37 269
692 36 272
688 39 273
683 39 278
685 34 281
686 35 279
691 30 279
687 28 285
690 28 282
687 28 285
682 32 286
679 33 288
676 32 292
675 30 295
676 33 291
678 32 290
676 29 295
676 29 295
677 32 291
673 33 294
675 35 290
671 43 286
668 39 293
663 40 297
662 44 294
657 41 302
656 38 306
653 41 306
645 42 313
647 42 311
649 38 313
651 31 318
656 28 316
657 30 313
661 29 310
664 29 307
665 26 309
666 21 313
674 18 308
676 21 303
685 21 294
686 22 292
686 21 293
690 21 289
689 24 287
691 24 285
696 26 278
700 27 273
696 27 277
691 24 285
689 23 288
693 22 285
687 28 285
687 33 280
683 38 279
676 39 285
679 37 284
673 42 285
675 42 283
671 45 284
670 44 286
666 44 290
663 45 292
660 51 289
650 56 294
647 55 298
644 50 306
637 51 312
637 46 317
632 49 319
631 44 325
625 53 322
619 55 326
617 51 332
620 52 328
615 58 327
610 61 329
608 53 339
615 46 339
621 39 340
623 35 342
629 33 338
636 31 333
638 31 331
638 32 330
638 34 328
633 36 331
639 32 329
638 27 335
636 30 334
638 30 332
644 26 330
644 27 329
653 22 325
660 20 320
658 19 323
663 18 319
669 18 313
670 23 307
665 27 308
661 26 313
665 23 312
658 28 314
657 30 313
661 30 309
669 26 305
671 23 306
677 23 300
679 25 296
676 26 298
685 28 287
681 32 287
686 31 283
682 37 281
685 32 283
689 31 280
689 28 283
694 32 274
696 30 274
692 32 276
692 31 277
689 32 279
687 32 281
681 36 283
682 35 283
683 33 284
675 40 285
670 39 291
669 38 293
669 38 293
667 39 294
661 41 298
660 40 300
