995 5 0
994 6 0
992 8 0
992 6 2
990 7 3
987 9 4
978 16 6
973 19 8
963 27 10
952 34 14
938 44 18
918 58 24
908 55 37
896 65 39
877 75 48
847 98 55
813 107 80
792 104 104
776 106 118
761 106 133
742 125 133
719 124 157
708 113 179
683 119 198
667 115 218
640 121 239
632 112 256
620 112 268
613 100 287
607 102 291
592 99 309
594 92 314
590 80 330
581 82 337
575 83 342
579 76 345
575 72 353
569 66 365
566 63 371
563 67 370
568 59 373
565 54 381
568 54 378
567 58 375
565 57 378
564 61 375
563 57 380
565 51 384
567 48 385
563 48 389
570 43 387
577 39 384
579 36 385
573 40 387
573 39 388
578 33 389
588 29 383
589 28 383
589 28 383
594 25 381
597 23 380
603 26 371
601 29 370
603 25 372
611 26 363
617 22 361
622 18 360
626 20 354
634 17 349
638 20 342
640 21 339
648 18 334
655 10 335
656 14 330
659 13 328
660 13 327
661 16 323
666 9 325
671 9 320
675 11 314
682 13 305
687 12 301
686 14 300
693 12 295
696 12 292
699 14 287
703 17 280
701 22 277
698 25 277
701 21 278
704 18 278
707 16 277
712 18 270
712 18 270
710 23 267
716 23 261
716 26 258
715 27 258
717 30 253
720 31 249
716 34 250
712 36 252
707 38 255
708 37 255
705 39 256
705 40 255
706 34 260
709 37 254
705 43 252
706 45 249
708 42 250
711 41 248
712 39 249
710 40 250
708 39 253
706 40 254
705 35 260
698 36 266
694 41 265
689 49 262
687 52 261
682 55 263
679 58 263
669 64 267
669 61 270
668 58 274
662 59 279
653 64 283
648 62 290
644 68 288
637 73 290
632 70 298
627 73 300
625 70 305
616 74 310
616 68 316
614 68 318
619 63 318
616 53 331
610 51 339
611 50 339
610 49 341
603 60 337
605 58 337
605 53 342
600 50 350
601 45 354
607 40 353
611 33 356
618 36 346
617 37 346
615 34 351
613 37 350
615 34 351
612 28 360
621 27 352
621 27 352
627 22 351
637 19 344
639 22 339
640 19 341
644 19 337
640 21 339
643 20 337
648 22 330
650 25 325
659 20 321
660 19 321
660 16 324
666 14 320
668 18 314
674 20 306
665 29 306
666 27 307
664 23 313
665 23 312
673 20 307
675 19 306
678 20 302
676 24 300
676 21 303
675 23 302
677 26 297
677 23 300
681 24 295
683 21 296
685 19 296
691 16 293
693 20 287
693 23 284
698 20 282
701 21 278
702 21 277
702 22 276
705 21 274
709 21 270
705 25 270
700 33 267
695 39 266
698 35 267
693 28 279
692 27 281
691 30 279
686 36 278
675 43 282
674 41 285
671 41 288
668 45 287
665 46 289
655 50 295
654 51 295
648 52 300
649 45 306
646 47 307
650 42 308
651 41 308
649 41 310
649 34 317
648 34 318
649 36 315
654 32 314
654 34 312
655 32 313
652 32 316
650 26 324
649 23 328
645 28 327
650 29 321
648 27 325
644 33 323
650 32 318
651 34 315
649 32 319
644 36 320
633 41 326
632 42 326
634 42 324
632 40 328
628 42 330
631 44 325
637 36 327
637 32 331
639 29 332
641 30 329
642 29 329
643 29 328
646 28 326
647 26 327
645 28 327
654 26 320
656 29 315
660 25 315
658 23 319
661 24 315
666 18 316
668 18 314
669 19 312
672 19 309
673 20 307
672 19 309
674 19 307
671 26 303
662 37 301
658 37 305
661 28 311
664 33 303
663 35 302
661 27 312
659 27 314
657 26 317
657 31 312
656 27 317
657 26 317
659 24 317
660 25 315
654 27 319
652 28 320
654 27 319
653 26 321
656 24 320
654 26 320
663 22 315
668 22 310
672 21 307
678 18 304
676 20 304
674 23 303
672 24 304
665 29 306
667 27 306
662 31 307
657 32 311
653 31 316
659 24 317
658 24 318
658 24 318
657 28 315
659 23 318
664 22 314
665 19 316
672 21 307
676 20 304
677 20 303
679 21 300
683 18 299
682 21 297
681 20 299
684 24 292
683 25 292
685 29 286
687 30 283
688 29 283
686 33 281
689 36 275
689 37 274
683 38 279
684 35 281
691 26 283
695 19 286
692 21 287
688 20 292
691 23 286
686 24 290
694 25 281
688 28 284
686 30 284
689 32 279
684 29 287
691 26 283
697 27 276
702 29 269
696 39 265
690 48 262
679 56 265
678 53 269
678 46 276
674 49 277
679 42 279
678 39 283
682 34 284
684 30 286
682 30 288
682 25 293
681 23 296
683 19 298
681 22 297
679 24 297
678 25 297
680 25 295
681 27 292
677 21 302
672 23 305
668 26 306
668 20 312
670 21 309
676 20 304
677 20 303
682 21 297
686 20 294
687 21 292
691 19 290
694 18 288
695 20 285
697 18 285
703 18 279
706 19 275
708 17 275
710 22 268
711 20 269
709 25 266
710 23 267
715 21 264
720 17 263
725 15 260
726 16 258
733 14 253
732 13 255
737 13 250
738 12 250
737 14 249
733 17 250
736 17 247
741 16 243
751 13 236
751 15 234
751 15 234
750 16 234
747 22 231
738 31 231
738 30 232
731 38 231
726 40 234
729 36 235
731 37 232
724 42 234
727 35 238
719 43 238
705 57 238
695 57 248
691 56 253
687 59 254
683 63 254
676 61 263
667 62 271
660 61 279
656 56 288
654 54 292
653 51 296
654 48 298
654 45 301
653 45 302
651 49 300
653 47 300
649 55 296
641 59 300
636 59 305
631 60 309
631 53 316
626 49 325
623 46 331
622 44 334
625 41 334
628 37 335
631 39 330
630 38 332
634 32 334
635 28 337
641 24 335
644 24 332
648 21 331
645 26 329
643 24 333
650 26 324
644 36 320
638 39 323
639 39 322
636 37 327
640 37 323
637 37 326
639 35 326
639 31 330
640 27 333
647 26 327
649 26 325
649 23 328
646 25 329
648 22 330
657 20 323
657 16 327
662 17 321
663 20 317
665 19 316
664 22 314
661 25 314
664 24 312
652 32 316
651 36 313
646 42 312
644 44 312
642 47 311
638 49 313
632 52 316
632 50 318
627 42 331
629 43 328
624 50 326
625 51 324
627 45 328
629 43 328
626 44 330
623 47 330
623 45 332
623 43 334
626 46 328
626 45 329
629 42 329
623 42 335
626 39 335
623 36 341
625 34 341
629 32 339
637 32 331
640 29 331
647 25 328
641 33 326
644 34 322
641 37 322
641 37 322
645 36 319
646 37 317
645 36 319
643 38 319
637 45 318
631 51 318
624 51 325
623 55 322
613 61 326
607 64 329
601 69 330
601 64 335
593 65 342
586 68 346
581 62 357
581 58 361
579 59 362
577 55 368
579 49 372
584 44 372
590 45 365
590 37 373
592 35 373
592 37 371
590 40 370
588 37 375
589 35 376
587 37 376
580 46 374
578 42 380
575 48 377
570 48 382
569 52 379
574 47 379
570 47 383
569 49 382
564 50 386
568 45 387
571 41 388
572 36 392
571 39 390
573 32 395
576 30 394
575 31 394
579 28 393
586 27 387
589 21 390
595 24 381
599 21 380
602 17 381
605 16 379
610 18 372
616 19 365
619 18 363
621 19 360
624 16 360
628 16 356
637 18 345
636 16 348
639 17 344
640 20 340
639 22 339
642 25 333
646 26 328
643 28 329
642 26 332
646 29 325
645 29 326
651 23 326
658 19 323
662 14 324
666 15 319
670 14 316
671 17 312
671 21 308
675 21 304
672 21 307
672 23 305
672 24 304
673 30 297
667 35 298
668 32 300
663 35 302
660 36 304
661 37 302
659 37 304
660 36 304
657 38 305
652 42 306
647 45 308
647 44 309
644 43 313
646 42 312
649 38 313
649 38 313
648 39 313
645 42 313
650 38 312
654 37 309
652 39 309
653 43 304
651 40 309
653 36 311
651 35 314
658 33 309
667 30 303
669 29 302
670 30 300
672 29 299
675 31 294
676 33 291
671 40 289
664 44 292
658 46 296
654 50 296
654 47 299
656 46 298
659 42 299
660 42 298
657 44 299
654 49 297
644 57 299
639 55 306
635 55 310
634 54 312
631 57 312
631 47 322
632 42 326
631 41 328
630 40 330
634 38 328
634 38 328
624 42 334
622 43 335
623 45 332
614 48 338
615 44 341
620 39 341
620 33 347
621 34 345
629 29 342
632 27 341
638 24 338
646 21 333
648 22 330
648 21 331
646 22 332
648 23 329
647 23 330
647 26 327
648 25 327
645 30 325
648 27 325
647 26 327
650 26 324
653 27 320
655 27 318
660 26 314
667 25 308
671 20 309
673 19 308
673 21 306
672 19 309
665 29 306
657 37 306
655 33 312
657 29 314
658 30 312
653 34 313
645 40 315
648 39 313
650 45 305
644 49 307
642 55 303
643 52 305
634 56 310
626 62 312
621 59 320
626 46 328
623 48 329
631 49 320
632 49 319
627 51 322
627 46 327
631 40 329
637 37 326
637 36 327
637 35 328
645 35 320
641 40 319
645 41 314
648 39 313
649 39 312
657 32 311
654 33 313
655 32 313
651 34 315
647 39 314
640 47 313
628 56 316
625 59 316
619 62 319
614 59 327
613 54 333
614 53 333
610 54 336
618 51 331
613 56 331
610 53 337
609 51 340
607 51 342
606 57 337
612 55 333
612 50 338
619 43 338
615 43 342
613 50 337
617 49 334
628 45 327
634 41 325
633 38 329
636 35 329
635 29 336
636 27 337
642 27 331
647 28 325
648 26 326
650 23 327
647 25 328
653 26 321
661 19 320
664 17 319
667 15 318
673 11 316
672 10 318
672 14 314
677 11 312
679 8 313
685 9 306
685 16 299
685 17 298
686 16 298
685 16 299
691 18 291
691 19 290
697 16 287
697 16 287
701 14 285
708 14 278
717 15 268
718 14 268
720 15 265
727 14 259
722 22 256
718 23 259
719 23 258
720 19 261
725 21 254
723 22 255
727 22 251
731 18 251
736 17 247
740 17 243
743 16 241
744 16 240
744 16 240
744 20 236
743 23 234
741 23 236
736 26 238
730 28 242
723 32 245
722 32 246
718 33 249
718 39 243
714 40 246
700 51 249
694 51 255
693 49 258
682 54 264
681 52 267
681 45 274
668 52 280
673 49 278
673 47 280
669 48 283
673 48 279
669 48 283
666 43 291
666 44 290
657 46 297
651 46 303
649 47 304
645 46 309
641 48 311
642 44 314
649 38 313
646 37 317
648 33 319
650 23 327
656 25 319
656 28 316
653 33 314
657 32 311
653 33 314
651 31 318
642 35 323
644 31 325
649 28 323
657 24 319
659 20 321
658 23 319
655 21 324
654 21 325
656 21 323
654 21 325
653 25 322
653 25 322
654 24 322
654 25 321
660 20 320
662 17 321
660 20 320
662 20 318
662 20 318
667 19 314
666 21 313
671 21 308
674 16 310
678 15 307
686 14 300
689 12 299
686 18 296
684 17 299
685 19 296
690 18 292
691 22 287
692 19 289
691 22 287
687 23 290
685 19 296
690 20 290
688 21 291
685 27 288
680 31 289
669 39 292
666 40 294
657 44 299
651 47 302
647 53 300
641 63 296
637 59 304
633 59 308
629 54 317
625 51 324
621 49 330
619 48 333
609 52 339
607 46 347
606 49 345
607 52 341
610 47 343
609 48 343
613 39 348
615 34 351
618 33 349
622 33 345
628 27 345
625 25 350
633 19 348
637 22 341
641 20 339
648 19 333
650 18 332
655 18 327
658 19 323
660 21 319
662 20 318
665 17 318
667 17 316
666 17 317
669 17 314
672 15 313
673 13 314
672 12 316
674 13 313
673 13 314
669 19 312
669 16 315
669 15 316
669 21 310
668 24 308
668 20 312
670 22 308
666 18 316
671 16 313
675 14 311
679 16 305
680 19 301
677 20 303
679 21 300
678 23 299
680 24 296
678 24 298
675 25 300
673 25 302
669 31 300
671 29 300
677 23 300
678 21 301
683 17 300
682 14 304
689 14 297
687 14 299
690 13 297
693 14 293
695 14 291
698 11 291
698 12 290
703 11 286
703 16 281
709 12 279
706 15 279
705 19 276
706 19 275
707 19 274
708 19 273
701 27 272
700 27 273
706 24 270
705 23 272
710 27 263
704 32 264
700 32 268
692 38 270
686 45 269
678 46 276
679 45 276
681 46 273
674 50 276
664 55 281
662 53 285
661 49 290
657 45 298
660 38 302
658 39 303
651 42 307
651 39 310
649 34 317
649 35 316
650 35 315
652 34 314
651 34 315
650 33 317
647 36 317
646 36 318
647 34 319
643 46 311
642 47 311
644 42 314
645 43 312
648 34 318
646 31 323
646 34 320
647 29 324
651 29 320
651 32 317
645 35 320
649 29 322
654 25 321
653 23 324
660 19 321
664 16 320
665 16 319
665 15 320
673 13 314
677 13 310
677 14 309
683 19 298
686 20 294
689 24 287
688 23 289
698 22 280
696 21 283
699 22 279
705 19 276
699 25 276
694 26 280
694 25 281
696 30 274
690 35 275
691 35 274
683 39 278
678 43 279
678 41 281
673 43 284
673 35 292
673 40 287
672 43 285
674 39 287
673 35 292
668 40 292
665 38 297
672 39 289
674 42 284
668 47 285
667 43 290
669 39 292
669 39 292
667 43 290
665 39 296
666 38 296
666 36 298
