995 5 0
993 6 1
991 8 1
991 7 2
991 7 2
987 11 2
974 22 4
960 32 8
941 48 11
924 57 19
908 60 32
878 84 38
862 80 58
844 78 78
820 90 90
796 105 99
771 109 120
749 112 139
732 114 154
707 124 169
683 122 195
659 126 215
651 123 226
627 131 242
617 133 250
608 124 268
604 117 279
592 115 293
584 113 303
577 101 322
576 92 332
574 86 340
573 80 347
571 72 357
571 72 357
567 67 366
563 67 370
564 65 371
552 71 377
551 65 384
544 65 391
545 66 389
547 61 392
546 58 396
543 59 398
543 63 394
545 53 402
542 52 406
541 52 407
541 45 414
545 40 415
545 39 416
551 35 414
554 30 416
557 30 413
554 38 408
553 41 406
559 42 399
565 34 401
566 31 403
568 26 406
574 23 403
581 20 399
580 26 394
576 31 393
576 33 391
574 36 390
573 35 392
580 33 387
584 33 383
586 29 385
589 30 381
595 31 374
596 31 373
594 31 375
598 27 375
596 29 375
595 34 371
591 37 372
582 41 377
585 37 378
591 35 374
595 34 371
593 34 373
596 29 375
596 33 371
601 31 368
604 27 369
609 26 365
617 25 358
614 27 359
622 24 354
626 26 348
626 25 349
632 21 347
641 19 340
646 18 336
651 16 333
651 14 335
653 13 334
658 14 328
660 8 332
661 8 331
662 8 330
664 12 324
666 14 320
663 14 323
664 14 322
670 10 320
676 11 313
681 13 306
681 14 305
684 17 299
692 17 291
698 20 282
695 24 281
693 30 277
691 32 277
691 32 277
690 30 280
695 24 281
698 24 278
695 31 274
687 39 274
692 34 274
691 36 273
689 39 272
690 35 275
691 33 276
693 31 276
694 26 280
696 27 277
698 26 276
693 29 278
691 29 280
688 31 281
690 29 281
698 22 280
700 21 279
705 22 273
704 25 271
704 24 272
697 35 268
691 43 266
690 39 271
684 41 275
685 38 277
683 38 279
680 41 279
682 37 281
682 37 281
676 44 280
672 41 287
665 49 286
655 54 291
648 60 292
644 56 300
633 63 304
634 58 308
631 49 320
628 49 323
629 49 322
625 45 330
626 43 331
626 41 333
630 34 336
634 32 334
638 31 331
640 26 334
641 28 331
643 24 333
643 22 335
647 18 335
647 20 333
649 18 333
649 21 330
652 18 330
655 17 328
658 16 326
654 22 324
658 18 324
665 19 316
667 18 315
669 20 311
672 23 305
678 20 302
681 18 301
680 21 299
682 18 300
682 21 297
684 21 295
687 24 289
686 22 292
686 23 291
682 23 295
679 24 297
676 27 297
679 28 293
681 24 295
680 25 295
682 24 294
685 22 293
683 28 289
686 24 290
686 21 293
686 21 293
686 19 295
693 14 293
698 13 289
703 13 284
707 11 282
706 11 283
709 12 279
716 8 276
721 8 271
724 6 270
731 4 265
735 2 263
740 1 259
745 1 254
751 1 248
755 1 244
758 2 240
763 2 235
765 1 234
769 2 229
773 3 224
775 3 222
773 6 221
778 5 217
781 2 217
785 1 214
788 3 209
796 3 201
797 3 200
799 3 198
800 6 194
799 6 195
799 6 195
799 7 194
804 7 189
809 5 186
811 7 182
812 7 181
815 5 180
815 7 178
818 5 177
819 4 177
822 4 174
823 7 170
827 5 168
830 5 165
836 8 156
837 8 155
838 7 155
835 7 158
833 10 157
827 16 157
821 21 158
818 21 161
814 25 161
806 33 161
798 42 160
795 42 163
780 56 164
768 63 169
754 72 174
734 88 178
723 86 191
699 86 215
681 94 225
667 97 236
652 103 245
634 107 259
614 107 279
606 101 293
585 112 303
578 109 313
570 102 328
570 96 334
553 109 338
548 99 353
543 96 361
541 89 370
543 84 373
538 78 384
538 65 397
537 64 399
539 58 403
531 63 406
531 59 410
538 52 410
538 45 417
537 45 418
536 50 414
538 45 417
546 37 417
545 39 416
557 39 404
561 40 399
572 38 390
573 39 388
573 40 387
578 34 388
583 32 385
587 30 383
583 31 386
590 29 381
596 27 377
603 28 369
605 27 368
613 24 363
616 20 364
623 17 360
633 20 347
632 20 348
630 21 349
634 16 350
641 15 344
641 15 344
642 13 345
642 15 343
644 16 340
648 16 336
650 15 335
648 18 334
650 21 329
656 20 324
660 20 320
663 20 317
663 22 315
664 23 313
664 27 309
660 31 309
660 30 310
657 32 311
654 33 313
658 32 310
662 31 307
658 34 308
658 30 312
665 25 310
666 26 308
668 29 303
671 25 304
676 24 300
676 23 301
676 23 301
673 29 298
669 31 300
667 35 298
658 39 303
654 43 303
653 46 301
649 46 305
644 46 310
638 48 314
634 46 320
632 45 323
625 43 332
624 39 337
619 39 342
621 41 338
620 40 340
619 42 339
622 39 339
618 43 339
623 44 333
630 38 332
632 36 332
630 38 332
632 37 331
629 39 332
630 39 331
634 34 332
633 33 334
634 31 335
636 31 333
638 32 330
646 28 326
640 33 327
644 32 324
644 32 324
653 25 322
659 23 318
661 23 316
668 18 314
674 15 311
678 15 307
681 17 302
686 18 296
681 24 295
681 26 293
680 27 293
674 34 292
665 40 295
657 41 302
652 44 304
651 39 310
651 40 309
640 49 311
628 55 317
622 55 323
620 53 327
620 53 327
616 47 337
610 55 335
617 51 332
620 49 331
620 44 336
626 38 336
628 32 340
632 33 335
633 29 338
630 30 340
629 28 343
631 24 345
632 26 342
638 29 333
641 26 333
643 23 334
649 22 329
649 25 326
656 20 324
658 20 322
658 21 321
657 23 320
658 21 321
659 18 323
664 20 316
661 28 311
658 28 314
657 28 315
659 31 310
649 41 310
645 46 309
644 40 316
646 45 309
638 47 315
636 41 323
627 47 326
623 51 326
616 52 332
616 47 337
610 47 343
606 47 347
607 47 346
612 49 339
612 50 338
613 49 338
616 41 343
618 43 339
622 36 342
619 34 347
613 35 352
612 33 355
611 34 355
610 40 350
608 42 350
615 33 352
613 39 348
611 38 351
613 39 348
611 45 344
615 47 338
621 43 336
624 40 336
619 40 341
622 35 343
627 32 341
630 31 339
642 25 333
646 26 328
651 25 324
653 24 323
655 22 323
653 24 323
660 23 317
668 24 308
669 26 305
668 29 303
666 33 301
665 31 304
667 32 301
672 23 305
676 19 305
675 16 309
676 18 306
678 19 303
676 24 300
679 27 294
678 27 295
677 28 295
678 23 299
683 21 296
691 22 287
691 20 289
692 20 288
691 24 285
691 25 284
683 25 292
687 19 294
686 23 291
688 22 290
693 17 290
694 16 290
696 15 289
695 15 290
696 14 290
701 12 287
701 14 285
701 15 284
702 14 284
701 16 283
704 10 286
708 10 282
709 10 281
713 7 280
716 7 277
716 8 276
725 8 267
733 5 262
738 6 256
742 4 254
750 3 247
757 2 241
761 2 237
763 5 232
765 3 232
770 4 226
776 3 221
779 7 214
778 12 210
780 18 202
779 22 199
775 26 199
777 28 195
770 31 199
773 28 199
771 34 195
768 40 192
759 43 198
760 43 197
761 39 200
765 38 197
759 39 202
757 38 205
752 39 209
744 42 214
732 53 215
732 54 214
729 51 220
726 53 221
722 54 224
720 49 231
720 48 232
718 40 242
714 44 242
698 51 251
697 46 257
695 45 260
686 51 263
684 53 263
670 62 268
666 61 273
660 55 285
653 55 292
656 49 295
653 43 304
654 42 304
655 43 302
658 43 299
656 46 298
652 47 301
647 47 306
645 41 314
650 36 314
653 31 316
658 25 317
657 27 316
658 27 315
659 25 316
663 23 314
668 20 312
672 20 308
679 20 301
680 21 299
682 17 301
686 17 297
690 16 294
695 15 290
699 13 288
706 11 283
712 10 278
713 8 279
716 11 273
724 10 266
727 11 262
727 13 260
729 11 260
735 11 254
740 12 248
743 11 246
745 12 243
748 17 235
750 19 231
750 22 228
752 17 231
751 21 228
749 24 227
748 25 227
748 23 229
747 23 230
748 24 228
744 25 231
742 31 227
734 37 229
736 30 234
735 30 235
741 28 231
730 40 230
717 48 235
713 56 231
702 56 242
689 61 250
674 67 259
670 61 269
664 62 274
654 70 276
648 76 276
640 80 280
633 80 287
631 76 293
624 79 297
616 77 307
613 72 315
610 69 321
609 66 325
606 58 336
599 63 338
600 59 341
598 58 344
604 51 345
597 50 353
601 46 353
603 42 355
603 42 355
597 44 359
600 38 362
600 38 362
604 39 357
609 39 352
610 38 352
609 40 351
607 37 356
609 31 360
613 30 357
619 24 357
624 24 352
623 23 354
623 23 354
628 19 353
631 17 352
636 17 347
634 20 346
635 21 344
635 21 344
637 21 342
643 21 336
648 20 332
645 24 331
646 23 331
652 24 324
655 17 328
659 19 322
664 15 321
668 14 318
676 15 309
675 18 307
675 16 309
673 14 313
673 12 315
681 10 309
684 13 303
684 16 300
685 20 295
683 17 300
691 18 291
694 17 289
696 17 287
699 13 288
701 15 284
703 16 281
703 19 278
707 16 277
706 19 275
707 19 274
707 18 275
702 22 276
700 28 272
700 33 267
697 32 271
695 36 269
694 37 269
693 42 265
697 35 268
700 33 267
693 34 273
689 34 277
684 34 282
680 42 278
678 44 278
675 43 282
667 49 284
670 45 285
657 56 287
650 56 294
648 57 295
647 55 298
641 60 299
639 53 308
632 56 312
626 55 319
627 51 322
627 53 320
630 51 319
632 47 321
628 48 324
633 48 319
628 53 319
615 64 321
618 61 321
619 59 322
616 47 337
613 49 338
615 47 338
616 43 341
616 46 338
612 45 343
614 46 340
610 46 344
610 38 352
610 38 352
605 43 352
611 41 348
609 42 349
610 44 346
610 43 347
614 41 345
605 47 348
602 44 354
605 44 351
606 40 354
608 36 356
617 37 346
616 37 347
618 34 348
619 36 345
613 44 343
619 46 335
621 45 334
628 43 329
629 46 325
624 48 328
620 43 337
623 41 336
630 33 337
634 25 341
638 21 341
644 18 338
647 16 337
650 16 334
652 12 336
654 10 336
657 13 330
658 15 327
661 13 326
665 16 319
672 16 312
677 13 310
680 13 307
680 10 310
679 12 309
680 11 309
683 13 304
688 11 301
691 10 299
694 10 296
697 11 292
699 13 288
707 12 281
715 10 275
716 12 272
723 9 268
726 9 265
731 9 260
730 12 258
734 10 256
739 7 254
737 10 253
737 12 251
739 10 251
743 6 251
749 6 245
750 10 240
747 15 238
746 18 236
748 16 236
750 13 237
751 13 236
753 11 236
757 11 232
761 10 229
766 11 223
761 17 222
756 20 224
754 23 223
753 26 221
754 24 222
748 30 222
746 32 222
739 39 222
732 44 224
731 40 229
730 39 231
728 40 232
727 37 236
719 41 240
708 45 247
706 43 251
707 39 254
701 39 260
700 37 263
698 35 267
698 34 268
703 35 262
696 36 268
691 41 268
684 43 273
679 43 278
679 39 282
681 39 280
680 38 282
676 44 280
675 46 279
672 47 281
669 40 291
672 41 287
671 40 289
676 37 287
680 36 284
676 42 282
675 41 284
669 41 290
669 38 293
664 40 296
660 40 300
663 40 297
663 36 301
662 36 302
662 38 300
661 42 297
661 46 293
664 41 295
661 43 296
655 40 305
655 37 308
653 39 308
655 39 306
654 35 311
648 38 314
650 36 314
649 37 314
650 33 317
650 32 318
657 27 316
659 26 315
657 29 314
653 33 314
647 37 316
645 36 319
645 29 326
646 30 324
648 30 322
654 28 318
660 27 313
657 31 312
655 32 313
655 26 319
650 29 321
646 30 324
641 28 331
649 28 323
651 30 319
651 34 315
651 31 318
656 29 315
656 30 314
656 34 310
653 39 308
649 49 302
639 55 306
633 58 309
633 51 316
636 49 315
640 42 318
640 39 321
643 37 320
645 35 320
643 32 325
644 32 324
650 24 326
652 28 320
657 25 318
663 22 315
663 25 312
660 29 311
662 32 306
660 37 303
654 36 310
655 39 306
648 42 310
645 38 317
648 35 317
648 36 316
647 35 318
641 41 318
639 44 317
639 43 318
636 40 324
636 39 325
635 41 324
633 40 327
634 41 325
635 43 322
636 42 322
643 42 315
638 47 315
634 45 321
631 50 319
632 52 316
626 57 317
615 64 321
616 61 323
615 56 329
612 56 332
618 49 333
617 46 337
617 44 339
619 42 339
619 41 340
622 38 340
623 37 340
630 35 335
634 33 333
637 33 330
642 29 329
644 33 323
646 31 323
647 30 323
646 26 328
651 26 323
650 25 325
651 26 323
662 23 315
663 22 315
666 24 310
671 24 305
672 21 307
670 26 304
669 26 305
666 28 306
667 28 305
673 23 304
671 25 304
676 21 303
677 26 297
681 26 293
678 30 292
678 30 292
676 36 288
675 37 288
664 46 290
662 46 292
658 51 291
655 52 293
645 62 293
636 69 295
633 65 302
628 70 302
620 74 306
606 85 309
594 88 318
578 92 330
569 88 343
564 77 359
557 66 377
545 58 397
546 55 399
554 47 399
559 42 399
