1000 0 0
1000 0 0
1000 0 0
1000 0 0
1000 0 0
1000 0 0
999 1 0
995 3 2
991 5 4
986 9 5
975 20 5
966 25 9
965 23 12
962 22 16
953 26 21
936 40 24
924 47 29
907 59 34
882 67 51
857 85 58
835 89 76
805 101 94
791 99 110
770 110 120
745 117 138
724 117 159
711 126 163
698 127 175
682 125 193
661 136 203
635 140 225
621 136 243
593 144 263
570 146 284
550 145 305
540 145 315
540 126 334
525 120 355
518 121 361
510 125 365
504 117 379
491 113 396
489 107 404
480 110 410
472 107 421
464 108 428
465 105 430
462 106 432
458 92 450
459 88 453
464 86 450
470 78 452
476 65 459
480 58 462
482 53 465
481 50 469
483 46 471
486 45 469
492 44 464
493 43 464
496 40 464
500 37 463
506 32 462
512 31 457
519 32 449
531 29 440
536 29 435
547 25 428
555 26 419
560 27 413
565 25 410
567 26 407
576 22 402
584 18 398
588 18 394
595 18 387
599 16 385
600 18 382
607 18 375
612 22 366
618 24 358
623 26 351
631 25 344
636 27 337
637 26 337
638 23 339
650 23 327
656 23 321
659 24 317
663 20 317
664 20 316
667 24 309
671 23 306
673 21 306
674 20 306
677 18 305
677 19 304
682 19 299
678 23 299
669 32 299
669 32 299
668 28 304
666 32 302
667 31 302
666 31 303
670 27 303
671 25 304
667 30 303
667 25 308
669 21 310
672 19 309
677 16 307
677 21 302
682 23 295
679 25 296
679 21 300
684 21 295
684 21 295
681 25 294
680 25 295
676 29 295
673 30 297
673 33 294
675 33 292
675 33 292
676 37 287
669 40 291
663 44 293
668 43 289
666 50 284
664 51 285
662 43 295
663 40 297
662 39 299
661 36 303
659 37 304
659 38 303
660 39 301
660 41 299
657 46 297
654 45 301
653 42 305
654 39 307
653 38 309
653 32 315
652 33 315
655 33 312
657 34 309
662 33 305
660 34 306
663 27 310
663 27 310
667 27 306
667 22 311
670 23 307
676 22 302
680 24 296
682 27 291
677 29 294
675 31 294
674 32 294
672 31 297
677 26 297
681 24 295
677 24 299
678 27 295
687 19 294
686 21 293
689 17 294
693 16 291
696 16 288
700 15 285
692 24 284
693 26 281
686 27 287
679 30 291
672 36 292
663 42 295
661 41 298
665 37 298
659 38 303
653 37 310
660 32 308
661 31 308
661 27 312
654 33 313
651 39 310
646 45 309
640 47 313
639 45 316
630 53 317
629 54 317
632 48 320
623 57 320
616 55 329
617 49 334
617 40 343
617 40 343
617 45 338
607 49 344
599 55 346
603 53 344
601 48 351
601 50 349
599 47 354
603 41 356
603 39 358
605 32 363
608 33 359
613 34 353
618 31 351
625 30 345
628 33 339
633 30 337
622 39 339
622 36 342
619 33 348
620 32 348
622 26 352
619 31 350
622 25 353
623 26 351
627 25 348
625 22 353
628 26 346
631 23 346
634 24 342
634 26 340
636 29 335
637 31 332
639 30 331
636 31 333
642 34 324
646 29 325
642 30 328
645 34 321
642 39 319
642 40 318
641 39 320
645 40 315
646 40 314
642 41 317
635 40 325
628 48 324
631 44 325
631 42 327
634 39 327
635 40 325
633 41 326
635 37 328
633 35 332
628 37 335
622 41 337
628 37 335
629 36 335
635 36 329
639 31 330
643 27 330
650 30 320
650 30 320
656 34 310
654 34 312
656 33 311
660 37 303
663 35 302
667 36 297
673 31 296
676 27 297
674 31 295
669 39 292
667 45 288
667 45 288
658 45 297
657 49 294
657 44 299
655 47 298
653 48 299
652 48 300
650 49 301
647 53 300
648 40 312
646 44 310
645 41 314
646 39 315
646 34 320
650 32 318
640 36 324
648 32 320
648 34 318
650 34 316
649 31 320
655 31 314
661 30 309
666 25 309
667 23 310
670 21 309
674 21 305
673 22 305
677 19 304
688 20 292
690 21 289
695 19 286
704 16 280
706 15 279
710 14 276
715 16 269
716 15 269
720 17 263
720 18 262
719 22 259
721 22 257
721 21 258
721 19 260
720 18 262
722 22 256
716 23 261
716 21 263
713 21 266
716 17 267
708 24 268
701 28 271
692 38 270
688 37 275
681 45 274
683 41 276
673 49 278
674 55 271
666 58 276
656 57 287
648 58 294
647 46 307
642 48 310
644 43 313
643 49 308
632 52 316
623 56 321
620 58 322
621 53 326
619 51 330
618 47 335
613 43 344
615 45 340
607 52 341
606 48 346
601 53 346
601 54 345
599 55 346
594 55 351
594 58 348
590 56 354
586 58 356
582 56 362
581 52 367
575 49 376
573 52 375
572 54 374
571 43 386
569 46 385
575 48 377
575 47 378
569 51 380
564 54 382
567 53 380
565 52 383
574 44 382
566 51 383
566 50 384
559 56 385
555 56 389
554 55 391
549 56 395
549 55 396
545 57 398
545 54 401
549 50 401
549 42 409
550 41 409
552 40 408
559 34 407
552 38 410
558 27 415
561 26 413
560 27 413
564 25 411
563 27 410
567 26 407
574 29 397
574 27 399
577 27 396
580 27 393
584 24 392
583 26 391
584 27 389
583 31 386
585 22 393
584 24 392
587 23 390
587 21 392
592 21 387
594 22 384
593 24 383
586 31 383
589 32 379
595 31 374
600 33 367
598 39 363
597 39 364
597 41 362
595 45 360
592 41 367
592 44 364
595 40 365
599 43 358
602 44 354
599 42 359
599 44 357
596 47 357
601 48 351
603 47 350
601 42 357
604 43 353
606 42 352
609 41 350
611 42 347
613 39 348
618 35 347
624 33 343
628 29 343
632 29 339
632 34 334
641 32 327
638 36 326
632 37 331
635 36 329
636 38 326
640 36 324
639 32 329
635 29 336
639 30 331
643 26 331
638 27 335
640 23 337
638 25 337
637 28 335
638 30 332
641 28 331
643 30 327
638 31 331
639 34 327
637 36 327
632 42 326
630 45 325
626 48 326
623 51 326
619 52 329
613 46 341
610 46 344
607 48 345
605 43 352
603 42 355
603 45 352
601 49 350
601 43 356
598 46 356
594 51 355
590 46 364
593 41 366
594 43 363
595 42 363
593 47 360
591 47 362
588 52 360
584 48 368
584 48 368
585 47 368
582 46 372
582 44 374
576 45 379
579 41 380
576 49 375
570 47 383
572 43 385
574 43 383
575 43 382
577 40 383
577 43 380
584 40 376
583 35 382
589 32 379
593 35 372
591 41 368
591 44 365
593 37 370
594 34 372
594 30 376
606 27 367
610 26 364
611 30 359
615 26 359
619 26 355
616 29 355
615 30 355
610 40 350
613 37 350
610 36 354
615 34 351
618 32 350
619 34 347
624 34 342
624 33 343
622 31 347
620 37 343
615 43 342
613 42 345
613 43 344
619 42 339
616 45 339
617 42 341
621 36 343
623 37 340
621 41 338
624 43 333
622 42 336
626 38 336
626 42 332
619 42 339
617 45 338
613 44 343
615 41 344
625 36 339
632 36 332
632 37 331
634 40 326
640 36 324
637 37 326
630 40 330
625 45 330
629 44 327
625 45 330
624 46 330
623 49 328
626 49 325
625 48 327
624 47 329
616 47 337
614 47 339
610 53 337
614 52 334
609 55 336
603 55 342
603 51 346
597 55 348
591 56 353
584 53 363
582 47 371
583 49 368
578 48 374
584 46 370
589 40 371
588 46 366
597 39 364
598 40 362
602 40 358
605 39 356
609 34 357
610 28 362
613 25 362
620 22 358
620 23 357
623 21 356
627 20 353
627 22 351
627 24 349
638 18 344
638 20 342
645 20 335
641 20 339
641 23 336
647 22 331
653 21 326
650 27 323
649 29 322
656 29 315
653 32 315
655 31 314
660 31 309
654 35 311
648 33 319
649 35 316
647 37 316
646 44 310
644 46 310
646 47 307
636 52 312
634 49 317
632 46 322
636 40 324
636 38 326
634 33 333
633 28 339
637 31 332
640 31 329
639 30 331
636 27 337
629 33 338
629 37 334
627 37 336
632 32 336
632 29 339
630 25 345
628 28 344
631 29 340
634 31 335
646 33 321
643 33 324
646 38 316
642 37 321
636 39 325
637 35 328
637 36 327
636 32 332
639 31 330
644 29 327
641 35 324
634 39 327
638 35 327
640 36 324
645 32 323
651 32 317
650 30 320
648 32 320
647 34 319
640 36 324
640 35 325
635 34 331
641 32 327
638 34 328
641 33 326
638 36 326
638 41 321
633 41 326
634 33 333
638 31 331
646 31 323
642 32 326
646 32 322
639 40 321
647 35 318
645 38 317
649 35 316
647 42 311
645 40 315
644 34 322
645 33 322
645 30 325
647 28 325
642 37 321
642 35 323
644 34 322
647 28 325
646 27 327
645 29 326
645 26 329
646 28 326
653 24 323
660 23 317
661 27 312
663 26 311
663 24 313
665 24 311
657 31 312
657 30 313
662 31 307
667 30 303
669 30 301
677 29 294
679 28 293
681 24 295
683 25 292
679 27 294
680 29 291
676 33 291
674 34 292
672 32 296
671 34 295
672 30 298
665 34 301
663 35 302
664 35 301
663 36 301
656 35 309
656 34 310
662 35 303
664 33 303
666 29 305
669 28 303
669 27 304
671 23 306
673 24 303
672 27 301
673 24 303
678 26 296
681 21 298
686 21 293
685 23 292
685 19 296
693 14 293
699 12 289
703 12 285
702 11 287
708 14 278
708 16 276
712 15 273
717 15 268
722 14 264
726 13 261
728 10 262
729 9 262
727 10 263
728 15 257
727 16 257
724 18 258
726 16 258
732 14 254
734 13 253
737 11 252
729 19 252
728 20 252
726 21 253
730 25 245
721 30 249
725 28 247
716 33 251
715 29 256
713 33 254
708 33 259
699 36 265
698 32 270
694 32 274
689 31 280
691 31 278
689 37 274
684 40 276
676 51 273
673 48 279
670 46 284
666 45 289
662 45 293
662 45 293
659 44 297
659 42 299
660 40 300
659 36 305
669 33 298
669 31 300
671 30 299
667 32 301
667 27 306
670 25 305
670 21 309
671 24 305
672 27 301
677 29 294
679 29 292
676 27 297
681 28 291
678 35 287
676 33 291
673 38 289
666 43 291
663 43 294
662 39 299
664 39 297
666 35 299
664 35 301
661 37 302
665 31 304
669 31 300
669 29 302
666 31 303
667 25 308
666 26 308
665 28 307
664 36 300
662 37 301
663 31 306
661 36 303
662 39 299
657 40 303
653 44 303
650 46 304
644 50 306
643 45 312
643 38 319
640 40 320
640 37 323
642 34 324
640 29 331
640 31 329
643 31 326
646 31 323
652 29 319
656 28 316
652 33 315
659 32 309
655 35 310
657 36 307
656 38 306
653 37 310
652 30 318
651 33 316
652 29 319
654 27 319
648 36 316
647 32 321
649 33 318
644 37 319
644 34 322
641 32 327
638 31 331
635 32 333
639 31 330
640 33 327
644 32 324
642 33 325
637 32 331
637 26 337
638 31 331
643 26 331
643 29 328
644 29 327
642 34 324
640 40 320
643 36 321
647 36 317
649 32 319
659 31 310
657 33 310
659 29 312
655 36 309
650 36 314
652 30 318
648 33 319
648 30 322
654 29 317
656 29 315
662 29 309
663 30 307
669 31 300
671 30 299
674 28 298
669 33 298
667 35 298
667 38 295
667 33 300
667 37 296
672 32 296
671 32 297
675 28 297
673 31 296
676 30 294
675 30 295
679 29 292
679 29 292
676 24 300
675 26 299
680 22 298
675 25 300
673 30 297
671 29 300
671 29 300
668 28 304
664 28 308
663 30 307
665 30 305
662 33 305
657 36 307
652 40 308
656 36 308
656 30 314
659 33 308
659 32 309
661 33 306
662 29 309
659 32 309
653 36 311
656 36 308
652 36 312
650 38 312
643 47 310
645 44 311
642 43 315
636 37 327
634 31 335
638 29 333
636 30 334
635 28 337
639 24 337
636 23 341
640 24 336
636 27 337
639 27 334
642 25 333
637 24 339
637 24 339
637 25 338
639 26 335
646 26 328
656 27 317
656 33 311
653 33 314
653 29 318
655 29 316
657 29 314
652 33 315
657 29 314
655 35 310
660 33 307
655 38 307
649 39 312
651 42 307
651 46 303
645 52 303
642 49 309
646 47 307
645 46 309
639 49 312
630 56 314
627 55 318
621 53 326
619 53 328
621 58 321
616 62 322
619 57 324
615 61 324
604 59 337
604 58 338
594 70 336
590 65 345
590 63 347
590 53 357
592 44 364
593 41 366
594 44 362
592 48 360
594 45 361
597 45 358
599 37 364
599 39 362
584 50 366
582 45 373
582 40 378
583 37 380
588 32 380
588 37 375
596 33 371
597 34 369
604 30 366
607 30 363
606 32 362
611 30 359
610 27 363
616 24 360
619 25 356
622 26 352
624 27 349
626 29 345
625 23 352
630 19 351
631 21 348
632 20 348
637 17 346
637 17 346
645 14 341
650 17 333
652 16 332
659 19 322
665 18 317
666 20 314
670 19 311
668 22 310
670 19 311
674 17 309
677 19 304
674 19 307
678 21 301
676 23 301
674 27 299
670 35 295
665 37 298
656 38 306
652 44 304
642 53 305
634 59 307
627 61 312
628 52 320
624 52 324
617 56 327
616 51 333
616 50 334
612 48 340
