1000 0 0
999 1 0
997 2 1
996 3 1
996 1 3
995 1 4
996 1 3
995 2 3
994 3 3
994 3 3
993 4 3
992 4 4
988 7 5
978 13 9
968 20 12
961 24 15
951 29 20
928 47 25
904 61 35
882 69 49
863 74 63
848 72 80
825 83 92
803 96 101
780 103 117
751 103 146
727 112 161
716 108 176
693 110 197
679 114 207
666 120 214
653 117 230
640 110 250
628 106 266
622 110 268
616 108 276
607 100 293
596 102 302
598 93 309
592 87 321
584 86 330
569 96 335
560 103 337
552 105 343
552 99 349
551 91 358
540 95 365
538 85 377
534 79 387
535 72 393
535 66 399
531 64 405
540 56 404
544 53 403
546 48 406
543 51 406
546 45 409
544 49 407
547 48 405
543 46 411
543 38 419
546 36 418
552 29 419
554 25 421
559 22 419
565 22 413
567 25 408
569 25 406
572 26 402
579 26 395
584 25 391
586 28 386
588 22 390
592 19 389
597 19 384
606 17 377
606 16 378
607 19 374
610 18 372
610 22 368
619 21 360
621 18 361
621 20 359
621 23 356
626 21 353
629 19 352
633 23 344
634 22 344
636 18 346
644 16 340
643 17 340
644 17 339
651 17 332
654 20 326
657 20 323
658 16 326
662 17 321
668 16 316
673 17 310
677 20 303
684 19 297
686 18 296
680 26 294
680 25 295
686 22 292
689 19 292
692 17 291
691 19 290
689 19 292
684 21 295
685 19 296
687 17 296
688 19 293
693 20 287
687 23 290
682 23 295
679 25 296
679 27 294
675 33 292
677 32 291
670 37 293
672 33 295
671 31 298
671 28 301
677 24 299
675 20 305
679 21 300
681 21 298
678 24 298
680 23 297
684 23 293
686 25 289
686 27 287
684 27 289
685 30 285
684 30 286
680 33 287
682 28 290
680 29 291
682 27 291
688 26 286
680 36 284
679 31 290
680 32 288
685 28 287
681 33 286
682 33 285
680 36 284
682 36 282
682 37 281
681 36 283
680 35 285
683 31 286
689 30 281
689 24 287
695 23 282
695 25 280
693 24 283
689 29 282
690 25 285
691 27 282
697 23 280
699 18 283
706 17 277
709 16 275
709 17 274
710 18 272
715 17 268
716 14 270
718 14 268
721 14 265
728 11 261
728 11 261
728 14 258
731 12 257
728 14 258
728 13 259
730 14 256
730 15 255
733 15 252
731 20 249
730 20 250
730 19 251
730 20 250
732 23 245
732 22 246
734 20 246
737 18 245
741 19 240
742 16 242
746 13 241
753 12 235
760 12 228
759 13 228
763 12 225
768 9 223
767 7 226
769 6 225
773 4 223
777 3 220
780 1 219
780 1 219
783 1 216
787 1 212
788 0 212
790 0 210
795 0 205
796 0 204
803 0 197
803 0 197
807 0 193
809 0 191
814 0 186
818 0 182
821 0 179
826 0 174
833 0 167
835 0 165
836 0 164
840 0 160
843 0 157
847 0 153
852 0 148
854 0 146
855 0 145
859 0 141
860 0 140
862 0 138
862 0 138
863 0 137
863 0 137
866 0 134
871 0 129
872 0 128
873 0 127
875 0 125
877 0 123
878 0 122
882 0 118
882 0 118
885 0 115
888 0 112
889 0 111
892 0 108
893 0 107
894 0 106
896 0 104
900 0 100
900 0 100
902 0 98
902 0 98
904 0 96
905 0 95
905 0 95
907 0 93
911 0 89
913 0 87
914 0 86
914 0 86
916 0 84
917 0 83
919 0 81
919 0 81
919 0 81
922 0 78
924 0 76
925 0 75
928 0 72
931 0 69
934 0 66
936 0 64
937 0 63
938 0 62
938 0 62
938 0 62
939 0 61
941 0 59
941 0 59
942 0 58
943 0 57
944 0 56
946 0 54
947 0 53
948 0 52
948 0 52
948 0 52
948 0 52
949 0 51
949 0 51
949 0 51
949 0 51
949 0 51
950 0 50
950 0 50
950 0 50
950 0 50
950 0 50
950 0 50
952 0 48
952 0 48
954 0 46
954 0 46
957 0 43
958 0 42
958 0 42
959 0 41
960 0 40
961 0 39
961 0 39
963 0 37
964 0 36
966 0 34
966 0 34
968 0 32
968 0 32
969 0 31
970 0 30
970 0 30
972 0 28
973 0 27
974 0 26
974 0 26
974 0 26
974 0 26
975 0 25
975 0 25
975 0 25
976 0 24
976 0 24
977 0 23
978 0 22
979 0 21
979 0 21
979 0 21
979 0 21
979 0 21
979 0 21
980 0 20
980 0 20
980 0 20
981 0 19
983 0 17
983 0 17
983 0 17
984 0 16
984 0 16
985 0 15
985 0 15
985 0 15
986 0 14
987 0 13
987 0 13
987 0 13
987 0 13
987 0 13
987 0 13
987 0 13
987 0 13
987 0 13
987 0 13
987 0 13
987 0 13
987 0 13
988 0 12
988 0 12
988 0 12
988 0 12
988 0 12
988 0 12
988 0 12
988 0 12
988 0 12
988 0 12
988 0 12
988 0 12
988 0 12
988 0 12
988 0 12
989 0 11
990 0 10
990 0 10
990 0 10
990 0 10
991 0 9
991 0 9
991 0 9
991 0 9
991 0 9
991 0 9
991 0 9
991 0 9
991 0 9
991 0 9
993 0 7
993 0 7
993 0 7
993 0 7
993 0 7
994 0 6
994 0 6
994 0 6
994 0 6
994 0 6
994 0 6
994 0 6
994 0 6
994 0 6
994 0 6
994 0 6
994 0 6
994 0 6
994 0 6
994 0 6
994 0 6
994 0 6
994 0 6
995 0 5
995 0 5
995 0 5
995 0 5
995 0 5
995 0 5
995 0 5
995 0 5
995 0 5
995 0 5
995 0 5
995 0 5
995 0 5
995 0 5
995 0 5
995 0 5
995 0 5
995 0 5
995 0 5
995 0 5
995 0 5
995 0 5
995 0 5
995 0 5
995 0 5
995 0 5
995 0 5
995 0 5
995 0 5
995 0 5
995 0 5
995 0 5
995 0 5
995 0 5
995 0 5
996 0 4
996 0 4
996 0 4
996 0 4
996 0 4
996 0 4
997 0 3
998 0 2
998 0 2
998 0 2
998 0 2
998 0 2
998 0 2
998 0 2
998 0 2
998 0 2
998 0 2
998 0 2
998 0 2
998 0 2
998 0 2
998 0 2
998 0 2
998 0 2
998 0 2
998 0 2
998 0 2
998 0 2
998 0 2
998 0 2
998 0 2
998 0 2
998 0 2
998 0 2
999 0 1
999 0 1
999 0 1
999 0 1
999 0 1
999 0 1
999 0 1
999 0 1
999 0 1
999 0 1
999 0 1
999 0 1
999 0 1
999 0 1
999 0 1
999 0 1
999 0 1
999 0 1
999 0 1
999 0 1
999 0 1
999 0 1
999 0 1
999 0 1
999 0 1
999 0 1
999 0 1
999 0 1
999 0 1
999 0 1
999 0 1
999 0 1
999 0 1
999 0 1
999 0 1
999 0 1
999 0 1
999 0 1
999 0 1
999 0 1
999 0 1
999 0 1
999 0 1
999 0 1
999 0 1
999 0 1
999 0 1
999 0 1
999 0 1
999 0 1
999 0 1
999 0 1
999 0 1
999 0 1
999 0 1
999 0 1
999 0 1
999 0 1
999 0 1
999 0 1
999 0 1
999 0 1
999 0 1
999 0 1
999 0 1
999 0 1
999 0 1
999 0 1
999 0 1
999 0 1
999 0 1
999 0 1
999 0 1
999 0 1
999 0 1
999 0 1
999 0 1
999 0 1
999 0 1
999 0 1
999 0 1
999 0 1
999 0 1
999 0 1
999 0 1
999 0 1
999 0 1
999 0 1
999 0 1
999 0 1
999 0 1
999 0 1
999 0 1
999 0 1
999 0 1
999 0 1
999 0 1
999 0 1
999 0 1
999 0 1
999 0 1
999 0 1
999 0 1
999 0 1
999 0 1
999 0 1
999 0 1
999 0 1
999 0 1
1000 0 0
1000 0 0
1000 0 0
1000 0 0
1000 0 0
1000 0 0
1000 0 0
1000 0 0
1000 0 0
1000 0 0
1000 0 0
1000 0 0
1000 0 0
1000 0 0
1000 0 0
1000 0 0
1000 0 0
1000 0 0
1000 0 0
1000 0 0
1000 0 0
1000 0 0
1000 0 0
1000 0 0
1000 0 0
1000 0 0
1000 0 0
1000 0 0
1000 0 0
1000 0 0
1000 0 0
1000 0 0
1000 0 0
1000 0 0
1000 0 0
1000 0 0
1000 0 0
1000 0 0
1000 0 0
1000 0 0
1000 0 0
1000 0 0
1000 0 0
1000 0 0
1000 0 0
1000 0 0
1000 0 0
1000 0 0
1000 0 0
1000 0 0
1000 0 0
1000 0 0
1000 0 0
1000 0 0
1000 0 0
1000 0 0
1000 0 0
1000 0 0
1000 0 0
1000 0 0
1000 0 0
1000 0 0
1000 0 0
1000 0 0
1000 0 0
1000 0 0
1000 0 0
1000 0 0
1000 0 0
1000 0 0
1000 0 0
1000 0 0
1000 0 0
1000 0 0
1000 0 0
1000 0 0
1000 0 0
1000 0 0
1000 0 0
1000 0 0
1000 0 0
1000 0 0
1000 0 0
1000 0 0
1000 0 0
1000 0 0
1000 0 0
1000 0 0
1000 0 0
1000 0 0
1000 0 0
1000 0 0
1000 0 0
1000 0 0
1000 0 0
1000 0 0
1000 0 0
1000 0 0
1000 0 0
1000 0 0
1000 0 0
1000 0 0
1000 0 0
1000 0 0
1000 0 0
1000 0 0
1000 0 0
1000 0 0
1000 0 0
1000 0 0
1000 0 0
1000 0 0
1000 0 0
1000 0 0
1000 0 0
1000 0 0
1000 0 0
1000 0 0
1000 0 0
1000 0 0
1000 0 0
1000 0 0
1000 0 0
1000 0 0
1000 0 0
1000 0 0
1000 0 0
1000 0 0
1000 0 0
1000 0 0
1000 0 0
1000 0 0
1000 0 0
1000 0 0
1000 0 0
1000 0 0
1000 0 0
1000 0 0
1000 0 0
1000 0 0
1000 0 0
1000 0 0
1000 0 0
1000 0 0
1000 0 0
1000 0 0
1000 0 0
1000 0 0
1000 0 0
1000 0 0
1000 0 0
1000 0 0
1000 0 0
1000 0 0
1000 0 0
1000 0 0
1000 0 0
1000 0 0
1000 0 0
1000 0 0
1000 0 0
1000 0 0
1000 0 0
1000 0 0
1000 0 0
1000 0 0
1000 0 0
1000 0 0
1000 0 0
1000 0 0
1000 0 0
1000 0 0
1000 0 0
1000 0 0
1000 0 0
1000 0 0
1000 0 0
1000 0 0
1000 0 0
1000 0 0
1000 0 0
1000 0 0
1000 0 0
1000 0 0
1000 0 0
1000 0 0
1000 0 0
1000 0 0
1000 0 0
1000 0 0
1000 0 0
1000 0 0
1000 0 0
1000 0 0
1000 0 0
1000 0 0
1000 0 0
1000 0 0
1000 0 0
1000 0 0
1000 0 0
1000 0 0
1000 0 0
1000 0 0
1000 0 0
1000 0 0
1000 0 0
1000 0 0
1000 0 0
1000 0 0
1000 0 0
1000 0 0
1000 0 0
1000 0 0
1000 0 0
1000 0 0
1000 0 0
1000 0 0
1000 0 0
1000 0 0
1000 0 0
1000 0 0
1000 0 0
1000 0 0
1000 0 0
1000 0 0
1000 0 0
1000 0 0
1000 0 0
1000 0 0
1000 0 0
1000 0 0
1000 0 0
1000 0 0
1000 0 0
1000 0 0
1000 0 0
1000 0 0
1000 0 0
1000 0 0
1000 0 0
1000 0 0
1000 0 0
1000 0 0
1000 0 0
1000 0 0
1000 0 0
1000 0 0
1000 0 0
1000 0 0
1000 0 0
1000 0 0
1000 0 0
1000 0 0
1000 0 0
1000 0 0
1000 0 0
1000 0 0
1000 0 0
1000 0 0
1000 0 0
1000 0 0
1000 0 0
1000 0 0
1000 0 0
1000 0 0
1000 0 0
1000 0 0
1000 0 0
1000 0 0
1000 0 0
1000 0 0
1000 0 0
1000 0 0
1000 0 0
1000 0 0
1000 0 0
1000 0 0
1000 0 0
1000 0 0
1000 0 0
1000 0 0
1000 0 0
1000 0 0
1000 0 0
1000 0 0
1000 0 0
1000 0 0
1000 0 0
1000 0 0
1000 0 0
1000 0 0
1000 0 0
1000 0 0
1000 0 0
1000 0 0
1000 0 0
1000 0 0
1000 0 0
1000 0 0
1000 0 0
1000 0 0
1000 0 0
1000 0 0
1000 0 0
1000 0 0
1000 0 0
1000 0 0
1000 0 0
1000 0 0
1000 0 0
1000 0 0
1000 0 0
1000 0 0
1000 0 0
1000 0 0
1000 0 0
1000 0 0
1000 0 0
1000 0 0
1000 0 0
1000 0 0
1000 0 0
1000 0 0
1000 0 0
1000 0 0
1000 0 0
1000 0 0
1000 0 0
1000 0 0
1000 0 0
1000 0 0
1000 0 0
1000 0 0
1000 0 0
1000 0 0
1000 0 0
1000 0 0
1000 0 0
1000 0 0
1000 0 0
1000 0 0
1000 0 0
1000 0 0
1000 0 0
1000 0 0
1000 0 0
1000 0 0
1000 0 0
1000 0 0
1000 0 0
1000 0 0
1000 0 0
1000 0 0
1000 0 0
1000 0 0
1000 0 0
1000 0 0
1000 0 0
1000 0 0
1000 0 0
1000 0 0
1000 0 0
1000 0 0
1000 0 0
1000 0 0
1000 0 0
1000 0 0
1000 0 0
1000 0 0
1000 0 0
1000 0 0
1000 0 0
1000 0 0
1000 0 0
1000 0 0
1000 0 0
1000 0 0
1000 0 0
1000 0 0
1000 0 0
1000 0 0
1000 0 0
1000 0 0
1000 0 0
1000 0 0
1000 0 0
1000 0 0
1000 0 0
1000 0 0
1000 0 0
1000 0 0
1000 0 0
1000 0 0
1000 0 0
1000 0 0
1000 0 0
1000 0 0
1000 0 0
1000 0 0
1000 0 0
1000 0 0
1000 0 0
1000 0 0
1000 0 0
1000 0 0
1000 0 0
