995 5 0
993 6 1
992 5 3
991 5 4
990 6 4
990 3 7
989 4 7
988 5 7
987 7 6
986 8 6
984 9 7
983 10 7
983 11 6
980 14 6
976 15 9
967 23 10
955 33 12
927 59 14
899 79 22
868 94 38
831 114 55
809 122 69
780 125 95
761 126 113
742 125 133
722 122 156
704 124 172
686 128 186
665 129 206
634 141 225
601 157 242
572 164 264
554 149 297
548 131 321
534 123 343
526 119 355
517 115 368
510 110 380
504 106 390
496 105 399
486 105 409
481 96 423
482 92 426
484 79 437
485 74 441
492 63 445
492 58 450
489 60 451
492 59 449
503 51 446
508 50 442
516 40 444
522 34 444
527 33 440
530 29 441
536 26 438
543 25 432
548 23 429
546 21 433
547 22 431
550 22 428
556 21 423
558 19 423
566 16 418
567 15 418
576 13 411
579 12 409
579 14 407
585 14 401
592 9 399
595 13 392
599 12 389
603 13 384
611 12 377
619 12 369
629 11 360
631 12 357
632 11 357
636 10 354
643 7 350
647 7 346
654 3 343
657 2 341
657 3 340
660 1 339
667 1 332
674 1 325
681 2 317
686 0 314
690 1 309
694 1 305
700 0 300
701 0 299
708 1 291
712 1 287
715 0 285
718 0 282
722 0 278
727 0 273
730 0 270
736 0 264
737 1 262
744 2 254
747 2 251
748 1 251
752 1 247
759 0 241
761 0 239
767 0 233
777 0 223
780 1 219
785 1 214
787 1 212
790 1 209
796 1 203
797 3 200
798 4 198
799 3 198
801 4 195
802 5 193
804 7 189
802 10 188
794 18 188
782 24 194
777 31 192
764 39 197
754 46 200
740 53 207
728 57 215
726 53 221
728 45 227
719 50 231
721 47 232
723 47 230
719 47 234
716 50 234
712 50 238
714 39 247
713 42 245
704 45 251
707 45 248
697 53 250
689 54 257
686 51 263
681 57 262
669 60 271
661 67 272
650 67 283
648 64 288
642 71 287
635 71 294
634 70 296
629 72 299
630 62 308
623 68 309
613 64 323
613 64 323
613 62 325
610 61 329
611 57 332
615 50 335
609 61 330
607 58 335
608 58 334
603 60 337
604 51 345
608 42 350
607 43 350
609 41 350
613 36 351
613 38 349
614 27 359
617 25 358
620 24 356
629 25 346
629 27 344
628 29 343
627 28 345
631 24 345
630 26 344
629 25 346
633 20 347
636 18 346
639 20 341
645 19 336
647 15 338
653 18 329
652 22 326
656 20 324
658 21 321
658 23 319
664 21 315
663 23 314
662 21 317
666 17 317
666 22 312
673 22 305
667 29 304
669 27 304
670 25 305
673 29 298
678 25 297
681 24 295
685 21 294
691 18 291
690 15 295
696 12 292
694 17 289
695 19 286
693 19 288
696 20 284
698 18 284
699 21 280
703 20 277
713 19 268
714 19 267
716 18 266
717 17 266
723 16 261
727 14 259
731 15 254
734 14 252
739 11 250
741 9 250
743 7 250
744 7 249
747 8 245
747 10 243
750 10 240
752 10 238
756 6 238
759 6 235
757 8 235
760 8 232
763 10 227
761 10 229
761 13 226
763 13 224
762 14 224
760 16 224
763 21 216
759 20 221
764 18 218
764 20 216
759 18 223
753 25 222
752 32 216
750 36 214
738 43 219
737 41 222
734 40 226
734 39 227
732 37 231
726 36 238
724 35 241
719 38 243
719 36 245
714 42 244
710 42 248
707 42 251
699 46 255
700 46 254
695 41 264
694 39 267
694 37 269
688 41 271
686 42 272
680 43 277
673 49 278
672 44 284
667 50 283
669 47 284
666 50 284
664 50 286
662 44 294
665 40 295
660 41 299
657 41 302
654 43 303
652 44 304
654 43 303
650 46 304
646 46 308
639 49 312
633 54 313
627 51 322
619 54 327
618 54 328
615 52 333
616 47 337
619 43 338
621 38 341
623 37 340
613 39 348
614 39 347
619 37 344
622 31 347
623 31 346
628 35 337
630 31 339
629 31 340
636 28 336
637 27 336
633 30 337
638 32 330
643 31 326
643 33 324
646 29 325
643 32 325
641 33 326
643 33 324
645 33 322
645 29 326
640 33 327
641 30 329
648 28 324
649 28 323
650 25 325
652 25 323
651 23 326
658 21 321
652 25 323
654 24 322
655 28 317
659 25 316
661 22 317
665 22 313
665 22 313
663 21 316
674 16 310
677 17 306
680 16 304
685 17 298
688 14 298
695 12 293
703 9 288
706 9 285
708 10 282
712 10 278
710 15 275
712 14 274
713 17 270
705 23 272
706 22 272
705 24 271
706 23 271
706 25 269
703 25 272
705 22 273
708 23 269
708 23 269
712 27 261
713 22 265
712 21 267
713 19 268
721 17 262
721 14 265
721 15 264
724 16 260
725 17 258
724 19 257
727 17 256
730 15 255
731 15 254
736 17 247
739 14 247
739 20 241
732 28 240
725 31 244
722 31 247
720 34 246
717 36 247
709 36 255
706 44 250
695 46 259
689 51 260
683 53 264
676 55 269
672 59 269
674 50 276
665 54 281
660 55 285
659 60 281
652 59 289
649 56 295
647 56 297
646 50 304
645 51 304
643 48 309
643 49 308
642 50 308
646 50 304
644 44 312
639 43 318
638 43 319
645 41 314
645 39 316
643 38 319
646 34 320
646 37 317
644 34 322
644 32 324
640 33 327
636 33 331
635 31 334
634 29 337
633 30 337
634 29 337
633 28 339
637 27 336
640 23 337
639 24 337
642 22 336
648 18 334
651 18 331
651 17 332
656 18 326
666 15 319
668 18 314
670 17 313
677 15 308
687 13 300
691 14 295
692 18 290
696 17 287
700 16 284
699 18 283
697 21 282
701 22 277
703 17 280
699 24 277
702 20 278
703 20 277
706 23 271
702 28 270
700 31 269
689 36 275
689 35 276
684 33 283
683 34 283
688 33 279
689 31 280
687 35 278
684 30 286
683 30 287
675 36 289
677 32 291
687 28 285
685 27 288
681 32 287
686 30 284
687 29 284
683 33 284
687 26 287
682 31 287
678 27 295
678 27 295
683 21 296
685 17 298
686 22 292
685 22 293
685 24 291
683 27 290
684 27 289
680 29 291
681 30 289
689 28 283
689 29 282
696 32 272
694 36 270
696 32 272
692 34 274
695 30 275
697 26 277
701 26 273
699 28 273
697 31 272
694 33 273
691 31 278
691 30 279
684 38 278
682 37 281
679 38 283
674 40 286
667 42 291
672 39 289
668 39 293
673 36 291
673 31 296
671 34 295
667 39 294
659 48 293
658 50 292
654 48 298
648 51 301
645 53 302
631 62 307
621 71 308
619 80 301
604 94 302
593 96 311
577 99 324
570 86 344
569 80 351
572 72 356
572 65 363
576 54 370
574 47 379
569 49 382
569 53 378
572 47 381
573 43 384
573 40 387
569 42 389
574 40 386
577 35 388
582 29 389
591 27 382
594 24 382
594 27 379
594 26 380
599 25 376
601 25 374
605 24 371
609 24 367
616 21 363
622 19 359
630 19 351
630 20 350
635 18 347
637 18 345
646 17 337
655 14 331
661 17 322
664 15 321
667 17 316
672 19 309
662 31 307
649 41 310
642 45 313
635 51 314
629 60 311
625 57 318
618 59 323
616 59 325
617 55 328
618 53 329
608 60 332
607 57 336
610 49 341
609 43 348
608 39 353
614 32 354
616 30 354
614 34 352
620 33 347
624 28 348
626 26 348
627 28 345
629 28 343
633 29 338
636 30 334
639 28 333
642 27 331
643 27 330
645 29 326
649 31 320
645 36 319
644 34 322
647 34 319
650 33 317
650 32 318
652 34 314
654 36 310
655 39 306
649 45 306
647 47 306
647 44 309
646 41 313
648 36 316
644 42 314
640 46 314
644 46 310
643 49 308
643 51 306
641 49 310
636 48 316
635 50 315
632 50 318
633 56 311
623 58 319
617 58 325
605 68 327
596 74 330
600 64 336
598 60 342
593 62 345
592 67 341
585 67 348
584 65 351
594 56 350
597 51 352
592 53 355
597 47 356
601 40 359
603 38 359
597 43 360
601 40 359
609 32 359
608 28 364
612 30 358
615 26 359
622 25 353
616 28 356
622 24 354
626 17 357
632 17 351
635 18 347
641 16 343
645 19 336
649 20 331
648 19 333
653 18 329
663 16 321
667 13 320
674 7 319
677 4 319
683 3 314
688 3 309
691 3 306
697 3 300
708 2 290
717 1 282
723 1 276
728 3 269
734 2 264
735 6 259
741 5 254
740 7 253
740 8 252
740 7 253
744 5 251
748 3 249
749 3 248
753 3 244
755 3 242
761 4 235
766 3 231
771 5 224
776 5 219
777 7 216
777 8 215
778 10 212
777 13 210
781 14 205
782 13 205
780 17 203
772 20 208
773 16 211
769 22 209
770 19 211
773 19 208
775 19 206
777 17 206
774 19 207
773 18 209
771 18 211
772 19 209
771 20 209
771 21 208
777 17 206
769 24 207
767 25 208
764 23 213
761 26 213
763 29 208
761 31 208
759 29 212
761 27 212
757 33 210
746 45 209
737 52 211
729 56 215
719 61 220
707 64 229
692 78 230
681 87 232
674 84 242
676 77 247
669 80 251
660 78 262
654 78 268
646 85 269
637 81 282
623 86 291
619 78 303
603 81 316
600 84 316
599 75 326
595 71 334
594 65 341
590 68 342
590 65 345
590 64 346
590 66 344
589 60 351
576 75 349
572 71 357
562 72 366
568 60 372
574 53 373
574 53 373
574 51 375
573 49 378
571 55 374
570 52 378
573 44 383
579 42 379
582 43 375
579 45 376
577 48 375
581 46 373
584 38 378
590 33 377
594 29 377
593 33 374
597 29 374
601 25 374
604 24 372
607 24 369
611 22 367
615 20 365
620 17 363
625 16 359
630 16 354
635 14 351
639 12 349
637 15 348
642 16 342
646 15 339
650 13 337
655 11 334
662 7 331
665 8 327
670 8 322
671 8 321
678 8 314
689 10 301
698 9 293
699 8 293
701 11 288
705 10 285
707 9 284
710 10 280
714 10 276
719 10 271
724 8 268
725 7 268
733 7 260
739 7 254
739 7 254
746 7 247
744 12 244
742 16 242
741 19 240
739 21 240
736 24 240
738 23 239
735 20 245
739 17 244
744 18 238
747 18 235
750 15 235
752 15 233
758 13 229
762 14 224
758 19 223
760 17 223
763 18 219
756 24 220
750 32 218
748 37 215
743 36 221
730 45 225
717 55 228
699 69 232
677 81 242
650 94 256
636 104 260
616 112 272
591 120 289
582 119 299
575 115 310
565 108 327
556 108 336
550 104 346
549 98 353
542 96 362
539 83 378
545 76 379
551 61 388
553 50 397
552 50 398
554 44 402
556 38 406
557 40 403
563 39 398
561 37 402
560 40 400
563 35 402
566 34 400
567 37 396
573 36 391
577 33 390
577 35 388
579 32 389
579 30 391
584 27 389
588 24 388
592 23 385
596 22 382
602 20 378
605 24 371
604 26 370
606 29 365
606 31 363
609 29 362
613 30 357
614 34 352
616 34 350
619 31 350
619 29 352
619 23 358
619 21 360
618 21 361
626 19 355
629 19 352
630 21 349
626 25 349
633 23 344
639 22 339
639 23 338
639 25 336
637 29 334
631 32 337
630 31 339
631 31 338
639 31 330
641 32 327
640 39 321
638 38 324
630 43 327
630 40 330
637 38 325
643 34 323
648 26 326
651 24 325
655 24 321
652 28 320
655 26 319
659 25 316
662 27 311
665 25 310
666 23 311
669 21 310
673 20 307
677 17 306
674 18 308
677 21 302
676 21 303
677 23 300
677 25 298
677 23 300
678 23 299
681 19 300
682 20 298
682 22 296
683 22 295
687 20 293
692 18 290
694 17 289
700 13 287
702 14 284
704 15 281
705 16 279
708 19 273
702 23 275
700 27 273
699 27 274
696 30 274
687 37 276
682 40 278
681 38 281
677 43 280
673 41 286
670 37 293
672 37 291
667 38 295
665 41 294
663 43 294
656 49 295
653 53 294
644 62 294
628 72 300
623 69 308
614 76 310
607 76 317
609 64 327
597 71 332
587 72 341
591 66 343
580 74 346
572 69 359
564 68 368
559 69 372
555 61 384
557 53 390
560 46 394
565 44 391
568 39 393
573 31 396
569 38 393
575 39 386
571 40 389
574 40 386
570 45 385
578 41 381
583 36 381
582 37 381
582 39 379
578 40 382
580 42 378
583 42 375
586 41 373
585 33 382
583 28 389
593 26 381
595 22 383
604 17 379
610 14 376
612 13 375
621 11 368
626 9 365
630 8 362
631 7 362
633 7 360
638 8 354
639 11 350
641 13 346
645 13 342
647 11 342
648 12 340
654 14 332
658 13 329
660 12 328
662 13 325
667 10 323
670 8 322
673 8 319
678 8 314
683 5 312
682 7 311
680 6 314
678 11 311
684 9 307
686 10 304
687 11 302
687 15 298
687 20 293
689 21 290
694 15 291
698 14 288
700 15 285
701 17 282
707 18 275
710 18 272
715 12 273
716 14 270
714 18 268
716 19 265
714 25 261
716 24 260
719 22 259
720 15 265
726 12 262
729 13 258
730 14 256
731 15 254
729 22 249
728 22 250
730 24 246
727 28 245
728 26 246
725 28 247
723 31 246
720 34 246
717 33 250
715 34 251
718 30 252
713 35 252
705 39 256
