1000 0 0
1000 0 0
998 1 1
998 0 2
998 0 2
998 0 2
996 2 2
992 6 2
989 9 2
985 10 5
978 15 7
971 18 11
967 18 15
963 20 17
958 19 23
954 21 25
949 27 24
943 31 26
933 33 34
924 38 38
913 48 39
905 48 47
888 56 56
874 62 64
848 87 65
830 95 75
814 91 95
792 99 109
770 108 122
743 116 141
714 126 160
704 119 177
690 115 195
670 118 212
658 106 236
639 115 246
621 128 251
603 127 270
580 132 288
560 131 309
562 114 324
544 123 333
538 120 342
528 113 359
525 112 363
520 104 376
523 98 379
522 99 379
511 96 393
511 89 400
507 86 407
505 85 410
507 82 411
499 85 416
499 77 424
500 73 427
495 72 433
499 65 436
503 63 434
500 61 439
494 62 444
491 56 453
490 59 451
486 59 455
490 57 453
486 60 454
493 49 458
493 46 461
499 45 456
500 41 459
502 40 458
509 38 453
508 38 454
502 33 465
510 34 456
512 32 456
516 32 452
520 28 452
530 30 440
537 26 437
541 26 433
552 21 427
560 25 415
564 20 416
566 24 410
573 21 406
578 18 404
586 16 398
593 13 394
598 14 388
605 14 381
613 14 373
618 12 370
622 12 366
634 11 355
640 11 349
642 11 347
648 10 342
652 11 337
655 13 332
660 15 325
665 13 322
669 10 321
674 8 318
684 7 309
694 6 300
696 6 298
698 5 297
700 5 295
704 5 291
713 5 282
714 7 279
717 9 274
717 10 273
717 10 273
717 13 270
718 16 266
720 21 259
720 22 258
718 23 259
721 19 260
722 18 260
718 21 261
713 23 264
707 26 267
706 29 265
702 34 264
700 40 260
701 34 265
699 36 265
692 39 269
679 51 270
670 58 272
662 59 279
651 69 280
646 75 279
642 74 284
635 78 287
633 76 291
626 79 295
621 78 301
614 74 312
608 69 323
603 72 325
592 72 336
586 67 347
592 51 357
597 44 359
593 50 357
595 48 357
593 49 358
593 48 359
589 51 360
591 48 361
588 46 366
588 48 364
590 46 364
595 38 367
594 34 372
593 34 373
597 33 370
600 35 365
601 25 374
606 22 372
613 21 366
615 25 360
616 25 359
620 26 354
620 25 355
628 20 352
635 20 345
639 22 339
641 25 334
637 30 333
639 24 337
642 21 337
645 21 334
645 23 332
647 22 331
647 23 330
654 23 323
657 23 320
658 25 317
660 25 315
666 25 309
673 24 303
676 25 299
677 24 299
677 25 298
675 27 298
669 32 299
670 33 297
667 33 300
669 34 297
666 30 304
666 29 305
661 35 304
663 29 308
662 27 311
665 26 309
664 29 307
662 32 306
661 28 311
658 32 310
656 36 308
654 35 311
649 42 309
646 43 311
641 40 319
637 41 322
635 39 326
632 41 327
631 41 328
626 47 327
626 45 329
627 44 329
631 46 323
629 43 328
625 43 332
620 43 337
611 50 339
602 50 348
602 52 346
592 60 348
593 51 356
597 49 354
594 50 356
592 49 359
594 51 355
587 52 361
586 53 361
586 54 360
588 52 360
586 48 366
586 50 364
586 49 365
589 50 361
591 48 361
589 52 359
584 48 368
587 43 370
588 44 368
589 45 366
592 42 366
592 40 368
596 37 367
599 36 365
598 39 363
596 40 364
594 42 364
595 41 364
596 38 366
596 38 366
593 35 372
597 33 370
604 27 369
611 22 367
614 23 363
619 19 362
622 16 362
629 12 359
635 12 353
644 9 347
651 10 339
655 14 331
664 12 324
670 9 321
675 9 316
679 10 311
684 10 306
685 10 305
691 6 303
701 5 294
703 5 292
710 4 286
713 5 282
715 4 281
719 3 278
724 2 274
722 4 274
726 3 271
731 1 268
735 2 263
737 1 262
742 1 257
747 1 252
752 1 247
761 1 238
763 2 235
772 1 227
775 1 224
781 0 219
784 0 216
786 0 214
789 0 211
791 0 209
794 0 206
796 0 204
801 0 199
803 0 197
805 0 195
809 0 191
811 0 189
815 0 185
818 0 182
821 0 179
822 0 178
826 0 174
829 0 171
831 0 169
833 0 167
836 0 164
840 0 160
843 0 157
848 0 152
850 0 150
853 0 147
855 0 145
856 0 144
859 0 141
861 0 139
864 0 136
866 0 134
870 0 130
873 0 127
877 0 123
879 0 121
880 0 120
881 0 119
884 0 116
885 0 115
886 0 114
888 0 112
889 0 111
890 0 110
890 0 110
894 0 106
899 0 101
899 0 101
900 0 100
904 0 96
906 0 94
907 0 93
908 0 92
909 0 91
912 0 88
915 0 85
916 0 84
916 0 84
916 0 84
917 0 83
919 0 81
920 0 80
921 0 79
924 0 76
926 0 74
928 0 72
928 0 72
929 0 71
930 0 70
931 0 69
932 0 68
933 0 67
933 0 67
934 0 66
935 0 65
937 0 63
939 0 61
939 0 61
940 0 60
941 0 59
942 0 58
942 0 58
945 0 55
946 0 54
947 0 53
947 0 53
948 0 52
948 0 52
951 0 49
953 0 47
956 0 44
957 0 43
957 0 43
959 0 41
961 0 39
961 0 39
961 0 39
961 0 39
961 0 39
961 0 39
961 0 39
962 0 38
965 0 35
965 0 35
965 0 35
965 0 35
966 0 34
967 0 33
967 0 33
969 0 31
969 0 31
970 0 30
970 0 30
970 0 30
970 0 30
970 0 30
970 0 30
970 0 30
972 0 28
972 0 28
972 0 28
972 0 28
973 0 27
973 0 27
974 0 26
974 0 26
974 0 26
975 0 25
975 0 25
975 0 25
975 0 25
976 0 24
979 0 21
979 0 21
979 0 21
979 0 21
979 0 21
979 0 21
979 0 21
980 0 20
980 0 20
981 0 19
982 0 18
982 0 18
982 0 18
982 0 18
983 0 17
983 0 17
984 0 16
984 0 16
984 0 16
986 0 14
986 0 14
986 0 14
986 0 14
986 0 14
986 0 14
986 0 14
986 0 14
987 0 13
987 0 13
987 0 13
987 0 13
987 0 13
987 0 13
987 0 13
987 0 13
987 0 13
987 0 13
987 0 13
988 0 12
988 0 12
988 0 12
988 0 12
989 0 11
989 0 11
989 0 11
989 0 11
989 0 11
989 0 11
990 0 10
990 0 10
990 0 10
991 0 9
991 0 9
991 0 9
991 0 9
991 0 9
992 0 8
992 0 8
992 0 8
992 0 8
992 0 8
992 0 8
992 0 8
992 0 8
992 0 8
992 0 8
992 0 8
992 0 8
992 0 8
992 0 8
992 0 8
992 0 8
992 0 8
992 0 8
992 0 8
992 0 8
992 0 8
992 0 8
992 0 8
992 0 8
992 0 8
992 0 8
992 0 8
992 0 8
992 0 8
992 0 8
992 0 8
992 0 8
992 0 8
992 0 8
992 0 8
994 0 6
995 0 5
995 0 5
995 0 5
995 0 5
995 0 5
995 0 5
995 0 5
995 0 5
995 0 5
995 0 5
995 0 5
995 0 5
995 0 5
995 0 5
995 0 5
995 0 5
996 0 4
996 0 4
996 0 4
996 0 4
997 0 3
997 0 3
997 0 3
997 0 3
997 0 3
997 0 3
997 0 3
997 0 3
997 0 3
997 0 3
997 0 3
997 0 3
997 0 3
997 0 3
997 0 3
997 0 3
997 0 3
997 0 3
997 0 3
997 0 3
997 0 3
997 0 3
997 0 3
997 0 3
997 0 3
997 0 3
997 0 3
997 0 3
997 0 3
997 0 3
997 0 3
997 0 3
997 0 3
997 0 3
997 0 3
997 0 3
997 0 3
997 0 3
997 0 3
997 0 3
997 0 3
997 0 3
997 0 3
997 0 3
997 0 3
997 0 3
997 0 3
997 0 3
997 0 3
997 0 3
997 0 3
997 0 3
997 0 3
997 0 3
997 0 3
998 0 2
998 0 2
999 0 1
999 0 1
999 0 1
999 0 1
999 0 1
999 0 1
999 0 1
999 0 1
1000 0 0
1000 0 0
1000 0 0
1000 0 0
1000 0 0
1000 0 0
1000 0 0
1000 0 0
1000 0 0
1000 0 0
1000 0 0
1000 0 0
1000 0 0
1000 0 0
1000 0 0
1000 0 0
1000 0 0
1000 0 0
1000 0 0
1000 0 0
1000 0 0
1000 0 0
1000 0 0
1000 0 0
1000 0 0
1000 0 0
1000 0 0
1000 0 0
1000 0 0
1000 0 0
1000 0 0
1000 0 0
1000 0 0
1000 0 0
1000 0 0
1000 0 0
1000 0 0
1000 0 0
1000 0 0
1000 0 0
1000 0 0
1000 0 0
1000 0 0
1000 0 0
1000 0 0
1000 0 0
1000 0 0
1000 0 0
1000 0 0
1000 0 0
1000 0 0
1000 0 0
1000 0 0
1000 0 0
1000 0 0
1000 0 0
1000 0 0
1000 0 0
1000 0 0
1000 0 0
1000 0 0
1000 0 0
1000 0 0
1000 0 0
1000 0 0
1000 0 0
1000 0 0
1000 0 0
1000 0 0
1000 0 0
1000 0 0
1000 0 0
1000 0 0
1000 0 0
1000 0 0
1000 0 0
1000 0 0
1000 0 0
1000 0 0
1000 0 0
1000 0 0
1000 0 0
1000 0 0
1000 0 0
1000 0 0
1000 0 0
1000 0 0
1000 0 0
1000 0 0
1000 0 0
1000 0 0
1000 0 0
1000 0 0
1000 0 0
1000 0 0
1000 0 0
1000 0 0
1000 0 0
1000 0 0
1000 0 0
1000 0 0
1000 0 0
1000 0 0
1000 0 0
1000 0 0
1000 0 0
1000 0 0
1000 0 0
1000 0 0
1000 0 0
1000 0 0
1000 0 0
1000 0 0
1000 0 0
1000 0 0
1000 0 0
1000 0 0
1000 0 0
1000 0 0
1000 0 0
1000 0 0
1000 0 0
1000 0 0
1000 0 0
1000 0 0
1000 0 0
1000 0 0
1000 0 0
1000 0 0
1000 0 0
1000 0 0
1000 0 0
1000 0 0
1000 0 0
1000 0 0
1000 0 0
1000 0 0
1000 0 0
1000 0 0
1000 0 0
1000 0 0
1000 0 0
1000 0 0
1000 0 0
1000 0 0
1000 0 0
1000 0 0
1000 0 0
1000 0 0
1000 0 0
1000 0 0
1000 0 0
1000 0 0
1000 0 0
1000 0 0
1000 0 0
1000 0 0
1000 0 0
1000 0 0
1000 0 0
1000 0 0
1000 0 0
1000 0 0
1000 0 0
1000 0 0
1000 0 0
1000 0 0
1000 0 0
1000 0 0
1000 0 0
1000 0 0
1000 0 0
1000 0 0
1000 0 0
1000 0 0
1000 0 0
1000 0 0
1000 0 0
1000 0 0
1000 0 0
1000 0 0
1000 0 0
1000 0 0
1000 0 0
1000 0 0
1000 0 0
1000 0 0
1000 0 0
1000 0 0
1000 0 0
1000 0 0
1000 0 0
1000 0 0
1000 0 0
1000 0 0
1000 0 0
1000 0 0
1000 0 0
1000 0 0
1000 0 0
1000 0 0
1000 0 0
1000 0 0
1000 0 0
1000 0 0
1000 0 0
1000 0 0
1000 0 0
1000 0 0
1000 0 0
1000 0 0
1000 0 0
1000 0 0
1000 0 0
1000 0 0
1000 0 0
1000 0 0
1000 0 0
1000 0 0
1000 0 0
1000 0 0
1000 0 0
1000 0 0
1000 0 0
1000 0 0
1000 0 0
1000 0 0
1000 0 0
1000 0 0
1000 0 0
1000 0 0
1000 0 0
1000 0 0
1000 0 0
1000 0 0
1000 0 0
1000 0 0
1000 0 0
1000 0 0
1000 0 0
1000 0 0
1000 0 0
1000 0 0
1000 0 0
1000 0 0
1000 0 0
1000 0 0
1000 0 0
1000 0 0
1000 0 0
1000 0 0
1000 0 0
1000 0 0
1000 0 0
1000 0 0
1000 0 0
1000 0 0
1000 0 0
1000 0 0
1000 0 0
1000 0 0
1000 0 0
1000 0 0
1000 0 0
1000 0 0
1000 0 0
1000 0 0
1000 0 0
1000 0 0
1000 0 0
1000 0 0
1000 0 0
1000 0 0
1000 0 0
1000 0 0
1000 0 0
1000 0 0
1000 0 0
1000 0 0
1000 0 0
1000 0 0
1000 0 0
1000 0 0
1000 0 0
1000 0 0
1000 0 0
1000 0 0
1000 0 0
1000 0 0
1000 0 0
1000 0 0
1000 0 0
1000 0 0
1000 0 0
1000 0 0
1000 0 0
1000 0 0
1000 0 0
1000 0 0
1000 0 0
1000 0 0
1000 0 0
1000 0 0
1000 0 0
1000 0 0
1000 0 0
1000 0 0
1000 0 0
1000 0 0
1000 0 0
1000 0 0
1000 0 0
1000 0 0
1000 0 0
1000 0 0
1000 0 0
1000 0 0
1000 0 0
1000 0 0
1000 0 0
1000 0 0
1000 0 0
1000 0 0
1000 0 0
1000 0 0
1000 0 0
1000 0 0
1000 0 0
1000 0 0
1000 0 0
1000 0 0
1000 0 0
1000 0 0
1000 0 0
1000 0 0
1000 0 0
1000 0 0
1000 0 0
1000 0 0
1000 0 0
1000 0 0
1000 0 0
1000 0 0
1000 0 0
1000 0 0
1000 0 0
1000 0 0
1000 0 0
1000 0 0
1000 0 0
1000 0 0
1000 0 0
1000 0 0
1000 0 0
1000 0 0
1000 0 0
1000 0 0
1000 0 0
1000 0 0
1000 0 0
1000 0 0
1000 0 0
1000 0 0
1000 0 0
1000 0 0
1000 0 0
1000 0 0
1000 0 0
1000 0 0
1000 0 0
1000 0 0
1000 0 0
1000 0 0
1000 0 0
1000 0 0
1000 0 0
1000 0 0
1000 0 0
1000 0 0
1000 0 0
1000 0 0
1000 0 0
1000 0 0
1000 0 0
1000 0 0
1000 0 0
1000 0 0
1000 0 0
1000 0 0
1000 0 0
1000 0 0
1000 0 0
1000 0 0
1000 0 0
1000 0 0
1000 0 0
1000 0 0
1000 0 0
1000 0 0
1000 0 0
1000 0 0
