995 5 0
995 5 0
993 7 0
988 11 1
983 12 5
977 18 5
967 26 7
958 31 11
944 42 14
924 52 24
902 63 35
876 73 51
850 91 59
819 112 69
791 119 90
768 127 105
743 136 121
715 148 137
686 150 164
664 151 185
643 156 201
611 168 221
583 175 242
556 182 262
533 186 281
513 181 306
492 180 328
477 171 352
472 145 383
465 134 401
458 121 421
453 120 427
447 112 441
452 105 443
445 96 459
442 82 476
443 73 484
445 71 484
445 64 491
453 55 492
457 47 496
470 38 492
474 37 489
481 32 487
485 29 486
490 25 485
500 22 478
511 16 473
513 17 470
520 17 463
523 21 456
531 18 451
538 17 445
539 17 444
547 13 440
555 12 433
556 13 431
561 12 427
564 11 425
567 11 422
571 10 419
579 12 409
588 13 399
592 11 397
598 12 390
604 10 386
610 11 379
618 11 371
626 11 363
631 8 361
638 12 350
643 14 343
648 11 341
651 10 339
657 6 337
659 4 337
658 6 336
663 7 330
669 7 324
672 7 321
677 5 318
678 6 316
683 6 311
685 7 308
690 8 302
698 8 294
704 8 288
710 6 284
718 4 278
728 2 270
733 3 264
738 4 258
742 4 254
743 4 253
746 4 250
753 3 244
758 2 240
759 2 239
761 5 234
764 5 231
772 5 223
775 6 219
778 9 213
783 7 210
781 10 209
781 8 211
782 9 209
788 6 206
789 5 206
790 5 205
794 4 202
800 2 198
803 2 195
803 3 194
809 1 190
813 1 186
820 1 179
822 1 177
826 1 173
827 1 172
829 1 170
831 1 168
832 1 167
836 0 164
841 0 159
843 1 156
846 1 153
850 1 149
853 1 146
854 2 144
858 1 141
859 1 140
860 1 139
865 1 134
869 1 130
869 1 130
872 2 126
874 2 124
877 2 121
878 3 119
876 5 119
879 7 114
881 11 108
877 13 110
872 17 111
863 25 112
843 43 114
822 55 123
809 59 132
785 72 143
768 76 156
742 86 172
728 84 188
710 84 206
696 80 224
693 73 234
686 75 239
675 81 244
671 77 252
661 75 264
645 87 268
634 84 282
626 79 295
620 84 296
611 87 302
604 88 308
599 79 322
606 69 325
603 63 334
601 61 338
581 67 352
583 57 360
586 55 359
587 50 363
589 49 362
588 44 368
590 44 366
587 48 365
591 43 366
592 39 369
592 42 366
591 45 364
593 39 368
595 41 364
595 40 365
596 39 365
597 39 364
597 37 366
597 36 367
598 40 362
595 36 369
601 32 367
604 29 367
606 26 368
610 20 370
615 19 366
616 17 367
628 16 356
630 17 353
638 18 344
639 18 343
644 13 343
645 14 341
651 13 336
657 12 331
658 14 328
667 12 321
669 8 323
672 4 324
676 4 320
680 4 316
688 2 310
691 1 308
697 1 302
709 2 289
713 2 285
718 2 280
723 1 276
726 0 274
729 0 271
731 0 269
734 0 266
741 0 259
743 0 257
747 0 253
752 0 248
753 0 247
755 2 243
756 5 239
759 8 233
760 11 229
761 12 227
761 17 222
758 24 218
761 24 215
759 27 214
754 31 215
751 34 215
748 30 222
744 36 220
739 42 219
739 39 222
738 39 223
733 41 226
727 42 231
722 48 230
715 48 237
713 45 242
712 49 239
704 50 246
705 52 243
704 51 245
699 54 247
697 53 250
695 53 252
695 52 253
694 53 253
687 54 259
683 54 263
674 66 260
669 65 266
668 68 264
657 70 273
654 66 280
648 63 289
647 57 296
647 60 293
645 53 302
646 53 301
636 53 311
636 51 313
634 52 314
632 50 318
630 49 321
628 49 323
627 49 324
631 40 329
637 36 327
634 37 329
634 37 329
633 37 330
637 32 331
644 29 327
648 29 323
647 24 329
648 29 323
655 30 315
660 22 318
659 21 320
659 23 318
663 14 323
670 12 318
673 13 314
677 11 312
678 11 311
683 10 307
684 10 306
694 9 297
701 7 292
704 9 287
708 10 282
709 13 278
714 14 272
724 8 268
725 7 268
728 6 266
732 4 264
742 5 253
740 7 253
741 7 252
748 7 245
751 6 243
755 5 240
758 3 239
758 4 238
762 4 234
767 5 228
767 7 226
772 7 221
773 8 219
779 7 214
781 8 211
780 11 209
783 11 206
784 11 205
788 9 203
784 14 202
784 14 202
791 15 194
792 15 193
789 17 194
792 17 191
791 18 191
790 19 191
786 26 188
786 27 187
786 27 187
787 26 187
782 30 188
781 31 188
781 26 193
783 26 191
781 27 192
778 28 194
772 31 197
759 38 203
755 35 210
755 27 218
757 26 217
758 26 216
760 27 213
760 29 211
758 28 214
752 34 214
751 36 213
740 48 212
726 55 219
712 60 228
703 65 232
698 69 233
687 73 240
679 77 244
667 74 259
646 92 262
637 89 274
627 86 287
627 77 296
620 73 307
616 73 311
610 72 318
614 68 318
614 58 328
608 56 336
610 54 336
613 48 339
614 42 344
614 43 343
616 46 338
617 37 346
623 33 344
632 30 338
635 36 329
634 32 334
636 29 335
643 30 327
645 28 327
642 32 326
635 35 330
628 40 332
623 44 333
620 48 332
616 47 337
606 56 338
597 61 342
588 61 351
587 60 353
593 56 351
591 54 355
588 54 358
587 55 358
588 58 354
584 53 363
586 47 367
587 42 371
586 42 372
590 38 372
588 44 368
589 44 367
596 37 367
598 28 374
602 24 374
609 22 369
619 20 361
623 21 356
624 23 353
625 20 355
630 21 349
628 25 347
629 30 341
627 36 337
625 38 337
632 32 336
629 32 339
629 32 339
628 35 337
620 47 333
620 43 337
623 34 343
624 32 344
629 29 342
629 29 342
629 27 344
641 23 336
646 19 335
646 21 333
647 25 328
649 25 326
647 27 326
647 27 326
654 29 317
656 23 321
661 24 315
661 27 312
661 32 307
662 29 309
660 29 311
658 34 308
654 35 311
656 33 311
665 31 304
662 38 300
658 37 305
658 37 305
662 38 300
657 38 305
653 39 308
646 42 312
645 42 313
642 40 318
640 39 321
639 32 329
639 36 325
643 36 321
644 32 324
653 31 316
647 32 321
655 33 312
656 34 310
654 34 312
655 36 309
655 41 304
647 45 308
643 45 312
641 48 311
631 50 319
634 49 317
631 47 322
627 46 327
623 45 332
618 42 340
615 47 338
618 45 337
616 40 344
614 44 342
617 44 339
620 38 342
618 36 346
619 38 343
622 34 344
619 34 347
619 35 346
621 32 347
624 28 348
625 28 347
633 28 339
632 24 344
638 27 335
638 23 339
642 19 339
649 20 331
649 19 332
653 18 329
650 23 327
649 28 323
650 28 322
649 28 323
651 32 317
652 33 315
649 34 317
651 35 314
649 36 315
651 31 318
658 33 309
655 35 310
656 36 308
648 45 307
642 49 309
649 42 309
647 35 318
648 36 316
647 34 319
654 32 314
661 30 309
660 29 311
653 38 309
649 42 309
646 46 308
644 46 310
643 43 314
644 38 318
647 35 318
650 31 319
653 31 316
655 35 310
657 31 312
658 29 313
661 26 313
657 26 317
659 23 318
659 23 318
663 22 315
661 24 315
655 31 314
649 38 313
646 37 317
641 43 316
635 44 321
632 38 330
632 36 332
633 34 333
639 32 329
645 29 326
646 33 321
650 27 323
651 27 322
654 25 321
656 27 317
659 25 316
658 23 319
662 19 319
663 17 320
666 18 316
672 17 311
672 16 312
677 16 307
681 18 301
684 19 297
691 15 294
694 12 294
698 10 292
698 11 291
701 10 289
705 11 284
706 12 282
707 11 282
714 11 275
714 15 271
716 12 272
714 16 270
715 17 268
718 17 265
713 21 266
715 21 264
719 22 259
719 24 257
722 24 254
722 20 258
722 20 258
724 19 257
728 17 255
728 22 250
727 21 252
730 19 251
730 23 247
734 27 239
734 26 240
731 24 245
731 22 247
735 26 239
734 27 239
731 30 239
730 32 238
721 34 245
723 34 243
720 36 244
720 29 251
717 34 249
713 31 256
718 30 252
722 29 249
722 32 246
719 32 249
719 29 252
725 28 247
728 26 246
731 27 242
735 26 239
734 25 241
734 20 246
734 21 245
737 21 242
738 19 243
735 25 240
728 33 239
725 34 241
717 38 245
716 33 251
716 32 252
711 36 253
712 35 253
712 34 254
711 36 253
714 36 250
714 35 251
714 31 255
717 26 257
718 26 256
718 23 259
718 27 255
714 26 260
718 22 260
718 25 257
719 23 258
725 17 258
726 19 255
725 20 255
727 17 256
728 20 252
730 22 248
729 24 247
723 26 251
723 25 252
717 30 253
711 35 254
705 36 259
697 43 260
694 45 261
686 44 270
680 37 283
688 35 277
688 33 279
689 28 283
689 26 285
689 24 287
690 19 291
693 16 291
697 16 287
699 14 287
705 13 282
706 11 283
709 11 280
712 10 278
718 11 271
722 11 267
721 13 266
720 12 268
724 12 264
725 11 264
728 11 261
729 10 261
732 8 260
733 7 260
737 6 257
740 6 254
747 5 248
749 5 246
752 4 244
754 3 243
758 2 240
764 2 234
770 2 228
772 2 226
776 2 222
781 1 218
783 2 215
786 4 210
787 3 210
791 3 206
793 2 205
798 2 200
803 2 195
804 3 193
808 3 189
812 3 185
817 3 180
817 4 179
823 5 172
825 3 172
825 3 172
830 1 169
833 0 167
834 0 166
839 0 161
843 0 157
846 0 154
848 0 152
849 0 151
853 0 147
855 0 145
857 0 143
858 0 142
860 0 140
860 0 140
863 0 137
868 0 132
869 0 131
870 0 130
874 0 126
880 0 120
882 0 118
882 0 118
885 0 115
889 0 111
891 0 109
895 0 105
896 0 104
898 0 102
900 0 100
904 0 96
904 0 96
905 0 95
907 0 93
913 0 87
914 0 86
915 0 85
915 0 85
915 0 85
916 0 84
916 0 84
918 0 82
923 0 77
926 0 74
928 0 72
931 0 69
932 0 68
934 0 66
935 0 65
937 0 63
938 0 62
939 0 61
939 0 61
939 0 61
940 0 60
941 0 59
942 0 58
943 0 57
944 0 56
945 0 55
947 0 53
950 0 50
950 0 50
953 0 47
954 0 46
956 0 44
956 0 44
958 0 42
960 0 40
962 0 38
962 0 38
965 0 35
965 0 35
967 0 33
970 0 30
970 0 30
970 0 30
971 0 29
971 0 29
973 0 27
973 0 27
973 0 27
974 0 26
974 0 26
974 0 26
974 0 26
974 0 26
976 0 24
977 0 23
977 0 23
978 0 22
978 0 22
978 0 22
978 0 22
978 0 22
978 0 22
978 0 22
978 0 22
978 0 22
978 0 22
979 0 21
979 0 21
979 0 21
979 0 21
979 0 21
979 0 21
979 0 21
979 0 21
979 0 21
979 0 21
979 0 21
979 0 21
979 0 21
979 0 21
979 0 21
979 0 21
979 0 21
979 0 21
979 0 21
980 0 20
981 0 19
981 0 19
981 0 19
981 0 19
981 0 19
981 0 19
981 0 19
981 0 19
981 0 19
982 0 18
983 0 17
983 0 17
983 0 17
983 0 17
983 0 17
983 0 17
983 0 17
983 0 17
984 0 16
984 0 16
984 0 16
984 0 16
986 0 14
986 0 14
986 0 14
987 0 13
987 0 13
987 0 13
987 0 13
987 0 13
987 0 13
987 0 13
987 0 13
987 0 13
987 0 13
987 0 13
987 0 13
988 0 12
988 0 12
988 0 12
988 0 12
988 0 12
988 0 12
988 0 12
988 0 12
988 0 12
989 0 11
989 0 11
989 0 11
989 0 11
989 0 11
989 0 11
990 0 10
990 0 10
990 0 10
991 0 9
991 0 9
991 0 9
991 0 9
992 0 8
992 0 8
992 0 8
992 0 8
992 0 8
992 0 8
992 0 8
992 0 8
992 0 8
992 0 8
992 0 8
992 0 8
993 0 7
993 0 7
993 0 7
993 0 7
993 0 7
993 0 7
993 0 7
993 0 7
993 0 7
993 0 7
993 0 7
994 0 6
994 0 6
994 0 6
994 0 6
994 0 6
994 0 6
994 0 6
994 0 6
994 0 6
994 0 6
994 0 6
994 0 6
994 0 6
994 0 6
995 0 5
995 0 5
995 0 5
995 0 5
995 0 5
995 0 5
995 0 5
995 0 5
995 0 5
995 0 5
995 0 5
995 0 5
995 0 5
995 0 5
996 0 4
996 0 4
996 0 4
996 0 4
997 0 3
997 0 3
997 0 3
997 0 3
997 0 3
997 0 3
997 0 3
997 0 3
997 0 3
997 0 3
997 0 3
997 0 3
997 0 3
997 0 3
997 0 3
997 0 3
997 0 3
997 0 3
997 0 3
997 0 3
997 0 3
997 0 3
997 0 3
997 0 3
997 0 3
997 0 3
997 0 3
997 0 3
997 0 3
997 0 3
997 0 3
997 0 3
997 0 3
997 0 3
997 0 3
997 0 3
997 0 3
997 0 3
997 0 3
997 0 3
997 0 3
997 0 3
997 0 3
997 0 3
997 0 3
997 0 3
997 0 3
997 0 3
997 0 3
998 0 2
998 0 2
998 0 2
998 0 2
999 0 1
999 0 1
999 0 1
999 0 1
999 0 1
999 0 1
