995 5 0
995 5 0
993 7 0
991 8 1
990 8 2
985 11 4
974 19 7
969 20 11
948 38 14
918 63 19
885 82 33
864 85 51
839 99 62
822 105 73
785 126 89
743 142 115
714 145 141
689 153 158
667 146 187
649 151 200
636 141 223
615 145 240
598 151 251
582 149 269
558 150 292
547 139 314
541 130 329
529 127 344
526 117 357
518 112 370
509 106 385
505 97 398
499 87 414
494 82 424
493 73 434
494 66 440
496 61 443
499 58 443
515 48 437
518 43 439
523 35 442
527 36 437
536 35 429
544 32 424
548 32 420
553 31 416
554 29 417
556 30 414
560 26 414
566 26 408
571 23 406
573 22 405
575 24 401
580 19 401
586 15 399
591 14 395
597 15 388
603 15 382
611 13 376
615 13 372
619 14 367
625 16 359
635 15 350
639 12 349
643 12 345
649 11 340
651 10 339
650 13 337
656 10 334
666 9 325
670 8 322
669 10 321
673 10 317
672 12 316
670 15 315
665 21 314
671 18 311
675 17 308
680 16 304
680 16 304
682 16 302
685 16 299
683 18 299
688 17 295
693 16 291
685 23 292
689 25 286
694 24 282
692 26 282
693 28 279
678 40 282
669 44 287
667 47 286
661 50 289
647 58 295
642 62 296
642 64 294
632 73 295
624 71 305
618 66 316
613 63 324
606 67 327
602 69 329
603 55 342
601 49 350
600 53 347
602 54 344
601 48 351
600 43 357
601 37 362
604 35 361
608 36 356
606 36 358
604 36 360
604 31 365
605 29 366
608 33 359
608 33 359
604 36 360
602 34 364
606 34 360
601 38 361
600 40 360
605 39 356
602 51 347
601 47 352
596 52 352
603 49 348
608 41 351
609 38 353
615 35 350
616 33 351
619 30 351
629 27 344
635 22 343
638 25 337
641 26 333
640 30 330
637 32 331
633 34 333
632 39 329
629 38 333
627 38 335
628 34 338
628 41 331
623 42 335
632 38 330
634 37 329
641 36 323
642 35 323
643 31 326
645 28 327
643 28 329
649 27 324
648 30 322
647 25 328
648 23 329
647 27 326
647 25 328
649 24 327
652 27 321
655 23 322
647 29 324
641 35 324
643 29 328
641 28 331
643 25 332
646 20 334
643 27 330
645 28 327
647 29 324
648 30 322
645 27 328
646 24 330
647 24 329
650 23 327
649 21 330
651 24 325
649 22 329
646 25 329
646 25 329
645 21 334
650 20 330
653 23 324
653 21 326
658 21 321
659 20 321
665 18 317
665 20 315
670 18 312
673 20 307
680 20 300
677 22 301
678 24 298
679 23 298
679 26 295
678 29 293
675 31 294
661 43 296
653 49 298
651 46 303
656 45 299
654 42 304
649 45 306
647 49 304
647 42 311
644 45 311
641 47 312
643 45 312
644 44 312
649 39 312
653 35 312
657 35 308
651 35 314
648 39 313
644 40 316
643 42 315
646 40 314
646 40 314
648 31 321
641 36 323
642 40 318
639 38 323
639 38 323
638 33 329
645 32 323
650 27 323
655 23 322
662 18 320
672 14 314
672 21 307
674 23 303
680 21 299
684 23 293
684 27 289
688 27 285
687 33 280
682 32 286
685 30 285
690 29 281
693 29 278
695 27 278
696 26 278
700 30 270
700 27 273
704 22 274
711 23 266
718 19 263
723 20 257
721 18 261
719 20 261
721 19 260
723 20 257
724 20 256
723 20 257
725 21 254
724 23 253
717 31 252
707 35 258
697 39 264
687 49 264
671 60 269
662 66 272
653 67 280
645 71 284
639 71 290
634 72 294
627 79 294
616 86 298
606 94 300
609 89 302
599 89 312
594 90 316
585 91 324
582 88 330
576 83 341
576 80 344
564 76 360
564 68 368
562 64 374
566 55 379
568 49 383
564 50 386
573 39 388
575 40 385
568 49 383
567 46 387
566 50 384
565 51 384
567 43 390
569 40 391
573 31 396
575 32 393
580 27 393
590 23 387
599 21 380
607 17 376
614 18 368
622 18 360
625 18 357
628 18 354
633 15 352
635 17 348
643 17 340
646 17 337
653 15 332
655 16 329
656 14 330
660 12 328
656 13 331
661 13 326
660 16 324
667 16 317
675 13 312
675 15 310
676 15 309
680 14 306
681 13 306
686 10 304
688 9 303
693 10 297
690 12 298
697 7 296
697 9 294
700 5 295
707 5 288
711 3 286
717 3 280
722 4 274
729 4 267
728 8 264
737 9 254
738 10 252
746 10 244
745 12 243
746 9 245
752 6 242
756 7 237
760 9 231
764 8 228
768 7 225
772 5 223
770 8 222
775 6 219
778 5 217
782 5 213
785 5 210
787 5 208
791 4 205
792 3 205
796 3 201
799 6 195
799 4 197
800 7 193
803 6 191
801 10 189
797 15 188
794 18 188
787 25 188
787 23 190
788 19 193
789 21 190
785 17 198
778 24 198
775 26 199
772 29 199
771 25 204
770 26 204
765 24 211
758 31 211
751 33 216
748 37 215
748 33 219
748 36 216
751 34 215
751 34 215
748 38 214
746 40 214
742 43 215
736 47 217
733 40 227
725 42 233
724 43 233
717 42 241
708 45 247
698 46 256
698 46 256
700 42 258
697 40 263
695 39 266
693 40 267
690 40 270
678 48 274
671 50 279
665 53 282
665 51 284
662 49 289
662 42 296
660 44 296
653 46 301
650 46 304
649 44 307
650 41 309
657 36 307
659 33 308
653 34 313
655 31 314
658 29 313
655 30 315
658 30 312
658 28 314
656 30 314
661 30 309
660 31 309
660 29 311
660 30 310
662 29 309
661 29 310
658 32 310
657 34 309
654 35 311
658 34 308
658 33 309
658 32 310
653 36 311
648 40 312
646 40 314
642 39 319
637 40 323
639 42 319
637 39 324
634 40 326
629 46 325
625 48 327
619 49 332
617 48 335
617 46 337
618 45 337
618 46 336
616 47 337
610 49 341
613 45 342
614 44 342
617 45 338
623 46 331
616 51 333
606 57 337
603 64 333
603 55 342
604 48 348
606 47 347
609 46 345
606 50 344
606 53 341
594 59 347
593 50 357
589 49 362
593 46 361
591 47 362
592 51 357
589 48 363
591 47 362
588 55 357
593 49 358
591 48 361
590 48 362
589 45 366
590 49 361
591 42 367
587 47 366
590 48 362
586 53 361
581 55 364
582 49 369
580 42 378
582 40 378
585 38 377
586 31 383
583 35 382
583 35 382
587 31 382
594 29 377
596 26 378
600 27 373
607 24 369
614 23 363
619 21 360
621 15 364
626 15 359
631 20 349
636 20 344
635 23 342
638 25 337
643 20 337
646 24 330
639 27 334
635 34 331
633 38 329
630 42 328
630 44 326
632 41 327
636 38 326
631 38 331
630 39 331
625 36 339
625 38 337
629 30 341
627 30 343
626 26 348
623 27 350
629 27 344
628 34 338
628 30 342
630 31 339
633 26 341
634 30 336
634 31 335
638 33 329
642 33 325
643 30 327
650 28 322
652 28 320
656 24 320
655 22 323
655 23 322
656 18 326
657 16 327
662 18 320
670 14 316
672 14 314
671 14 315
673 15 312
678 14 308
686 14 300
685 15 300
688 15 297
690 12 298
697 8 295
702 8 290
705 8 287
709 3 288
712 4 284
715 4 281
714 5 281
719 5 276
722 3 275
726 4 270
729 7 264
732 7 261
740 6 254
741 6 253
744 7 249
747 6 247
748 4 248
752 4 244
756 5 239
759 5 236
761 7 232
761 9 230
763 9 228
766 11 223
766 11 223
766 13 221
764 17 219
766 17 217
767 15 218
761 19 220
756 25 219
753 24 223
758 24 218
755 26 219
751 26 223
750 28 222
747 31 222
738 39 223
728 48 224
714 60 226
703 63 234
693 62 245
683 74 243
657 91 252
639 98 263
627 99 274
615 99 286
597 106 297
593 93 314
591 94 315
585 92 323
581 89 330
576 90 334
573 87 340
572 82 346
573 73 354
570 70 360
568 61 371
566 54 380
564 48 388
569 47 384
574 45 381
572 45 383
573 39 388
573 41 386
585 39 376
585 36 379
592 34 374
595 31 374
603 29 368
603 34 363
601 38 361
598 42 360
594 43 363
588 51 361
588 43 369
595 40 365
601 38 361
601 36 363
602 29 369
596 32 372
601 31 368
602 29 369
603 35 362
602 38 360
604 31 365
606 28 366
610 29 361
610 29 361
617 24 359
616 27 357
622 18 360
624 21 355
628 15 357
625 17 358
631 15 354
636 13 351
641 11 348
649 12 339
651 13 336
652 15 333
653 19 328
652 20 328
648 25 327
653 18 329
652 19 329
652 21 327
654 21 325
656 22 322
656 25 319
661 19 320
671 17 312
677 14 309
679 15 306
679 14 307
691 13 296
699 12 289
700 15 285
697 16 287
699 15 286
703 16 281
704 14 282
704 15 281
702 19 279
700 20 280
709 19 272
710 17 273
713 16 271
714 17 269
719 16 265
719 16 265
723 13 264
727 12 261
732 11 257
737 11 252
742 9 249
749 9 242
753 9 238
759 9 232
762 9 229
767 7 226
766 10 224
767 9 224
770 7 223
777 7 216
780 8 212
783 8 209
786 7 207
788 4 208
791 4 205
797 4 199
802 4 194
802 6 192
803 6 191
805 4 191
808 5 187
807 6 187
810 7 183
811 7 182
813 7 180
811 11 178
811 15 174
812 17 171
806 17 177
801 19 180
800 21 179
799 25 176
792 31 177
788 33 179
782 34 184
777 38 185
772 39 189
767 43 190
761 44 195
754 42 204
753 42 205
748 46 206
736 51 213
729 53 218
724 51 225
718 55 227
708 60 232
710 55 235
708 50 242
708 50 242
707 52 241
704 53 243
706 48 246
706 43 251
703 40 257
703 40 257
703 38 259
704 37 259
702 29 269
697 29 274
706 23 271
705 25 270
708 22 270
712 17 271
718 15 267
724 10 266
727 12 261
729 12 259
736 10 254
734 13 253
732 16 252
735 14 251
736 14 250
738 14 248
737 14 249
736 18 246
733 23 244
734 24 242
734 25 241
730 28 242
729 29 242
724 30 246
722 30 248
726 29 245
725 27 248
723 29 248
719 35 246
710 36 254
704 42 254
695 48 257
687 49 264
673 57 270
667 56 277
664 52 284
659 53 288
656 55 289
648 56 296
642 54 304
638 53 309
643 53 304
643 47 310
642 43 315
635 45 320
635 41 324
634 40 326
635 38 327
633 39 328
636 35 329
634 36 330
633 39 328
634 37 329
634 34 332
638 37 325
645 31 324
643 34 323
649 32 319
654 30 316
656 29 315
659 25 316
666 26 308
670 24 306
673 25 302
669 24 307
675 22 303
673 25 302
676 22 302
680 20 300
682 19 299
682 21 297
682 23 295
668 36 296
659 45 296
654 45 301
646 50 304
642 51 307
638 51 311
635 50 315
626 54 320
624 50 326
618 49 333
612 51 337
608 58 334
607 55 338
606 57 337
607 52 341
604 51 345
601 55 344
593 63 344
592 61 347
593 58 349
593 55 352
594 57 349
588 57 355
594 52 354
595 48 357
596 45 359
600 44 356
607 41 352
620 36 344
614 39 347
614 38 348
614 35 351
619 31 350
626 31 343
623 37 340
621 31 348
627 35 338
625 34 341
630 31 339
631 30 339
631 30 339
629 33 338
633 30 337
636 31 333
639 31 330
641 33 326
636 35 329
634 39 327
631 43 326
631 46 323
632 51 317
625 59 316
620 62 318
613 64 323
601 74 325
598 73 329
591 78 331
589 74 337
586 67 347
578 67 355
577 65 358
579 59 362
573 68 359
563 73 364
558 70 372
554 68 378
549 61 390
550 54 396
555 49 396
553 50 397
553 51 396
555 51 394
551 50 399
553 44 403
550 41 409
552 38 410
555 32 413
562 28 410
568 28 404
566 27 407
567 27 406
572 26 402
576 21 403
579 23 398
585 21 394
589 18 393
584 22 394
586 21 393
586 21 393
587 25 388
589 27 384
588 31 381
589 32 379
590 31 379
593 30 377
600 32 368
602 34 364
595 41 364
595 44 361
600 35 365
592 37 371
593 37 370
586 38 376
585 42 373
584 40 376
580 39 381
577 45 378
574 52 374
575 47 378
572 44 384
576 40 384
576 36 388
582 32 386
584 31 385
588 29 383
594 24 382
598 20 382
601 21 378
605 16 379
607 17 376
611 13 376
615 14 371
619 12 369
631 8 361
637 7 356
642 8 350
644 7 349
644 8 348
653 8 339
656 12 332
659 14 327
665 14 321
663 13 324
673 9 318
682 8 310
684 11 305
689 9 302
692 7 301
699 7 294
699 8 293
699 12 289
701 10 289
702 13 285
706 10 284
711 12 277
714 13 273
715 14 271
714 19 267
712 23 265
701 30 269
698 36 266
682 51 267
679 50 271
675 53 272
671 51 278
670 41 289
671 43 286
670 42 288
668 35 297
663 37 300
663 38 299
663 33 304
664 32 304
663 29 308
668 28 304
671 29 300
669 33 298
676 26 298
678 26 296
685 26 289
691 24 285
692 24 284
689 25 286
684 33 283
684 32 284
686 24 290
685 23 292
684 20 296
687 19 294
691 17 292
697 18 285
696 22 282
689 29 282
687 28 285
685 29 286
677 38 285
673 41 286
672 32 296
666 39 295
659 43 298
657 41 302
655 47 298
654 43 303
652 45 303
642 49 309
638 44 318
637 48 315
634 50 316
633 44 323
