995 5 0
993 5 2
992 6 2
991 6 3
989 8 3
988 8 4
988 6 6
986 6 8
983 9 8
979 10 11
973 13 14
968 15 17
960 22 18
948 33 19
936 39 25
920 49 31
899 60 41
873 74 53
859 79 62
842 84 74
823 89 88
799 97 104
787 100 113
770 100 130
751 107 142
735 109 156
726 108 166
708 104 188
690 115 195
677 111 212
665 115 220
646 114 240
627 123 250
618 112 270
603 114 283
586 116 298
575 116 309
566 113 321
561 100 339
561 93 346
560 95 345
547 95 358
534 93 373
524 98 378
525 88 387
526 82 392
526 70 404
530 64 406
530 66 404
527 64 409
538 58 404
542 53 405
546 49 405
543 51 406
551 48 401
556 45 399
556 41 403
560 39 401
565 38 397
570 37 393
569 37 394
575 35 390
574 38 388
577 30 393
581 30 389
583 28 389
589 25 386
595 25 380
596 24 380
604 19 377
613 16 371
623 16 361
622 16 362
623 17 360
634 19 347
634 19 347
635 21 344
639 21 340
638 23 339
643 19 338
645 20 335
649 24 327
654 22 324
659 25 316
662 25 313
667 22 311
670 25 305
675 24 301
673 26 301
669 29 302
667 32 301
667 34 299
662 37 301
661 37 302
662 38 300
655 37 308
657 34 309
659 37 304
662 32 306
660 31 309
657 34 309
661 30 309
660 28 312
664 22 314
672 24 304
673 23 304
674 24 302
679 21 300
681 20 299
688 16 296
688 17 295
694 14 292
695 14 291
698 14 288
699 16 285
698 22 280
701 22 277
709 19 272
709 18 273
715 18 267
718 19 263
717 20 263
713 27 260
702 36 262
690 43 267
684 49 267
674 54 272
670 52 278
662 52 286
659 51 290
654 56 290
651 54 295
652 51 297
646 54 300
644 56 300
637 56 307
638 46 316
638 46 316
641 41 318
644 35 321
643 37 320
644 32 324
653 30 317
654 29 317
651 23 326
659 19 322
663 16 321
663 17 320
665 20 315
663 25 312
661 28 311
660 33 307
661 35 304
659 35 306
662 37 301
659 36 305
661 32 307
663 33 304
662 36 302
659 36 305
652 35 313
655 29 316
658 26 316
656 25 319
662 22 316
663 25 312
669 19 312
668 20 312
669 18 313
673 19 308
678 16 306
683 14 303
683 16 301
685 17 298
688 18 294
679 24 297
677 26 297
677 30 293
679 27 294
680 25 295
674 27 299
681 26 293
678 27 295
691 26 283
693 21 286
696 20 284
698 18 284
702 16 282
705 17 278
702 19 279
701 20 279
699 28 273
698 32 270
691 35 274
690 32 278
696 27 277
699 27 274
697 31 272
699 32 269
705 30 265
708 27 265
709 26 265
707 23 270
712 25 263
716 23 261
722 23 255
724 22 254
726 20 254
725 23 252
728 22 250
732 20 248
722 31 247
716 34 250
711 39 250
702 48 250
699 46 255
683 59 258
662 74 264
643 84 273
633 84 283
625 76 299
618 75 307
603 87 310
596 89 315
579 97 324
581 88 331
580 86 334
570 87 343
568 77 355
564 73 363
554 73 373
553 74 373
550 75 375
547 69 384
553 70 377
556 67 377
553 68 379
550 60 390
548 48 404
551 48 401
549 53 398
546 56 398
546 55 399
540 51 409
533 59 408
524 61 415
527 62 411
531 59 410
534 56 410
536 52 412
539 52 409
542 50 408
540 54 406
541 53 406
543 50 407
544 46 410
548 45 407
556 39 405
561 38 401
566 37 397
567 40 393
572 35 393
577 31 392
569 38 393
570 34 396
578 29 393
573 31 396
574 32 394
569 44 387
562 43 395
566 41 393
561 47 392
557 44 399
555 39 406
556 42 402
562 40 398
568 39 393
570 34 396
571 31 398
573 28 399
574 27 399
576 25 399
579 20 401
580 19 401
579 20 401
588 18 394
592 17 391
599 15 386
601 19 380
606 20 374
609 19 372
613 19 368
614 18 368
618 18 364
620 20 360
621 23 356
626 21 353
626 21 353
624 24 352
624 24 352
629 23 348
631 22 347
635 25 340
636 28 336
632 31 337
640 25 335
638 28 334
638 30 332
633 34 333
634 34 332
634 31 335
632 33 335
633 36 331
634 35 331
633 34 333
630 35 335
625 37 338
628 39 333
635 40 325
632 38 330
635 37 328
624 38 338
626 39 335
629 41 330
627 41 332
629 45 326
627 43 330
627 44 329
628 42 330
628 40 332
630 41 329
628 41 331
625 44 331
627 38 335
630 32 338
627 32 341
620 38 342
618 41 341
606 53 341
597 57 346
593 62 345
583 58 359
591 56 353
592 50 358
587 54 359
583 56 361
575 60 365
567 56 377
569 47 384
576 42 382
578 39 383
580 38 382
577 40 383
583 39 378
583 36 381
589 30 381
591 25 384
594 21 385
599 18 383
601 20 379
609 19 372
612 24 364
608 30 362
610 30 360
607 26 367
604 29 367
607 27 366
606 29 365
610 24 366
611 26 363
618 28 354
625 25 350
626 27 347
629 26 345
630 26 344
630 25 345
632 29 339
632 27 341
637 24 339
646 23 331
650 22 328
652 19 329
656 15 329
655 19 326
658 18 324
663 16 321
659 20 321
661 21 318
667 20 313
671 24 305
665 33 302
665 35 300
667 38 295
668 39 293
665 38 297
666 34 300
658 37 305
658 38 304
655 37 308
655 36 309
654 36 310
652 31 317
655 27 318
658 23 319
655 29 316
657 30 313
652 32 316
650 38 312
644 45 311
643 42 315
640 42 318
640 40 320
638 42 320
640 40 320
644 38 318
651 31 318
653 30 317
651 32 317
646 32 322
645 34 321
649 31 320
648 35 317
654 34 312
658 33 309
654 40 306
658 34 308
665 28 307
669 28 303
665 31 304
661 32 307
661 26 313
660 22 318
661 21 318
662 22 316
656 32 312
646 43 311
640 40 320
641 43 316
633 48 319
619 57 324
616 57 327
618 54 328
614 48 338
620 48 332
621 46 333
618 48 334
620 43 337
617 46 337
617 44 339
611 45 344
605 50 345
612 43 345
611 45 344
611 41 348
609 37 354
609 37 354
612 29 359
617 27 356
624 28 348
623 25 352
620 30 350
617 31 352
622 30 348
618 32 350
624 29 347
632 26 342
632 25 343
633 27 340
633 24 343
637 23 340
640 20 340
647 17 336
648 22 330
651 21 328
651 25 324
651 22 327
660 21 319
662 19 319
661 20 319
659 22 319
662 23 315
661 28 311
658 31 311
654 34 312
648 40 312
651 38 311
653 34 313
654 36 310
652 38 310
657 33 310
654 32 314
650 36 314
640 40 320
637 44 319
636 44 320
635 47 318
626 46 328
623 41 336
623 38 339
623 42 335
617 44 339
616 42 342
614 40 346
614 46 340
610 44 346
608 39 353
613 32 355
613 33 354
619 26 355
616 30 354
616 27 357
616 29 355
620 30 350
624 31 345
624 37 339
627 39 334
625 34 341
625 34 341
625 25 350
629 22 349
631 21 348
634 21 345
632 22 346
631 30 339
635 26 339
635 25 340
638 27 335
634 31 335
635 33 332
634 35 331
640 29 331
641 25 334
644 23 333
649 22 329
656 18 326
665 12 323
668 8 324
672 10 318
676 11 313
681 11 308
690 9 301
691 7 302
691 9 300
696 10 294
702 13 285
700 15 285
698 15 287
704 14 282
705 12 283
711 13 276
716 12 272
715 16 269
716 18 266
720 16 264
721 17 262
718 22 260
714 27 259
714 27 259
708 34 258
710 31 259
712 34 254
705 36 259
702 32 266
702 30 268
706 31 263
704 30 266
703 34 263
695 38 267
691 37 272
692 37 271
695 40 265
695 39 266
686 47 267
681 46 273
671 50 279
673 49 278
672 51 277
677 43 280
681 43 276
682 38 280
676 40 284
670 45 285
673 45 282
671 41 288
677 36 287
675 36 289
674 42 284
671 44 285
674 37 289
669 39 292
666 39 295
655 45 300
657 51 292
640 67 293
628 73 299
624 73 303
619 75 306
612 76 312
608 74 318
604 73 323
591 76 333
594 66 340
604 62 334
598 60 342
590 65 345
578 68 354
572 69 359
581 63 356
585 65 350
581 60 359
581 58 361
577 63 360
573 60 367
577 58 365
581 57 362
584 52 364
587 50 363
578 48 374
580 45 375
578 45 377
583 39 378
582 39 379
586 35 379
595 32 373
603 24 373
609 20 371
614 21 365
608 31 361
601 38 361
596 38 366
597 33 370
605 31 364
605 29 366
611 26 363
615 24 361
621 30 349
617 34 349
613 34 353
612 36 352
609 33 358
611 34 355
612 36 352
616 36 348
621 30 349
622 36 342
619 37 344
621 35 344
619 31 350
618 28 354
614 33 353
615 31 354
615 30 355
617 30 353
618 29 353
624 25 351
632 22 346
637 22 341
638 20 342
647 19 334
642 22 336
647 19 334
653 16 331
655 13 332
658 13 329
662 14 324
665 16 319
672 14 314
676 13 311
681 17 302
685 13 302
692 11 297
696 10 294
697 16 287
692 22 286
689 28 283
685 27 288
683 30 287
677 42 281
677 37 286
676 41 283
673 44 283
678 38 284
677 38 285
685 35 280
686 34 280
688 29 283
692 28 280
689 30 281
691 27 282
693 24 283
692 26 282
686 32 282
685 29 286
680 26 294
678 29 293
679 29 292
671 32 297
666 38 296
667 38 295
672 35 293
676 29 295
678 34 288
676 38 286
676 42 282
672 45 283
675 45 280
673 39 288
670 39 291
671 44 285
667 39 294
670 35 295
669 36 295
673 39 288
670 40 290
672 41 287
670 40 290
666 43 291
660 44 296
665 39 296
669 40 291
665 39 296
659 42 299
666 41 293
665 39 296
664 37 299
659 41 300
656 39 305
650 45 305
639 52 309
633 51 316
636 47 317
638 42 320
636 45 319
634 50 316
631 49 320
629 50 321
622 55 323
623 48 329
625 43 332
631 38 331
629 37 334
631 34 335
628 38 334
628 33 339
626 35 339
629 33 338
633 32 335
631 34 335
631 29 340
630 25 345
633 23 344
637 20 343
642 14 344
646 13 341
644 19 337
652 20 328
657 21 322
657 20 323
658 24 318
665 20 315
671 17 312
669 20 311
671 21 308
673 20 307
676 18 306
678 17 305
679 17 304
678 18 304
684 15 301
691 12 297
690 14 296
694 15 291
696 14 290
704 13 283
707 7 286
708 8 284
706 11 283
709 12 279
710 15 275
704 21 275
688 36 276
690 43 267
686 49 265
672 53 275
665 54 281
653 63 284
652 61 287
644 66 290
642 66 292
641 63 296
633 64 303
626 67 307
632 59 309
633 56 311
629 53 318
629 51 320
625 47 328
627 39 334
626 41 333
623 42 335
622 38 340
626 31 343
630 31 339
632 27 341
634 28 338
637 31 332
638 30 332
635 31 334
644 27 329
643 25 332
641 32 327
649 34 317
649 35 316
655 32 313
654 29 317
658 28 314
654 25 321
659 26 315
656 32 312
655 34 311
655 37 308
652 36 312
658 37 305
663 28 309
666 29 305
669 31 300
664 32 304
665 29 306
668 31 301
669 29 302
670 24 306
668 21 311
667 28 305
663 28 309
662 29 309
663 28 309
665 28 307
668 26 306
665 26 309
667 33 300
660 36 304
652 45 303
646 50 304
647 44 309
649 44 307
649 45 306
647 46 307
646 42 312
644 40 316
647 39 314
644 38 318
645 39 316
643 44 313
635 50 315
637 50 313
633 54 313
629 54 317
620 53 327
617 56 327
608 57 335
599 67 334
600 59 341
599 58 343
593 64 343
590 62 348
592 54 354
592 47 361
595 38 367
598 36 366
604 32 364
609 31 360
613 29 358
615 29 356
619 29 352
622 28 350
622 28 350
622 29 349
626 28 346
626 29 345
630 27 343
631 23 346
631 22 347
637 23 340
641 23 336
643 26 331
643 27 330
650 26 324
652 24 324
655 20 325
664 18 318
668 18 314
671 16 313
677 15 308
684 13 303
692 12 296
695 13 292
697 13 290
690 20 290
689 16 295
690 16 294
694 10 296
699 8 293
702 11 287
707 10 283
708 13 279
715 9 276
723 7 270
728 7 265
729 10 261
731 12 257
734 9 257
735 7 258
735 9 256
738 10 252
738 12 250
732 22 246
727 26 247
716 37 247
706 44 250
705 46 249
703 46 251
700 48 252
696 49 255
685 53 262
671 58 271
657 69 274
648 69 283
633 73 294
629 80 291
623 77 300
614 75 311
614 75 311
611 75 314
609 68 323
604 73 323
599 68 333
589 66 345
579 68 353
568 78 354
565 81 354
558 86 356
554 75 371
545 79 376
535 82 383
537 72 391
536 57 407
540 49 411
535 46 419
547 35 418
551 30 419
559 28 413
565 24 411
572 21 407
582 17 401
583 16 401
591 12 397
590 14 396
598 10 392
604 12 384
610 13 377
617 11 372
623 12 365
625 12 363
631 14 355
641 12 347
651 11 338
650 15 335
655 14 331
660 11 329
663 11 326
665 12 323
667 11 322
673 13 314
679 10 311
684 9 307
690 9 301
692 9 299
691 10 299
693 8 299
702 8 290
697 13 290
692 23 285
690 26 284
688 28 284
692 30 278
690 29 281
694 27 279
690 32 278
681 38 281
672 51 277
657 61 282
651 57 292
650 56 294
646 54 300
641 57 302
629 60 311
629 58 313
620 65 315
612 64 324
605 64 331
597 63 340
