462
929
532
482
284
291
724
786
722
993
967
332
203
393
275
70
228
305
544
511
854
846
269
981
139
339
637
493
163
235
995
633
960
61
231
371
435
926
746
123
832
626
713
201
909
483
412
394
377
564
301
873
434
872
319
322
819
51
415
350
807
883
605
206
903
330
681
122
952
659
372
623
905
13
492
990
696
728
948
16
488
421
119
417
227
608
648
278
49
651
501
774
249
798
467
917
867
984
402
966
95
949
918
744
813
595
736
794
516
276
527
578
353
52
183
359
906
321
717
209
936
661
978
950
25
6
506
574
999
117
270
991
825
795
494
738
566
624
792
912
395
229
930
297
314
1
925
162
980
197
355
430
806
919
347
159
383
174
856
107
675
221
239
758
405
155
315
931
800
612
281
127
823
