504
880
453
945
407
523
925
117
431
458
275
656
942
448
346
842
800
549
927
788
839
934
348
829
627
715
334
771
8
34
53
959
51
918
628
292
254
850
396
183
694
385
88
358
775
422
710
398
299
688
782
861
459
891
776
539
408
323
36
364
482
424
790
924
711
828
245
698
538
554
976
584
313
174
552
965
968
477
83
756
591
563
15
335
573
277
370
176
167
748
354
570
615
624
30
855
114
641
472
271
517
980
456
259
696
876
904
32
645
42
598
559
85
673
923
657
345
217
262
130
415
745
76
60
906
129
150
858
366
926
240
841
801
107
987
868
603
886
72
634
720
238
62
59
827
496
110
941
290
425
848
22
243
132
471
847
281
597
561
795
663
488
322
61
865
462
747
723
594
282
489
879
983
