414
203
567
628
619
589
981
906
139
242
585
291
459
329
31
226
762
507
857
702
833
82
126
770
43
301
385
744
710
637
150
571
276
990
653
391
858
294
39
818
238
632
356
669
217
888
22
160
809
256
133
474
292
533
299
388
622
525
527
947
849
790
244
919
659
353
261
994
824
896
538
630
408
61
549
983
735
420
302
335
795
934
365
424
19
674
176
432
265
164
475
661
581
844
198
34
27
394
201
13
574
128
258
917
410
489
110
111
815
652
905
509
724
446
23
920
694
727
719
461
107
916
7
534
519
64
696
250
444
686
127
599
877
729
921
812
109
730
615
831
38
995
436
235
448
208
441
722
593
25
972
692
912
950
523
166
497
880
57
711
985
267
35
147
537
725
478
979
873
536
951
0
104
