281
252
373
257
938
210
177
930
648
157
243
451
313
695
666
856
424
893
375
736
969
465
235
493
205
922
709
851
10
502
400
317
46
136
394
536
290
278
918
54
92
444
604
844
618
82
597
580
94
815
594
670
125
84
187
176
303
481
825
630
18
312
795
507
912
862
76
898
404
722
700
800
8
721
22
882
877
669
663
970
305
178
431
474
848
234
991
587
529
698
858
425
741
483
540
369
83
892
197
114
357
80
155
579
360
57
816
297
2
527
203
201
151
448
226
206
920
398
56
738
258
70
85
342
306
672
808
716
457
322
980
106
74
770
890
237
208
847
838
12
616
810
729
515
16
204
32
822
6
323
3
586
499
661
954
213
961
469
164
746
447
833
335
199
843
319
615
562
137
921
366
830
574
