149
648
963
77
789
813
602
486
232
175
457
915
601
890
758
224
743
360
670
355
403
545
218
479
36
145
198
692
838
219
996
561
759
101
636
760
7
15
13
495
203
817
271
840
292
27
892
361
696
357
32
354
113
105
412
801
776
700
451
126
31
393
790
894
295
691
444
484
958
856
777
974
960
934
28
498
588
769
280
64
926
846
466
150
127
252
110
905
568
49
702
114
826
979
378
741
234
231
269
26
622
868
380
19
59
74
633
680
415
964
23
705
183
159
821
177
994
850
659
329
30
787
67
89
180
469
679
654
482
75
156
264
245
267
62
82
106
548
732
927
552
483
775
547
653
628
600
381
738
808
507
599
233
709
733
676
407
287
755
397
111
137
587
857
612
57
459
353
282
199
167
854
824
