356
438
71
574
168
23
172
858
379
127
54
369
3
77
257
801
756
704
28
290
293
18
527
109
468
928
180
184
211
597
913
50
395
155
828
850
917
295
559
40
161
15
55
383
540
614
659
611
378
981
115
909
360
347
362
45
728
473
224
817
533
340
593
455
571
270
466
243
563
316
342
283
34
92
842
940
37
758
710
44
974
190
298
315
358
476
371
612
78
919
968
126
39
806
151
519
38
311
578
326
399
935
366
135
953
560
892
165
143
977
829
966
742
605
726
156
575
997
836
218
947
603
553
783
80
644
189
765
226
965
469
317
902
276
838
675
36
778
926
703
732
391
198
613
130
695
278
7
512
761
282
323
949
998
414
303
883
333
896
396
158
163
648
824
859
857
361
687
33
262
684
304
936
