856
747
445
204
96
983
466
249
476
515
704
349
584
191
936
234
782
386
731
54
147
5
583
295
138
774
763
828
455
797
129
384
789
669
177
916
321
621
714
328
148
233
566
162
928
554
113
155
79
710
64
868
568
348
47
186
908
91
614
967
690
520
548
802
255
60
541
644
299
488
762
993
484
368
22
953
244
331
309
207
976
922
372
353
354
170
3
805
228
507
529
816
944
938
738
442
988
257
775
80
303
502
999
692
50
489
364
627
392
905
949
307
795
958
180
864
503
619
288
385
431
670
601
672
778
281
830
807
232
36
494
163
41
259
691
766
779
800
18
59
77
404
229
242
7
737
95
910
837
752
819
311
215
224
110
375
969
594
881
341
927
895
258
632
400
585
69
764
378
597
744
900
397
