578
605
932
60
113
980
908
715
922
449
890
425
108
768
983
409
967
682
852
532
92
581
224
228
576
219
231
995
703
324
629
489
368
30
548
73
87
631
959
361
988
737
588
201
54
15
29
886
371
688
553
965
562
916
807
656
844
388
238
496
373
470
390
457
245
524
598
609
874
12
985
66
747
625
270
851
911
921
793
8
850
839
437
329
565
445
366
858
896
80
910
520
206
186
475
382
812
55
606
281
465
652
398
513
722
800
731
434
880
818
942
764
198
171
111
325
589
122
130
994
843
290
594
953
178
127
870
650
141
724
418
751
760
452
75
56
863
558
892
100
16
257
999
862
91
448
369
573
447
315
505
752
792
112
337
342
990
153
802
271
803
883
182
712
784
810
960
269
162
633
919
642
888
