748
950
977
430
972
6
607
123
632
742
395
535
882
795
611
140
437
174
817
434
521
252
83
813
429
860
506
109
51
390
57
169
678
43
494
993
717
912
71
981
428
197
533
564
881
389
283
154
676
290
991
398
48
426
804
706
391
20
739
893
423
110
244
846
72
693
729
7
173
677
652
543
277
848
995
159
791
730
207
496
158
242
902
915
77
822
493
704
266
953
656
982
18
292
46
253
139
984
10
927
575
475
975
346
686
421
604
670
477
907
427
515
176
235
527
351
61
833
598
976
576
888
705
532
332
186
483
117
875
157
34
453
618
625
381
650
722
336
486
45
452
587
586
105
626
321
682
267
487
799
136
407
508
710
315
234
926
441
377
844
702
859
74
241
171
50
752
1
302
27
435
33
661
