688
526
726
274
330
356
406
537
878
856
306
609
848
744
866
410
222
108
701
183
608
202
248
463
699
42
562
485
272
552
252
367
918
316
324
1
20
741
240
115
899
890
977
707
929
700
935
950
917
995
297
354
760
246
309
678
767
291
625
312
928
86
635
289
508
540
911
972
417
13
112
133
864
985
461
40
376
488
472
816
729
344
286
318
151
914
795
622
314
164
189
713
942
577
39
521
696
139
51
66
454
165
892
198
727
676
172
29
769
468
500
107
223
731
522
414
843
482
350
387
411
338
77
496
234
913
214
65
661
176
319
492
423
775
558
426
909
25
748
548
271
105
705
212
669
449
504
784
260
188
583
292
666
490
659
900
953
636
745
809
801
300
160
827
244
633
455
333
623
660
572
624
980
