1000 0 0
1000 0 0
1000 0 0
1000 0 0
998 2 0
997 3 0
997 3 0
997 3 0
995 4 1
993 6 1
988 9 3
986 6 8
982 9 9
977 13 10
972 16 12
967 18 15
956 25 19
947 32 21
938 36 26
919 51 30
898 65 37
879 73 48
862 79 59
842 91 67
824 93 83
809 98 93
790 100 110
767 103 130
741 118 141
723 121 156
707 118 175
681 134 185
659 138 203
635 149 216
621 147 232
606 141 253
593 138 269
579 142 279
570 143 287
560 136 304
553 125 322
544 123 333
542 111 347
540 99 361
541 91 368
537 90 373
528 93 379
529 95 376
529 82 389
528 74 398
525 68 407
525 63 412
530 58 412
530 60 410
530 53 417
534 44 422
527 50 423
528 51 421
529 42 429
530 44 426
538 43 419
541 40 419
540 39 421
548 37 415
550 36 414
549 41 410
549 39 412
547 39 414
547 35 418
545 36 419
544 39 417
546 37 417
551 36 413
554 39 407
555 34 411
565 25 410
568 22 410
573 21 406
576 21 403
569 28 403
575 23 402
582 21 397
590 20 390
599 23 378
603 23 374
609 22 369
616 18 366
615 20 365
616 18 366
623 17 360
628 18 354
628 21 351
631 23 346
634 23 343
632 28 340
638 27 335
641 30 329
640 26 334
645 25 330
643 24 333
640 26 334
637 28 335
639 29 332
645 27 328
648 24 328
651 21 328
653 18 329
660 18 322
667 17 316
667 19 314
673 17 310
675 12 313
681 13 306
685 15 300
685 15 300
691 16 293
694 15 291
696 17 287
696 14 290
695 16 289
694 21 285
695 18 287
695 21 284
694 19 287
702 17 281
706 15 279
705 16 279
706 15 279
709 15 276
709 14 277
708 14 278
700 23 277
699 25 276
701 22 277
709 24 267
710 25 265
709 26 265
713 23 264
709 26 265
712 26 262
714 25 261
719 26 255
718 27 255
717 28 255
723 30 247
721 30 249
721 32 247
723 32 245
724 34 242
723 36 241
721 40 239
715 41 244
710 37 253
712 35 253
704 37 259
703 42 255
700 42 258
696 41 263
691 39 270
687 35 278
689 31 280
683 38 279
675 44 281
677 42 281
671 50 279
669 51 280
669 49 282
665 49 286
662 45 293
658 49 293
649 51 300
646 54 300
639 61 300
636 55 309
636 50 314
630 53 317
629 54 317
632 48 320
633 43 324
637 41 322
633 38 329
632 35 333
637 31 332
639 28 333
640 29 331
644 27 329
652 23 325
655 24 321
657 27 316
662 24 314
671 24 305
670 22 308
675 15 310
674 17 309
677 17 306
683 15 302
689 16 295
691 13 296
693 12 295
697 13 290
703 14 283
697 20 283
697 24 279
694 25 281
695 28 277
693 29 278
692 25 283
693 25 282
699 24 277
701 25 274
702 26 272
700 29 271
700 27 273
702 27 271
705 25 270
704 26 270
708 23 269
709 18 273
716 14 270
720 15 265
724 18 258
732 17 251
731 23 246
734 23 243
733 21 246
733 22 245
733 22 245
735 22 243
736 22 242
735 22 243
734 23 243
737 25 238
734 27 239
736 26 238
741 24 235
742 23 235
742 27 231
740 30 230
737 32 231
732 35 233
731 36 233
729 35 236
725 37 238
720 43 237
722 42 236
718 45 237
715 44 241
715 42 243
716 45 239
710 45 245
702 51 247
700 50 250
695 46 259
685 54 261
689 50 261
692 42 266
692 40 268
690 39 271
691 37 272
693 34 273
689 39 272
688 40 272
686 38 276
686 28 286
692 30 278
694 27 279
691 29 280
692 29 279
697 23 280
700 24 276
693 31 276
693 32 275
694 31 275
690 30 280
689 27 284
693 26 281
694 28 278
702 26 272
700 26 274
698 28 274
702 27 271
708 23 269
716 20 264
714 20 266
712 19 269
711 19 270
712 18 270
712 21 267
713 17 270
718 17 265
718 15 267
717 14 269
727 11 262
729 12 259
731 9 260
736 10 254
741 10 249
744 9 247
751 9 240
752 10 238
750 11 239
751 10 239
752 9 239
752 10 238
759 9 232
761 10 229
759 14 227
761 14 225
759 17 224
755 16 229
759 16 225
757 19 224
757 19 224
756 20 224
758 18 224
759 17 224
760 15 225
761 15 224
757 19 224
760 19 221
762 17 221
759 17 224
761 13 226
761 14 225
761 16 223
761 19 220
758 24 218
757 25 218
754 23 223
750 27 223
747 27 226
746 26 228
744 27 229
742 26 232
741 27 232
744 24 232
744 23 233
741 26 233
741 25 234
743 24 233
740 24 236
739 22 239
735 31 234
737 30 233
730 29 241
728 27 245
730 23 247
725 27 248
724 28 248
724 30 246
719 29 252
719 27 254
716 33 251
711 34 255
711 32 257
705 39 256
700 35 265
694 36 270
696 35 269
694 34 272
692 38 270
695 40 265
705 37 258
700 35 265
702 33 265
694 37 269
696 32 272
697 26 277
696 27 277
699 30 271
697 27 276
696 29 275
695 28 277
693 31 276
688 34 278
687 35 278
683 35 282
681 34 285
679 35 286
677 36 287
679 41 280
672 44 284
665 52 283
660 55 285
659 51 290
650 52 298
649 55 296
648 51 301
644 52 304
647 53 300
645 53 302
652 49 299
645 48 307
642 50 308
638 52 310
640 46 314
641 47 312
639 49 312
637 45 318
633 46 321
628 46 326
622 48 330
626 42 332
630 30 340
636 31 333
641 34 325
641 34 325
642 39 319
638 43 319
634 41 325
636 38 326
646 35 319
649 30 321
654 31 315
659 23 318
663 19 318
660 22 318
665 22 313
666 22 312
668 25 307
667 23 310
668 20 312
667 18 315
669 15 316
669 18 313
675 20 305
678 18 304
682 13 305
685 12 303
691 10 299
697 13 290
702 13 285
708 13 279
713 13 274
718 13 269
725 9 266
729 11 260
731 12 257
733 14 253
736 12 252
737 14 249
740 13 247
746 12 242
749 13 238
752 15 233
754 13 233
757 11 232
760 13 227
762 13 225
766 14 220
767 16 217
768 16 216
765 20 215
764 21 215
762 23 215
765 21 214
760 26 214
758 23 219
754 29 217
752 34 214
755 36 209
752 36 212
750 39 211
747 40 213
745 34 221
742 36 222
739 40 221
735 37 228
732 34 234
731 39 230
733 38 229
732 37 231
727 37 236
717 42 241
710 46 244
698 50 252
697 42 261
695 47 258
687 53 260
684 55 261
681 51 268
671 50 279
675 47 278
675 36 289
672 35 293
672 31 297
672 36 292
672 35 293
679 35 286
675 34 291
669 38 293
666 38 296
663 40 297
661 39 300
656 44 300
657 43 300
661 41 298
660 37 303
665 31 304
667 30 303
671 28 301
669 27 304
668 24 308
664 26 310
665 26 309
665 25 310
661 31 308
669 30 301
663 37 300
657 40 303
659 43 298
658 40 302
652 45 303
649 40 311
647 40 313
633 52 315
628 58 314
625 58 317
618 60 322
606 62 332
598 70 332
588 69 343
586 65 349
586 62 352
576 66 358
570 66 364
572 63 365
570 62 368
570 63 367
569 59 372
567 60 373
569 60 371
566 61 373
567 61 372
563 60 377
563 62 375
546 74 380
545 66 389
541 62 397
541 60 399
549 53 398
552 48 400
562 44 394
558 44 398
558 40 402
558 43 399
558 38 404
560 35 405
560 37 403
562 38 400
569 35 396
565 38 397
565 34 401
570 28 402
577 25 398
577 30 393
574 33 393
578 29 393
578 30 392
586 29 385
594 27 379
595 26 379
601 19 380
606 19 375
610 20 370
610 23 367
607 23 370
612 23 365
613 25 362
610 26 364
614 19 367
614 26 360
616 24 360
621 22 357
627 21 352
625 19 356
628 20 352
631 22 347
631 24 345
633 26 341
637 25 338
640 25 335
644 25 331
643 27 330
648 25 327
650 21 329
655 18 327
653 21 326
650 27 323
647 29 324
648 30 322
649 33 318
645 38 317
645 35 320
646 31 323
643 33 324
643 32 325
643 31 326
644 38 318
647 38 315
647 39 314
646 40 314
649 31 320
645 30 325
654 31 315
655 32 313
658 30 312
659 31 310
661 30 309
655 30 315
652 30 318
654 28 318
655 29 316
660 26 314
660 28 312
660 26 314
664 26 310
667 23 310
668 24 308
675 23 302
679 20 301
683 19 298
684 17 299
689 12 299
693 9 298
701 9 290
705 10 285
708 11 281
712 11 277
716 10 274
720 11 269
722 10 268
723 11 266
728 10 262
731 11 258
731 7 262
732 9 259
733 9 258
742 8 250
744 7 249
747 9 244
746 8 246
753 8 239
755 8 237
756 8 236
760 9 231
762 7 231
764 8 228
766 6 228
771 6 223
771 7 222
776 9 215
782 9 209
783 10 207
787 10 203
792 10 198
794 8 198
793 10 197
796 10 194
799 8 193
802 7 191
805 5 190
808 3 189
809 5 186
813 5 182
816 4 180
817 6 177
819 6 175
821 7 172
820 8 172
822 10 168
823 11 166
825 10 165
826 11 163
825 13 162
824 14 162
820 12 168
825 10 165
830 10 160
829 12 159
827 10 163
829 11 160
825 18 157
822 20 158
820 21 159
814 21 165
815 24 161
805 36 159
800 39 161
799 35 166
795 36 169
791 41 168
786 39 175
787 38 175
784 41 175
781 43 176
783 43 174
780 39 181
776 39 185
771 42 187
765 44 191
761 41 198
752 45 203
747 47 206
746 43 211
739 48 213
734 46 220
726 56 218
721 55 224
720 54 226
715 56 229
710 57 233
706 53 241
700 57 243
697 52 251
688 53 259
686 49 265
690 43 267
686 41 273
684 39 277
686 38 276
681 41 278
677 42 281
672 42 286
666 45 289
667 37 296
665 30 305
668 26 306
666 27 307
667 30 303
669 31 300
670 31 299
672 31 297
671 28 301
671 31 298
669 35 296
668 41 291
669 39 292
660 47 293
661 46 293
654 49 297
648 55 297
642 55 303
637 53 310
644 40 316
636 48 316
633 45 322
625 52 323
624 50 326
629 48 323
628 43 329
628 44 328
629 40 331
632 38 330
633 39 328
634 35 331
636 31 333
635 35 330
634 32 334
633 32 335
636 27 337
627 32 341
626 36 338
631 34 335
630 33 337
635 32 333
638 32 330
636 29 335
644 27 329
647 26 327
653 28 319
654 32 314
657 28 315
659 31 310
663 28 309
667 31 302
665 33 302
668 31 301
669 33 298
669 31 300
670 31 299
663 36 301
662 39 299
660 42 298
655 41 304
651 40 309
650 39 311
646 38 316
640 41 319
645 36 319
647 37 316
647 37 316
644 36 320
645 32 323
643 35 322
642 35 323
646 32 322
647 30 323
645 30 325
649 28 323
654 24 322
660 24 316
661 23 316
664 25 311
672 26 302
673 26 301
671 28 301
672 29 299
673 31 296
673 32 295
671 32 297
672 35 293
670 36 294
667 38 295
666 41 293
658 49 293
657 50 293
654 51 295
648 50 302
643 44 313
646 42 312
648 44 308
650 41 309
649 40 311
650 36 314
648 38 314
651 38 311
645 45 310
647 45 308
641 52 307
636 53 311
635 51 314
638 46 316
632 47 321
625 55 320
625 49 326
625 51 324
624 48 328
628 48 324
628 51 321
636 43 321
629 46 325
626 41 333
630 38 332
630 40 330
628 38 334
629 38 333
635 36 329
633 35 332
634 35 331
637 29 334
640 27 333
643 23 334
646 23 331
650 25 325
654 20 326
663 18 319
667 18 315
675 18 307
672 17 311
664 21 315
662 22 316
667 20 313
671 18 311
675 17 308
677 19 304
682 19 299
684 18 298
683 19 298
682 19 299
681 24 295
680 24 296
680 27 293
682 24 294
685 24 291
683 26 291
682 31 287
680 34 286
683 30 287
685 29 286
678 35 287
667 41 292
666 39 295
656 42 302
653 40 307
655 36 309
656 32 312
651 36 313
654 34 312
654 35 311
657 37 306
651 43 306
655 39 306
652 43 305
647 46 307
653 39 308
651 38 311
646 41 313
643 42 315
644 34 322
641 34 325
638 37 325
637 34 329
629 35 336
626 35 339
623 39 338
621 40 339
613 42 345
610 48 342
608 46 346
601 52 347
605 47 348
605 51 344
607 47 346
602 49 349
601 54 345
604 53 343
604 41 355
604 42 354
599 46 355
602 44 354
605 42 353
606 44 350
612 40 348
611 42 347
610 46 344
609 43 348
611 42 347
612 39 349
612 44 344
606 47 347
600 46 354
605 45 350
607 40 353
609 42 349
615 41 344
615 43 342
617 41 342
615 37 348
614 36 350
615 35 350
617 36 347
622 34 344
619 35 346
619 36 345
615 41 344
612 43 345
609 46 345
608 41 351
611 41 348
614 42 344
614 40 346
614 37 349
612 38 350
612 34 354
612 35 353
614 29 357
622 24 354
628 20 352
633 19 348
636 18 346
640 19 341
637 20 343
645 19 336
646 21 333
651 18 331
655 18 327
659 19 322
662 19 319
661 15 324
664 20 316
665 22 313
669 20 311
675 19 306
673 17 310
675 18 307
674 24 302
676 24 300
679 25 296
679 27 294
678 27 295
674 31 295
672 35 293
671 32 297
667 33 300
665 34 301
666 32 302
661 39 300
663 35 302
663 37 300
659 39 302
656 41 303
657 44 299
662 39 299
657 41 302
657 32 311
656 29 315
657 28 315
658 24 318
663 25 312
662 25 313
