1000 0 0
998 1 1
996 3 1
993 6 1
989 6 5
987 8 5
984 9 7
980 10 10
978 9 13
972 9 19
970 10 20
965 11 24
962 16 22
956 21 23
942 32 26
931 36 33
918 43 39
903 53 44
883 65 52
868 67 65
848 77 75
831 83 86
814 88 98
792 103 105
776 111 113
761 111 128
745 105 150
724 110 166
706 108 186
691 108 201
675 115 210
651 131 218
635 126 239
620 120 260
607 117 276
595 108 297
588 113 299
577 105 318
566 111 323
550 109 341
545 106 349
539 104 357
533 98 369
525 99 376
526 86 388
528 80 392
523 79 398
527 79 394
523 81 396
516 79 405
513 70 417
516 63 421
514 69 417
516 63 421
515 67 418
518 72 410
524 55 421
528 54 418
527 58 415
533 50 417
531 47 422
534 46 420
539 46 415
540 41 419
540 41 419
545 41 414
546 45 409
554 41 405
553 35 412
559 30 411
562 26 412
568 27 405
568 29 403
575 29 396
581 33 386
581 30 389
590 26 384
594 22 384
599 24 377
607 24 369
616 22 362
619 23 358
625 23 352
627 25 348
628 23 349
629 22 349
631 23 346
635 22 343
638 19 343
640 20 340
643 19 338
643 19 338
643 18 339
646 12 342
651 12 337
653 11 336
657 11 332
658 14 328
657 17 326
658 15 327
666 14 320
668 18 314
669 16 315
666 17 317
669 16 315
673 16 311
678 15 307
682 16 302
683 13 304
684 13 303
687 15 298
686 19 295
692 18 290
692 20 288
692 21 287
697 21 282
702 16 282
706 16 278
706 17 277
711 17 272
712 19 269
711 22 267
712 23 265
715 18 267
717 15 268
718 16 266
721 16 263
723 16 261
727 13 260
727 16 257
728 17 255
733 16 251
735 15 250
737 14 249
735 14 251
740 12 248
742 17 241
747 16 237
750 17 233
755 14 231
757 15 228
760 17 223
762 17 221
760 15 225
762 19 219
768 17 215
768 24 208
767 24 209
760 30 210
760 26 214
755 29 216
753 29 218
751 30 219
753 28 219
750 27 223
752 24 224
753 23 224
751 26 223
752 26 222
752 28 220
756 30 214
750 35 215
749 34 217
744 31 225
745 32 223
739 37 224
744 30 226
743 26 231
742 27 231
742 28 230
743 27 230
745 26 229
742 23 235
747 19 234
751 18 231
750 19 231
751 17 232
754 15 231
760 14 226
761 14 225
759 16 225
758 14 228
760 9 231
767 9 224
771 7 222
772 9 219
772 10 218
777 13 210
781 13 206
783 13 204
783 14 203
784 13 203
784 15 201
779 18 203
780 17 203
779 15 206
779 17 204
776 20 204
779 18 203
779 21 200
777 21 202
777 19 204
778 22 200
777 23 200
780 22 198
780 23 197
776 26 198
771 28 201
773 30 197
767 26 207
766 25 209
762 27 211
755 33 212
757 34 209
753 37 210
744 40 216
736 44 220
729 50 221
724 54 222
720 58 222
713 62 225
708 65 227
700 57 243
697 60 243
694 62 244
689 61 250
685 60 255
684 58 258
680 57 263
680 57 263
679 53 268
675 51 274
674 49 277
672 49 279
664 50 286
658 50 292
664 48 288
660 47 293
651 50 299
651 45 304
652 44 304
652 41 307
648 47 305
651 43 306
651 43 306
654 43 303
655 44 301
651 42 307
647 43 310
645 44 311
647 37 316
644 36 320
648 32 320
650 33 317
654 27 319
659 28 313
661 30 309
662 27 311
661 36 303
660 39 301
656 43 301
658 41 301
651 44 305
646 40 314
651 35 314
654 35 311
655 34 311
659 31 310
660 28 312
665 29 306
670 30 300
664 34 302
666 33 301
664 34 302
665 29 306
672 28 300
675 28 297
674 27 299
674 28 298
671 30 299
669 31 300
669 28 303
669 27 304
672 23 305
674 25 301
678 21 301
680 23 297
681 22 297
682 21 297
681 25 294
683 25 292
683 24 293
685 22 293
687 22 291
688 21 291
684 25 291
685 26 289
688 27 285
687 26 287
691 26 283
694 24 282
692 25 283
694 24 282
693 23 284
691 22 287
689 27 284
692 26 282
693 23 284
692 26 282
695 21 284
688 29 283
687 30 283
687 30 283
686 26 288
690 24 286
689 26 285
691 27 282
693 25 282
697 26 277
695 24 281
704 20 276
704 20 276
702 27 271
701 31 268
699 32 269
694 34 272
693 34 273
691 36 273
691 33 276
688 38 274
687 40 273
687 36 277
684 41 275
688 35 277
680 38 282
675 41 284
676 34 290
675 31 294
677 28 295
670 34 296
674 30 296
670 37 293
670 32 298
673 35 292
673 32 295
675 33 292
680 33 287
684 30 286
689 29 282
688 29 283
687 31 282
689 29 282
688 33 279
688 34 278
689 31 280
684 38 278
683 34 283
684 34 282
683 35 282
683 39 278
688 32 280
685 29 286
678 35 287
679 31 290
677 32 291
679 32 289
677 30 293
675 31 294
675 33 292
678 35 287
673 40 287
664 42 294
666 42 292
659 44 297
657 41 302
654 36 310
652 40 308
640 48 312
641 44 315
644 44 312
640 49 311
644 47 309
643 50 307
633 55 312
630 54 316
634 50 316
629 57 314
634 51 315
634 46 320
630 44 326
632 40 328
639 37 324
640 34 326
640 34 326
641 32 327
644 29 327
648 31 321
646 32 322
647 34 319
651 29 320
644 33 323
643 40 317
639 43 318
644 39 317
645 45 310
647 39 314
647 36 317
648 33 319
648 35 317
650 38 312
648 39 313
645 40 315
647 37 316
645 35 320
643 37 320
644 37 319
645 36 319
649 31 320
651 32 317
654 30 316
660 28 312
660 29 311
662 29 309
659 30 311
661 31 308
660 34 306
657 32 311
664 32 304
665 30 305
667 30 303
665 31 304
668 27 305
675 27 298
676 29 295
675 30 295
676 27 297
674 30 296
674 33 293
677 36 287
677 36 287
676 34 290
673 40 287
677 32 291
679 32 289
677 33 290
677 34 289
671 35 294
668 31 301
669 28 303
672 28 300
673 28 299
679 24 297
682 21 297
684 22 294
690 20 290
690 19 291
693 18 289
696 16 288
702 15 283
702 16 282
710 12 278
711 14 275
711 8 281
716 10 274
717 10 273
716 11 273
722 9 269
723 9 268
730 9 261
731 7 262
735 5 260
736 6 258
745 6 249
744 10 246
743 11 246
747 10 243
748 11 241
750 11 239
750 14 236
751 14 235
752 11 237
758 8 234
756 14 230
757 15 228
754 16 230
758 14 228
758 14 228
762 14 224
758 15 227
758 16 226
758 18 224
758 20 222
758 22 220
756 21 223
752 26 222
748 32 220
752 30 218
753 30 217
754 25 221
753 24 223
748 30 222
740 34 226
742 39 219
738 41 221
739 33 228
734 33 233
740 29 231
740 25 235
736 28 236
733 29 238
730 30 240
727 30 243
719 35 246
712 34 254
708 35 257
707 30 263
699 40 261
694 36 270
691 38 271
684 39 277
683 44 273
680 40 280
678 40 282
677 45 278
673 44 283
665 53 282
667 52 281
665 56 279
659 58 283
655 58 287
654 56 290
652 51 297
661 45 294
662 45 293
659 45 296
658 42 300
657 39 304
657 40 303
661 41 298
660 43 297
652 42 306
650 39 311
645 41 314
648 37 315
646 30 324
652 26 322
656 22 322
660 20 320
661 14 325
665 12 323
667 12 321
669 13 318
674 12 314
676 10 314
677 13 310
674 14 312
679 14 307
680 19 301
681 17 302
683 20 297
685 19 296
689 17 294
690 18 292
689 20 291
690 17 293
691 17 292
688 19 293
691 15 294
695 16 289
698 17 285
700 16 284
698 20 282
701 20 279
703 23 274
702 20 278
704 19 277
706 18 276
701 21 278
699 26 275
702 27 271
700 26 274
702 23 275
709 24 267
707 26 267
708 22 270
711 22 267
712 24 264
713 27 260
715 28 257
714 30 256
713 29 258
714 28 258
720 28 252
718 30 252
712 35 253
708 37 255
709 33 258
708 35 257
702 33 265
701 33 266
700 30 270
698 35 267
699 27 274
701 27 272
706 20 274
707 21 272
703 21 276
706 21 273
707 25 268
708 27 265
708 26 266
711 24 265
709 24 267
710 24 266
707 30 263
700 31 269
701 30 269
701 32 267
697 33 270
694 36 270
685 39 276
684 37 279
675 45 280
673 45 282
671 44 285
665 41 294
663 39 298
660 37 303
661 35 304
666 36 298
663 38 299
660 39 301
665 38 297
661 43 296
657 40 303
658 41 301
659 39 302
653 43 304
651 36 313
652 35 313
652 33 315
654 31 315
653 33 314
658 28 314
661 24 315
664 28 308
664 28 308
665 29 306
667 28 305
669 29 302
667 32 301
665 34 301
664 34 302
662 35 303
662 34 304
661 35 304
661 37 302
660 36 304
658 36 306
652 32 316
655 32 313
654 34 312
652 37 311
653 31 316
654 35 311
660 34 306
660 35 305
661 36 303
655 40 305
653 42 305
660 30 310
659 26 315
661 26 313
662 28 310
669 28 303
673 26 301
674 29 297
675 31 294
674 32 294
670 36 294
668 32 300
666 31 303
668 33 299
673 29 298
676 32 292
670 35 295
672 32 296
677 31 292
676 31 293
673 27 300
667 30 303
675 28 297
674 28 298
682 25 293
686 22 292
684 25 291
681 29 290
683 27 290
681 28 291
682 24 294
684 23 293
680 26 294
683 23 294
688 21 291
684 21 295
678 21 301
678 18 304
679 21 300
678 24 298
680 26 294
685 22 293
685 26 289
679 30 291
673 32 295
672 31 297
666 37 297
667 33 300
672 33 295
670 33 297
667 33 300
671 34 295
677 30 293
679 28 293
680 24 296
681 23 296
680 31 289
681 29 290
684 27 289
687 23 290
687 27 286
689 27 284
692 26 282
691 22 287
693 25 282
701 23 276
700 23 277
701 26 273
703 28 269
702 26 272
699 26 275
695 24 281
692 26 282
692 26 282
694 24 282
698 18 284
701 19 280
710 19 271
709 18 273
709 23 268
711 24 265
708 20 272
710 20 270
713 20 267
718 19 263
721 17 262
728 13 259
731 11 258
738 9 253
743 6 251
750 6 244
754 5 241
757 5 238
761 5 234
765 5 230
770 3 227
771 4 225
776 3 221
781 2 217
781 2 217
784 4 212
783 8 209
782 11 207
787 13 200
789 13 198
788 10 202
791 9 200
792 9 199
793 8 199
798 8 194
794 11 195
797 8 195
798 9 193
801 12 187
805 12 183
804 14 182
802 18 180
797 22 181
798 22 180
793 25 182
793 27 180
792 29 179
782 44 174
775 51 174
770 51 179
760 58 182
753 58 189
743 62 195
739 57 204
735 57 208
729 60 211
724 60 216
707 63 230
698 68 234
693 66 241
687 64 249
679 67 254
677 62 261
669 61 270
664 55 281
658 58 284
654 54 292
655 53 292
651 56 293
653 53 294
649 52 299
643 53 304
641 59 300
638 59 303
638 53 309
635 55 310
628 53 319
625 56 319
628 58 314
624 58 318
619 56 325
618 53 329
615 48 337
617 48 335
618 50 332
622 50 328
619 55 326
611 60 329
613 52 335
607 53 340
603 60 337
601 61 338
602 55 343
600 55 345
600 53 347
604 52 344
604 45 351
607 42 351
609 47 344
611 40 349
610 37 353
611 33 356
612 28 360
613 26 361
620 23 357
620 25 355
621 24 355
624 23 353
624 26 350
622 26 352
621 29 350
623 30 347
625 33 342
623 35 342
621 38 341
622 37 341
623 35 342
611 41 348
613 42 345
611 38 351
615 35 350
612 31 357
612 30 358
612 30 358
611 29 360
611 30 359
609 34 357
618 37 345
617 38 345
617 32 351
614 31 355
611 33 356
610 33 357
615 28 357
613 26 361
614 34 352
620 35 345
624 32 344
625 39 336
626 37 337
627 32 341
628 34 338
635 33 332
636 31 333
638 37 325
636 36 328
628 40 332
622 46 332
623 38 339
626 33 341
624 32 344
630 30 340
630 25 345
635 25 340
645 23 332
647 22 331
653 20 327
660 20 320
663 23 314
663 28 309
668 26 306
669 30 301
665 29 306
668 26 306
668 27 305
669 27 304
665 31 304
669 30 301
668 31 301
672 28 300
675 26 299
676 26 298
684 23 293
690 19 291
691 21 288
694 20 286
696 18 286
696 23 281
699 24 277
703 22 275
711 19 270
711 24 265
711 28 261
709 34 257
706 35 259
698 39 263
694 42 264
693 41 266
688 48 264
684 44 272
676 49 275
672 54 274
665 55 280
667 46 287
667 50 283
666 48 286
667 52 281
665 52 283
661 56 283
661 50 289
657 53 290
653 56 291
648 57 295
638 58 304
633 56 311
633 55 312
632 57 311
630 55 315
627 54 319
624 48 328
623 47 330
622 52 326
617 54 329
615 55 330
610 52 338
603 54 343
598 54 348
595 51 354
596 52 352
598 51 351
595 49 356
597 46 357
589 48 363
588 47 365
588 47 365
582 53 365
579 53 368
584 46 370
589 49 362
591 42 367
593 41 366
598 43 359
604 38 358
603 38 359
600 37 363
603 31 366
609 31 360
606 26 368
607 26 367
615 23 362
617 20 363
621 18 361
628 14 358
638 15 347
643 17 340
650 15 335
652 15 333
652 18 330
652 19 329
657 21 322
659 18 323
659 20 321
663 17 320
667 15 318
667 16 317
668 17 315
672 19 309
