995 5 0
994 5 1
993 4 3
988 9 3
982 13 5
974 21 5
967 25 8
956 30 14
941 37 22
923 48 29
910 48 42
895 56 49
877 68 55
857 79 64
839 88 73
813 103 84
792 110 98
768 112 120
752 112 136
727 123 150
708 125 167
685 126 189
672 124 204
655 125 220
642 122 236
637 114 249
633 109 258
621 113 266
614 106 280
607 106 287
604 101 295
596 99 305
581 98 321
578 96 326
576 84 340
572 83 345
567 83 350
564 79 357
553 82 365
546 74 380
546 69 385
550 69 381
547 67 386
539 69 392
544 64 392
543 64 393
540 58 402
545 54 401
546 46 408
552 38 410
560 37 403
558 37 405
553 41 406
559 37 404
563 36 401
566 33 401
566 33 401
566 31 403
572 27 401
574 22 404
571 25 404
581 23 396
581 28 391
576 33 391
575 33 392
579 29 392
574 32 394
569 35 396
566 38 396
566 36 398
559 37 404
558 39 403
559 38 403
558 33 409
558 28 414
558 29 413
561 24 415
564 21 415
566 26 408
574 17 409
575 17 408
578 19 403
582 16 402
586 16 398
591 16 393
593 17 390
598 16 386
601 17 382
608 18 374
614 20 366
617 17 366
620 14 366
622 13 365
632 11 357
636 10 354
641 12 347
639 14 347
641 16 343
645 15 340
648 14 338
656 12 332
653 14 333
644 21 335
631 34 335
633 34 333
631 33 336
628 34 338
629 34 337
634 28 338
633 27 340
637 25 338
641 25 334
643 20 337
648 19 333
658 17 325
661 18 321
663 25 312
665 23 312
669 20 311
669 12 319
675 11 314
682 9 309
686 5 309
687 5 308
688 5 307
692 6 302
700 6 294
706 5 289
713 3 284
718 6 276
720 8 272
723 6 271
725 9 266
726 11 263
728 11 261
729 12 259
729 13 258
733 15 252
736 16 248
740 14 246
744 13 243
748 12 240
751 12 237
752 11 237
757 12 231
760 12 228
760 10 230
763 10 227
766 11 223
768 9 223
771 7 222
774 6 220
778 6 216
782 5 213
789 3 208
794 2 204
793 3 204
797 2 201
800 3 197
803 3 194
803 7 190
802 8 190
800 9 191
803 10 187
800 14 186
804 16 180
807 15 178
806 18 176
806 19 175
805 22 173
804 25 171
807 23 170
808 23 169
807 24 169
803 27 170
802 31 167
801 29 170
802 29 169
804 28 168
802 31 167
800 33 167
792 43 165
790 40 170
785 44 171
768 54 178
757 59 184
745 66 189
724 77 199
700 95 205
682 105 213
674 101 225
660 103 237
647 97 256
632 101 267
627 102 271
617 101 282
618 95 287
616 86 298
614 80 306
606 84 310
601 84 315
599 74 327
595 70 335
588 73 339
580 79 341
576 75 349
568 76 356
561 80 359
558 81 361
550 83 367
552 80 368
547 78 375
541 74 385
542 67 391
540 63 397
541 54 405
540 51 409
537 56 407
537 57 406
534 52 414
533 55 412
533 54 413
531 53 416
528 56 416
531 52 417
530 42 428
537 38 425
541 35 424
539 38 423
536 39 425
533 40 427
538 39 423
540 39 421
542 39 419
539 40 421
544 38 418
547 34 419
547 33 420
551 27 422
558 23 419
568 21 411
573 17 410
580 18 402
584 17 399
584 18 398
588 19 393
589 24 387
589 29 382
588 33 379
587 38 375
582 40 378
574 48 378
574 47 379
570 49 381
568 47 385
568 42 390
574 39 387
575 33 392
580 32 388
579 32 389
581 33 386
585 37 378
581 39 380
584 34 382
582 30 388
587 30 383
584 36 380
583 37 380
583 34 383
582 37 381
586 38 376
587 45 368
588 46 366
588 49 363
586 47 367
579 52 369
569 58 373
566 57 377
555 60 385
554 61 385
556 56 388
549 56 395
540 59 401
541 52 407
537 55 408
530 56 414
533 53 414
532 55 413
534 51 415
538 42 420
542 42 416
549 39 412
553 39 408
559 37 404
561 37 402
557 41 402
558 38 404
566 33 401
570 29 401
570 29 401
570 24 406
575 18 407
576 17 407
575 22 403
575 20 405
582 17 401
583 14 403
588 12 400
589 12 399
592 10 398
599 9 392
607 6 387
614 7 379
618 6 376
623 9 368
627 7 366
629 11 360
632 13 355
642 15 343
648 16 336
649 15 336
651 17 332
657 17 326
663 14 323
666 15 319
667 16 317
668 17 315
667 19 314
670 18 312
668 21 311
665 23 312
663 24 313
654 33 313
651 36 313
645 43 312
652 34 314
648 35 317
644 40 316
643 36 321
641 37 322
644 35 321
648 36 316
652 31 317
655 26 319
657 22 321
662 22 316
662 23 315
669 18 313
675 16 309
676 18 306
679 14 307
682 15 303
683 12 305
688 9 303
692 7 301
693 8 299
695 8 297
697 9 294
700 10 290
705 5 290
709 5 286
715 4 281
719 3 278
723 2 275
733 2 265
733 4 263
739 3 258
740 4 256
743 5 252
747 4 249
750 2 248
754 2 244
759 3 238
759 2 239
760 1 239
766 2 232
768 4 228
770 2 228
771 4 225
773 2 225
778 2 220
780 2 218
788 2 210
790 2 208
792 1 207
796 1 203
800 0 200
802 0 198
809 0 191
813 0 187
816 0 184
817 0 183
817 0 183
822 0 178
826 0 174
828 0 172
834 0 166
835 0 165
838 0 162
843 0 157
845 0 155
848 0 152
849 0 151
854 0 146
857 0 143
858 0 142
862 0 138
865 0 135
868 0 132
868 0 132
870 0 130
873 0 127
875 0 125
877 0 123
877 0 123
878 0 122
881 0 119
883 0 117
884 0 116
887 0 113
890 0 110
892 0 108
893 0 107
894 0 106
895 0 105
897 0 103
899 0 101
899 0 101
902 0 98
903 0 97
903 0 97
903 0 97
905 0 95
907 0 93
909 0 91
909 0 91
912 0 88
913 0 87
914 0 86
917 0 83
919 0 81
920 0 80
921 0 79
924 0 76
924 0 76
924 0 76
926 0 74
926 0 74
926 0 74
927 0 73
927 0 73
927 0 73
931 0 69
932 0 68
933 0 67
934 0 66
934 0 66
934 0 66
935 0 65
935 0 65
936 0 64
937 0 63
940 0 60
940 0 60
941 0 59
943 0 57
944 0 56
945 0 55
945 0 55
947 0 53
950 0 50
952 0 48
952 0 48
953 0 47
953 0 47
957 0 43
958 0 42
958 0 42
959 0 41
960 0 40
960 0 40
960 0 40
960 0 40
960 0 40
960 0 40
960 0 40
961 0 39
962 0 38
964 0 36
964 0 36
965 0 35
965 0 35
965 0 35
966 0 34
966 0 34
966 0 34
966 0 34
967 0 33
967 0 33
967 0 33
968 0 32
969 0 31
970 0 30
970 0 30
970 0 30
973 0 27
973 0 27
973 0 27
973 0 27
974 0 26
974 0 26
976 0 24
976 0 24
976 0 24
977 0 23
977 0 23
978 0 22
978 0 22
978 0 22
978 0 22
978 0 22
978 0 22
978 0 22
979 0 21
979 0 21
979 0 21
979 0 21
979 0 21
979 0 21
980 0 20
980 0 20
980 0 20
980 0 20
980 0 20
980 0 20
981 0 19
981 0 19
981 0 19
981 0 19
981 0 19
981 0 19
981 0 19
983 0 17
983 0 17
983 0 17
984 0 16
984 0 16
984 0 16
984 0 16
984 0 16
984 0 16
984 0 16
985 0 15
985 0 15
985 0 15
985 0 15
985 0 15
986 0 14
986 0 14
986 0 14
986 0 14
986 0 14
986 0 14
986 0 14
986 0 14
986 0 14
986 0 14
986 0 14
986 0 14
986 0 14
986 0 14
987 0 13
988 0 12
988 0 12
988 0 12
988 0 12
988 0 12
988 0 12
989 0 11
989 0 11
989 0 11
989 0 11
989 0 11
989 0 11
989 0 11
989 0 11
989 0 11
990 0 10
991 0 9
991 0 9
991 0 9
991 0 9
991 0 9
991 0 9
991 0 9
991 0 9
991 0 9
992 0 8
992 0 8
992 0 8
992 0 8
992 0 8
992 0 8
992 0 8
992 0 8
993 0 7
993 0 7
993 0 7
994 0 6
994 0 6
994 0 6
994 0 6
995 0 5
995 0 5
995 0 5
995 0 5
995 0 5
995 0 5
995 0 5
995 0 5
995 0 5
995 0 5
995 0 5
995 0 5
995 0 5
995 0 5
996 0 4
996 0 4
996 0 4
996 0 4
996 0 4
996 0 4
996 0 4
996 0 4
996 0 4
996 0 4
996 0 4
996 0 4
996 0 4
996 0 4
996 0 4
996 0 4
997 0 3
997 0 3
997 0 3
997 0 3
997 0 3
997 0 3
997 0 3
997 0 3
997 0 3
997 0 3
997 0 3
997 0 3
997 0 3
997 0 3
997 0 3
997 0 3
997 0 3
997 0 3
997 0 3
997 0 3
997 0 3
997 0 3
997 0 3
997 0 3
997 0 3
997 0 3
997 0 3
997 0 3
997 0 3
997 0 3
997 0 3
997 0 3
997 0 3
997 0 3
997 0 3
997 0 3
997 0 3
997 0 3
997 0 3
997 0 3
997 0 3
997 0 3
997 0 3
997 0 3
997 0 3
997 0 3
997 0 3
997 0 3
997 0 3
997 0 3
997 0 3
997 0 3
997 0 3
997 0 3
997 0 3
997 0 3
997 0 3
997 0 3
998 0 2
998 0 2
998 0 2
998 0 2
998 0 2
998 0 2
998 0 2
998 0 2
998 0 2
998 0 2
998 0 2
998 0 2
998 0 2
998 0 2
998 0 2
998 0 2
998 0 2
999 0 1
999 0 1
999 0 1
999 0 1
999 0 1
999 0 1
999 0 1
999 0 1
999 0 1
999 0 1
999 0 1
999 0 1
999 0 1
999 0 1
999 0 1
1000 0 0
1000 0 0
1000 0 0
1000 0 0
1000 0 0
1000 0 0
1000 0 0
1000 0 0
1000 0 0
1000 0 0
1000 0 0
1000 0 0
1000 0 0
1000 0 0
1000 0 0
1000 0 0
1000 0 0
1000 0 0
1000 0 0
1000 0 0
1000 0 0
1000 0 0
1000 0 0
1000 0 0
1000 0 0
1000 0 0
1000 0 0
1000 0 0
1000 0 0
1000 0 0
1000 0 0
1000 0 0
1000 0 0
1000 0 0
1000 0 0
1000 0 0
1000 0 0
1000 0 0
1000 0 0
1000 0 0
1000 0 0
1000 0 0
1000 0 0
1000 0 0
1000 0 0
1000 0 0
1000 0 0
1000 0 0
1000 0 0
1000 0 0
1000 0 0
1000 0 0
1000 0 0
1000 0 0
1000 0 0
1000 0 0
1000 0 0
1000 0 0
1000 0 0
1000 0 0
1000 0 0
1000 0 0
1000 0 0
1000 0 0
1000 0 0
1000 0 0
1000 0 0
1000 0 0
1000 0 0
1000 0 0
1000 0 0
1000 0 0
1000 0 0
1000 0 0
1000 0 0
1000 0 0
1000 0 0
1000 0 0
1000 0 0
1000 0 0
1000 0 0
1000 0 0
1000 0 0
1000 0 0
1000 0 0
1000 0 0
1000 0 0
1000 0 0
1000 0 0
1000 0 0
1000 0 0
1000 0 0
1000 0 0
1000 0 0
1000 0 0
1000 0 0
1000 0 0
1000 0 0
1000 0 0
1000 0 0
1000 0 0
1000 0 0
1000 0 0
1000 0 0
1000 0 0
1000 0 0
1000 0 0
1000 0 0
1000 0 0
1000 0 0
1000 0 0
1000 0 0
1000 0 0
1000 0 0
1000 0 0
1000 0 0
1000 0 0
1000 0 0
1000 0 0
1000 0 0
1000 0 0
1000 0 0
1000 0 0
1000 0 0
1000 0 0
1000 0 0
1000 0 0
1000 0 0
1000 0 0
1000 0 0
1000 0 0
1000 0 0
1000 0 0
1000 0 0
1000 0 0
1000 0 0
1000 0 0
1000 0 0
1000 0 0
1000 0 0
1000 0 0
1000 0 0
1000 0 0
1000 0 0
1000 0 0
1000 0 0
1000 0 0
1000 0 0
1000 0 0
1000 0 0
1000 0 0
1000 0 0
1000 0 0
1000 0 0
1000 0 0
1000 0 0
1000 0 0
1000 0 0
1000 0 0
1000 0 0
1000 0 0
1000 0 0
1000 0 0
1000 0 0
1000 0 0
1000 0 0
1000 0 0
1000 0 0
1000 0 0
1000 0 0
1000 0 0
1000 0 0
1000 0 0
1000 0 0
1000 0 0
1000 0 0
1000 0 0
1000 0 0
1000 0 0
1000 0 0
1000 0 0
1000 0 0
1000 0 0
1000 0 0
1000 0 0
1000 0 0
1000 0 0
1000 0 0
1000 0 0
1000 0 0
1000 0 0
1000 0 0
1000 0 0
1000 0 0
1000 0 0
1000 0 0
1000 0 0
1000 0 0
1000 0 0
1000 0 0
1000 0 0
1000 0 0
1000 0 0
1000 0 0
1000 0 0
1000 0 0
1000 0 0
1000 0 0
1000 0 0
1000 0 0
1000 0 0
1000 0 0
1000 0 0
1000 0 0
1000 0 0
1000 0 0
1000 0 0
1000 0 0
1000 0 0
1000 0 0
1000 0 0
1000 0 0
1000 0 0
1000 0 0
1000 0 0
1000 0 0
1000 0 0
1000 0 0
1000 0 0
1000 0 0
1000 0 0
1000 0 0
1000 0 0
1000 0 0
1000 0 0
1000 0 0
1000 0 0
1000 0 0
1000 0 0
1000 0 0
1000 0 0
1000 0 0
1000 0 0
1000 0 0
1000 0 0
1000 0 0
1000 0 0
1000 0 0
1000 0 0
1000 0 0
1000 0 0
1000 0 0
1000 0 0
1000 0 0
1000 0 0
1000 0 0
1000 0 0
1000 0 0
1000 0 0
1000 0 0
1000 0 0
1000 0 0
1000 0 0
1000 0 0
1000 0 0
1000 0 0
1000 0 0
1000 0 0
1000 0 0
