1000 0 0
1000 0 0
1000 0 0
1000 0 0
1000 0 0
1000 0 0
1000 0 0
1000 0 0
998 2 0
997 3 0
990 8 2
989 8 3
987 8 5
984 8 8
980 10 10
972 14 14
967 18 15
956 24 20
952 25 23
948 22 30
939 25 36
934 28 38
929 28 43
918 35 47
909 42 49
894 55 51
874 67 59
855 72 73
837 80 83
825 80 95
805 93 102
790 93 117
770 94 136
763 91 146
753 86 161
746 86 168
736 88 176
726 77 197
716 72 212
712 72 216
703 76 221
699 71 230
690 70 240
682 68 250
666 78 256
651 86 263
644 89 267
632 92 276
628 91 281
621 90 289
614 87 299
605 87 308
594 86 320
586 89 325
577 86 337
572 84 344
563 77 360
560 74 366
558 72 370
548 69 383
548 64 388
546 62 392
544 66 390
542 66 392
537 64 399
536 58 406
534 61 405
540 60 400
538 59 403
532 60 408
534 56 410
536 51 413
533 56 411
536 48 416
537 48 415
538 45 417
542 41 417
545 35 420
546 32 422
552 30 418
557 23 420
562 22 416
569 21 410
576 19 405
578 22 400
578 23 399
582 24 394
586 25 389
590 25 385
592 22 386
591 26 383
592 22 386
596 17 387
595 17 388
602 15 383
608 14 378
616 14 370
617 16 367
618 19 363
621 20 359
620 25 355
621 22 357
623 21 356
622 24 354
619 25 356
620 28 352
621 28 351
619 31 350
619 27 354
619 20 361
613 27 360
619 25 356
625 27 348
628 30 342
634 29 337
633 34 333
637 31 332
640 27 333
641 27 332
643 28 329
639 33 328
639 34 327
642 33 325
647 39 314
642 40 318
651 37 312
653 37 310
654 35 311
655 36 309
658 39 303
658 35 307
658 33 309
658 32 310
657 27 316
657 22 321
660 21 319
663 21 316
667 21 312
669 19 312
668 20 312
668 17 315
668 15 317
670 16 314
676 15 309
686 15 299
689 12 299
693 11 296
696 9 295
700 8 292
706 9 285
707 10 283
713 10 277
712 13 275
713 15 272
717 13 270
717 11 272
721 11 268
725 11 264
730 12 258
727 16 257
733 15 252
743 15 242
742 16 242
742 16 242
747 14 239
747 14 239
750 12 238
753 15 232
754 13 233
752 16 232
753 17 230
746 23 231
749 22 229
745 25 230
738 31 231
736 34 230
734 37 229
729 38 233
727 37 236
726 35 239
731 33 236
732 34 234
725 40 235
714 50 236
712 53 235
706 52 242
698 53 249
689 59 252
683 63 254
685 54 261
684 52 264
679 50 271
679 44 277
679 38 283
675 36 289
681 31 288
681 31 288
682 28 290
688 25 287
683 29 288
679 33 288
677 32 291
678 29 293
675 30 295
673 29 298
666 29 305
667 23 310
667 23 310
667 23 310
670 24 306
676 23 301
680 25 295
683 25 292
686 23 291
686 25 289
684 28 288
681 30 289
684 27 289
682 27 291
681 26 293
686 26 288
682 27 291
686 21 293
681 23 296
682 22 296
684 22 294
689 22 289
684 26 290
687 28 285
691 27 282
687 31 282
686 34 280
682 34 284
683 34 283
680 35 285
681 34 285
676 38 286
676 38 286
673 40 287
677 39 284
678 41 281
681 41 278
677 45 278
674 42 284
674 42 284
671 37 292
673 35 292
677 34 289
679 33 288
678 31 291
680 32 288
678 36 286
682 33 285
682 32 286
685 29 286
677 38 285
675 39 286
680 37 283
685 38 277
679 44 277
674 46 280
670 47 283
667 41 292
665 36 299
667 33 300
664 31 305
664 33 303
659 38 303
660 35 305
661 31 308
653 36 311
652 33 315
646 30 324
648 27 325
649 25 326
649 24 327
652 21 327
658 18 324
657 21 322
661 21 318
660 23 317
663 23 314
663 23 314
664 23 313
668 28 304
669 27 304
671 25 304
665 30 305
671 29 300
673 29 298
670 32 298
671 33 296
678 28 294
677 28 295
679 27 294
683 25 292
679 27 294
676 27 297
679 26 295
679 25 296
677 24 299
680 22 298
680 25 295
682 25 293
685 24 291
685 25 290
687 27 286
690 28 282
689 27 284
689 25 286
690 29 281
691 27 282
688 27 285
687 31 282
683 29 288
681 30 289
677 31 292
677 32 291
680 29 291
676 36 288
671 41 288
672 37 291
670 37 293
667 35 298
664 37 299
657 39 304
648 41 311
645 42 313
644 42 314
639 51 310
635 49 316
626 51 323
626 52 322
620 52 328
617 55 328
615 52 333
610 61 329
603 62 335
608 61 331
605 56 339
605 53 342
605 47 348
613 45 342
615 46 339
617 40 343
612 45 343
610 43 347
612 46 342
614 44 342
614 37 349
623 35 342
627 38 335
628 30 342
626 31 343
627 33 340
623 35 342
628 38 334
633 34 333
627 40 333
624 43 333
621 47 332
614 48 338
616 43 341
615 46 339
611 47 342
610 43 347
612 43 345
617 41 342
622 35 343
627 35 338
630 34 336
635 29 336
641 29 330
643 29 328
650 28 322
650 28 322
645 29 326
641 32 327
640 34 326
643 27 330
646 22 332
651 24 325
651 25 324
652 25 323
651 26 323
656 18 326
652 22 326
659 22 319
663 18 319
666 17 317
673 12 315
676 12 312
681 13 306
682 13 305
688 10 302
689 11 300
685 17 298
686 15 299
680 22 298
684 24 292
682 28 290
685 24 291
683 26 291
687 24 289
689 26 285
690 25 285
686 30 284
691 30 279
692 34 274
695 29 276
694 30 276
690 32 278
691 29 280
689 27 284
688 28 284
690 24 286
692 22 286
694 23 283
694 21 285
694 20 286
693 22 285
694 26 280
692 31 277
689 34 277
686 32 282
689 36 275
689 36 275
687 37 276
685 35 280
683 32 285
683 31 286
686 28 286
684 28 288
684 27 289
681 26 293
684 26 290
688 30 282
690 29 281
695 22 283
696 20 284
698 22 280
695 25 280
700 23 277
698 27 275
692 35 273
693 34 273
691 37 272
691 37 272
691 35 274
688 38 274
693 36 271
690 36 274
696 32 272
693 36 271
696 40 264
688 48 264
686 47 267
691 42 267
685 41 274
685 41 274
683 41 276
683 38 279
682 33 285
686 30 284
685 31 284
688 33 279
690 30 280
691 27 282
689 28 283
688 26 286
687 26 287
689 23 288
692 24 284
690 27 283
690 27 283
691 26 283
692 25 283
693 20 287
694 23 283
694 21 285
691 23 286
693 25 282
696 25 279
691 34 275
689 40 271
694 38 268
683 42 275
680 41 279
678 40 282
671 47 282
658 56 286
654 52 294
653 53 294
658 50 292
659 50 291
665 42 293
667 38 295
666 38 296
670 32 298
668 35 297
666 34 300
664 35 301
660 42 298
661 36 303
664 33 303
661 32 307
661 30 309
663 32 305
663 30 307
666 28 306
667 24 309
666 22 312
670 22 308
676 20 304
685 22 293
690 19 291
694 23 283
695 24 281
694 28 278
691 30 279
686 31 283
685 31 284
682 33 285
685 29 286
684 26 290
688 27 285
689 30 281
692 31 277
691 33 276
692 32 276
693 35 272
693 41 266
688 43 269
684 43 273
687 39 274
682 45 273
682 46 272
674 50 276
669 49 282
665 52 283
657 53 290
665 51 284
662 53 285
663 48 289
665 42 293
666 41 293
668 42 290
659 54 287
657 56 287
651 61 288
645 59 296
642 53 305
640 55 305
640 58 302
635 61 304
626 63 311
621 60 319
619 57 324
616 53 331
608 61 331
603 63 334
603 55 342
605 52 343
607 47 346
606 44 350
610 44 346
605 45 350
603 46 351
602 48 350
603 42 355
606 43 351
599 49 352
594 44 362
595 45 360
595 48 357
600 52 348
597 57 346
599 53 348
601 52 347
601 47 352
600 44 356
597 48 355
597 42 361
595 45 360
596 37 367
598 33 369
602 30 368
607 26 367
609 26 365
616 25 359
623 18 359
625 18 357
630 21 349
635 22 343
639 22 339
643 20 337
643 21 336
647 21 332
645 24 331
646 29 325
638 39 323
634 38 328
636 40 324
636 40 324
640 38 322
641 39 320
644 37 319
638 45 317
641 45 314
641 48 311
638 43 319
640 38 322
636 40 324
639 35 326
641 33 326
646 29 325
651 27 322
656 25 319
658 24 318
663 21 316
665 23 312
675 22 303
678 23 299
676 24 300
682 24 294
687 24 289
687 21 292
689 23 288
693 22 285
694 21 285
690 25 285
694 21 285
690 26 284
684 29 287
686 25 289
689 27 284
684 31 285
682 35 283
680 34 286
681 35 284
672 41 287
678 39 283
675 37 288
677 40 283
676 37 287
675 40 285
674 36 290
672 37 291
666 39 295
667 38 295
664 40 296
652 48 300
649 51 300
647 51 302
641 59 300
639 58 303
628 60 312
618 68 314
616 71 313
613 66 321
609 63 328
604 72 324
600 71 329
601 64 335
591 62 347
584 65 351
587 61 352
583 62 355
577 65 358
577 66 357
573 63 364
574 59 367
571 61 368
575 56 369
580 51 369
582 51 367
583 52 365
578 50 372
578 47 375
582 45 373
582 44 374
583 41 376
579 42 379
580 47 373
582 48 370
582 46 372
580 45 375
574 47 379
577 44 379
578 40 382
580 41 379
571 45 384
573 45 382
574 41 385
573 42 385
577 39 384
581 34 385
579 33 388
577 34 389
578 34 388
577 31 392
579 32 389
588 27 385
596 26 378
595 25 380
601 26 373
603 24 373
600 23 377
600 21 379
605 21 374
609 18 373
607 17 376
611 18 371
615 19 366
613 22 365
610 19 371
609 22 369
608 22 370
611 22 367
609 23 368
611 25 364
617 19 364
619 19 362
625 17 358
624 21 355
626 23 351
630 22 348
626 29 345
627 28 345
628 25 347
635 26 339
638 24 338
639 26 335
647 21 332
646 23 331
648 23 329
646 21 333
645 20 335
653 17 330
652 19 329
647 22 331
652 24 324
647 21 332
644 23 333
644 16 340
644 17 339
652 17 331
649 18 333
654 17 329
656 17 327
666 17 317
664 18 318
666 19 315
673 18 309
670 19 311
670 19 311
678 17 305
682 15 303
684 17 299
686 15 299
688 14 298
694 15 291
694 15 291
696 13 291
700 12 288
704 12 284
708 11 281
714 9 277
718 8 274
719 7 274
720 6 274
720 9 271
720 10 270
719 7 274
717 11 272
719 9 272
720 12 268
722 9 269
724 10 266
724 8 268
728 9 263
726 12 262
735 13 252
739 13 248
739 16 245
742 14 244
749 12 239
748 12 240
747 13 240
749 15 236
750 13 237
746 16 238
743 18 239
743 20 237
742 22 236
741 30 229
735 33 232
733 32 235
732 31 237
737 27 236
737 27 236
736 29 235
733 32 235
733 28 239
735 25 240
738 23 239
734 26 240
734 24 242
735 24 241
733 28 239
732 29 239
738 24 238
738 25 237
736 22 242
735 25 240
732 30 238
729 30 241
728 33 239
726 38 236
723 38 239
718 38 244
718 36 246
715 37 248
710 37 253
712 35 253
709 42 249
705 45 250
700 42 258
698 44 258
687 55 258
684 50 266
683 45 272
681 42 277
671 52 277
668 54 278
663 53 284
659 49 292
660 46 294
651 51 298
652 45 303
650 49 301
648 51 301
650 48 302
647 49 304
641 53 306
639 50 311
638 51 311
638 45 317
640 42 318
640 40 320
639 41 320
641 45 314
641 42 317
636 43 321
633 44 323
633 41 326
631 39 330
636 41 323
633 44 323
630 44 326
629 41 330
623 47 330
626 43 331
625 44 331
621 46 333
619 47 334
613 48 339
607 48 345
607 46 347
609 45 346
609 43 348
610 48 342
606 51 343
607 47 346
604 40 356
600 43 357
594 50 356
596 50 354
598 46 356
597 50 353
589 46 365
588 47 365
580 52 368
577 48 375
581 46 373
583 38 379
585 32 383
586 38 376
581 37 382
580 37 383
579 37 384
580 36 384
580 33 387
580 27 393
585 21 394
589 21 390
593 22 385
595 20 385
598 15 387
603 14 383
607 16 377
606 19 375
611 17 372
610 20 370
610 20 370
614 20 366
619 20 361
623 18 359
627 22 351
632 24 344
637 19 344
637 18 345
636 19 345
639 19 342
636 22 342
640 23 337
638 21 341
647 18 335
655 17 328
658 12 330
662 13 325
664 15 321
662 19 319
669 18 313
668 21 311
673 18 309
679 16 305
686 15 299
691 14 295
691 14 295
696 11 293
698 14 288
697 12 291
705 14 281
713 11 276
709 11 280
709 10 281
713 10 277
722 8 270
722 10 268
725 11 264
724 10 266
728 8 264
733 5 262
735 2 263
739 1 260
743 0 257
750 0 250
751 1 248
752 1 247
755 1 244
759 1 240
760 1 239
767 1 232
773 0 227
777 0 223
780 0 220
783 0 217
787 0 213
792 0 208
797 0 203
801 0 199
806 0 194
806 0 194
811 0 189
815 0 185
821 0 179
824 0 176
827 0 173
832 0 168
836 0 164
839 0 161
845 0 155
850 0 150
852 0 148
855 0 145
858 0 142
860 0 140
863 0 137
863 0 137
866 0 134
867 0 133
869 0 131
870 0 130
871 0 129
872 0 128
872 0 128
874 0 126
875 0 125
876 0 124
879 0 121
882 0 118
885 0 115
887 0 113
891 0 109
893 0 107
896 0 104
897 0 103
898 0 102
899 0 101
901 0 99
