1000 0 0
1000 0 0
1000 0 0
996 3 1
994 4 2
994 2 4
994 1 5
994 1 5
990 4 6
982 10 8
981 7 12
971 17 12
964 21 15
957 21 22
953 18 29
948 16 36
945 19 36
933 24 43
912 35 53
895 45 60
888 47 65
875 52 73
868 52 80
849 56 95
830 66 104
813 71 116
797 78 125
783 85 132
773 81 146
763 80 157
751 84 165
735 92 173
723 96 181
705 104 191
689 103 208
674 111 215
659 112 229
652 111 237
635 113 252
625 111 264
610 121 269
595 117 288
590 108 302
589 90 321
584 85 331
581 75 344
583 67 350
582 66 352
588 56 356
590 48 362
588 44 368
590 40 370
586 45 369
583 47 370
580 47 373
586 45 369
587 44 369
589 42 369
584 42 374
588 44 368
588 37 375
591 29 380
593 28 379
607 29 364
610 28 362
612 30 358
615 24 361
612 27 361
617 27 356
620 28 352
620 28 352
626 25 349
623 29 348
627 31 342
633 31 336
635 29 336
638 25 337
648 24 328
653 27 320
653 26 321
651 26 323
652 23 325
653 23 324
659 15 326
664 17 319
669 15 316
674 15 311
680 14 306
680 14 306
688 10 302
692 10 298
693 12 295
695 11 294
709 8 283
710 10 280
714 9 277
718 7 275
721 7 272
728 6 266
731 7 262
734 5 261
737 4 259
738 5 257
743 4 253
745 3 252
748 4 248
748 6 246
751 4 245
758 4 238
764 3 233
766 2 232
769 3 228
770 3 227
771 3 226
774 3 223
778 5 217
779 6 215
781 8 211
775 13 212
773 16 211
772 18 210
772 17 211
772 16 212
773 19 208
766 23 211
765 24 211
764 26 210
757 32 211
756 37 207
748 42 210
742 48 210
731 52 217
730 47 223
723 52 225
720 47 233
718 45 237
714 40 246
708 46 246
705 45 250
709 34 257
708 32 260
704 34 262
702 35 263
706 34 260
703 38 259
699 35 266
702 35 263
696 34 270
697 27 276
698 29 273
697 29 274
698 32 270
695 33 272
692 38 270
688 39 273
691 33 276
690 31 279
694 32 274
692 36 272
698 35 267
695 32 273
691 34 275
690 35 275
688 38 274
686 38 276
683 30 287
684 24 292
690 26 284
689 28 283
692 30 278
696 23 281
700 20 280
706 21 273
709 17 274
709 15 276
705 18 277
707 17 276
709 15 276
716 17 267
719 16 265
721 17 262
728 18 254
733 19 248
736 15 249
741 13 246
740 11 249
745 11 244
746 13 241
751 12 237
753 7 240
757 6 237
758 4 238
761 4 235
766 6 228
768 6 226
769 1 230
773 2 225
777 2 221
779 3 218
779 4 217
783 6 211
786 5 209
786 8 206
784 9 207
782 11 207
784 10 206
786 8 206
787 10 203
790 11 199
791 11 198
792 12 196
792 16 192
793 15 192
793 17 190
789 23 188
789 24 187
789 23 188
791 22 187
792 22 186
785 25 190
783 28 189
786 22 192
785 24 191
783 27 190
778 27 195
781 28 191
774 33 193
767 36 197
762 41 197
758 43 199
753 44 203
749 43 208
750 36 214
748 37 215
749 29 222
744 34 222
742 38 220
738 34 228
736 38 226
734 37 229
735 35 230
728 40 232
727 40 233
720 44 236
714 52 234
704 59 237
698 57 245
692 57 251
690 53 257
686 49 265
680 48 272
677 46 277
673 50 277
663 50 287
656 61 283
656 61 283
645 59 296
638 60 302
628 61 311
633 58 309
624 66 310
620 63 317
610 69 321
612 68 320
602 70 328
604 63 333
606 55 339
599 56 345
592 54 354
592 44 364
599 38 363
606 32 362
608 34 358
612 35 353
610 34 356
612 30 358
617 27 356
618 24 358
625 21 354
630 17 353
635 15 350
638 13 349
639 10 351
643 9 348
646 12 342
651 13 336
651 13 336
663 12 325
664 12 324
672 7 321
672 4 324
674 5 321
679 3 318
680 5 315
685 6 309
688 8 304
696 7 297
701 7 292
705 4 291
707 4 289
711 4 285
717 3 280
725 3 272
726 3 271
733 3 264
732 5 263
735 6 259
736 6 258
738 5 257
742 5 253
746 6 248
746 5 249
747 4 249
752 1 247
758 1 241
761 3 236
761 8 231
759 11 230
759 10 231
761 16 223
761 16 223
761 15 224
759 21 220
756 25 219
761 22 217
760 20 220
758 21 221
758 25 217
758 22 220
762 23 215
762 26 212
757 29 214
759 28 213
754 29 217
752 32 216
751 36 213
746 31 223
741 37 222
743 34 223
739 33 228
734 36 230
735 37 228
735 36 229
730 38 232
729 37 234
726 42 232
719 40 241
712 46 242
706 47 247
702 41 257
701 40 259
700 43 257
701 44 255
705 42 253
709 41 250
712 32 256
711 35 254
707 42 251
707 40 253
708 39 253
706 42 252
699 46 255
688 56 256
685 51 264
678 44 278
675 45 280
676 34 290
678 33 289
679 32 289
672 37 291
677 34 289
679 37 284
680 35 285
680 36 284
677 37 286
672 36 292
672 39 289
667 38 295
662 37 301
665 37 298
654 39 307
655 39 306
662 35 303
663 38 299
661 40 299
659 40 301
662 35 303
665 32 303
660 33 307
654 38 308
660 32 308
661 35 304
661 36 303
665 34 301
661 41 298
664 37 299
666 31 303
666 30 304
665 32 303
659 37 304
655 44 301
650 47 303
642 45 313
638 45 317
639 39 322
635 38 327
631 43 326
631 46 323
632 44 324
633 45 322
634 49 317
635 45 320
635 40 325
641 34 325
644 28 328
646 28 326
653 26 321
661 28 311
662 33 305
668 32 300
670 31 299
675 29 296
680 25 295
681 24 295
685 26 289
686 22 292
688 19 293
694 18 288
695 17 288
700 16 284
706 17 277
710 15 275
714 14 272
717 15 268
717 15 268
720 17 263
724 17 259
728 14 258
726 18 256
728 18 254
729 19 252
733 20 247
732 22 246
733 21 246
729 27 244
731 22 247
729 23 248
728 18 254
726 20 254
723 28 249
726 26 248
728 25 247
732 26 242
732 31 237
728 31 241
725 36 239
723 34 243
723 29 248
719 33 248
715 34 251
721 30 249
720 29 251
718 31 251
722 30 248
720 33 247
718 32 250
714 31 255
708 36 256
710 36 254
705 37 258
702 38 260
700 37 263
690 44 266
689 39 272
683 39 278
681 44 275
675 46 279
674 47 279
671 45 284
667 48 285
664 51 285
660 45 295
658 43 299
661 42 297
653 44 303
650 44 306
652 39 309
656 33 311
655 34 311
651 40 309
653 41 306
657 38 305
653 43 304
652 37 311
652 39 309
649 43 308
649 39 312
651 34 315
649 35 316
649 34 317
645 38 317
647 37 316
649 38 313
651 38 311
650 35 315
651 33 316
649 32 319
648 33 319
650 30 320
653 32 315
653 30 317
654 28 318
654 27 319
658 26 316
661 24 315
664 23 313
671 17 312
673 18 309
674 20 306
675 23 302
678 24 298
679 18 303
677 18 305
677 18 305
679 19 302
685 18 297
690 18 292
694 16 290
693 16 291
693 14 293
703 13 284
706 11 283
706 12 282
705 12 283
704 14 282
712 15 273
714 14 272
720 14 266
719 15 266
724 15 261
722 19 259
723 21 256
724 24 252
733 23 244
733 22 245
733 20 247
728 23 249
729 22 249
727 25 248
724 27 249
726 29 245
725 28 247
723 28 249
727 23 250
731 20 249
730 19 251
731 22 247
733 22 245
729 26 245
732 24 244
732 24 244
734 20 246
734 19 247
734 21 245
730 26 244
731 25 244
730 25 245
732 22 246
733 24 243
732 23 245
736 22 242
742 18 240
743 16 241
741 18 241
748 17 235
748 21 231
745 22 233
746 28 226
741 35 224
739 34 227
736 33 231
732 32 236
729 32 239
727 32 241
726 30 244
726 29 245
727 31 242
726 30 244
725 33 242
723 35 242
718 37 245
715 38 247
709 38 253
703 43 254
699 43 258
696 39 265
693 41 266
691 42 267
683 47 270
678 49 273
674 50 276
660 58 282
654 59 287
646 59 295
641 55 304
639 51 310
642 50 308
639 52 309
638 52 310
633 55 312
629 60 311
626 60 314
634 59 307
639 54 307
633 55 312
630 54 316
621 61 318
618 57 325
607 62 331
596 74 330
592 68 340
591 66 343
588 60 352
583 63 354
582 62 356
591 56 353
590 55 355
587 51 362
586 47 367
586 42 372
581 40 379
580 41 379
586 37 377
585 34 381
593 29 378
597 27 376
604 22 374
607 17 376
612 18 370
615 19 366
611 24 365
615 24 361
621 22 357
626 19 355
630 16 354
636 14 350
634 15 351
646 11 343
656 10 334
661 12 327
663 13 324
668 13 319
678 11 311
680 11 309
681 10 309
686 9 305
688 8 304
687 10 303
694 9 297
697 9 294
701 10 289
702 11 287
705 17 278
704 19 277
710 19 271
713 22 265
716 20 264
719 19 262
721 18 261
725 18 257
731 14 255
734 15 251
739 13 248
740 12 248
740 11 249
738 11 251
737 14 249
738 12 250
739 15 246
740 16 244
746 15 239
749 15 236
746 15 239
750 13 237
749 11 240
750 13 237
752 9 239
757 8 235
762 8 230
767 5 228
772 4 224
775 5 220
779 6 215
782 8 210
782 10 208
780 8 212
784 6 210
789 6 205
792 7 201
791 8 201
795 7 198
800 6 194
803 6 191
806 5 189
808 6 186
811 4 185
815 3 182
814 3 183
813 7 180
812 9 179
813 9 178
812 12 176
814 9 177
812 13 175
809 14 177
804 19 177
805 13 182
803 11 186
803 12 185
803 15 182
805 16 179
801 20 179
797 22 181
796 25 179
789 28 183
780 38 182
780 36 184
772 37 191
766 35 199
760 38 202
756 42 202
757 40 203
755 43 202
755 40 205
754 39 207
755 38 207
749 41 210
749 37 214
747 38 215
747 38 215
746 42 212
746 42 212
737 43 220
736 41 223
734 42 224
733 43 224
735 39 226
728 42 230
725 37 238
726 38 236
727 30 243
723 32 245
719 35 246
719 32 249
714 36 250
712 37 251
708 38 254
704 35 261
700 37 263
697 37 266
691 40 269
684 44 272
683 47 270
683 45 272
684 44 272
679 43 278
677 44 279
679 41 280
682 43 275
684 42 274
679 44 277
678 44 278
667 54 279
660 61 279
653 69 278
649 67 284
637 70 293
625 76 299
621 73 306
617 64 319
615 60 325
609 61 330
608 59 333
607 59 334
600 59 341
598 52 350
597 52 351
594 47 359
593 49 358
594 46 360
597 41 362
601 43 356
600 48 352
598 48 354
598 45 357
600 39 361
608 35 357
609 37 354
605 38 357
605 38 357
601 37 362
602 37 361
601 36 363
603 36 361
609 33 358
608 36 356
610 34 356
612 34 354
616 33 351
619 35 346
620 37 343
623 34 343
623 33 344
623 37 340
628 36 336
624 39 337
621 38 341
618 41 341
624 34 342
621 32 347
624 29 347
629 23 348
631 21 348
630 24 346
630 22 348
636 22 342
644 18 338
656 16 328
661 13 326
665 12 323
670 11 319
675 12 313
678 14 308
677 18 305
676 16 308
682 14 304
683 12 305
686 10 304
689 9 302
691 11 298
690 10 300
694 11 295
701 12 287
710 11 279
713 6 281
718 5 277
719 5 276
727 5 268
727 6 267
733 6 261
738 3 259
738 5 257
739 6 255
737 10 253
740 11 249
743 12 245
748 10 242
749 17 234
747 17 236
748 19 233
746 23 231
748 20 232
750 21 229
752 20 228
752 19 229
755 21 224
757 21 222
760 20 220
758 20 222
757 20 223
756 20 224
761 19 220
759 19 222
758 19 223
759 18 223
756 17 227
759 16 225
762 15 223
759 18 223
762 15 223
763 13 224
770 12 218
771 14 215
773 15 212
769 13 218
770 10 220
771 10 219
774 10 216
774 13 213
774 18 208
777 15 208
776 21 203
779 21 200
780 19 201
776 23 201
771 26 203
770 32 198
771 28 201
768 34 198
764 38 198
756 44 200
743 50 207
736 52 212
736 50 214
729 55 216
728 55 217
724 50 226
724 44 232
716 52 232
706 60 234
696 60 244
691 57 252
684 60 256
673 66 261
665 69 266
654 72 274
645 70 285
640 67 293
647 59 294
643 62 295
637 60 303
635 56 309
629 61 310
628 59 313
629 61 310
623 60 317
621 59 320
618 61 321
623 57 320
624 55 321
617 53 330
622 48 330
622 45 333
621 47 332
616 42 342
615 41 344
619 38 343
615 44 341
618 41 341
618 39 343
619 31 350
620 34 346
623 30 347
627 27 346
635 26 339
638 22 340
643 19 338
644 16 340
645 17 338
651 14 335
654 12 334
659 8 333
667 7 326
675 7 318
681 10 309
685 13 302
691 11 298
693 12 295
700 10 290
703 11 286
702 14 284
703 13 284
706 11 283
707 13 280
709 12 279
709 13 278
712 10 278
715 8 277
718 8 274
722 8 270
723 8 269
722 11 267
722 13 265
724 11 265
725 12 263
727 13 260
726 14 260
728 12 260
729 9 262
734 9 257
742 7 251
748 9 243
751 10 239
756 10 234
761 10 229
765 12 223
767 10 223
769 13 218
773 13 214
773 14 213
767 19 214
772 13 215
772 15 213
772 16 212
766 21 213
761 23 216
762 21 217
765 19 216
772 20 208
773 22 205
771 20 209
