1000 0 0
1000 0 0
1000 0 0
1000 0 0
1000 0 0
1000 0 0
1000 0 0
1000 0 0
1000 0 0
1000 0 0
1000 0 0
996 3 1
990 8 2
985 11 4
977 15 8
967 21 12
954 29 17
937 40 23
920 50 30
903 51 46
890 58 52
865 72 63
845 82 73
815 97 88
800 92 108
784 105 111
757 114 129
736 117 147
713 123 164
700 126 174
665 143 192
643 142 215
627 140 233
602 145 253
586 143 271
570 137 293
558 136 306
546 137 317
535 138 327
528 124 348
528 102 370
522 99 379
519 96 385
515 98 387
509 94 397
518 77 405
520 65 415
519 61 420
517 52 431
525 48 427
532 45 423
535 37 428
537 34 429
549 33 418
554 28 418
550 30 420
548 32 420
548 30 422
553 27 420
549 33 418
555 33 412
555 36 409
560 37 403
561 36 403
564 35 401
564 34 402
566 33 401
568 31 401
569 30 401
566 31 403
571 28 401
571 28 401
582 23 395
582 30 388
586 27 387
589 25 386
595 27 378
593 28 379
594 24 382
606 20 374
604 21 375
614 18 368
616 18 366
613 20 367
614 24 362
620 25 355
621 24 355
628 19 353
637 18 345
641 18 341
642 15 343
643 18 339
645 20 335
649 16 335
652 19 329
654 17 329
664 15 321
669 13 318
674 11 315
680 7 313
684 5 311
686 8 306
693 8 299
697 8 295
700 8 292
701 10 289
707 9 284
712 10 278
710 16 274
716 17 267
717 17 266
720 17 263
719 20 261
714 24 262
713 27 260
709 29 262
708 27 265
707 26 267
701 34 265
696 38 266
690 44 266
684 43 273
680 43 277
676 43 281
673 40 287
668 41 291
665 36 299
657 41 302
656 38 306
653 37 310
649 35 316
643 41 316
636 44 320
632 43 325
633 45 322
636 42 322
628 44 328
628 46 326
627 47 326
621 42 337
613 52 335
616 50 334
611 49 340
613 48 339
612 49 339
608 54 338
596 66 338
596 61 343
596 55 349
599 55 346
603 55 342
607 55 338
609 58 333
609 53 338
609 48 343
614 43 343
616 40 344
617 37 346
625 34 341
624 29 347
628 26 346
631 27 342
629 29 342
634 27 339
640 25 335
641 26 333
643 20 337
648 20 332
652 24 324
654 24 322
651 25 324
652 25 323
657 18 325
660 17 323
671 16 313
671 18 311
672 17 311
677 14 309
678 13 309
683 10 307
688 7 305
694 6 300
695 9 296
703 9 288
706 11 283
711 14 275
710 14 276
712 15 273
716 15 269
717 18 265
713 23 264
715 23 262
712 25 263
709 27 264
711 22 267
709 24 267
712 22 266
717 25 258
715 24 261
718 23 259
718 25 257
717 27 256
721 29 250
727 25 248
725 20 255
727 21 252
731 19 250
731 23 246
730 22 248
729 19 252
728 17 255
728 19 253
730 18 252
732 21 247
730 23 247
728 24 248
731 22 247
731 24 245
733 29 238
723 35 242
717 33 250
707 42 251
694 55 251
686 57 257
680 55 265
673 54 273
671 55 274
663 62 275
660 62 278
654 60 286
645 68 287
640 75 285
631 80 289
627 80 293
621 74 305
626 69 305
624 70 306
621 67 312
629 60 311
634 58 308
629 53 318
626 59 315
623 63 314
619 62 319
616 61 323
615 60 325
614 61 325
611 55 334
615 54 331
616 50 334
614 50 336
612 48 340
618 43 339
624 34 342
624 35 341
625 33 342
632 33 335
638 31 331
638 29 333
642 26 332
645 27 328
648 28 324
652 27 321
655 25 320
653 27 320
657 27 316
664 23 313
663 24 313
665 23 312
665 22 313
668 19 313
667 21 312
675 19 306
672 21 307
677 17 306
681 20 299
686 20 294
691 18 291
694 17 289
695 15 290
698 11 291
701 9 290
705 7 288
706 7 287
708 7 285
710 8 282
710 8 282
716 7 277
716 7 277
724 7 269
726 8 266
732 7 261
733 5 262
731 9 260
731 10 259
735 13 252
731 18 251
729 20 251
729 25 246
729 27 244
726 25 249
727 18 255
721 22 257
723 21 256
720 20 260
720 19 261
719 22 259
722 17 261
717 20 263
720 19 261
720 24 256
720 26 254
718 28 254
718 31 251
714 28 258
715 28 257
714 28 258
716 30 254
713 33 254
715 36 249
714 34 252
711 35 254
711 36 253
704 33 263
698 36 266
695 39 266
689 39 272
687 42 271
687 44 269
688 42 270
681 47 272
678 49 273
675 46 279
667 46 287
665 42 293
658 47 295
650 51 299
649 46 305
647 47 306
649 39 312
647 42 311
644 41 315
645 42 313
647 37 316
641 41 318
640 47 313
637 44 319
636 41 323
631 40 329
635 39 326
635 37 328
637 32 331
641 29 330
649 25 326
650 23 327
657 25 318
657 25 318
661 25 314
661 25 314
665 27 308
663 26 311
658 32 310
659 28 313
658 29 313
662 25 313
664 24 312
664 20 316
661 22 317
661 28 311
661 27 312
665 28 307
664 33 303
665 33 302
665 33 302
664 37 299
660 37 303
659 33 308
658 34 308
657 31 312
653 37 310
652 42 306
651 42 307
657 41 302
657 34 309
662 33 305
666 29 305
663 33 304
661 33 306
659 31 310
657 35 308
656 38 306
655 38 307
657 38 305
655 41 304
654 42 304
648 45 307
647 47 306
641 48 311
639 48 313
639 51 310
644 51 305
639 58 303
634 63 303
627 60 313
617 62 321
612 54 334
609 50 341
605 48 347
601 46 353
601 44 355
606 40 354
604 42 354
602 48 350
604 44 352
606 41 353
611 41 348
613 37 350
622 32 346
624 35 341
631 28 341
635 27 338
634 28 338
638 25 337
642 24 334
644 29 327
641 29 330
642 28 330
648 25 327
643 28 329
641 29 330
642 27 331
644 28 328
643 28 329
645 27 328
654 21 325
656 19 325
656 18 326
657 19 324
659 16 325
661 17 322
667 16 317
669 18 313
672 18 310
672 19 309
671 19 310
672 23 305
671 27 302
673 32 295
676 31 293
672 30 298
674 30 296
669 30 301
662 38 300
658 40 302
654 50 296
655 43 302
651 47 302
650 43 307
648 39 313
650 40 310
647 38 315
644 41 315
639 38 323
638 40 322
632 40 328
637 38 325
633 38 329
638 32 330
645 27 328
646 25 329
646 24 330
654 21 325
657 21 322
660 22 318
663 21 316
663 22 315
667 23 310
670 23 307
670 20 310
674 17 309
681 19 300
686 20 294
689 20 291
686 22 292
685 23 292
684 22 294
683 20 297
678 22 300
683 22 295
682 23 295
681 26 293
684 27 289
687 25 288
684 28 288
681 32 287
678 31 291
680 34 286
678 37 285
671 45 284
674 38 288
674 39 287
669 43 288
666 39 295
665 40 295
664 36 300
666 39 295
669 40 291
662 46 292
659 46 295
658 44 298
660 46 294
660 48 292
660 50 290
663 49 288
664 47 289
660 48 292
655 51 294
655 48 297
655 50 295
655 52 293
652 53 295
649 50 301
649 50 301
644 53 303
641 56 303
639 54 307
637 49 314
639 47 314
633 48 319
630 49 321
630 44 326
623 45 332
620 50 330
622 46 332
621 42 337
620 43 337
613 47 340
610 46 344
611 44 345
608 42 350
607 43 350
604 44 352
605 46 349
603 44 353
605 37 358
606 40 354
606 40 354
609 33 358
604 38 358
608 33 359
610 34 356
611 35 354
613 34 353
618 32 350
619 33 348
617 33 350
621 25 354
623 22 355
629 21 350
631 17 352
638 13 349
647 11 342
656 10 334
657 12 331
657 13 330
664 14 322
666 11 323
667 13 320
672 13 315
669 19 312
670 19 311
669 18 313
668 16 316
668 18 314
668 22 310
669 22 309
668 26 306
670 30 300
666 29 305
662 38 300
663 37 300
665 29 306
663 32 305
660 34 306
660 34 306
665 26 309
667 26 307
669 25 306
669 23 308
674 16 310
671 20 309
677 19 304
684 16 300
682 22 296
682 18 300
683 18 299
687 18 295
692 13 295
700 14 286
708 12 280
709 14 277
712 13 275
713 14 273
715 15 270
714 16 270
716 15 269
716 16 268
718 16 266
720 15 265
722 15 263
719 18 263
723 19 258
723 13 264
725 13 262
725 16 259
723 21 256
719 24 257
716 26 258
717 24 259
718 17 265
715 22 263
711 22 267
708 24 268
706 30 264
705 32 263
705 35 260
706 36 258
698 38 264
700 32 268
695 29 276
696 28 276
697 25 278
697 27 276
696 31 273
697 30 273
696 32 272
693 34 273
694 33 273
696 32 272
697 29 274
702 23 275
707 23 270
710 24 266
708 30 262
704 34 262
705 35 260
704 36 260
706 35 259
707 34 259
702 38 260
696 47 257
692 45 263
690 41 269
684 48 268
682 44 274
677 45 278
674 46 280
671 41 288
668 42 290
670 40 290
666 40 294
669 36 295
675 33 292
671 36 293
666 38 296
664 41 295
658 41 301
656 36 308
653 35 312
657 33 310
664 29 307
672 26 302
677 26 297
680 24 296
683 24 293
685 25 290
680 29 291
679 26 295
676 26 298
683 22 295
683 22 295
689 24 287
695 23 282
702 18 280
701 18 281
701 20 279
700 17 283
700 18 282
705 18 277
707 19 274
706 20 274
704 20 276
708 26 266
707 25 268
707 22 271
708 21 271
712 18 270
715 21 264
712 25 263
713 27 260
714 25 261
721 23 256
717 24 259
724 25 251
721 24 255
725 18 257
724 22 254
717 29 254
714 30 256
715 30 255
712 34 254
715 31 254
719 29 252
720 25 255
718 28 254
720 27 253
725 26 249
726 22 252
727 25 248
727 24 249
722 26 252
719 27 254
723 25 252
719 31 250
718 31 251
722 23 255
726 22 252
728 20 252
732 15 253
737 9 254
738 10 252
739 11 250
742 11 247
744 12 244
743 14 243
745 14 241
744 15 241
745 14 241
747 18 235
748 15 237
749 16 235
752 17 231
751 19 230
751 21 228
750 16 234
751 14 235
755 12 233
760 11 229
764 11 225
772 10 218
775 11 214
778 11 211
778 11 211
778 11 211
779 13 208
785 13 202
789 12 199
792 11 197
790 13 197
793 11 196
802 11 187
804 13 183
807 13 180
811 11 178
810 14 176
812 12 176
818 10 172
816 11 173
814 14 172
810 14 176
810 13 177
808 16 176
803 15 182
799 17 184
798 21 181
790 25 185
791 22 187
787 26 187
784 31 185
783 31 186
785 29 186
779 33 188
771 36 193
764 41 195
759 43 198
755 43 202
751 42 207
753 35 212
752 33 215
752 38 210
749 43 208
744 46 210
739 52 209
734 50 216
730 54 216
727 55 218
727 51 222
725 48 227
722 47 231
718 47 235
715 50 235
715 50 235
712 45 243
710 39 251
707 40 253
704 38 258
708 37 255
709 34 257
707 35 258
711 32 257
711 33 256
713 26 261
710 29 261
714 28 258
712 33 255
708 31 261
706 31 263
699 35 266
699 36 265
698 37 265
698 33 269
693 32 275
687 36 277
684 39 277
681 36 283
679 42 279
674 41 285
668 46 286
665 48 287
656 49 295
654 44 302
651 39 310
650 39 311
651 38 311
647 36 317
643 34 323
643 32 325
650 30 320
651 31 318
653 33 314
652 35 313
650 36 314
650 38 312
647 38 315
654 35 311
655 31 314
658 28 314
662 26 312
665 24 311
664 21 315
671 22 307
671 23 306
682 19 299
676 23 301
678 25 297
675 28 297
678 32 290
686 29 285
679 36 285
684 31 285
684 33 283
686 33 281
683 35 282
680 39 281
680 37 283
674 40 286
664 46 290
661 46 293
661 42 297
659 43 298
658 44 298
653 46 301
654 43 303
654 41 305
649 41 310
644 40 316
642 37 321
639 36 325
631 41 328
624 44 332
627 42 331
628 34 338
630 28 342
634 24 342
638 19 343
637 19 344
643 19 338
644 18 338
654 18 328
661 17 322
661 20 319
659 24 317
666 20 314
668 24 308
665 31 304
657 35 308
662 31 307
661 31 308
660 30 310
664 30 306
666 27 307
669 28 303
670 26 304
673 27 300
671 31 298
670 29 301
674 28 298
672 29 299
675 27 298
668 34 298
665 40 295
662 39 299
662 37 301
662 35 303
666 29 305
669 29 302
676 28 296
676 31 293
676 29 295
674 28 298
678 27 295
684 23 293
687 20 293
690 18 292
692 20 288
692 20 288
695 21 284
699 22 279
698 25 277
694 30 276
695 29 276
696 28 276
695 27 278
694 29 277
690 32 278
686 37 277
686 39 275
686 41 273
683 41 276
680 41 279
680 34 286
684 29 287
686 26 288
691 25 284
695 23 282
697 22 281
702 22 276
705 19 276
707 18 275
709 14 277
718 10 272
717 11 272
724 11 265
729 9 262
736 8 256
740 7 253
744 7 249
744 8 248
745 9 246
747 9 244
750 8 242
755 7 238
758 7 235
764 6 230
768 5 227
770 4 226
775 5 220
777 5 218
779 4 217
782 3 215
788 4 208
792 4 204
801 5 194
803 5 192
809 5 186
809 7 184
809 6 185
810 7 183
811 9 180
811 7 182
818 5 177
820 4 176
822 3 175
825 5 170
828 5 167
831 3 166
834 4 162
839 3 158
841 4 155
842 2 156
845 2 153
847 1 152
851 1 148
853 1 146
858 0 142
860 0 140
866 0 134
868 0 132
872 0 128
874 0 126
876 0 124
