995 5 0
994 3 3
994 2 4
994 2 4
994 0 6
994 0 6
994 0 6
994 0 6
992 2 6
991 3 6
988 4 8
983 8 9
980 10 10
977 12 11
968 18 14
962 22 16
942 34 24
927 43 30
908 51 41
885 64 51
867 73 60
840 90 70
822 93 85
807 92 101
796 92 112
786 87 127
776 83 141
763 79 158
753 87 160
743 88 169
734 92 174
718 92 190
702 91 207
691 84 225
678 96 226
660 105 235
641 113 246
633 111 256
624 100 276
618 96 286
608 95 297
590 97 313
576 100 324
558 96 346
555 91 354
547 94 359
546 86 368
537 90 373
540 84 376
538 85 377
530 81 389
525 85 390
525 81 394
521 74 405
517 66 417
510 74 416
509 70 421
503 69 428
503 64 433
501 60 439
502 57 441
509 49 442
511 41 448
520 34 446
529 32 439
533 29 438
537 30 433
539 25 436
540 23 437
541 25 434
544 26 430
551 24 425
561 21 418
568 18 414
575 16 409
581 15 404
584 15 401
592 12 396
596 14 390
605 12 383
606 12 382
614 11 375
620 10 370
631 7 362
636 6 358
638 6 356
642 5 353
648 5 347
653 4 343
657 3 340
662 3 335
664 3 333
670 3 327
670 6 324
670 5 325
669 8 323
673 7 320
676 7 317
678 7 315
679 10 311
682 8 310
688 6 306
690 7 303
694 6 300
700 7 293
708 5 287
712 3 285
719 2 279
723 2 275
732 1 267
739 1 260
745 2 253
749 4 247
749 6 245
749 11 240
752 10 238
753 10 237
752 14 234
753 18 229
753 14 233
754 11 235
760 13 227
763 11 226
767 9 224
771 11 218
774 9 217
777 9 214
774 12 214
778 11 211
779 15 206
775 21 204
766 30 204
753 39 208
744 41 215
731 51 218
730 47 223
717 53 230
711 58 231
702 60 238
693 63 244
690 56 254
686 57 257
678 61 261
667 65 268
661 70 269
655 68 277
650 69 281
645 70 285
639 67 294
632 66 302
622 71 307
619 69 312
616 61 323
618 56 326
620 51 329
621 50 329
616 51 333
617 47 336
613 53 334
614 49 337
612 52 336
602 57 341
597 61 342
594 64 342
594 59 347
594 55 351
594 52 354
590 50 360
582 57 361
578 62 360
572 61 367
567 68 365
561 62 377
559 58 383
561 48 391
560 48 392
559 49 392
566 44 390
570 43 387
570 45 385
569 41 390
574 38 388
573 37 390
579 36 385
579 35 386
581 29 390
585 27 388
586 27 387
585 25 390
586 21 393
592 26 382
597 27 376
602 28 370
607 31 362
608 26 366
612 26 362
621 24 355
629 20 351
635 20 345
635 20 345
632 24 344
629 23 348
621 32 347
617 40 343
610 50 340
611 52 337
614 52 334
608 57 335
603 60 337
604 61 335
603 59 338
603 58 339
604 55 341
599 60 341
588 63 349
584 67 349
577 63 360
581 61 358
587 60 353
590 53 357
583 58 359
587 50 363
593 47 360
596 45 359
596 43 361
595 48 357
597 46 357
596 46 358
597 41 362
597 44 359
594 47 359
593 52 355
599 50 351
600 49 351
597 48 355
599 38 363
600 33 367
608 30 362
608 31 361
605 34 361
598 39 363
603 40 357
597 45 358
596 48 356
595 47 358
596 51 353
595 48 357
597 41 362
595 45 360
590 44 366
594 39 367
595 38 367
600 40 360
608 30 362
607 30 363
604 32 364
608 31 361
611 27 362
610 29 361
612 30 358
613 24 363
613 24 363
611 23 366
612 19 369
613 20 367
614 23 363
613 25 362
607 26 367
605 29 366
609 24 367
612 23 365
610 25 365
613 26 361
612 30 358
613 26 361
613 28 359
612 33 355
612 38 350
613 42 345
605 46 349
608 43 349
613 47 340
614 49 337
613 49 338
603 55 342
594 60 346
594 57 349
592 58 350
597 52 351
597 52 351
599 48 353
604 47 349
603 47 350
603 45 352
602 42 356
604 41 355
603 38 359
610 37 353
608 38 354
606 39 355
607 35 358
607 31 362
611 27 362
615 28 357
618 26 356
622 27 351
622 24 354
621 28 351
621 27 352
625 26 349
628 27 345
627 28 345
634 26 340
637 25 338
641 22 337
640 21 339
642 20 338
647 21 332
651 16 333
654 14 332
660 15 325
664 17 319
668 20 312
671 19 310
672 17 311
680 17 303
683 15 302
687 14 299
687 16 297
686 19 295
687 23 290
689 26 285
682 33 285
677 32 291
679 31 290
677 29 294
690 23 287
694 20 286
695 19 286
694 20 286
694 19 287
695 20 285
697 22 281
697 23 280
698 22 280
700 18 282
705 16 279
708 15 277
714 14 272
721 14 265
720 16 264
724 13 263
727 13 260
730 14 256
738 13 249
738 17 245
734 22 244
724 31 245
721 34 245
718 32 250
711 35 254
708 39 253
706 42 252
701 42 257
699 36 265
703 33 264
696 42 262
690 38 272
686 44 270
676 48 276
667 57 276
655 63 282
651 63 286
641 70 289
631 76 293
628 63 309
621 68 311
620 63 317
616 68 316
605 70 325
601 74 325
597 66 337
595 65 340
586 59 355
585 55 360
591 47 362
595 45 360
601 37 362
602 41 357
601 41 358
602 37 361
603 36 361
603 34 363
605 32 363
607 28 365
607 24 369
609 26 365
613 26 361
618 22 360
617 25 358
621 22 357
623 18 359
630 16 354
638 14 348
645 14 341
651 12 337
653 16 331
655 17 328
655 19 326
657 20 323
657 21 322
658 26 316
658 27 315
655 30 315
654 31 315
655 31 314
656 29 315
656 29 315
657 30 313
659 28 313
664 24 312
667 23 310
668 27 305
670 25 305
672 25 303
675 23 302
676 20 304
679 20 301
684 13 303
687 9 304
688 14 298
687 16 297
690 16 294
691 12 297
696 11 293
693 14 293
696 14 290
693 20 287
690 23 287
691 26 283
692 25 283
691 30 279
689 29 282
692 26 282
686 28 286
686 25 289
690 23 287
697 24 279
697 21 282
698 24 278
694 27 279
692 26 282
691 31 278
688 33 279
685 36 279
679 37 284
673 39 288
667 49 284
663 50 287
662 46 292
660 49 291
661 45 294
658 41 301
657 44 299
658 42 300
658 40 302
657 45 298
657 46 297
657 53 290
659 46 295
653 48 299
651 46 303
652 42 306
652 39 309
654 41 305
657 34 309
660 33 307
663 34 303
665 33 302
667 28 305
668 26 306
665 32 303
664 31 305
665 30 305
671 29 300
668 34 298
668 37 295
668 33 299
670 28 302
663 29 308
665 28 307
662 29 309
661 27 312
661 27 312
660 27 313
656 31 313
654 37 309
654 29 317
656 31 313
661 32 307
658 34 308
663 33 304
670 32 298
672 33 295
676 29 295
675 30 295
677 26 297
683 22 295
684 20 296
686 18 296
691 20 289
697 19 284
702 23 275
702 25 273
705 25 270
706 25 269
707 27 266
708 27 265
701 33 266
695 38 267
688 42 270
683 46 271
675 49 276
673 50 277
670 47 283
661 54 285
655 55 290
648 59 293
637 65 298
630 66 304
622 68 310
612 74 314
595 86 319
584 84 332
572 89 339
572 83 345
566 86 348
562 84 354
551 87 362
549 82 369
545 70 385
547 71 382
544 73 383
540 64 396
542 61 397
543 62 395
542 61 397
540 62 398
544 51 405
547 50 403
547 49 404
544 49 407
543 48 409
551 48 401
555 43 402
556 40 404
562 37 401
564 34 402
570 31 399
571 31 398
575 32 393
573 34 393
578 31 391
583 32 385
581 34 385
585 32 383
587 28 385
594 24 382
600 22 378
605 24 371
612 20 368
616 20 364
619 23 358
615 27 358
614 29 357
611 32 357
609 34 357
604 37 359
609 32 359
609 28 363
615 21 364
621 22 357
621 23 356
625 21 354
634 21 345
635 25 340
632 26 342
635 25 340
637 25 338
638 29 333
642 31 327
643 32 325
643 29 328
645 27 328
643 29 328
646 26 328
650 25 325
654 21 325
646 30 324
654 29 317
656 29 315
652 32 316
651 34 315
654 33 313
662 26 312
666 22 312
676 19 305
675 24 301
673 26 301
670 29 301
665 32 303
658 33 309
659 31 310
645 40 315
647 36 317
648 36 316
645 34 321
647 34 319
651 39 310
649 45 306
649 42 309
647 43 310
644 42 314
640 46 314
639 43 318
629 46 325
632 47 321
628 49 323
626 52 322
629 50 321
623 48 329
618 52 330
615 53 332
606 59 335
598 66 336
601 65 334
600 61 339
591 64 345
587 61 352
587 62 351
581 62 357
575 61 364
574 53 373
583 49 368
583 45 372
584 44 372
591 39 370
593 35 372
597 36 367
593 40 367
596 37 367
601 35 364
602 36 362
600 38 362
594 41 365
598 40 362
604 37 359
610 33 357
612 29 359
615 30 355
620 27 353
620 29 351
622 29 349
624 24 352
630 24 346
632 21 347
632 21 347
631 23 346
636 23 341
644 20 336
646 21 333
647 18 335
649 20 331
649 19 332
642 26 332
638 29 333
636 24 340
633 23 344
634 26 340
638 31 331
643 31 326
644 23 333
647 19 334
647 22 331
646 25 329
647 25 328
652 25 323
657 23 320
670 21 309
669 22 309
673 19 308
677 17 306
680 18 302
684 17 299
686 20 294
682 25 293
683 27 290
686 23 291
686 24 290
694 20 286
695 17 288
700 16 284
706 16 278
706 17 277
706 20 274
696 29 275
694 32 274
692 33 275
686 37 277
686 34 280
686 35 279
681 36 283
671 40 289
664 43 293
661 45 294
654 47 299
652 46 302
650 42 308
651 37 312
657 35 308
660 36 304
659 33 308
659 31 310
654 36 310
656 38 306
655 39 306
652 36 312
645 37 318
639 41 320
637 47 316
637 42 321
628 49 323
629 48 323
628 48 324
624 44 332
629 35 336
628 36 336
626 38 336
628 36 336
630 35 335
634 37 329
635 31 334
634 35 331
632 39 329
629 40 331
631 34 335
628 36 336
633 38 329
638 37 325
636 33 331
637 35 328
638 35 327
643 30 327
648 21 331
654 19 327
657 18 325
664 15 321
670 12 318
669 14 317
677 15 308
679 12 309
686 12 302
694 11 295
698 11 291
700 10 290
700 11 289
703 12 285
703 13 284
706 11 283
708 14 278
712 13 275
713 11 276
713 13 274
715 15 270
712 17 271
719 15 266
713 22 265
714 21 265
709 25 266
706 27 267
704 28 268
707 25 268
706 24 270
705 22 273
709 19 272
707 21 272
714 21 265
718 22 260
717 24 259
719 20 261
717 19 264
720 23 257
718 28 254
714 32 254
713 34 253
706 42 252
706 45 249
696 60 244
681 74 245
665 79 256
638 101 261
631 99 270
621 97 282
614 89 297
604 92 304
598 89 313
594 83 323
592 82 326
594 79 327
594 81 325
597 76 327
591 80 329
592 76 332
590 70 340
586 64 350
584 56 360
581 57 362
582 50 368
578 55 367
582 52 366
581 53 366
582 51 367
580 52 368
580 43 377
578 37 385
582 34 384
579 32 389
573 34 393
568 39 393
567 40 393
567 36 397
568 34 398
565 38 397
569 33 398
574 30 396
583 30 387
587 32 381
595 34 371
595 33 372
594 34 372
599 28 373
602 26 372
599 23 378
597 25 378
598 27 375
599 29 372
600 30 370
592 38 370
594 35 371
593 39 368
592 43 365
598 42 360
596 45 359
593 45 362
592 42 366
596 37 367
601 34 365
607 36 357
606 35 359
610 33 357
615 34 351
622 30 348
622 26 352
626 27 347
632 23 345
637 19 344
639 17 344
641 17 342
643 16 341
646 18 336
653 20 327
657 20 323
660 15 325
663 13 324
664 11 325
665 12 323
674 10 316
678 10 312
684 8 308
688 7 305
698 7 295
702 9 289
706 10 284
712 13 275
717 14 269
718 14 268
721 16 263
728 12 260
732 11 257
735 10 255
734 11 255
735 9 256
737 9 254
738 6 256
743 5 252
747 4 249
748 5 247
756 6 238
760 5 235
761 6 233
764 6 230
762 9 229
764 8 228
765 11 224
767 13 220
764 20 216
768 20 212
768 21 211
765 22 213
756 31 213
743 42 215
735 44 221
724 45 231
718 53 229
705 53 242
700 50 250
691 45 264
688 47 265
687 49 264
687 47 266
685 38 277
682 36 282
682 41 277
678 40 282
685 36 279
688 30 282
692 34 274
693 32 275
691 32 277
691 34 275
688 36 276
683 36 281
679 40 281
681 43 276
687 42 271
686 43 271
680 46 274
676 43 281
675 35 290
669 41 290
663 44 293
663 41 296
662 43 295
660 45 295
656 44 300
655 43 302
662 42 296
663 44 293
661 47 292
665 48 287
657 47 296
658 47 295
662 44 294
660 45 295
661 44 295
655 47 298
657 42 301
657 40 303
656 43 301
648 46 306
642 42 316
635 48 317
636 44 320
636 47 317
632 45 323
631 48 321
626 51 323
622 52 326
626 50 324
626 49 325
625 49 326
623 43 334
623 41 336
622 44 334
619 45 336
615 48 337
622 42 336
619 39 342
618 39 343
617 40 343
615 41 344
617 39 344
613 37 350
614 37 349
614 43 343
619 40 341
620 36 344
621 34 345
627 32 341
631 30 339
634 27 339
639 26 335
645 25 330
646 21 333
648 18 334
652 18 330
657 15 328
660 18 322
668 18 314
668 24 308
671 24 305
