1000 0 0
1000 0 0
1000 0 0
1000 0 0
997 3 0
994 4 2
994 4 2
994 3 3
993 4 3
991 5 4
990 6 4
987 7 6
983 9 8
983 7 10
982 7 11
980 9 11
980 10 10
976 11 13
974 13 13
965 20 15
954 30 16
944 33 23
933 37 30
915 44 41
896 51 53
884 53 63
875 57 68
859 67 74
842 76 82
829 80 91
809 88 103
788 90 122
777 89 134
756 97 147
741 98 161
728 94 178
723 91 186
711 93 196
688 108 204
676 110 214
643 119 238
630 121 249
620 114 266
619 104 277
606 108 286
594 114 292
581 109 310
573 100 327
555 107 338
548 105 347
540 106 354
529 102 369
524 99 377
528 90 382
525 91 384
519 90 391
520 79 401
520 78 402
517 73 410
519 71 410
517 64 419
515 59 426
519 55 426
528 46 426
533 43 424
538 42 420
538 42 420
542 39 419
548 30 422
554 28 418
558 24 418
563 20 417
571 22 407
583 16 401
589 13 398
598 14 388
601 13 386
601 15 384
608 13 379
612 10 378
615 11 374
617 12 371
617 13 370
621 15 364
630 16 354
635 15 350
637 13 350
638 16 346
643 13 344
648 12 340
650 13 337
658 13 329
661 11 328
663 8 329
665 9 326
671 10 319
679 10 311
683 13 304
691 14 295
693 16 291
695 18 287
692 21 287
695 23 282
695 21 284
697 19 284
700 18 282
706 19 275
711 18 271
714 19 267
712 22 266
715 24 261
716 24 260
716 24 260
716 22 262
719 17 264
725 20 255
727 19 254
727 17 256
727 19 254
727 21 252
731 19 250
732 19 249
738 17 245
739 16 245
740 16 244
748 14 238
745 18 237
743 19 238
742 21 237
745 17 238
754 15 231
759 16 225
760 12 228
765 11 224
771 12 217
774 11 215
775 12 213
774 15 211
773 13 214
777 13 210
775 13 212
779 14 207
781 16 203
782 20 198
785 17 198
787 17 196
781 24 195
776 30 194
776 30 194
777 27 196
776 28 196
776 28 196
774 31 195
770 31 199
773 24 203
772 28 200
771 23 206
768 24 208
764 27 209
760 30 210
757 29 214
756 26 218
750 26 224
747 31 222
741 35 224
738 35 227
732 41 227
732 36 232
730 39 231
729 36 235
728 44 228
722 43 235
721 42 237
714 45 241
711 47 242
708 51 241
704 50 246
699 54 247
692 60 248
682 65 253
673 69 258
667 57 276
663 59 278
658 59 283
647 64 289
644 61 295
645 60 295
640 66 294
640 60 300
637 61 302
629 64 307
620 67 313
616 62 322
615 55 330
617 48 335
616 46 338
610 50 340
606 50 344
608 51 341
610 50 340
616 49 335
614 49 337
614 39 347
610 37 353
615 35 350
619 33 348
616 37 347
621 36 343
623 35 342
627 31 342
632 32 336
635 28 337
638 28 334
641 28 331
647 30 323
648 26 326
650 26 324
655 30 315
658 30 312
660 29 311
668 25 307
675 22 303
678 20 302
678 21 301
682 17 301
680 21 299
680 23 297
681 22 297
679 25 296
682 24 294
684 25 291
685 22 293
688 24 288
690 23 287
694 20 286
695 20 285
699 19 282
701 19 280
700 20 280
699 23 278
702 23 275
706 19 275
709 17 274
709 17 274
711 14 275
716 14 270
719 15 266
719 18 263
718 22 260
718 21 261
722 21 257
728 22 250
728 24 248
727 23 250
727 23 250
729 23 248
721 30 249
721 31 248
724 27 249
729 22 249
734 17 249
735 20 245
732 20 248
736 21 243
737 19 244
743 17 240
739 15 246
738 19 243
735 20 245
732 24 244
731 23 246
734 24 242
733 22 245
731 25 244
732 24 244
729 27 244
732 26 242
726 31 243
729 28 243
728 33 239
734 32 234
730 36 234
721 37 242
722 35 243
721 36 243
719 38 243
721 32 247
721 33 246
720 31 249
718 27 255
720 24 256
717 30 253
716 31 253
715 34 251
711 37 252
709 32 259
698 39 263
702 34 264
700 37 263
695 36 269
689 37 274
689 39 272
693 37 270
691 41 268
691 44 265
686 46 268
683 47 270
678 51 271
673 47 280
673 43 284
672 34 294
682 32 286
681 31 288
683 30 287
687 25 288
686 28 286
690 28 282
692 29 279
692 25 283
698 24 278
692 32 276
699 32 269
702 32 266
698 33 269
700 29 271
698 27 275
700 28 272
700 31 269
706 31 263
706 31 263
704 33 263
701 36 263
702 39 259
694 45 261
690 41 269
690 42 268
689 42 269
691 46 263
684 46 270
682 48 270
678 45 277
676 41 283
677 43 280
672 40 288
671 36 293
672 33 295
679 29 292
677 27 296
683 25 292
683 25 292
686 27 287
688 23 289
693 20 287
697 18 285
706 18 276
710 16 274
716 18 266
723 17 260
720 17 263
723 15 262
723 19 258
729 19 252
728 22 250
725 28 247
729 19 252
734 18 248
734 15 251
735 17 248
737 15 248
742 12 246
742 11 247
745 11 244
746 10 244
748 11 241
749 12 239
751 13 236
756 12 232
760 12 228
763 11 226
766 12 222
767 15 218
769 14 217
768 12 220
771 10 219
769 14 217
769 16 215
771 15 214
776 16 208
776 13 211
780 11 209
783 12 205
785 12 203
783 15 202
785 13 202
781 19 200
782 21 197
780 24 196
775 32 193
770 31 199
763 35 202
759 39 202
747 53 200
741 52 207
739 56 205
724 66 210
723 59 218
708 57 235
699 58 243
697 56 247
697 47 256
698 47 255
695 45 260
685 49 266
680 52 268
681 49 270
679 46 275
679 50 271
676 50 274
678 44 278
678 47 275
680 50 270
677 51 272
673 55 272
675 45 280
672 48 280
663 47 290
660 49 291
665 43 292
666 40 294
664 43 293
666 40 294
661 44 295
659 45 296
656 50 294
659 51 290
656 53 291
653 43 304
651 45 304
646 47 307
639 46 315
634 49 317
635 48 317
632 47 321
635 45 320
632 41 327
631 39 330
628 36 336
629 36 335
628 29 343
635 22 343
641 18 341
645 18 337
651 16 333
655 16 329
661 13 326
663 14 323
663 13 324
666 13 321
669 11 320
671 11 318
666 16 318
665 21 314
670 23 307
674 18 308
672 17 311
675 15 310
673 21 306
674 21 305
674 22 304
672 23 305
670 26 304
672 21 307
673 23 304
671 24 305
674 20 306
679 19 302
681 19 300
686 18 296
689 16 295
694 14 292
699 13 288
701 16 283
709 15 276
708 16 276
709 16 275
711 14 275
712 18 270
717 16 267
719 15 266
719 16 265
718 21 261
714 27 259
711 30 259
706 29 265
707 23 270
706 19 275
712 15 273
711 12 277
707 14 279
705 20 275
708 21 271
711 16 273
711 13 276
716 14 270
719 13 268
723 13 264
724 13 263
724 13 263
731 10 259
733 13 254
737 13 250
740 11 249
751 9 240
755 10 235
759 10 231
757 11 232
763 9 228
764 10 226
764 10 226
759 14 227
755 20 225
758 22 220
756 21 223
762 19 219
761 22 217
756 26 218
757 24 219
755 26 219
756 22 222
757 22 221
751 27 222
750 27 223
752 29 219
756 28 216
746 38 216
743 33 224
740 36 224
742 34 224
739 40 221
733 43 224
724 51 225
719 55 226
711 50 239
699 53 248
693 58 249
685 60 255
673 65 262
663 62 275
660 57 283
656 55 289
652 58 290
654 55 291
648 54 298
649 51 300
645 53 302
639 56 305
625 65 310
622 65 313
620 67 313
618 61 321
618 60 322
612 63 325
611 62 327
610 58 332
613 56 331
612 56 332
609 56 335
612 51 337
612 49 339
613 52 335
608 56 336
614 47 339
615 44 341
618 42 340
623 39 338
627 35 338
630 27 343
632 27 341
635 27 338
642 30 328
641 31 328
641 31 328
645 26 329
639 35 326
635 34 331
644 30 326
643 31 326
644 32 324
647 33 320
649 38 313
649 39 312
658 32 310
657 34 309
664 34 302
664 34 302
658 36 306
660 36 304
662 36 302
665 32 303
667 32 301
674 29 297
670 31 299
668 27 305
667 31 302
665 35 300
663 33 304
659 35 306
657 34 309
655 40 305
657 41 302
657 42 301
658 39 303
664 38 298
666 39 295
666 36 298
660 45 295
658 48 294
650 52 298
644 56 300
638 61 301
630 63 307
629 64 307
622 59 319
619 65 316
616 59 325
605 66 329
595 72 333
587 71 342
582 69 349
577 68 355
573 65 362
570 63 367
565 67 368
563 63 374
566 56 378
567 53 380
570 49 381
570 50 380
572 41 387
575 44 381
578 41 381
572 46 382
574 36 390
578 35 387
577 33 390
583 32 385
584 38 378
585 41 374
587 42 371
589 42 369
594 40 366
596 38 366
592 40 368
588 41 371
597 39 364
604 39 357
600 36 364
601 30 369
597 29 374
598 30 372
599 26 375
598 26 376
600 29 371
603 24 373
606 18 376
609 19 372
613 19 368
621 17 362
626 17 357
631 13 356
635 10 355
641 8 351
650 8 342
653 11 336
663 10 327
662 14 324
666 12 322
673 12 315
675 14 311
681 12 307
685 12 303
687 11 302
687 12 301
688 14 298
690 16 294
690 13 297
689 16 295
692 15 293
699 18 283
707 14 279
707 16 277
710 15 275
709 17 274
709 18 273
713 17 270
714 19 267
719 17 264
717 18 265
716 18 266
715 18 267
711 17 272
712 17 271
716 13 271
721 12 267
722 14 264
723 15 262
727 20 253
728 17 255
731 15 254
733 15 252
730 19 251
736 16 248
736 19 245
738 19 243
741 18 241
744 17 239
745 20 235
745 18 237
745 19 236
744 23 233
747 25 228
746 22 232
746 20 234
744 23 233
743 20 237
745 24 231
745 26 229
738 26 236
739 27 234
738 28 234
734 33 233
730 32 238
726 39 235
719 44 237
712 48 240
705 50 245
703 42 255
702 49 249
701 48 251
688 56 256
684 55 261
677 57 266
676 53 271
666 58 276
659 58 283
652 58 290
648 54 298
647 51 302
644 46 310
644 43 313
643 44 313
644 47 309
643 51 306
642 46 312
640 45 315
642 45 313
642 40 318
637 40 323
639 32 329
646 29 325
644 31 325
643 32 325
647 28 325
656 24 320
659 25 316
661 24 315
668 19 313
671 25 304
677 25 298
675 29 296
677 28 295
675 29 296
678 25 297
683 23 294
687 21 292
688 21 291
692 21 287
693 19 288
694 19 287
694 23 283
695 22 283
695 19 286
701 17 282
707 14 279
709 13 278
716 14 270
717 15 268
721 15 264
726 13 261
727 14 259
729 14 257
728 17 255
723 21 256
720 20 260
720 23 257
719 22 259
718 23 259
716 25 259
721 24 255
717 26 257
715 22 263
709 25 266
716 22 262
724 17 259
728 13 259
733 13 254
735 13 252
733 17 250
736 17 247
741 18 241
738 22 240
733 24 243
738 24 238
736 29 235
738 28 234
733 31 236
724 35 241
727 32 241
720 39 241
722 35 243
721 33 246
724 31 245
727 28 245
726 23 251
730 19 251
727 23 250
728 24 248
726 26 248
730 23 247
729 20 251
733 14 253
732 13 255
737 12 251
741 8 251
744 8 248
748 6 246
755 6 239
756 10 234
752 10 238
754 12 234
755 10 235
762 9 229
763 8 229
765 7 228
762 13 225
765 14 221
762 14 224
764 8 228
767 8 225
765 13 222
763 15 222
761 16 223
760 19 221
759 20 221
765 16 219
761 24 215
760 20 220
761 24 215
760 28 212
756 29 215
759 22 219
760 22 218
761 23 216
759 27 214
758 30 212
756 31 213
753 32 215
755 32 213
755 36 209
752 41 207
746 42 212
744 41 215
741 42 217
737 41 222
737 39 224
732 38 230
725 41 234
721 44 235
719 45 236
715 44 241
707 42 251
696 50 254
697 45 258
693 43 264
693 35 272
688 38 274
687 36 277
684 40 276
687 37 276
687 38 275
679 42 279
680 43 277
681 35 284
679 36 285
679 41 280
676 45 279
676 49 275
677 44 279
680 45 275
678 49 273
666 53 281
660 58 282
658 59 283
658 53 289
657 55 288
653 58 289
645 61 294
639 59 302
634 56 310
635 53 312
631 51 318
619 58 323
616 54 330
610 57 333
605 55 340
605 50 345
603 50 347
602 44 354
603 45 352
599 47 354
603 37 360
604 29 367
605 28 367
609 31 360
606 30 364
608 34 358
619 32 349
623 32 345
628 29 343
623 31 346
624 26 350
627 27 346
629 29 342
628 30 342
631 24 345
636 23 341
638 19 343
640 19 341
646 16 338
650 17 333
652 17 331
653 18 329
652 20 328
656 20 324
656 20 324
658 20 322
659 16 325
659 17 324
663 20 317
664 21 315
670 19 311
674 16 310
675 19 306
674 23 303
683 18 299
686 16 298
687 17 296
684 19 297
685 20 295
694 19 287
693 20 287
691 26 283
687 30 283
684 32 284
688 29 283
686 27 287
683 28 289
675 39 286
671 40 289
672 35 293
669 34 297
673 32 295
674 28 298
675 22 303
677 21 302
679 21 300
681 18 301
685 13 302
691 12 297
697 12 291
700 9 291
705 8 287
709 7 284
718 6 276
718 7 275
724 9 267
725 8 267
726 9 265
727 12 261
729 11 260
731 12 257
733 12 255
731 13 256
732 13 255
734 11 255
740 13 247
740 15 245
744 11 245
746 10 244
747 9 244
747 8 245
