1000 0 0
1000 0 0
1000 0 0
1000 0 0
1000 0 0
999 1 0
995 5 0
991 9 0
983 17 0
978 17 5
964 29 7
953 34 13
943 37 20
938 38 24
924 46 30
907 58 35
887 65 48
875 63 62
859 72 69
847 77 76
836 78 86
816 89 95
788 98 114
768 105 127
746 115 139
719 124 157
704 124 172
688 118 194
671 117 212
662 102 236
650 101 249
639 106 255
628 101 271
618 106 276
606 107 287
594 108 298
588 100 312
584 92 324
584 88 328
582 84 334
570 85 345
567 78 355
566 75 359
563 68 369
555 69 376
553 61 386
554 51 395
552 50 398
560 50 390
564 45 391
564 48 388
563 52 385
570 46 384
570 41 389
568 37 395
570 35 395
568 33 399
569 34 397
570 34 396
569 34 397
570 35 395
569 38 393
570 34 396
577 29 394
578 31 391
576 34 390
582 31 387
585 32 383
590 33 377
594 29 377
597 30 373
597 28 375
597 27 376
602 26 372
606 25 369
610 24 366
610 23 367
618 23 359
618 26 356
627 26 347
631 24 345
632 27 341
630 27 343
637 27 336
641 24 335
643 23 334
647 25 328
650 25 325
656 20 324
659 22 319
660 22 318
662 19 319
666 18 316
668 11 321
670 13 317
670 17 313
672 17 311
672 17 311
674 16 310
683 10 307
692 10 298
696 10 294
694 14 292
697 15 288
699 14 287
707 10 283
711 8 281
713 7 280
717 9 274
720 3 277
725 3 272
729 3 268
729 5 266
732 5 263
735 4 261
738 4 258
741 4 255
745 5 250
748 6 246
755 5 240
755 10 235
758 11 231
761 10 229
761 11 228
767 7 226
770 8 222
773 8 219
777 10 213
778 13 209
783 12 205
782 11 207
784 9 207
783 10 207
784 10 206
786 11 203
787 12 201
786 13 201
785 12 203
792 9 199
790 8 202
789 10 201
790 9 201
786 13 201
785 13 202
792 10 198
793 10 197
790 15 195
785 17 198
789 15 196
789 18 193
786 20 194
785 23 192
781 26 193
774 30 196
773 28 199
775 30 195
769 30 201
762 35 203
754 38 208
750 37 213
750 42 208
745 45 210
741 47 212
734 50 216
726 53 221
723 50 227
723 45 232
718 51 231
717 47 236
705 54 241
702 56 242
698 54 248
697 52 251
696 50 254
693 55 252
689 57 254
693 50 257
690 48 262
687 44 269
689 43 268
685 51 264
682 49 269
674 51 275
669 57 274
663 56 281
656 61 283
653 55 292
653 49 298
650 48 302
646 48 306
639 53 308
635 62 303
631 59 310
630 56 314
628 55 317
629 52 319
627 51 322
627 44 329
626 42 332
628 45 327
632 45 323
640 41 319
634 41 325
633 40 327
634 39 327
636 41 323
642 39 319
642 38 320
636 39 325
638 41 321
642 40 318
648 37 315
643 40 317
640 41 319
637 37 326
638 36 326
637 33 330
643 30 327
650 26 324
656 20 324
658 18 324
660 19 321
663 17 320
667 16 317
667 16 317
672 16 312
672 17 311
676 13 311
677 16 307
674 19 307
678 19 303
685 19 296
682 18 300
680 19 301
683 20 297
685 20 295
687 18 295
690 15 295
697 17 286
705 15 280
708 16 276
713 15 272
713 15 272
717 16 267
719 17 264
725 18 257
720 22 258
715 25 260
714 26 260
713 25 262
717 23 260
717 26 257
719 27 254
716 28 256
715 27 258
717 27 256
721 28 251
717 29 254
718 29 253
717 28 255
719 26 255
721 26 253
719 27 254
720 25 255
719 23 258
719 26 255
715 30 255
717 30 253
718 29 253
721 26 253
723 28 249
721 30 249
717 36 247
715 39 246
713 40 247
707 37 256
707 36 257
707 32 261
704 32 264
701 36 263
707 33 260
704 35 261
704 31 265
700 32 268
702 30 268
702 31 267
703 34 263
702 32 266
699 35 266
700 39 261
695 40 265
692 45 263
685 44 271
686 40 274
676 41 283
674 42 284
675 40 285
672 46 282
669 51 280
670 49 281
670 49 281
668 44 288
668 39 293
668 29 303
667 29 304
665 32 303
665 27 308
671 25 304
677 23 300
676 26 298
674 25 301
674 26 300
674 29 297
672 29 299
669 31 300
663 35 302
660 42 298
657 43 300
650 55 295
647 51 302
645 50 305
647 43 310
651 39 310
655 36 309
656 32 312
647 35 318
652 34 314
657 33 310
660 35 305
658 38 304
658 41 301
661 36 303
667 32 301
668 30 302
667 32 301
671 32 297
677 28 295
674 27 299
671 30 299
672 31 297
670 34 296
673 29 298
673 31 296
678 29 293
680 30 290
679 31 290
675 34 291
681 33 286
687 29 284
688 29 283
690 27 283
696 25 279
694 22 284
695 24 281
698 20 282
701 23 276
702 30 268
698 31 271
694 34 272
695 32 273
697 33 270
692 35 273
692 37 271
687 38 275
681 42 277
684 40 276
680 42 278
679 39 282
674 41 285
678 32 290
682 29 289
686 27 287
683 33 284
687 34 279
684 42 274
683 36 281
682 36 282
681 29 290
680 32 288
670 38 292
668 38 294
666 41 293
661 40 299
658 45 297
662 41 297
663 41 296
654 48 298
652 45 303
651 46 303
648 47 305
649 44 307
656 41 303
656 38 306
658 34 308
663 33 304
661 34 305
660 34 306
662 27 311
664 26 310
664 30 306
664 31 305
665 35 300
660 35 305
661 26 313
664 21 315
663 17 320
665 20 315
670 21 309
673 22 305
684 18 298
688 14 298
694 12 294
695 14 291
696 15 289
698 20 282
703 16 281
707 15 278
709 17 274
712 18 270
713 17 270
716 18 266
715 20 265
716 18 266
720 13 267
720 17 263
714 23 263
718 20 262
724 19 257
728 19 253
728 17 255
734 16 250
736 16 248
740 17 243
741 17 242
740 17 243
732 29 239
730 30 240
728 33 239
719 43 238
711 47 242
715 41 244
714 40 246
713 33 254
716 28 256
714 26 260
712 29 259
710 30 260
708 30 262
710 31 259
710 33 257
711 37 252
707 41 252
700 40 260
695 46 259
702 41 257
704 38 258
694 45 261
690 36 274
688 34 278
687 33 280
689 32 279
694 26 280
695 27 278
701 22 277
705 24 271
709 23 268
717 18 265
722 17 261
720 15 265
721 19 260
718 19 263
721 16 263
718 17 265
715 17 268
715 19 266
709 24 267
715 17 268
718 18 264
720 24 256
725 20 255
728 22 250
731 23 246
729 28 243
729 24 247
728 19 253
729 21 250
726 19 255
724 20 256
724 20 256
728 17 255
731 16 253
734 17 249
734 15 251
731 19 250
733 21 246
734 20 246
735 18 247
734 18 248
739 15 246
750 11 239
749 11 240
751 11 238
756 12 232
757 17 226
765 18 217
772 17 211
775 17 208
777 18 205
778 18 204
782 18 200
777 20 203
780 23 197
778 24 198
777 28 195
778 30 192
776 31 193
775 34 191
776 34 190
771 37 192
768 38 194
764 39 197
760 34 206
757 31 212
757 29 214
755 26 219
756 22 222
757 21 222
757 20 223
760 20 220
761 18 221
759 21 220
762 17 221
759 18 223
760 13 227
760 11 229
763 10 227
760 13 227
762 11 227
766 13 221
764 16 220
763 14 223
769 14 217
766 15 219
771 13 216
772 12 216
778 10 212
781 10 209
786 9 205
785 11 204
783 12 205
785 10 205
786 12 202
788 13 199
788 16 196
795 12 193
797 13 190
799 9 192
800 12 188
797 13 190
797 13 190
797 14 189
794 17 189
792 23 185
789 27 184
786 29 185
781 29 190
780 28 192
779 28 193
773 31 196
764 37 199
765 33 202
761 31 208
754 35 211
752 36 212
750 38 212
749 28 223
752 29 219
750 29 221
748 30 222
746 25 229
747 25 228
747 28 225
746 29 225
747 27 226
745 27 228
745 26 229
742 31 227
741 30 229
736 34 230
731 35 234
723 39 238
719 43 238
714 43 243
710 44 246
709 41 250
708 41 251
703 42 255
698 44 258
695 42 263
693 38 269
692 38 270
692 40 268
692 36 272
694 34 272
702 33 265
704 27 269
708 26 266
708 27 265
704 29 267
705 35 260
706 34 260
704 32 264
695 39 266
697 39 264
696 37 267
696 39 265
696 37 267
693 38 269
693 39 268
690 42 268
692 40 268
698 37 265
695 38 267
693 33 274
695 24 281
696 26 278
701 24 275
700 23 277
704 22 274
704 25 271
706 23 271
702 25 273
704 24 272
703 29 268
702 31 267
704 33 263
704 32 264
702 33 265
703 30 267
701 34 265
696 29 275
695 29 276
691 28 281
693 30 277
692 28 280
689 31 280
687 38 275
689 36 275
689 39 272
686 40 274
680 41 279
679 38 283
676 34 290
673 36 291
669 37 294
669 36 295
666 36 298
660 38 302
656 38 306
650 42 308
652 44 304
653 43 304
656 39 305
660 36 304
659 30 311
658 35 307
654 37 309
652 41 307
656 33 311
658 30 312
658 31 311
662 28 310
668 25 307
672 25 303
669 26 305
669 24 307
671 23 306
669 24 307
675 23 302
677 23 300
680 23 297
685 29 286
682 28 290
685 26 289
684 30 286
684 30 286
687 28 285
686 30 284
682 29 289
681 32 287
681 26 293
683 24 293
687 26 287
686 23 291
684 26 290
685 28 287
684 31 285
677 34 289
677 31 292
678 30 292
676 29 295
681 24 295
683 22 295
684 16 300
688 13 299
690 12 298
692 12 296
694 11 295
701 7 292
708 6 286
708 8 284
715 9 276
717 11 272
721 11 268
724 11 265
725 11 264
724 12 264
726 12 262
728 9 263
729 8 263
737 8 255
736 10 254
737 10 253
743 7 250
749 7 244
756 4 240
767 4 229
770 4 226
774 4 222
773 7 220
778 9 213
777 11 212
780 13 207
783 13 204
783 12 205
782 16 202
779 21 200
778 21 201
781 17 202
784 18 198
785 18 197
783 21 196
786 22 192
785 21 194
788 17 195
789 19 192
792 20 188
794 21 185
796 18 186
794 20 186
794 21 185
792 22 186
795 17 188
800 12 188
802 10 188
807 7 186
806 6 188
807 5 188
806 5 189
807 7 186
807 6 187
806 7 187
806 10 184
804 12 184
796 22 182
791 27 182
792 21 187
789 23 188
784 28 188
778 34 188
772 38 190
775 33 192
776 37 187
772 40 188
770 38 192
763 43 194
752 51 197
743 52 205
735 51 214
728 54 218
720 55 225
714 48 238
715 43 242
705 48 247
704 48 248
701 51 248
695 50 255
696 51 253
694 54 252
688 51 261
685 47 268
680 45 275
684 41 275
692 39 269
695 36 269
700 33 267
699 39 262
701 39 260
700 39 261
700 39 261
701 42 257
702 44 254
700 47 253
701 45 254
697 49 254
696 50 254
690 47 263
686 51 263
683 48 269
682 41 277
685 46 269
682 45 273
678 48 274
669 51 280
664 52 284
658 55 287
651 58 291
648 58 294
642 61 297
640 59 301
644 56 300
638 56 306
638 55 307
632 56 312
632 56 312
630 51 319
629 43 328
626 45 329
628 44 328
626 49 325
627 46 327
629 40 331
634 35 331
633 34 333
632 28 340
627 29 344
630 27 343
633 24 343
640 22 338
641 22 337
645 24 331
649 24 327
650 25 325
649 24 327
655 25 320
656 27 317
654 27 319
656 29 315
655 28 317
659 27 314
665 27 308
664 28 308
670 21 309
675 22 303
673 23 304
676 18 306
681 17 302
683 17 300
689 16 295
689 19 292
690 16 294
690 17 293
693 14 293
695 17 288
697 13 290
699 12 289
702 10 288
706 10 284
708 11 281
710 11 279
714 10 276
716 11 273
719 10 271
724 9 267
728 10 262
733 11 256
734 14 252
728 16 256
734 15 251
732 20 248
733 16 251
736 15 249
735 18 247
740 15 245
740 15 245
736 16 248
736 14 250
738 16 246
735 17 248
732 16 252
738 16 246
739 17 244
746 15 239
752 15 233
751 16 233
752 14 234
754 15 231
753 17 230
756 18 226
753 24 223
755 19 226
760 17 223
761 17 222
761 19 220
762 23 215
758 22 220
760 19 221
761 19 220
769 18 213
769 20 211
774 19 207
776 15 209
779 16 205
780 17 203
782 15 203
783 13 204
785 9 206
785 10 205
785 11 204
785 15 200
784 17 199
785 19 196
780 19 201
778 19 203
780 22 198
774 27 199
774 25 201
770 31 199
766 30 204
765 30 205
761 33 206
761 28 211
761 33 206
755 37 208
751 42 207
744 43 213
736 43 221
733 42 225
735 44 221
737 41 222
733 42 225
734 35 231
737 29 234
735 31 234
734 28 238
736 25 239
737 24 239
738 21 241
741 21 238
744 21 235
746 23 231
748 26 226
748 28 224
748 24 228
749 25 226
750 25 225
749 28 223
746 31 223
741 37 222
739 36 225
733 37 230
728 39 233
727 39 234
725 32 243
726 34 240
725 34 241
720 36 244
711 42 247
704 43 253
703 38 259
704 38 258
705 37 258
701 33 266
699 34 267
705 30 265
704 30 266
707 27 266
704 31 265
701 31 268
700 31 269
695 35 270
691 31 278
693 29 278
695 28 277
696 28 276
698 33 269
698 30 272
702 26 272
701 28 271
704 28 268
705 25 270
704 30 266
701 32 267
696 33 271
698 30 272
691 33 276
694 26 280
694 32 274
693 32 275
694 28 278
695 31 274
