1000 0 0
1000 0 0
997 3 0
998 1 1
991 8 1
984 15 1
979 17 4
970 21 9
964 26 10
956 28 16
938 40 22
917 50 33
885 73 42
846 97 57
812 111 77
795 108 97
765 118 117
733 132 135
708 137 155
694 139 167
665 156 179
636 156 208
608 161 231
587 157 256
573 144 283
559 138 303
550 130 320
542 127 331
533 119 348
527 106 367
522 105 373
518 101 381
513 97 390
502 100 398
498 98 404
495 93 412
493 93 414
495 90 415
494 88 418
492 82 426
488 79 433
489 68 443
488 67 445
483 68 449
481 72 447
483 67 450
491 56 453
496 49 455
493 46 461
498 43 459
503 39 458
507 37 456
514 35 451
516 36 448
519 33 448
524 29 447
531 27 442
535 29 436
542 25 433
549 21 430
556 18 426
560 14 426
568 15 417
572 15 413
575 15 410
584 14 402
579 19 402
588 20 392
595 15 390
599 15 386
605 13 382
616 13 371
626 13 361
629 12 359
636 10 354
639 9 352
647 9 344
648 6 346
654 6 340
658 6 336
662 5 333
665 2 333
667 1 332
672 1 327
674 2 324
680 2 318
681 3 316
687 2 311
692 2 306
695 3 302
698 2 300
703 2 295
710 2 288
717 2 281
720 1 279
725 0 275
731 2 267
739 2 259
738 4 258
740 4 256
742 3 255
737 7 256
743 4 253
751 4 245
742 11 247
740 16 244
736 20 244
732 26 242
725 28 247
720 33 247
719 29 252
715 34 251
716 30 254
715 35 250
709 41 250
692 50 258
682 56 262
678 52 270
670 53 277
663 56 281
660 57 283
659 57 284
654 57 289
651 52 297
647 49 304
646 51 303
639 51 310
640 55 305
641 51 308
645 53 302
644 49 307
650 44 306
650 41 309
650 46 304
647 47 306
646 46 308
644 48 308
630 60 310
628 60 312
622 65 313
616 65 319
615 63 322
614 60 326
608 59 333
598 59 343
592 53 355
595 55 350
588 54 358
587 45 368
588 42 370
586 42 372
587 38 375
593 37 370
597 38 365
600 36 364
604 33 363
605 35 360
608 35 357
611 33 356
617 24 359
624 22 354
625 21 354
633 14 353
633 12 355
642 11 347
646 14 340
647 16 337
647 14 339
652 15 333
657 12 331
658 15 327
658 17 325
664 17 319
662 21 317
662 24 314
663 29 308
657 37 306
654 39 307
649 41 310
646 45 309
645 40 315
648 43 309
643 45 312
638 45 317
643 39 318
645 37 318
648 35 317
648 34 318
651 30 319
656 27 317
655 30 315
661 28 311
665 26 309
674 24 302
676 21 303
675 18 307
678 16 306
682 16 302
682 21 297
680 21 299
681 18 301
683 15 302
683 13 304
685 11 304
696 11 293
705 9 286
711 13 276
715 14 271
717 16 267
718 18 264
722 15 263
715 22 263
713 25 262
713 28 259
711 33 256
700 40 260
696 38 266
691 44 265
689 47 264
686 51 263
688 45 267
692 44 264
691 44 265
684 50 266
674 53 273
659 69 272
652 79 269
648 78 274
642 76 282
634 80 286
617 85 298
607 91 302
597 88 315
587 83 330
584 74 342
583 68 349
580 64 356
571 65 364
568 58 374
571 51 378
567 50 383
574 43 383
573 35 392
579 31 390
584 32 384
583 36 381
586 33 381
593 34 373
600 26 374
608 22 370
609 24 367
616 17 367
618 20 362
628 21 351
633 19 348
635 17 348
639 17 344
644 13 343
647 10 343
649 10 341
657 9 334
663 9 328
664 9 327
671 13 316
668 14 318
665 17 318
668 19 313
666 25 309
667 23 310
667 24 309
658 33 309
655 35 310
656 36 308
659 37 304
658 32 310
658 30 312
657 34 309
651 37 312
646 41 313
653 43 304
652 40 308
650 39 311
653 36 311
657 37 306
656 36 308
649 40 311
647 38 315
648 37 315
648 34 318
650 34 316
652 34 314
651 32 317
653 29 318
654 28 318
658 25 317
663 25 312
662 26 312
663 28 309
663 26 311
668 27 305
661 36 303
657 42 301
652 46 302
654 43 303
649 46 305
640 54 306
632 59 309
627 62 311
622 60 318
617 58 325
619 59 322
616 57 327
615 48 337
615 50 335
611 44 345
610 44 346
610 39 351
614 34 352
614 31 355
612 27 361
618 25 357
628 23 349
634 19 347
631 25 344
631 26 343
632 27 341
633 26 341
635 26 339
639 23 338
638 22 340
643 19 338
649 18 333
650 17 333
647 19 334
651 20 329
656 20 324
655 24 321
657 25 318
658 25 317
650 30 320
650 32 318
647 30 323
647 27 326
642 31 327
641 31 328
640 34 326
641 32 327
644 29 327
649 28 323
653 32 315
652 35 313
652 31 317
658 26 316
658 26 316
659 25 316
659 28 313
662 28 310
664 27 309
670 24 306
674 24 302
675 24 301
674 24 302
671 29 300
676 28 296
677 27 296
669 32 299
672 30 298
673 31 296
678 27 295
681 28 291
683 25 292
689 21 290
692 22 286
696 16 288
690 23 287
686 29 285
691 26 283
688 27 285
687 31 282
688 31 281
688 33 279
685 30 285
689 25 286
690 23 287
695 21 284
703 17 280
702 23 275
696 28 276
689 33 278
684 37 279
682 37 281
684 39 277
684 41 275
683 41 276
681 37 282
677 38 285
676 39 285
678 44 278
677 43 280
671 45 284
669 49 282
663 47 290
661 46 293
663 45 292
661 42 297
657 38 305
656 37 307
654 36 310
655 36 309
654 39 307
660 36 304
663 37 300
662 31 307
662 33 305
662 31 307
668 26 306
669 26 305
668 27 305
670 24 306
667 28 305
673 24 303
676 26 298
674 28 298
677 28 295
678 24 298
684 23 293
685 25 290
687 26 287
688 25 287
689 24 287
691 21 288
695 17 288
698 17 285
701 14 285
704 15 281
706 16 278
711 14 275
709 19 272
711 18 271
711 20 269
708 26 266
710 28 262
711 29 260
712 24 264
714 23 263
715 22 263
710 30 260
709 29 262
709 26 265
710 24 266
713 27 260
714 22 264
718 16 266
715 17 268
714 15 271
713 16 271
712 18 270
714 18 268
714 18 268
715 18 267
710 21 269
706 21 273
705 21 274
701 27 272
697 26 277
695 29 276
699 26 275
703 28 269
701 29 270
702 29 269
706 29 265
703 31 266
713 26 261
712 29 259
716 28 256
717 24 259
714 28 258
710 29 261
716 32 252
714 37 249
715 34 251
722 29 249
722 28 250
724 25 251
721 31 248
720 36 244
713 39 248
711 38 251
711 39 250
710 38 252
708 38 254
709 35 256
706 37 257
698 41 261
693 49 258
691 45 264
689 43 268
676 55 269
675 56 269
668 50 282
663 50 287
663 42 295
659 40 301
668 36 296
671 32 297
670 37 293
667 36 297
667 36 297
667 35 298
666 30 304
665 32 303
666 36 298
663 39 298
653 45 302
655 44 301
653 44 303
649 45 306
649 42 309
651 35 314
652 28 320
653 27 320
656 24 320
659 22 319
665 18 317
667 17 316
672 13 315
670 13 317
672 18 310
673 19 308
677 23 300
674 26 300
673 28 299
672 28 300
665 33 302
662 31 307
664 31 305
665 34 301
666 32 302
667 32 301
671 25 304
668 31 301
667 31 302
671 28 301
669 31 300
669 31 300
668 29 303
668 30 302
666 33 301
666 35 299
670 35 295
674 32 294
680 31 289
682 32 286
684 31 285
685 30 285
684 31 285
688 26 286
684 27 289
689 21 290
693 21 286
693 22 285
699 25 276
698 28 274
701 26 273
698 28 274
699 28 273
697 28 275
694 28 278
693 30 277
685 36 279
686 38 276
679 46 275
683 44 273
681 46 273
680 48 272
684 45 271
682 38 280
675 41 284
673 40 287
671 38 291
668 40 292
664 40 296
661 39 300
663 37 300
664 38 298
662 40 298
654 42 304
648 50 302
647 51 302
640 52 308
636 56 308
631 54 315
636 55 309
634 52 314
632 48 320
623 55 322
624 47 329
617 52 331
615 52 333
617 50 333
613 42 345
614 38 348
614 39 347
621 36 343
623 36 341
626 39 335
627 36 337
624 30 346
630 25 345
635 20 345
638 19 343
641 15 344
649 15 336
648 17 335
654 11 335
659 12 329
664 12 324
668 10 322
667 13 320
670 12 318
676 17 307
678 14 308
677 16 307
683 19 298
686 21 293
691 21 288
691 26 283
688 27 285
687 30 283
683 32 285
684 34 282
685 32 283
686 34 280
682 38 280
685 36 279
687 34 279
686 34 280
684 38 278
686 42 272
681 48 271
677 43 280
679 35 286
679 34 287
678 38 284
674 40 286
674 38 288
668 44 288
667 37 296
663 35 302
662 33 305
664 29 307
670 27 303
672 24 304
674 24 302
675 25 300
680 20 300
677 19 304
676 24 300
675 29 296
671 37 292
666 39 295
669 39 292
666 39 295
665 41 294
662 40 298
659 40 301
651 44 305
647 48 305
644 50 306
638 53 309
634 57 309
626 63 311
621 65 314
616 63 321
617 62 321
609 69 322
605 64 331
605 53 342
601 44 355
601 48 351
594 54 352
587 55 358
581 57 362
578 59 363
574 60 366
569 55 376
565 58 377
561 57 382
561 54 385
556 56 388
558 54 388
560 48 392
569 49 382
572 44 384
566 48 386
564 47 389
567 45 388
564 47 389
566 41 393
571 41 388
570 36 394
579 26 395
581 28 391
582 27 391
587 24 389
596 23 381
602 19 379
611 21 368
615 24 361
619 20 361
622 19 359
625 16 359
627 14 359
630 14 356
632 16 352
634 15 351
632 22 346
635 25 340
635 25 340
636 25 339
641 27 332
642 29 329
643 27 330
646 23 331
650 21 329
649 22 329
651 22 327
648 27 325
649 20 331
659 17 324
657 18 325
661 16 323
659 19 322
660 17 323
658 20 322
651 26 323
655 25 320
653 28 319
657 26 317
659 24 317
656 23 321
655 22 323
651 27 322
654 28 318
658 24 318
656 29 315
656 32 312
660 36 304
649 45 306
642 48 310
641 44 315
640 35 325
646 34 320
645 38 317
644 34 322
645 29 326
652 25 323
657 22 321
659 22 319
660 26 314
659 26 315
656 28 316
660 26 314
659 27 314
656 28 316
658 27 315
656 23 321
658 22 320
661 26 313
661 27 312
665 24 311
663 27 310
668 28 304
671 25 304
669 25 306
671 27 302
674 22 304
675 24 301
679 24 297
686 19 295
689 19 292
694 17 289
699 18 283
702 20 278
705 19 276
708 17 275
711 18 271
707 20 273
703 21 276
704 22 274
704 24 272
704 28 268
706 30 264
701 33 266
693 41 266
687 43 270
686 47 267
681 51 268
674 58 268
666 58 276
662 62 276
652 66 282
642 61 297
647 59 294
648 54 298
647 49 304
644 47 309
639 45 316
634 45 321
632 43 325
635 40 325
630 45 325
626 48 326
615 53 332
606 58 336
594 65 341
585 68 347
574 66 360
580 57 363
577 57 366
576 54 370
571 52 377
571 47 382
572 43 385
577 39 384
578 40 382
578 44 378
583 42 375
584 39 377
587 35 378
592 37 371
590 38 372
593 33 374
595 36 369
599 33 368
601 34 365
606 30 364
615 23 362
620 24 356
628 23 349
628 23 349
623 28 349
624 32 344
621 32 347
625 27 348
628 26 346
631 24 345
634 22 344
637 21 342
637 22 341
637 25 338
633 25 342
634 28 338
635 28 337
639 29 332
639 33 328
638 33 329
638 38 324
637 37 326
640 33 327
649 30 321
655 29 316
654 30 316
654 30 316
654 31 315
662 26 312
664 28 308
669 23 308
669 24 307
673 20 307
672 25 303
673 24 303
674 25 301
668 30 302
671 29 300
671 28 301
668 26 306
669 27 304
666 29 305
659 33 308
657 34 309
658 31 311
661 33 306
666 32 302
673 32 295
666 36 298
657 44 299
654 44 302
649 46 305
640 56 304
636 51 313
632 50 318
623 51 326
624 50 326
620 46 334
624 42 334
627 39 334
620 44 336
624 32 344
626 30 344
622 30 348
624 31 345
625 36 339
629 34 337
628 34 338
622 39 339
624 33 343
629 30 341
631 26 343
629 31 340
633 32 335
635 34 331
635 32 333
640 33 327
641 31 328
642 29 329
638 34 328
644 30 326
640 31 329
635 31 334
632 31 337
635 32 333
638 28 334
641 26 333
641 26 333
637 27 336
640 24 336
640 25 335
644 24 332
646 27 327
647 31 322
649 31 320
656 24 320
656 29 315
658 27 315
657 28 315
659 27 314
659 24 317
664 24 312
666 23 311
669 25 306
673 24 303
674 21 305
677 16 307
679 12 309
682 13 305
689 13 298
691 13 296
692 15 293
697 14 289
704 14 282
708 13 279
710 12 278
716 8 276
721 7 272
723 8 269
730 8 262
737 6 257
740 7 253
746 5 249
751 3 246
755 3 242
759 3 238
762 4 234
763 6 231
765 7 228
764 10 226
762 13 225
765 16 219
759 17 224
756 18 226
757 18 225
757 21 222
752 28 220
751 27 222
743 32 225
738 32 230
735 38 227
734 37 229
731 38 231
724 45 231
717 46 237
714 46 240
712 45 243
705 49 246
688 55 257
676 65 259
662 75 263
650 77 273
638 84 278
628 84 288
620 85 295
606 88 306
603 82 315
599 86 315
593 80 327
591 75 334
583 79 338
578 76 346
562 78 360
555 76 369
