995 5 0
992 8 0
992 8 0
987 12 1
980 17 3
973 22 5
968 25 7
951 37 12
937 43 20
924 52 24
903 60 37
890 61 49
878 64 58
862 67 71
848 71 81
819 84 97
795 97 108
765 111 124
740 110 150
719 107 174
700 112 188
685 109 206
667 114 219
652 116 232
638 113 249
631 106 263
617 105 278
610 102 288
606 92 302
595 93 312
586 95 319
578 94 328
577 88 335
573 75 352
576 72 352
573 72 355
574 70 356
569 71 360
568 64 368
562 62 376
561 65 374
560 61 379
557 55 388
556 51 393
558 45 397
558 40 402
565 37 398
566 34 400
574 33 393
580 31 389
588 34 378
589 30 381
591 31 378
586 33 381
589 30 381
592 28 380
601 25 374
602 25 373
612 21 367
616 17 367
619 15 366
621 16 363
624 16 360
623 17 360
622 19 359
627 19 354
633 18 349
636 16 348
639 12 349
643 11 346
648 11 341
657 11 332
662 10 328
672 10 318
673 7 320
681 6 313
688 6 306
693 6 301
696 5 299
707 4 289
712 3 285
712 4 284
716 2 282
722 2 276
726 3 271
735 3 262
737 3 260
741 2 257
748 3 249
754 2 244
758 1 241
762 0 238
765 0 235
767 0 233
770 1 229
770 3 227
774 3 223
777 3 220
781 4 215
783 2 215
788 4 208
790 6 204
786 9 205
784 12 204
784 17 199
787 18 195
777 29 194
764 41 195
754 48 198
751 48 201
739 51 210
719 69 212
704 72 224
693 77 230
680 86 234
654 102 244
638 105 257
622 108 270
603 106 291
591 107 302
575 110 315
561 113 326
545 119 336
533 123 344
528 114 358
511 111 378
502 101 397
492 96 412
491 90 419
488 82 430
486 78 436
493 69 438
487 71 442
476 67 457
476 61 463
480 61 459
481 58 461
484 49 467
487 48 465
490 46 464
497 39 464
503 40 457
505 39 456
509 38 453
511 40 449
510 39 451
509 40 451
512 36 452
523 31 446
529 26 445
539 23 438
545 20 435
550 23 427
550 26 424
555 28 417
558 31 411
562 29 409
565 23 412
566 23 411
575 25 400
580 23 397
584 19 397
592 15 393
591 17 392
590 16 394
599 17 384
607 16 377
608 19 373
613 21 366
617 18 365
616 19 365
619 18 363
625 14 361
631 11 358
637 8 355
639 7 354
643 7 350
647 7 346
646 14 340
646 15 339
643 21 336
651 21 328
651 31 318
651 35 314
645 40 315
645 38 317
644 34 322
645 30 325
654 31 315
657 31 312
659 30 311
660 30 310
659 32 309
658 33 309
656 35 309
658 39 303
651 44 305
653 39 308
645 47 308
640 46 314
637 51 312
630 50 320
628 51 321
628 53 319
624 55 321
617 54 329
609 58 333
608 54 338
614 45 341
612 49 339
610 48 342
613 44 343
615 45 340
619 40 341
624 44 332
621 42 337
617 43 340
612 44 344
614 39 347
620 36 344
620 37 343
621 36 343
624 33 343
632 31 337
635 29 336
637 29 334
641 25 334
648 18 334
651 18 331
651 19 330
655 20 325
660 17 323
671 12 317
675 10 315
679 9 312
681 11 308
686 11 303
689 12 299
691 12 297
694 9 297
700 8 292
709 8 283
712 6 282
716 4 280
719 3 278
723 3 274
731 3 266
734 3 263
735 3 262
738 2 260
744 2 254
749 2 249
754 2 244
757 3 240
763 3 234
767 3 230
769 2 229
776 2 222
778 2 220
779 1 220
783 1 216
787 1 212
790 1 209
797 1 202
801 0 199
812 0 188
814 0 186
818 0 182
818 0 182
820 2 178
825 1 174
829 1 170
831 1 168
835 1 164
837 1 162
838 1 161
840 0 160
844 0 156
850 0 150
852 0 148
856 0 144
858 0 142
860 0 140
863 0 137
866 0 134
869 0 131
872 0 128
872 0 128
875 0 125
878 0 122
879 0 121
880 0 120
884 0 116
884 0 116
886 0 114
890 0 110
893 0 107
895 0 105
896 0 104
900 0 100
901 0 99
901 0 99
901 0 99
904 0 96
905 0 95
905 0 95
907 0 93
908 0 92
911 0 89
914 0 86
915 0 85
918 0 82
921 0 79
922 0 78
924 0 76
925 0 75
928 0 72
929 0 71
930 0 70
930 0 70
930 0 70
930 0 70
932 0 68
934 0 66
934 0 66
935 0 65
936 0 64
939 0 61
939 0 61
940 0 60
941 0 59
942 0 58
944 0 56
945 0 55
949 0 51
949 0 51
949 0 51
951 0 49
951 0 49
952 0 48
952 0 48
952 0 48
953 0 47
954 0 46
954 0 46
955 0 45
955 0 45
957 0 43
957 0 43
957 0 43
958 0 42
960 0 40
962 0 38
962 0 38
963 0 37
963 0 37
964 0 36
964 0 36
966 0 34
969 0 31
969 0 31
969 0 31
970 0 30
970 0 30
970 0 30
971 0 29
972 0 28
972 0 28
973 0 27
974 0 26
976 0 24
976 0 24
977 0 23
977 0 23
977 0 23
977 0 23
977 0 23
979 0 21
979 0 21
979 0 21
979 0 21
979 0 21
979 0 21
979 0 21
979 0 21
982 0 18
982 0 18
982 0 18
982 0 18
983 0 17
983 0 17
983 0 17
983 0 17
983 0 17
983 0 17
983 0 17
983 0 17
984 0 16
984 0 16
985 0 15
985 0 15
985 0 15
985 0 15
985 0 15
985 0 15
986 0 14
986 0 14
986 0 14
986 0 14
986 0 14
986 0 14
986 0 14
986 0 14
986 0 14
986 0 14
987 0 13
987 0 13
987 0 13
988 0 12
988 0 12
988 0 12
989 0 11
989 0 11
989 0 11
989 0 11
989 0 11
989 0 11
989 0 11
989 0 11
989 0 11
990 0 10
990 0 10
990 0 10
990 0 10
991 0 9
991 0 9
991 0 9
991 0 9
992 0 8
992 0 8
992 0 8
992 0 8
992 0 8
992 0 8
992 0 8
992 0 8
992 0 8
992 0 8
993 0 7
993 0 7
993 0 7
993 0 7
994 0 6
994 0 6
994 0 6
995 0 5
995 0 5
995 0 5
995 0 5
995 0 5
995 0 5
995 0 5
995 0 5
995 0 5
995 0 5
995 0 5
995 0 5
995 0 5
995 0 5
995 0 5
995 0 5
995 0 5
995 0 5
995 0 5
995 0 5
995 0 5
995 0 5
995 0 5
995 0 5
995 0 5
995 0 5
995 0 5
995 0 5
996 0 4
996 0 4
996 0 4
996 0 4
996 0 4
996 0 4
996 0 4
996 0 4
996 0 4
998 0 2
998 0 2
998 0 2
998 0 2
998 0 2
998 0 2
998 0 2
998 0 2
998 0 2
998 0 2
998 0 2
998 0 2
999 0 1
999 0 1
999 0 1
999 0 1
999 0 1
999 0 1
999 0 1
999 0 1
999 0 1
999 0 1
999 0 1
999 0 1
999 0 1
999 0 1
999 0 1
999 0 1
999 0 1
999 0 1
999 0 1
999 0 1
999 0 1
999 0 1
999 0 1
999 0 1
999 0 1
999 0 1
1000 0 0
1000 0 0
1000 0 0
1000 0 0
1000 0 0
1000 0 0
1000 0 0
1000 0 0
1000 0 0
1000 0 0
1000 0 0
1000 0 0
1000 0 0
1000 0 0
1000 0 0
1000 0 0
1000 0 0
1000 0 0
1000 0 0
1000 0 0
1000 0 0
1000 0 0
1000 0 0
1000 0 0
1000 0 0
1000 0 0
1000 0 0
1000 0 0
1000 0 0
1000 0 0
1000 0 0
1000 0 0
1000 0 0
1000 0 0
1000 0 0
1000 0 0
1000 0 0
1000 0 0
1000 0 0
1000 0 0
1000 0 0
1000 0 0
1000 0 0
1000 0 0
1000 0 0
1000 0 0
1000 0 0
1000 0 0
1000 0 0
1000 0 0
1000 0 0
1000 0 0
1000 0 0
1000 0 0
1000 0 0
1000 0 0
1000 0 0
1000 0 0
1000 0 0
1000 0 0
1000 0 0
1000 0 0
1000 0 0
1000 0 0
1000 0 0
1000 0 0
1000 0 0
1000 0 0
1000 0 0
1000 0 0
1000 0 0
1000 0 0
1000 0 0
1000 0 0
1000 0 0
1000 0 0
1000 0 0
1000 0 0
1000 0 0
1000 0 0
1000 0 0
1000 0 0
1000 0 0
1000 0 0
1000 0 0
1000 0 0
1000 0 0
1000 0 0
1000 0 0
1000 0 0
1000 0 0
1000 0 0
1000 0 0
1000 0 0
1000 0 0
1000 0 0
1000 0 0
1000 0 0
1000 0 0
1000 0 0
1000 0 0
1000 0 0
1000 0 0
1000 0 0
1000 0 0
1000 0 0
1000 0 0
1000 0 0
1000 0 0
1000 0 0
1000 0 0
1000 0 0
1000 0 0
1000 0 0
1000 0 0
1000 0 0
1000 0 0
1000 0 0
1000 0 0
1000 0 0
1000 0 0
1000 0 0
1000 0 0
1000 0 0
1000 0 0
1000 0 0
1000 0 0
1000 0 0
1000 0 0
1000 0 0
1000 0 0
1000 0 0
1000 0 0
1000 0 0
1000 0 0
1000 0 0
1000 0 0
1000 0 0
1000 0 0
1000 0 0
1000 0 0
1000 0 0
1000 0 0
1000 0 0
1000 0 0
1000 0 0
1000 0 0
1000 0 0
1000 0 0
1000 0 0
1000 0 0
1000 0 0
1000 0 0
1000 0 0
1000 0 0
1000 0 0
1000 0 0
1000 0 0
1000 0 0
1000 0 0
1000 0 0
1000 0 0
1000 0 0
1000 0 0
1000 0 0
1000 0 0
1000 0 0
1000 0 0
1000 0 0
1000 0 0
1000 0 0
1000 0 0
1000 0 0
1000 0 0
1000 0 0
1000 0 0
1000 0 0
1000 0 0
1000 0 0
1000 0 0
1000 0 0
1000 0 0
1000 0 0
1000 0 0
1000 0 0
1000 0 0
1000 0 0
1000 0 0
1000 0 0
1000 0 0
1000 0 0
1000 0 0
1000 0 0
1000 0 0
1000 0 0
1000 0 0
1000 0 0
1000 0 0
1000 0 0
1000 0 0
1000 0 0
1000 0 0
1000 0 0
1000 0 0
1000 0 0
1000 0 0
1000 0 0
1000 0 0
1000 0 0
1000 0 0
1000 0 0
1000 0 0
1000 0 0
1000 0 0
1000 0 0
1000 0 0
1000 0 0
1000 0 0
1000 0 0
1000 0 0
1000 0 0
1000 0 0
1000 0 0
1000 0 0
1000 0 0
1000 0 0
1000 0 0
1000 0 0
1000 0 0
1000 0 0
1000 0 0
1000 0 0
1000 0 0
1000 0 0
1000 0 0
1000 0 0
1000 0 0
1000 0 0
1000 0 0
1000 0 0
1000 0 0
1000 0 0
1000 0 0
1000 0 0
1000 0 0
1000 0 0
1000 0 0
1000 0 0
1000 0 0
1000 0 0
1000 0 0
1000 0 0
1000 0 0
1000 0 0
1000 0 0
1000 0 0
1000 0 0
1000 0 0
1000 0 0
1000 0 0
1000 0 0
1000 0 0
1000 0 0
1000 0 0
1000 0 0
1000 0 0
1000 0 0
1000 0 0
1000 0 0
1000 0 0
1000 0 0
1000 0 0
1000 0 0
1000 0 0
1000 0 0
1000 0 0
1000 0 0
1000 0 0
1000 0 0
1000 0 0
1000 0 0
1000 0 0
1000 0 0
1000 0 0
1000 0 0
1000 0 0
1000 0 0
1000 0 0
1000 0 0
1000 0 0
1000 0 0
1000 0 0
1000 0 0
1000 0 0
1000 0 0
1000 0 0
1000 0 0
1000 0 0
1000 0 0
1000 0 0
1000 0 0
1000 0 0
1000 0 0
1000 0 0
1000 0 0
1000 0 0
1000 0 0
1000 0 0
1000 0 0
1000 0 0
1000 0 0
1000 0 0
1000 0 0
1000 0 0
1000 0 0
1000 0 0
1000 0 0
1000 0 0
1000 0 0
1000 0 0
1000 0 0
1000 0 0
1000 0 0
1000 0 0
1000 0 0
1000 0 0
1000 0 0
1000 0 0
1000 0 0
1000 0 0
1000 0 0
1000 0 0
1000 0 0
1000 0 0
1000 0 0
1000 0 0
1000 0 0
1000 0 0
1000 0 0
1000 0 0
1000 0 0
1000 0 0
1000 0 0
1000 0 0
1000 0 0
1000 0 0
1000 0 0
1000 0 0
1000 0 0
1000 0 0
1000 0 0
1000 0 0
1000 0 0
1000 0 0
1000 0 0
1000 0 0
1000 0 0
1000 0 0
1000 0 0
1000 0 0
1000 0 0
1000 0 0
1000 0 0
1000 0 0
1000 0 0
1000 0 0
1000 0 0
1000 0 0
1000 0 0
1000 0 0
1000 0 0
1000 0 0
1000 0 0
1000 0 0
1000 0 0
1000 0 0
1000 0 0
1000 0 0
1000 0 0
1000 0 0
1000 0 0
1000 0 0
1000 0 0
1000 0 0
1000 0 0
1000 0 0
1000 0 0
1000 0 0
1000 0 0
1000 0 0
1000 0 0
1000 0 0
1000 0 0
1000 0 0
1000 0 0
1000 0 0
1000 0 0
1000 0 0
1000 0 0
1000 0 0
1000 0 0
1000 0 0
1000 0 0
1000 0 0
1000 0 0
1000 0 0
1000 0 0
1000 0 0
1000 0 0
1000 0 0
1000 0 0
1000 0 0
1000 0 0
1000 0 0
1000 0 0
1000 0 0
1000 0 0
1000 0 0
1000 0 0
1000 0 0
1000 0 0
1000 0 0
1000 0 0
1000 0 0
1000 0 0
1000 0 0
1000 0 0
1000 0 0
1000 0 0
1000 0 0
1000 0 0
1000 0 0
1000 0 0
1000 0 0
1000 0 0
1000 0 0
1000 0 0
1000 0 0
1000 0 0
1000 0 0
1000 0 0
1000 0 0
1000 0 0
1000 0 0
1000 0 0
1000 0 0
1000 0 0
1000 0 0
1000 0 0
1000 0 0
1000 0 0
1000 0 0
1000 0 0
1000 0 0
1000 0 0
1000 0 0
1000 0 0
1000 0 0
1000 0 0
1000 0 0
1000 0 0
1000 0 0
1000 0 0
1000 0 0
1000 0 0
1000 0 0
1000 0 0
1000 0 0
1000 0 0
1000 0 0
1000 0 0
