995 5 0
993 7 0
991 8 1
986 12 2
975 23 2
963 33 4
955 35 10
939 43 18
923 52 25
897 68 35
871 84 45
845 102 53
811 112 77
776 129 95
741 142 117
712 151 137
693 148 159
668 153 179
644 151 205
633 144 223
610 146 244
603 129 268
584 128 288
576 128 296
561 127 312
550 118 332
539 118 343
524 121 355
522 110 368
520 103 377
512 107 381
504 104 392
504 103 393
494 105 401
490 97 413
488 101 411
482 95 423
480 86 434
489 74 437
484 70 446
482 75 443
481 70 449
485 65 450
485 59 456
485 57 458
489 52 459
484 57 459
486 56 458
494 49 457
502 47 451
510 43 447
513 39 448
523 32 445
525 32 443
525 28 447
528 27 445
530 25 445
536 24 440
541 23 436
547 21 432
548 22 430
553 19 428
558 19 423
561 17 422
568 18 414
577 18 405
579 19 402
591 16 393
602 13 385
608 12 380
614 15 371
613 20 367
616 21 363
620 21 359
619 26 355
622 27 351
627 27 346
633 29 338
638 25 337
642 21 337
642 22 336
645 22 333
645 23 332
649 21 330
650 24 326
655 19 326
654 24 322
658 22 320
661 25 314
663 23 314
667 24 309
662 28 310
663 25 312
659 23 318
659 22 319
661 24 315
663 25 312
664 23 313
671 18 311
671 19 310
664 25 311
660 25 315
663 22 315
662 21 317
665 17 318
667 17 316
667 17 316
675 14 311
677 14 309
678 15 307
683 14 303
690 13 297
690 14 296
697 11 292
703 12 285
705 9 286
709 8 283
710 8 282
709 12 279
708 16 276
703 18 279
700 21 279
691 29 280
687 31 282
686 32 282
682 36 282
680 38 282
686 35 279
688 36 276
688 34 278
688 34 278
687 36 277
684 41 275
683 39 278
677 39 284
680 41 279
678 40 282
674 44 282
670 43 287
672 40 288
673 42 285
673 41 286
674 43 283
667 40 293
665 37 298
659 43 298
654 44 302
649 43 308
645 39 316
647 35 318
647 42 311
643 44 313
640 45 315
638 44 318
632 49 319
632 48 320
633 43 324
633 39 328
634 40 326
636 38 326
638 39 323
639 37 324
639 37 324
640 29 331
644 30 326
650 27 323
655 24 321
656 20 324
666 19 315
671 14 315
671 16 313
675 20 305
676 22 302
675 25 300
676 23 301
677 21 302
678 21 301
679 22 299
680 16 304
687 13 300
688 12 300
692 15 293
695 15 290
700 17 283
701 19 280
706 17 277
712 21 267
708 25 267
705 31 264
699 30 271
697 39 264
687 47 266
674 55 271
664 65 271
660 67 273
656 60 284
653 59 288
648 55 297
643 53 304
646 49 305
649 47 304
647 41 312
645 42 313
639 42 319
640 42 318
643 39 318
643 35 322
642 31 327
645 23 332
647 27 326
646 27 327
647 25 328
654 25 321
657 24 319
657 27 316
657 28 315
657 26 317
660 26 314
662 22 316
664 21 315
668 20 312
670 17 313
673 15 312
676 13 311
674 17 309
677 19 304
675 23 302
677 23 300
675 26 299
672 32 296
673 29 298
678 21 301
675 29 296
675 26 299
672 28 300
670 28 302
674 25 301
677 23 300
676 27 297
678 23 299
677 25 298
677 24 299
679 23 298
680 24 296
690 22 288
688 22 290
691 25 284
690 28 282
689 24 287
683 27 290
679 37 284
677 39 284
671 45 284
659 54 287
649 53 298
637 58 305
631 61 308
611 75 314
604 74 322
599 70 331
593 73 334
588 74 338
581 73 346
572 80 348
566 80 354
556 83 361
552 80 368
544 75 381
540 74 386
536 69 395
543 57 400
550 57 393
553 52 395
553 51 396
555 47 398
557 45 398
561 43 396
564 44 392
573 43 384
565 49 386
568 49 383
566 55 379
568 46 386
573 40 387
579 31 390
580 26 394
587 18 395
596 14 390
594 20 386
593 18 389
602 16 382
612 14 374
619 14 367
627 12 361
625 13 362
638 11 351
643 6 351
651 5 344
658 6 336
663 7 330
662 10 328
674 9 317
672 12 316
677 17 306
675 22 303
673 26 301
660 33 307
653 37 310
647 43 310
643 47 310
635 47 318
633 46 321
631 46 323
631 48 321
632 46 322
635 44 321
632 41 327
628 44 328
620 52 328
618 45 337
622 36 342
622 35 343
620 36 344
623 34 343
627 31 342
625 36 339
620 36 344
623 28 349
623 20 357
628 22 350
632 16 352
642 16 342
649 14 337
654 15 331
657 15 328
659 18 323
660 19 321
662 20 318
666 21 313
661 23 316
662 17 321
668 16 316
670 16 314
668 17 315
666 20 314
659 29 312
653 30 317
646 39 315
648 46 306
634 58 308
627 62 311
621 65 314
614 69 317
599 69 332
591 72 337
591 64 345
580 70 350
573 67 360
566 69 365
567 64 369
572 62 366
568 64 368
567 67 366
566 65 369
568 57 375
568 51 381
569 51 380
574 51 375
570 48 382
569 47 384
563 53 384
567 52 381
563 54 383
570 48 382
571 48 381
573 52 375
580 51 369
580 45 375
578 46 376
581 43 376
587 42 371
586 38 376
588 41 371
584 40 376
588 39 373
582 43 375
591 42 367
591 39 370
592 38 370
584 42 374
582 46 372
577 46 377
586 43 371
589 40 371
583 42 375
581 47 372
580 43 377
586 40 374
591 30 379
597 32 371
593 38 369
596 32 372
601 29 370
594 36 370
595 36 369
596 38 366
597 37 366
601 33 366
602 33 365
603 30 367
601 32 367
602 32 366
601 30 369
600 32 368
597 38 365
599 37 364
596 39 365
598 38 364
603 32 365
604 32 364
601 32 367
601 30 369
606 26 368
610 24 366
610 25 365
615 24 361
614 26 360
620 22 358
620 23 357
621 26 353
622 26 352
622 27 351
625 30 345
635 28 337
641 29 330
646 25 329
650 21 329
651 22 327
655 24 321
653 23 324
656 25 319
659 21 320
658 22 320
660 21 319
666 19 315
663 21 316
665 23 312
664 27 309
652 36 312
649 39 312
647 44 309
640 47 313
632 52 316
630 51 319
629 50 321
628 53 319
621 62 317
618 62 320
615 64 321
614 64 322
619 51 330
615 52 333
607 57 336
599 66 335
591 62 347
591 59 350
599 56 345
600 56 344
601 50 349
596 50 354
589 54 357
583 52 365
577 54 369
578 51 371
584 45 371
590 45 365
592 49 359
593 55 352
587 53 360
572 69 359
572 69 359
573 58 369
569 55 376
572 51 377
568 52 380
569 46 385
566 45 389
571 36 393
573 35 392
575 37 388
572 40 388
574 42 384
575 37 388
572 41 387
577 42 381
576 43 381
578 41 381
576 40 384
571 37 392
572 36 392
569 39 392
572 37 391
578 35 387
573 35 392
568 35 397
571 31 398
568 30 402
574 29 397
580 24 396
578 25 397
583 23 394
581 31 388
581 34 385
577 37 386
579 32 389
589 22 389
592 21 387
600 23 377
605 22 373
602 24 374
601 27 372
605 23 372
605 25 370
604 26 370
608 24 368
605 26 369
605 25 370
607 25 368
614 24 362
619 23 358
622 21 357
621 21 358
626 19 355
632 15 353
634 12 354
638 13 349
643 11 346
646 8 346
653 9 338
659 10 331
669 7 324
672 4 324
674 4 322
681 2 317
687 2 311
688 1 311
692 1 307
700 2 298
705 1 294
713 1 286
718 1 281
721 1 278
732 1 267
737 1 262
740 2 258
745 1 254
750 1 249
755 1 244
758 0 242
768 0 232
769 0 231
773 0 227
778 0 222
781 0 219
784 0 216
787 0 213
790 0 210
797 0 203
801 0 199
804 0 196
808 0 192
819 0 181
821 0 179
825 0 175
829 0 171
831 0 169
834 0 166
838 0 162
842 0 158
848 0 152
851 0 149
853 0 147
857 0 143
860 0 140
863 0 137
866 0 134
867 0 133
869 0 131
871 0 129
873 0 127
874 0 126
878 0 122
880 0 120
881 0 119
883 0 117
884 0 116
886 0 114
888 0 112
889 0 111
891 0 109
892 0 108
892 0 108
895 0 105
898 0 102
900 0 100
902 0 98
904 0 96
904 0 96
905 0 95
906 0 94
907 0 93
908 0 92
909 0 91
911 0 89
912 0 88
914 0 86
915 0 85
915 0 85
917 0 83
918 0 82
922 0 78
924 0 76
924 0 76
926 0 74
928 0 72
930 0 70
930 0 70
931 0 69
931 0 69
932 0 68
932 0 68
934 0 66
936 0 64
937 0 63
937 0 63
938 0 62
940 0 60
941 0 59
941 0 59
941 0 59
941 0 59
942 0 58
944 0 56
945 0 55
945 0 55
946 0 54
947 0 53
948 0 52
949 0 51
949 0 51
949 0 51
950 0 50
951 0 49
952 0 48
953 0 47
953 0 47
954 0 46
959 0 41
959 0 41
960 0 40
961 0 39
961 0 39
962 0 38
962 0 38
962 0 38
962 0 38
963 0 37
963 0 37
964 0 36
964 0 36
964 0 36
964 0 36
965 0 35
966 0 34
967 0 33
967 0 33
967 0 33
968 0 32
970 0 30
970 0 30
971 0 29
972 0 28
972 0 28
972 0 28
973 0 27
973 0 27
974 0 26
974 0 26
974 0 26
975 0 25
975 0 25
975 0 25
975 0 25
975 0 25
975 0 25
975 0 25
975 0 25
975 0 25
977 0 23
978 0 22
978 0 22
978 0 22
978 0 22
978 0 22
978 0 22
978 0 22
979 0 21
979 0 21
979 0 21
980 0 20
980 0 20
981 0 19
981 0 19
983 0 17
983 0 17
983 0 17
983 0 17
983 0 17
984 0 16
984 0 16
984 0 16
984 0 16
984 0 16
984 0 16
984 0 16
984 0 16
984 0 16
984 0 16
984 0 16
984 0 16
984 0 16
984 0 16
984 0 16
984 0 16
984 0 16
985 0 15
985 0 15
986 0 14
987 0 13
989 0 11
990 0 10
990 0 10
990 0 10
990 0 10
990 0 10
990 0 10
990 0 10
990 0 10
990 0 10
990 0 10
990 0 10
990 0 10
990 0 10
991 0 9
991 0 9
991 0 9
991 0 9
991 0 9
991 0 9
991 0 9
991 0 9
992 0 8
992 0 8
992 0 8
992 0 8
992 0 8
992 0 8
993 0 7
993 0 7
993 0 7
993 0 7
993 0 7
993 0 7
993 0 7
993 0 7
993 0 7
993 0 7
993 0 7
993 0 7
994 0 6
994 0 6
994 0 6
995 0 5
995 0 5
995 0 5
995 0 5
995 0 5
995 0 5
995 0 5
995 0 5
995 0 5
995 0 5
995 0 5
995 0 5
995 0 5
995 0 5
995 0 5
995 0 5
995 0 5
995 0 5
995 0 5
995 0 5
995 0 5
995 0 5
996 0 4
996 0 4
996 0 4
996 0 4
997 0 3
997 0 3
997 0 3
997 0 3
997 0 3
997 0 3
997 0 3
997 0 3
997 0 3
997 0 3
998 0 2
998 0 2
998 0 2
998 0 2
998 0 2
998 0 2
998 0 2
999 0 1
999 0 1
999 0 1
999 0 1
999 0 1
999 0 1
999 0 1
999 0 1
999 0 1
999 0 1
999 0 1
999 0 1
999 0 1
999 0 1
999 0 1
999 0 1
999 0 1
999 0 1
999 0 1
999 0 1
999 0 1
999 0 1
999 0 1
999 0 1
999 0 1
999 0 1
999 0 1
999 0 1
999 0 1
999 0 1
999 0 1
999 0 1
999 0 1
999 0 1
999 0 1
999 0 1
999 0 1
999 0 1
999 0 1
999 0 1
999 0 1
999 0 1
999 0 1
999 0 1
999 0 1
999 0 1
999 0 1
999 0 1
999 0 1
999 0 1
999 0 1
999 0 1
999 0 1
999 0 1
999 0 1
999 0 1
999 0 1
999 0 1
999 0 1
999 0 1
999 0 1
999 0 1
999 0 1
999 0 1
999 0 1
999 0 1
999 0 1
999 0 1
999 0 1
999 0 1
999 0 1
999 0 1
999 0 1
999 0 1
999 0 1
999 0 1
999 0 1
999 0 1
999 0 1
999 0 1
999 0 1
999 0 1
999 0 1
999 0 1
999 0 1
999 0 1
999 0 1
999 0 1
999 0 1
999 0 1
999 0 1
999 0 1
999 0 1
999 0 1
999 0 1
999 0 1
999 0 1
999 0 1
999 0 1
999 0 1
999 0 1
999 0 1
999 0 1
999 0 1
999 0 1
999 0 1
999 0 1
999 0 1
999 0 1
999 0 1
999 0 1
999 0 1
999 0 1
999 0 1
999 0 1
999 0 1
999 0 1
999 0 1
999 0 1
999 0 1
999 0 1
999 0 1
999 0 1
999 0 1
999 0 1
999 0 1
999 0 1
999 0 1
999 0 1
999 0 1
999 0 1
999 0 1
999 0 1
999 0 1
999 0 1
999 0 1
999 0 1
999 0 1
999 0 1
999 0 1
999 0 1
999 0 1
999 0 1
999 0 1
999 0 1
999 0 1
999 0 1
999 0 1
999 0 1
999 0 1
999 0 1
999 0 1
999 0 1
999 0 1
999 0 1
999 0 1
999 0 1
999 0 1
999 0 1
999 0 1
999 0 1
999 0 1
999 0 1
999 0 1
999 0 1
999 0 1
999 0 1
999 0 1
999 0 1
999 0 1
999 0 1
999 0 1
1000 0 0
1000 0 0
1000 0 0
1000 0 0
