995 5 0
992 6 2
990 7 3
987 10 3
979 16 5
971 21 8
966 22 12
959 24 17
945 34 21
913 56 31
886 77 37
852 97 51
818 119 63
773 148 79
730 170 100
689 196 115
650 207 143
611 209 180
584 207 209
558 207 235
528 208 264
503 199 298
486 194 320
469 197 334
449 191 360
433 180 387
421 167 412
409 159 432
403 138 459
406 128 466
406 118 476
399 107 494
403 102 495
406 91 503
410 83 507
413 74 513
415 72 513
417 68 515
420 61 519
427 61 512
430 59 511
431 55 514
436 48 516
449 38 513
454 35 511
458 38 504
465 34 501
466 36 498
473 32 495
476 38 486
488 35 477
494 35 471
487 37 476
494 39 467
493 39 468
495 39 466
495 41 464
505 30 465
513 30 457
517 29 454
522 25 453
528 25 447
534 22 444
542 20 438
551 18 431
556 17 427
566 11 423
570 9 421
574 10 416
581 10 409
581 13 406
584 9 407
587 8 405
594 8 398
603 8 389
612 7 381
618 5 377
622 6 372
628 6 366
637 5 358
641 5 354
644 5 351
651 3 346
655 3 342
663 2 335
668 4 328
673 5 322
675 6 319
677 8 315
681 8 311
672 21 307
664 27 309
653 34 313
655 37 308
651 40 309
645 42 313
638 40 322
633 42 325
633 43 324
631 41 328
628 37 335
624 38 338
616 44 340
614 46 340
606 53 341
607 50 343
604 52 344
600 58 342
600 53 347
602 50 348
603 44 353
605 44 351
608 42 350
613 37 350
615 34 351
613 36 351
618 31 351
617 27 356
622 22 356
625 22 353
626 23 351
629 26 345
633 25 342
638 25 337
645 22 333
651 20 329
661 18 321
661 20 319
661 20 319
666 17 317
667 20 313
666 21 313
665 19 316
673 18 309
679 17 304
681 15 304
682 14 304
683 16 301
687 16 297
688 15 297
696 15 289
703 13 284
700 16 284
702 17 281
708 17 275
709 15 276
715 13 272
715 15 270
714 14 272
715 13 272
712 15 273
713 14 273
717 9 274
719 11 270
723 8 269
722 9 269
727 10 263
731 7 262
734 9 257
741 6 253
742 6 252
745 7 248
748 7 245
747 9 244
744 12 244
744 15 241
746 17 237
745 20 235
741 23 236
746 24 230
745 28 227
739 35 226
734 43 223
728 48 224
729 46 225
724 51 225
712 55 233
710 53 237
702 59 239
699 61 240
696 57 247
688 58 254
686 57 257
680 62 258
668 66 266
667 62 271
655 62 283
650 63 287
649 60 291
647 54 299
644 52 304
641 58 301
642 52 306
641 49 310
643 52 305
642 53 305
641 52 307
643 41 316
644 37 319
645 42 313
650 39 311
651 40 309
646 42 312
639 40 321
636 47 317
636 46 318
635 51 314
631 55 314
619 58 323
610 58 332
609 49 342
606 47 347
607 43 350
604 44 352
602 45 353
605 38 357
606 39 355
607 42 351
612 35 353
609 40 351
608 36 356
612 36 352
613 38 349
616 34 350
615 37 348
616 36 348
616 39 345
615 41 344
612 43 345
603 47 350
601 50 349
599 49 352
602 44 354
607 44 349
602 46 352
604 47 349
600 44 356
595 45 360
600 34 366
598 31 371
596 34 370
598 37 365
597 36 367
598 31 371
599 31 370
602 29 369
607 29 364
611 29 360
614 27 359
615 21 364
616 25 359
625 26 349
632 26 342
635 21 344
639 19 342
642 20 338
649 19 332
652 20 328
662 16 322
667 14 319
676 12 312
692 11 297
692 13 295
699 12 289
705 13 282
712 11 277
716 9 275
724 9 267
732 5 263
737 5 258
737 5 258
737 6 257
738 9 253
738 11 251
736 17 247
734 19 247
737 19 244
739 21 240
738 22 240
739 21 240
742 17 241
743 18 239
746 18 236
749 19 232
753 16 231
754 14 232
753 17 230
747 21 232
751 21 228
752 21 227
750 26 224
745 24 231
743 23 234
741 27 232
739 30 231
743 28 229
737 34 229
734 37 229
725 39 236
719 42 239
712 45 243
700 52 248
694 56 250
687 59 254
677 59 264
665 58 277
661 52 287
655 59 286
650 62 288
648 60 292
638 60 302
640 59 301
636 51 313
635 50 315
636 46 318
639 46 315
639 44 317
637 45 318
642 40 318
643 38 319
645 33 322
646 31 323
644 33 323
650 28 322
640 35 325
644 33 323
643 31 326
635 40 325
630 42 328
635 41 324
633 40 327
636 35 329
635 37 328
631 39 330
632 37 331
629 41 330
620 40 340
618 40 342
606 51 343
608 43 349
605 41 354
604 44 352
603 41 356
602 37 361
599 36 365
606 30 364
603 35 362
610 34 356
607 36 357
606 34 360
607 33 360
616 29 355
621 25 354
625 20 355
626 25 349
626 28 346
629 29 342
628 29 343
629 31 340
634 26 340
631 30 339
627 32 341
623 31 346
629 34 337
626 34 340
630 31 339
629 32 339
626 31 343
624 32 344
626 31 343
630 29 341
631 26 343
637 19 344
641 16 343
646 18 336
646 16 338
643 22 335
640 26 334
647 25 328
648 27 325
648 30 322
640 34 326
641 32 327
645 25 330
648 28 324
648 24 328
645 23 332
642 24 334
646 24 330
642 26 332
645 24 331
646 28 326
643 33 324
647 28 325
654 22 324
654 26 320
650 24 326
654 22 324
656 21 323
653 27 320
655 27 318
658 26 316
666 26 308
669 25 306
669 24 307
672 20 308
675 22 303
678 21 301
678 20 302
676 24 300
671 29 300
673 33 294
670 35 295
664 40 296
655 47 298
653 50 297
650 55 295
639 67 294
633 66 301
625 64 311
616 64 320
614 59 327
613 56 331
605 63 332
596 66 338
590 64 346
585 65 350
579 58 363
571 58 371
571 60 369
563 61 376
557 62 381
550 64 386
546 63 391
543 70 387
536 69 395
535 68 397
536 66 398
530 63 407
538 54 408
545 50 405
554 43 403
559 39 402
559 39 402
563 38 399
564 35 401
563 37 400
566 31 403
566 34 400
568 36 396
570 35 395
567 37 396
572 33 395
576 33 391
575 35 390
577 36 387
584 32 384
579 29 392
575 36 389
572 37 391
571 35 394
582 26 392
587 24 389
582 25 393
583 26 391
585 24 391
589 24 387
590 22 388
600 18 382
604 17 379
607 18 375
609 19 372
613 25 362
608 28 364
612 28 360
620 25 355
621 22 357
625 26 349
625 23 352
626 25 349
628 20 352
634 20 346
636 15 349
639 16 345
637 20 343
639 19 342
639 26 335
643 21 336
645 22 333
646 24 330
645 26 329
641 33 326
640 39 321
638 43 319
637 38 325
639 38 323
641 34 325
648 31 321
653 27 320
653 26 321
656 20 324
657 22 321
654 23 323
653 24 323
653 23 324
655 23 322
655 16 329
659 16 325
664 16 320
669 13 318
668 13 319
672 15 313
675 15 310
674 19 307
675 25 300
679 25 296
677 30 293
681 29 290
685 26 289
691 22 287
699 18 283
708 13 279
705 17 278
708 16 276
709 19 272
712 19 269
699 30 271
696 31 273
696 31 273
691 29 280
696 23 281
704 20 276
708 17 275
705 20 275
704 22 274
704 21 275
702 23 275
706 21 273
707 19 274
708 19 273
710 20 270
710 22 268
705 26 269
697 30 273
693 37 270
692 37 271
689 34 277
684 31 285
685 35 280
690 34 276
688 34 278
686 35 279
686 29 285
689 23 288
686 30 284
684 28 288
689 27 284
691 22 287
691 21 288
697 24 279
705 23 272
710 21 269
707 22 271
710 20 270
714 22 264
712 24 264
706 28 266
702 33 265
698 35 267
694 35 271
693 34 273
691 34 275
689 31 280
684 31 285
687 33 280
684 34 282
686 34 280
687 31 282
692 29 279
700 29 271
697 30 273
695 31 274
693 36 271
688 41 271
679 48 273
677 50 273
676 49 275
668 52 280
664 46 290
667 42 291
666 39 295
667 36 297
667 35 298
668 33 299
666 32 302
671 30 299
674 27 299
683 25 292
685 25 290
685 24 291
681 23 296
688 23 289
690 18 292
690 20 290
692 19 289
691 16 293
691 22 287
693 25 282
692 25 283
688 25 287
686 32 282
685 37 278
679 47 274
678 48 274
671 54 275
670 45 285
677 43 280
679 41 280
682 32 286
688 31 281
685 32 283
675 38 287
673 40 287
673 45 282
672 40 288
665 41 294
668 37 295
654 47 299
655 49 296
651 47 302
648 45 307
648 45 307
639 47 314
639 42 319
633 47 320
624 55 321
616 60 324
615 56 329
614 59 327
609 55 336
614 50 336
612 52 336
610 45 345
613 44 343
615 44 341
610 48 342
608 49 343
608 50 342
605 44 351
609 46 345
610 42 348
607 39 354
604 33 363
608 34 358
612 34 354
616 37 347
617 33 350
616 34 350
615 31 354
614 33 353
619 22 359
619 25 356
622 21 357
631 17 352
635 16 349
640 18 342
642 20 338
644 17 339
648 17 335
652 17 331
657 13 330
664 13 323
669 12 319
671 12 317
673 11 316
678 11 311
682 11 307
682 12 306
682 12 306
681 12 307
685 9 306
688 11 301
686 14 300
688 16 296
697 16 287
695 19 286
694 21 285
693 27 280
695 27 278
693 29 278
688 27 285
691 26 283
693 20 287
694 17 289
697 14 289
701 11 288
700 13 287
705 14 281
708 13 279
715 13 272
716 14 270
712 17 271
709 16 275
708 19 273
707 20 273
709 17 274
707 22 271
703 25 272
705 24 271
702 28 270
707 28 265
709 32 259
701 41 258
698 44 258
691 46 263
685 47 268
680 41 279
676 41 283
679 39 282
677 39 284
676 36 288
676 32 292
672 36 292
668 39 293
670 34 296
667 36 297
666 32 302
668 27 305
674 23 303
679 18 303
688 13 299
693 15 292
694 15 291
701 13 286
702 13 285
704 13 283
711 8 281
715 8 277
722 6 272
729 6 265
731 6 263
735 5 260
737 6 257
739 8 253
745 6 249
742 8 250
745 7 248
749 8 243
750 6 244
756 4 240
757 6 237
758 8 234
761 8 231
759 11 230
759 9 232
755 12 233
758 10 232
756 13 231
759 15 226
752 21 227
743 29 228
735 33 232
729 36 235
727 34 239
721 36 243
717 40 243
713 44 243
714 45 241
720 44 236
718 45 237
713 52 235
712 47 241
710 45 245
711 41 248
704 44 252
701 45 254
701 40 259
697 39 264
694 42 264
693 44 263
686 45 269
681 53 266
675 57 268
671 56 273
666 58 276
663 58 279
655 56 289
661 49 290
664 45 291
665 43 292
665 42 293
668 40 292
669 35 296
668 36 296
667 38 295
664 43 293
663 42 295
665 36 299
666 37 297
672 34 294
673 30 297
680 28 292
680 28 292
679 29 292
682 24 294
677 26 297
679 28 293
686 25 289
689 27 284
689 21 290
687 23 290
684 25 291
685 29 286
680 31 289
684 32 284
682 31 287
685 32 283
685 32 283
686 34 280
687 34 279
691 33 276
686 45 269
681 48 271
677 53 270
666 60 274
647 73 280
629 84 287
616 88 296
606 96 298
584 104 312
566 110 324
552 109 339
543 99 358
540 89 371
531 86 383
530 84 386
523 81 396
518 73 409
520 76 404
524 68 408
527 63 410
521 70 409
523 65 412
523 63 414
519 65 416
515 64 421
509 70 421
512 65 423
509 68 423
507 64 429
503 63 434
503 58 439
517 47 436
517 45 438
520 43 437
526 41 433
536 36 428
537 41 422
537 43 420
545 35 420
548 37 415
551 37 412
552 31 417
557 34 409
563 31 406
564 26 410
572 22 406
571 31 398
571 32 397
578 24 398
573 23 404
574 24 402
579 24 397
574 30 396
569 36 395
571 34 395
570 34 396
574 33 393
568 34 398
570 36 394
579 32 389
582 35 383
583 33 384
585 25 390
590 22 388
600 19 381
601 17 382
604 17 379
610 16 374
613 14 373
619 12 369
625 11 364
629 11 360
631 10 359
639 9 352
642 13 345
639 17 344
641 13 346
651 14 335
651 13 336
651 11 338
651 13 336
653 16 331
652 17 331
655 17 328
653 14 333
654 11 335
660 13 327
661 14 325
660 13 327
660 16 324
665 19 316
667 20 313
674 21 305
677 17 306
680 17 303
681 21 298
679 23 298
674 24 302
670 28 302
676 25 299
678 24 298
678 27 295
673 33 294
678 31 291
675 33 292
669 37 294
672 41 287
663 32 305
666 34 300
664 34 302
662 29 309
664 26 310
663 25 312
664 24 312
663 29 308
661 25 314
662 28 310
659 26 315
658 24 318
660 26 314
660 26 314
660 27 313
657 31 312
655 30 315
654 32 314
660 35 305
664 38 298
668 41 291
672 40 288
668 44 288
670 44 286
667 46 287
664 43 293
669 36 295
671 33 296
668 28 304
672 22 306
673 22 305
674 24 302
671 31 298
673 28 299
670 33 297
670 33 297
669 33 298
671 32 297
671 35 294
668 37 295
663 40 297
667 38 295
669 38 293
665 36 299
660 33 307
659 32 309
661 30 309
663 31 306
664 33 303
658 40 302
653 44 303
650 44 306
645 46 309
641 44 315
636 42 322
636 40 324
639 36 325
636 36 328
635 35 330
635 31 334
635 27 338
634 22 344
635 23 342
639 19 342
642 18 340
646 18 336
648 20 332
651 16 333
654 14 332
658 16 326
658 16 326
660 17 323
662 19 319
