807
694
412
490
214
635
460
832
780
736
118
944
667
236
968
717
444
840
785
372
720
610
565
923
342
406
71
647
735
743
608
609
657
698
846
960
510
349
515
811
205
41
29
411
31
595
60
489
759
326
876
581
790
437
864
705
927
38
240
862
966
427
760
531
856
10
626
938
746
951
983
66
804
560
11
884
128
423
552
777
640
363
885
365
156
981
258
201
234
708
453
504
281
418
69
217
519
456
90
782
572
111
63
761
643
848
72
792
184
263
321
45
730
665
904
227
875
691
220
159
333
331
3
980
303
889
919
805
59
836
878
210
395
284
814
943
765
298
689
779
252
843
941
906
209
693
443
493
264
6
606
652
702
957
120
