933
601
341
618
781
420
223
416
521
36
512
4
833
143
947
378
100
99
780
452
516
995
312
658
609
631
850
982
387
370
547
496
253
74
739
879
642
775
347
683
331
282
742
232
506
573
638
345
82
405
327
876
561
853
318
429
785
694
705
504
735
695
311
435
54
350
731
255
395
116
932
78
505
722
761
936
379
907
989
410
210
164
824
935
360
591
423
170
65
479
770
874
249
291
124
657
268
195
393
560
500
229
531
578
509
309
890
546
330
28
794
98
999
408
943
474
348
332
541
315
43
582
71
338
160
503
581
42
964
417
836
615
270
94
724
897
497
543
374
316
888
883
394
553
468
110
485
397
372
357
254
8
687
837
865
