77
720
1
506
627
327
682
375
666
454
544
892
736
645
894
741
513
608
905
705
465
655
556
863
917
899
350
660
808
689
272
725
635
639
562
410
619
292
983
477
904
907
557
618
593
753
955
912
377
147
993
148
54
504
321
111
50
348
887
875
334
130
853
739
155
418
514
216
75
577
427
119
516
485
554
213
138
649
921
673
761
299
16
771
929
20
947
507
389
409
173
674
915
85
464
7
978
762
491
347
678
882
692
623
346
469
235
662
531
520
176
143
332
644
302
846
873
699
84
778
675
412
308
948
572
811
859
481
459
963
288
240
862
401
786
598
950
982
192
560
83
185
475
256
450
632
735
865
453
157
704
23
693
218
714
