1000 0 0
1000 0 0
999 1 0
999 1 0
999 0 1
999 0 1
999 0 1
998 0 2
996 2 2
994 4 2
991 5 4
982 13 5
963 28 9
927 54 19
875 99 26
831 125 44
773 165 62
724 187 89
678 201 121
630 212 158
603 209 188
570 215 215
545 210 245
516 192 292
493 183 324
477 174 349
459 175 366
450 158 392
446 145 409
435 128 437
438 105 457
435 101 464
434 93 473
440 85 475
443 79 478
441 75 484
441 69 490
455 55 490
463 52 485
464 51 485
465 46 489
468 45 487
473 36 491
476 30 494
482 25 493
495 22 483
503 19 478
505 19 476
517 18 465
525 17 458
533 18 449
537 20 443
541 21 438
554 14 432
554 16 430
557 13 430
561 15 424
566 12 422
569 12 419
578 12 410
586 8 406
591 6 403
592 9 399
595 10 395
597 7 396
606 6 388
611 7 382
612 9 379
615 10 375
629 7 364
635 7 358
639 8 353
651 6 343
656 7 337
665 7 328
672 5 323
675 5 320
674 11 315
673 16 311
667 25 308
659 35 306
655 37 308
648 35 317
647 34 319
636 44 320
630 47 323
624 48 328
617 56 327
608 64 328
603 66 331
589 72 339
585 74 341
587 65 348
589 62 349
581 63 356
580 62 358
576 59 365
574 60 366
570 55 375
561 55 384
559 55 386
557 58 385
561 57 382
561 54 385
569 51 380
570 53 377
575 51 374
583 49 368
579 52 369
579 49 372
577 48 375
577 40 383
577 36 387
576 38 386
578 37 385
583 33 384
582 27 391
581 27 392
590 27 383
592 28 380
596 24 380
602 24 374
610 23 367
611 21 368
610 21 369
614 21 365
614 22 364
618 19 363
617 18 365
616 24 360
612 31 357
616 32 352
614 31 355
614 36 350
614 36 350
612 35 353
619 30 351
623 25 352
625 27 348
625 30 345
627 34 339
630 36 334
633 38 329
640 37 323
643 36 321
645 35 320
652 32 316
653 28 319
655 28 317
662 23 315
661 21 318
664 21 315
663 23 314
660 29 311
662 25 313
664 21 315
667 17 316
669 14 317
670 15 315
667 17 316
672 16 312
679 15 306
682 15 303
688 12 300
687 14 299
686 14 300
691 15 294
694 16 290
693 20 287
694 21 285
693 25 282
697 31 272
695 29 276
688 40 272
681 42 277
677 42 281
677 39 284
675 37 288
672 38 290
668 32 300
667 34 299
669 33 298
664 39 297
665 36 299
665 37 298
664 38 298
664 36 300
668 35 297
665 41 294
662 43 295
660 38 302
656 43 301
650 44 306
642 45 313
635 46 319
629 49 322
632 53 315
639 51 310
644 49 307
642 52 306
637 54 309
633 46 321
632 47 321
630 45 325
628 41 331
632 37 331
631 42 327
627 38 335
629 37 334
634 38 328
640 37 323
640 33 327
638 33 329
640 30 330
638 38 324
637 37 326
640 36 324
639 41 320
636 45 319
634 44 322
633 40 327
640 36 324
635 36 329
639 30 331
648 28 324
648 31 321
650 31 319
650 32 318
653 35 312
654 34 312
651 34 315
651 37 312
642 46 312
642 42 316
642 43 315
638 46 316
645 41 314
650 40 310
650 40 310
653 35 312
660 33 307
664 28 308
663 32 305
668 29 303
670 32 298
666 36 298
662 41 297
657 44 299
659 48 293
656 47 297
651 43 306
650 40 310
654 40 306
651 43 306
651 38 311
656 34 310
653 34 313
653 33 314
652 28 320
651 29 320
654 31 315
656 27 317
661 29 310
660 31 309
660 28 312
664 29 307
670 27 303
666 29 305
672 29 299
668 31 301
670 27 303
672 24 304
673 25 302
677 25 298
673 29 298
674 31 295
675 30 295
669 34 297
664 40 296
662 35 303
662 38 300
662 33 305
669 29 302
673 25 302
670 26 304
667 24 309
666 21 313
673 16 311
672 19 309
671 22 307
673 22 305
680 23 297
680 25 295
682 27 291
682 30 288
684 32 284
681 35 284
683 33 284
682 35 283
686 31 283
688 28 284
691 26 283
692 26 282
691 28 281
694 25 281
695 27 278
694 26 280
692 30 278
687 34 279
690 35 275
689 34 277
684 37 279
679 38 283
671 44 285
666 44 290
664 46 290
659 45 296
658 45 297
657 42 301
654 40 306
656 40 304
654 42 304
651 41 308
656 39 305
659 33 308
656 41 303
658 38 304
655 38 307
655 37 308
651 43 306
646 43 311
648 39 313
643 38 319
643 36 321
644 36 320
642 31 327
642 29 329
645 27 328
654 21 325
663 23 314
665 27 308
660 33 307
659 35 306
661 35 304
660 36 304
657 38 305
658 39 303
654 45 301
644 49 307
638 51 311
627 53 320
624 57 319
619 60 321
611 60 329
610 61 329
604 65 331
601 66 333
595 64 341
586 69 345
580 71 349
586 64 350
589 66 345
589 64 347
590 60 350
587 57 356
580 57 363
587 47 366
591 42 367
592 35 373
595 37 368
596 38 366
592 40 368
599 36 365
602 32 366
607 32 361
610 31 359
607 35 358
603 39 358
603 43 354
594 46 360
583 57 360
573 60 367
562 66 372
551 74 375
540 75 385
535 71 394
539 62 399
536 63 401
541 59 400
542 52 406
545 47 408
551 42 407
551 36 413
560 32 408
564 31 405
563 32 405
562 36 402
564 35 401
565 33 402
569 27 404
568 32 400
568 34 398
569 32 399
567 33 400
570 29 401
576 26 398
585 22 393
586 25 389
592 23 385
593 25 382
598 26 376
604 27 369
609 25 366
608 26 366
611 30 359
611 33 356
613 35 352
614 33 353
614 32 354
615 32 353
615 37 348
614 37 349
615 42 343
605 53 342
599 52 349
595 54 351
591 49 360
587 53 360
579 55 366
577 53 370
570 54 376
563 56 381
570 51 379
566 50 384
567 49 384
560 47 393
566 40 394
569 38 393
575 39 386
575 40 385
576 38 386
574 38 388
575 37 388
577 43 380
571 48 381
574 51 375
569 54 377
567 47 386
573 50 377
569 58 373
562 64 374
563 58 379
563 50 387
572 45 383
574 39 387
575 32 393
577 29 394
579 30 391
584 28 388
587 25 388
585 28 387
585 31 384
588 30 382
588 33 379
588 33 379
586 38 376
583 42 375
583 38 379
579 36 385
577 32 391
574 36 390
577 34 389
580 29 391
581 29 390
587 27 386
594 26 380
599 24 377
602 21 377
608 19 373
614 15 371
619 16 365
623 14 363
626 13 361
632 16 352
642 17 341
643 16 341
647 15 338
653 18 329
655 17 328
652 19 329
655 20 325
659 23 318
663 22 315
665 20 315
667 20 313
669 20 311
666 24 310
670 24 306
672 21 307
669 28 303
662 33 305
657 35 308
661 28 311
661 30 309
662 28 310
663 30 307
664 34 302
665 35 300
665 37 298
668 36 296
670 36 294
670 35 295
662 34 304
662 31 307
663 28 309
669 27 304
671 20 309
671 18 311
677 17 306
685 17 298
685 17 298
690 15 295
693 14 293
692 15 293
698 14 288
701 15 284
703 16 281
702 17 281
706 14 280
711 15 274
710 17 273
713 16 271
716 14 270
718 17 265
723 17 260
722 18 260
721 19 260
725 18 257
724 14 262
729 17 254
720 24 256
704 37 259
695 43 262
692 44 264
693 40 267
685 48 267
688 44 268
682 43 275
678 42 280
671 49 280
665 51 284
666 41 293
671 39 290
663 44 293
658 51 291
656 54 290
659 57 284
654 60 286
647 57 296
643 59 298
645 53 302
639 52 309
630 56 314
625 53 322
627 52 321
621 48 331
616 51 333
615 55 330
617 49 334
614 50 336
612 49 339
607 44 349
607 40 353
613 41 346
618 36 346
623 35 342
629 36 335
632 34 334
629 37 334
630 37 333
632 39 329
632 38 330
640 33 327
643 29 328
642 32 326
647 30 323
643 33 324
643 32 325
650 29 321
651 29 320
649 30 321
653 32 315
657 35 308
655 36 309
656 35 309
661 33 306
658 38 304
660 41 299
652 43 305
647 46 307
649 39 312
644 42 314
647 40 313
643 44 313
638 43 319
636 43 321
634 36 330
637 27 336
641 23 336
644 21 335
646 21 333
647 21 332
649 20 331
651 20 329
654 16 330
647 21 332
644 27 329
646 28 326
648 28 324
643 36 321
645 33 322
651 32 317
646 28 326
644 30 326
643 25 332
645 21 334
653 16 331
656 13 331
662 9 329
668 8 324
673 5 322
680 5 315
686 5 309
695 5 300
702 5 293
708 5 287
714 5 281
717 8 275
721 9 270
726 11 263
727 9 264
732 12 256
728 18 254
728 19 253
731 17 252
731 20 249
731 20 249
729 23 248
724 27 249
725 28 247
717 32 251
716 28 256
713 31 256
712 34 254
708 37 255
709 36 255
707 38 255
706 41 253
706 41 253
707 38 255
702 41 257
689 48 263
686 53 261
690 49 261
684 45 271
687 39 274
689 35 276
690 39 271
695 38 267
692 38 270
687 45 268
686 32 282
688 28 284
685 31 284
684 32 284
676 39 285
671 47 282
664 50 286
658 52 290
644 65 291
635 65 300
621 73 306
614 79 307
612 71 317
598 72 330
600 69 331
594 65 341
589 60 351
589 56 355
587 61 352
583 60 357
585 52 363
582 55 363
581 52 367
577 49 374
582 42 376
588 35 377
590 33 377
589 32 379
596 26 378
600 21 379
597 29 374
595 30 375
599 31 370
596 32 372
606 27 367
599 35 366
606 30 364
605 32 363
605 32 363
609 35 356
610 31 359
613 26 361
618 29 353
623 23 354
623 25 352
626 27 347
622 30 348
619 34 347
616 31 353
619 27 354
620 30 350
623 30 347
618 33 349
612 34 354
608 33 359
611 30 359
609 29 362
607 29 364
605 30 365
608 32 360
603 37 360
601 30 369
607 24 369
606 24 370
604 31 365
602 35 363
602 34 364
604 38 358
603 38 359
610 36 354
614 34 352
624 28 348
625 26 349
634 24 342
628 28 344
632 26 342
633 23 344
632 26 342
634 25 341
630 26 344
633 28 339
629 30 341
637 25 338
643 20 337
643 24 333
648 25 327
652 18 330
657 17 326
658 19 323
659 20 321
657 23 320
657 21 322
661 17 322
660 18 322
656 19 325
658 17 325
662 13 325
665 10 325
668 7 325
669 12 319
672 9 319
680 11 309
681 11 308
688 14 298
689 15 296
691 15 294
692 17 291
693 17 290
698 17 285
703 21 276
710 19 271
711 20 269
712 21 267
714 23 263
711 25 264
713 20 267
718 20 262
714 23 263
713 25 262
711 29 260
708 30 262
709 33 258
702 36 262
699 35 266
695 36 269
688 42 270
687 38 275
686 39 275
683 44 273
678 50 272
671 51 278
670 48 282
668 50 282
660 58 282
653 63 284
648 59 293
647 55 298
644 53 303
642 51 307
637 55 308
628 58 314
626 59 315
615 67 318
612 66 322
607 64 329
602 66 332
606 55 339
605 50 345
605 48 347
599 57 344
601 55 344
609 50 341
601 52 347
602 50 348
599 57 344
594 52 354
591 52 357
583 50 367
578 52 370
577 51 372
584 45 371
583 45 372
587 37 376
583 37 380
592 34 374
594 29 377
593 31 376
594 26 380
599 25 376
605 24 371
600 27 373
604 24 372
603 27 370
606 27 367
606 26 368
604 23 373
609 21 370
615 22 363
618 23 359
627 21 352
634 20 346
638 19 343
646 14 340
651 15 334
650 18 332
654 17 329
653 19 328
662 19 319
662 20 318
664 22 314
665 26 309
659 36 305
653 40 307
646 46 308
641 53 306
644 49 307
645 45 310
640 47 313
641 41 318
637 43 320
632 45 323
632 42 326
629 38 333
633 39 328
631 35 334
625 38 337
623 37 340
611 51 338
608 56 336
600 56 344
600 50 350
599 51 350
600 49 351
600 44 356
600 47 353
603 44 353
605 41 354
601 41 358
601 38 361
602 35 363
604 38 358
604 36 360
601 41 358
602 38 360
596 41 363
595 43 362
582 53 365
579 52 369
574 54 372
580 45 375
583 40 377
582 39 379
580 39 381
577 38 385
583 38 379
591 32 377
594 28 378
600 29 371
605 29 366
613 29 358
611 30 359
612 26 362
612 29 359
612 31 357
614 34 352
617 33 350
614 37 349
617 39 344
616 42 342
614 44 342
614 42 344
616 40 344
619 38 343
623 33 344
629 29 342
631 24 345
635 19 346
640 13 347
645 12 343
651 11 338
654 10 336
656 12 332
661 11 328
668 13 319
667 14 319
669 14 317
674 16 310
685 15 300
683 16 301
694 15 291
698 16 286
699 14 287
703 14 283
702 15 283
696 19 285
696 22 282
692 25 283
687 31 282
687 32 281
676 37 287
668 42 290
662 48 290
654 46 300
646 55 299
637 54 309
635 50 315
629 57 314
628 62 310
617 56 327
617 61 322
616 63 321
611 63 326
614 53 333
610 59 331
611 55 334
611 47 342
612 47 341
613 51 336
612 45 343
617 38 345
618 34 348
622 31 347
623 29 348
626 29 345
622 33 345
626 28 346
630 30 340
630 28 342
630 25 345
635 23 342
638 20 342
641 18 341
644 20 336
647 19 334
652 17 331
656 16 328
656 21 323
655 22 323
656 20 324
652 23 325
652 21 327
655 20 325
655 18 327
655 20 325
653 19 328
653 22 325
654 25 321
659 23 318
663 22 315
670 22 308
