112
768
816
784
179
282
18
559
697
532
605
992
56
704
815
626
209
244
407
649
799
417
585
408
898
329
826
757
733
819
534
41
252
186
336
452
916
866
172
84
982
612
437
947
316
171
528
426
722
13
828
162
312
436
628
764
903
1
655
79
706
618
931
703
823
337
110
393
975
513
159
429
692
604
937
354
98
934
461
7
358
405
440
810
188
269
229
427
355
466
809
702
292
737
281
940
38
983
731
352
657
267
857
672
138
670
558
862
148
46
309
154
392
807
939
674
78
61
274
75
290
701
120
864
30
488
322
995
369
844
16
950
219
372
131
330
926
127
394
143
338
359
223
687
193
587
258
961
164
245
474
698
443
59
136
935
543
130
128
368
404
693
10
516
40
420
226
654
607
86
721
294
838
335
868
291
360
791
64
346
832
966
