148
270
890
335
119
512
475
755
563
523
542
723
643
902
925
987
612
164
239
661
636
682
728
566
235
722
696
989
135
240
301
698
988
162
292
440
550
366
10
729
541
981
624
416
232
921
414
259
971
4
111
57
525
544
352
913
754
392
121
407
602
742
87
529
257
748
332
638
706
396
975
8
522
519
634
773
474
931
455
50
228
510
69
218
293
499
937
571
168
659
438
934
490
25
601
733
914
936
845
573
718
555
372
970
784
454
311
558
869
86
898
712
699
307
909
810
524
889
129
667
186
151
939
379
801
42
472
344
743
531
929
802
451
169
274
59
547
38
93
674
756
694
905
996
692
294
948
765
350
92
958
865
494
608
642
142
206
658
237
597
739
359
666
102
409
382
484
837
124
70
224
816
246
11
339
476
725
226
55
621
16
329
