995 5 0
993 7 0
987 12 1
978 21 1
972 23 5
969 23 8
950 39 11
924 56 20
893 79 28
864 95 41
831 106 63
800 118 82
777 115 108
741 133 126
707 138 155
676 152 172
653 152 195
622 161 217
602 152 246
583 148 269
558 156 286
548 150 302
531 146 323
519 148 333
513 131 356
512 117 371
502 107 391
496 103 401
494 99 407
488 86 426
492 71 437
491 62 447
496 51 453
496 51 453
496 50 454
496 50 454
497 51 452
497 53 450
506 45 449
513 43 444
519 39 442
528 39 433
528 41 431
529 42 429
533 44 423
533 37 430
535 37 428
539 37 424
545 37 418
544 39 417
552 36 412
554 33 413
559 33 408
561 33 406
565 33 402
565 36 399
570 35 395
573 36 391
570 34 396
567 39 394
562 41 397
562 39 399
573 33 394
575 33 392
576 30 394
578 28 394
582 27 391
592 24 384
590 23 387
587 22 391
591 24 385
594 25 381
595 26 379
596 24 380
591 30 379
587 29 384
593 28 379
599 24 377
605 19 376
606 22 372
609 18 373
610 15 375
613 13 374
616 12 372
623 13 364
627 12 361
636 14 350
636 14 350
640 18 342
639 18 343
647 21 332
650 23 327
651 25 324
644 29 327
646 30 324
647 32 321
648 37 315
654 32 314
657 36 307
660 35 305
660 38 302
656 36 308
658 32 310
656 36 308
651 40 309
652 34 314
653 30 317
653 26 321
656 25 319
659 24 317
661 25 314
663 25 312
667 19 314
671 18 311
667 16 317
672 15 313
674 14 312
676 18 306
678 20 302
683 20 297
681 29 290
671 35 294
660 47 293
638 57 305
633 62 305
625 64 311
619 60 321
614 59 327
607 59 334
608 50 342
605 50 345
602 50 348
599 51 350
600 48 352
601 51 348
601 43 356
606 35 359
610 34 356
612 38 350
615 35 350
615 29 356
614 31 355
615 28 357
620 26 354
625 27 348
631 23 346
625 29 346
623 26 351
628 24 348
630 24 346
626 27 347
622 25 353
626 24 350
628 24 348
630 19 351
634 20 346
635 23 342
636 23 341
639 21 340
645 20 335
649 22 329
650 27 323
646 34 320
648 31 321
643 36 321
647 32 321
650 32 318
650 32 318
653 32 315
652 33 315
655 32 313
656 32 312
656 30 314
658 29 313
659 26 315
655 30 315
658 33 309
646 40 314
650 43 307
650 41 309
640 45 315
627 50 323
619 53 328
614 54 332
623 50 327
620 47 333
621 41 338
620 41 339
617 39 344
611 41 348
607 47 346
606 48 346
609 42 349
612 36 352
618 29 353
624 32 344
624 32 344
624 30 346
627 28 345
637 22 341
636 21 343
644 15 341
642 19 339
642 17 341
645 20 335
647 20 333
651 19 330
652 17 331
649 17 334
645 21 334
650 18 332
655 19 326
665 17 318
659 18 323
660 18 322
673 12 315
677 15 308
684 11 305
683 14 303
685 15 300
685 16 299
687 17 296
689 13 298
685 22 293
684 23 293
684 23 293
682 25 293
681 25 294
682 24 294
682 30 288
680 31 289
685 23 292
683 20 297
683 21 296
685 20 295
680 25 295
681 24 295
685 21 294
685 20 295
689 21 290
688 27 285
689 26 285
692 24 284
688 28 284
686 29 285
687 31 282
690 33 277
689 33 278
690 34 276
684 40 276
678 46 276
670 45 285
665 53 282
655 56 289
646 59 295
644 65 291
640 60 300
642 56 302
648 50 302
647 50 303
634 52 314
624 58 318
616 65 319
605 72 323
599 73 328
586 80 334
579 77 344
571 83 346
561 83 356
560 79 361
554 82 364
545 86 369
533 87 380
530 86 384
530 80 390
533 68 399
534 65 401
540 64 396
546 61 393
552 52 396
550 51 399
554 42 404
558 41 401
561 40 399
558 41 401
560 32 408
566 31 403
576 22 402
584 17 399
585 22 393
589 25 386
592 24 384
598 25 377
602 26 372
603 27 370
612 27 361
604 30 366
604 28 368
606 29 365
608 30 362
612 29 359
616 33 351
617 32 351
615 33 352
622 33 345
621 35 344
618 32 350
621 22 357
619 26 355
626 23 351
628 25 347
633 26 341
626 35 339
632 36 332
634 34 332
631 35 334
631 26 343
638 24 338
644 26 330
642 27 331
644 20 336
643 18 339
640 21 339
648 17 335
645 18 337
649 17 334
650 22 328
652 25 323
659 24 317
666 21 313
671 22 307
675 21 304
676 20 304
679 14 307
684 17 299
680 23 297
675 28 297
673 25 302
676 21 303
673 22 305
671 25 304
674 22 304
668 28 304
667 26 307
669 27 304
671 25 304
659 37 304
649 48 303
648 48 304
643 46 311
647 47 306
644 49 307
642 52 306
641 49 310
634 52 314
634 45 321
632 41 327
626 47 327
623 47 330
628 41 331
628 38 334
630 37 333
625 39 336
626 38 336
624 36 340
617 43 340
611 52 337
613 43 344
604 51 345
609 47 344
607 49 344
608 47 345
604 49 347
603 53 344
596 52 352
600 48 352
600 46 354
604 40 356
608 36 356
615 31 354
622 29 349
621 32 347
628 27 345
632 25 343
630 24 346
631 27 342
629 29 342
627 30 343
630 33 337
622 39 339
622 37 341
627 34 339
629 29 342
638 30 332
635 32 333
638 30 332
646 25 329
654 20 326
655 21 324
662 20 318
661 22 317
661 19 320
664 20 316
670 17 313
675 13 312
674 15 311
675 13 312
672 16 312
673 17 310
675 15 310
677 15 308
679 15 306
680 15 305
687 14 299
688 11 301
692 9 299
699 9 292
704 7 289
709 8 283
715 11 274
716 17 267
715 17 268
706 29 265
694 40 266
688 39 273
679 44 277
673 49 278
667 49 284
649 61 290
642 62 296
637 60 303
626 68 306
618 73 309
613 69 318
608 70 322
600 75 325
593 76 331
588 73 339
584 70 346
584 62 354
586 58 356
588 56 356
591 55 354
584 58 358
574 70 356
572 67 361
568 63 369
567 63 370
572 60 368
564 66 370
564 61 375
565 54 381
565 45 390
570 43 387
568 46 386
563 47 390
569 49 382
569 50 381
570 50 380
573 52 375
574 49 377
578 47 375
582 44 374
590 39 371
597 32 371
607 30 363
608 32 360
607 27 366
609 33 358
612 32 356
620 29 351
622 25 353
620 27 353
620 30 350
624 28 348
618 34 348
619 33 348
619 30 351
619 32 349
625 31 344
629 28 343
639 26 335
645 24 331
652 24 324
651 23 326
653 22 325
655 20 325
660 18 322
664 16 320
666 15 319
670 14 316
679 13 308
685 11 304
693 9 298
698 9 293
704 7 289
712 6 282
715 6 279
718 6 276
721 4 275
725 5 270
724 8 268
731 7 262
736 7 257
738 8 254
735 12 253
735 12 253
737 11 252
739 11 250
745 11 244
744 14 242
750 15 235
749 17 234
744 21 235
746 23 231
743 30 227
739 36 225
729 35 236
729 37 234
722 43 235
720 45 235
713 51 236
708 54 238
697 57 246
689 60 251
684 61 255
682 55 263
677 56 267
671 61 268
667 59 274
663 59 278
657 63 280
654 64 282
640 74 286
635 77 288
633 73 294
624 69 307
621 65 314
624 62 314
626 55 319
619 53 328
620 41 339
624 34 342
618 35 347
617 39 344
622 29 349
624 30 346
622 36 342
624 38 338
625 34 341
622 31 347
616 31 353
611 37 352
606 38 356
601 40 359
603 40 357
602 37 361
608 35 357
610 32 358
612 30 358
613 26 361
607 29 364
605 27 368
602 30 368
604 34 362
611 30 359
614 30 356
625 27 348
631 33 336
630 35 335
637 35 328
627 40 333
621 44 335
613 51 336
613 50 337
611 57 332
602 62 336
604 58 338
598 61 341
599 59 342
597 54 349
592 55 353
591 55 354
593 56 351
591 49 360
587 50 363
585 52 363
583 48 369
581 47 372
578 49 373
573 52 375
574 50 376
574 43 383
570 37 393
577 32 391
582 26 392
590 21 389
595 23 382
597 20 383
601 20 379
606 20 374
607 21 372
618 19 363
618 18 364
617 21 362
623 24 353
622 21 357
622 19 359
627 20 353
630 23 347
638 20 342
646 21 333
653 18 329
661 17 322
664 18 318
664 18 318
664 16 320
666 13 321
669 12 319
670 10 320
676 9 315
683 6 311
691 4 305
696 4 300
701 7 292
708 4 288
716 4 280
718 4 278
722 4 274
728 4 268
730 4 266
735 4 261
740 3 257
746 3 251
752 2 246
756 2 242
762 2 236
763 2 235
768 2 230
771 1 228
771 2 227
774 2 224
773 3 224
775 3 222
780 4 216
783 2 215
786 3 211
793 3 204
800 3 197
802 1 197
806 1 193
810 1 189
812 1 187
814 1 185
814 3 183
807 11 182
803 16 181
793 28 179
777 42 181
760 58 182
733 78 189
709 85 206
682 100 218
662 111 227
641 111 248
628 112 260
616 116 268
609 109 282
603 100 297
596 94 310
587 92 321
582 81 337
579 73 348
574 67 359
569 73 358
563 71 366
553 74 373
556 68 376
558 64 378
554 65 381
551 62 387
550 58 392
554 53 393
550 51 399
550 47 403
560 40 400
558 40 402
559 44 397
564 37 399
563 37 400
564 38 398
560 38 402
559 32 409
558 31 411
556 34 410
554 37 409
555 41 404
558 35 407
559 33 408
567 36 397
570 32 398
576 23 401
583 24 393
587 18 395
596 16 388
601 15 384
604 13 383
614 9 377
624 8 368
628 8 364
636 7 357
641 6 353
647 6 347
650 7 343
655 4 341
661 5 334
666 5 329
672 5 323
672 7 321
675 8 317
679 7 314
681 9 310
687 9 304
694 9 297
699 9 292
706 9 285
709 11 280
712 10 278
712 13 275
717 12 271
721 12 267
721 16 263
726 16 258
725 14 261
724 20 256
722 22 256
714 33 253
703 41 256
698 42 260
699 39 262
695 41 264
687 49 264
684 45 271
679 49 272
681 48 271
678 45 277
672 50 278
672 50 278
666 50 284
663 47 290
654 52 294
643 61 296
633 60 307
630 51 319
629 49 322
621 59 320
618 56 326
614 60 326
612 61 327
607 61 332
603 57 340
598 56 346
596 59 345
596 55 349
597 44 359
599 43 358
596 46 358
596 44 360
597 42 361
597 45 358
592 48 360
584 56 360
579 53 368
574 53 373
574 47 379
566 47 387
564 46 390
561 46 393
553 47 400
550 49 401
553 47 400
550 43 407
547 42 411
549 36 415
548 31 421
548 34 418
552 31 417
558 28 414
566 30 404
574 31 395
579 29 392
586 29 385
588 30 382
590 30 380
596 29 375
600 28 372
603 29 368
607 27 366
604 22 374
606 19 375
608 16 376
615 14 371
620 13 367
627 11 362
634 8 358
634 9 357
641 8 351
650 6 344
652 6 342
657 7 336
661 9 330
664 10 326
665 12 323
664 16 320
661 20 319
657 26 317
653 31 316
651 38 311
651 34 315
648 37 315
646 34 320
649 31 320
655 28 317
653 35 312
646 42 312
645 43 312
639 43 318
641 40 319
636 43 321
639 41 320
638 37 325
633 40 327
625 44 331
627 40 333
623 43 334
620 50 330
623 44 333
622 48 330
620 48 332
611 53 336
609 57 334
596 64 340
590 69 341
591 61 348
587 64 349
583 65 352
586 67 347
579 65 356
570 71 359
565 73 362
558 75 367
557 72 371
553 72 375
552 64 384
553 62 385
556 57 387
563 51 386
566 48 386
567 45 388
570 47 383
568 44 388
564 46 390
557 45 398
546 51 403
547 50 403
549 48 403
549 42 409
561 40 399
563 36 401
562 39 399
564 44 392
565 45 390
566 47 387
568 48 384
562 44 394
567 32 401
568 35 397
572 30 398
577 26 397
580 24 396
587 23 390
590 24 386
596 27 377
599 28 373
599 25 376
598 27 375
601 28 371
606 24 370
606 23 371
610 25 365
620 20 360
618 16 366
618 20 362
624 18 358
637 15 348
646 17 337
655 16 329
654 20 326
653 21 326
654 20 326
661 22 317
663 23 314
663 23 314
663 24 313
668 21 311
665 23 312
666 19 315
657 25 318
649 33 318
648 37 315
645 39 316
637 42 321
636 44 320
632 47 321
637 40 323
640 38 322
641 35 324
645 32 323
640 38 322
643 35 322
645 32 323
646 28 326
651 29 320
643 40 317
645 42 313
647 39 314
643 39 318
645 40 315
641 38 321
649 33 318
644 36 320
647 36 317
651 32 317
654 24 322
656 22 322
660 22 318
665 21 314
667 20 313
665 20 315
670 14 316
671 13 316
670 18 312
675 17 308
673 16 311
679 12 309
682 13 305
686 11 303
689 14 297
691 15 294
691 15 294
685 20 295
690 17 293
690 18 292
691 20 289
693 16 291
691 21 288
692 18 290
694 18 288
695 16 289
697 16 287
697 16 287
699 16 285
699 15 286
702 15 283
704 16 280
707 18 275
714 15 271
716 13 271
716 14 270
721 16 263
723 19 258
719 26 255
719 28 253
719 27 254
710 31 259
704 45 251
692 53 255
679 56 265
664 58 278
655 66 279
650 67 283
640 69 291
634 66 300
615 77 308
602 82 316
592 80 328
581 87 332
569 86 345
570 82 348
565 79 356
556 82 362
554 73 373
554 73 373
554 75 371
551 71 378
543 74 383
543 70 387
540 62 398
542 54 404
547 53 400
558 47 395
