1000 0 0
1000 0 0
1000 0 0
997 3 0
991 8 1
991 6 3
985 9 6
980 13 7
975 15 10
962 27 11
951 34 15
922 56 22
905 59 36
877 78 45
844 91 65
808 113 79
767 139 94
730 143 127
702 147 151
683 144 173
659 146 195
643 145 212
635 128 237
619 124 257
601 123 276
590 125 285
582 131 287
566 130 304
555 130 315
544 119 337
536 114 350
521 114 365
508 107 385
503 107 390
500 104 396
493 100 407
487 107 406
481 98 421
471 100 429
462 101 437
449 105 446
437 100 463
434 93 473
434 91 475
433 82 485
437 73 490
442 64 494
446 65 489
445 60 495
445 58 497
448 55 497
458 55 487
464 48 488
468 44 488
476 44 480
488 39 473
489 42 469
498 39 463
490 45 465
492 47 461
492 48 460
501 34 465
503 33 464
502 41 457
513 37 450
516 29 455
518 25 457
526 21 453
531 17 452
534 15 451
532 20 448
530 20 450
538 22 440
542 23 435
538 31 431
541 30 429
540 30 430
542 37 421
548 32 420
551 26 423
553 23 424
557 18 425
565 17 418
571 16 413
577 15 408
577 15 408
586 14 400
591 14 395
596 11 393
602 8 390
611 6 383
619 8 373
625 6 369
629 9 362
625 16 359
623 20 357
625 20 355
617 27 356
620 26 354
625 18 357
626 17 357
630 16 354
636 16 348
641 20 339
643 23 334
645 21 334
652 18 330
654 19 327
658 17 325
659 15 326
660 16 324
658 18 324
656 13 331
656 14 330
660 13 327
663 17 320
657 21 322
654 27 319
647 33 320
646 31 323
639 39 322
638 38 324
637 47 316
632 48 320
624 54 322
622 48 330
619 49 332
612 52 336
606 59 335
597 61 342
589 62 349
587 62 351
578 64 358
569 67 364
564 65 371
556 70 374
552 67 381
552 58 390
556 52 392
559 49 392
559 43 398
557 42 401
558 43 399
564 43 393
562 40 398
559 37 404
562 34 404
563 34 403
561 34 405
565 31 404
569 27 404
571 26 403
577 29 394
582 30 388
579 31 390
580 29 391
595 25 380
599 21 380
604 21 375
609 22 369
612 22 366
617 17 366
623 18 359
623 18 359
622 18 360
633 19 348
638 16 346
642 16 342
644 18 338
646 19 335
649 16 335
652 13 335
655 13 332
652 19 329
652 20 328
650 26 324
639 42 319
633 46 321
633 48 319
640 44 316
633 47 320
626 53 321
623 53 324
617 55 328
616 49 335
609 54 337
604 51 345
607 55 338
604 49 347
602 51 347
599 50 351
600 52 348
599 47 354
598 46 356
596 52 352
596 47 357
593 47 360
589 40 371
586 38 376
584 40 376
579 42 379
574 46 380
574 41 385
572 44 384
569 42 389
575 40 385
584 31 385
584 28 388
584 31 385
586 33 381
581 40 379
577 43 380
580 41 379
580 43 377
580 48 372
585 40 375
587 39 374
582 42 376
574 44 382
572 40 388
576 45 379
576 48 376
576 46 378
571 50 379
567 56 377
562 55 383
566 52 382
564 48 388
564 47 389
561 50 389
569 43 388
566 46 388
560 48 392
561 43 396
560 38 402
563 36 401
557 45 398
546 57 397
550 58 392
548 57 395
548 56 396
548 52 400
548 49 403
553 41 406
544 53 403
538 55 407
541 52 407
536 57 407
537 59 404
534 57 409
530 64 406
528 63 409
524 56 420
526 51 423
528 45 427
528 41 431
533 36 431
537 34 429
547 28 425
556 19 425
559 18 423
562 19 419
567 17 416
574 17 409
585 19 396
597 16 387
604 11 385
613 10 377
617 10 373
623 11 366
625 10 365
627 12 361
643 10 347
645 9 346
652 7 341
659 6 335
664 5 331
671 6 323
673 6 321
674 10 316
673 11 316
673 14 313
672 15 313
674 15 311
677 13 310
677 17 306
677 15 308
679 20 301
681 21 298
675 27 298
674 29 297
674 28 298
672 31 297
672 29 299
670 32 298
678 31 291
676 29 295
674 32 294
672 35 293
675 32 293
679 33 288
683 37 280
686 33 281
688 27 285
687 26 287
692 26 282
692 29 279
691 30 279
693 27 280
693 27 280
690 32 278
691 34 275
694 27 279
696 26 278
692 27 281
697 23 280
695 20 285
686 29 285
687 30 283
693 32 275
687 33 280
688 34 278
686 31 283
682 32 286
690 32 278
686 35 279
689 33 278
690 31 279
694 31 275
692 28 280
695 28 277
694 23 283
699 20 281
705 18 277
707 21 272
702 27 271
696 32 272
688 38 274
686 42 272
679 48 273
669 45 286
663 41 296
662 42 296
663 39 298
662 46 292
653 48 299
648 47 305
646 41 313
635 54 311
633 58 309
626 64 310
624 64 312
612 63 325
610 56 334
609 54 337
613 53 334
612 57 331
608 58 334
596 64 340
596 48 356
597 45 358
601 39 360
604 31 365
609 33 358
614 29 357
613 26 361
617 24 359
620 24 356
627 20 353
629 22 349
628 28 344
625 35 340
620 34 346
623 32 345
620 30 350
617 34 349
618 31 351
619 32 349
620 34 346
629 35 336
625 37 338
624 32 344
621 30 349
627 30 343
631 27 342
631 28 341
633 31 336
633 25 342
632 22 346
632 22 346
637 18 345
645 17 338
647 17 336
655 16 329
657 20 323
652 22 326
658 21 321
662 21 317
660 23 317
654 26 320
653 26 321
653 28 319
658 28 314
659 34 307
658 36 306
662 31 307
666 31 303
672 25 303
669 26 305
673 25 302
675 22 303
683 20 297
682 23 295
685 21 294
686 23 291
687 24 289
691 22 287
692 26 282
695 25 280
696 23 281
700 21 279
701 22 277
703 20 277
705 18 277
711 16 273
712 17 271
715 17 268
711 22 267
702 28 270
699 29 272
693 38 269
689 46 265
688 43 269
685 44 271
683 35 282
687 32 281
686 36 278
696 31 273
697 28 275
698 28 274
695 30 275
692 36 272
685 39 276
678 35 287
678 35 287
679 33 288
682 31 287
678 35 287
679 33 288
674 36 290
674 37 289
673 41 286
669 43 288
670 44 286
662 49 289
657 50 293
655 47 298
656 48 296
654 53 293
649 55 296
643 60 297
634 69 297
627 72 301
616 77 307
611 76 313
603 74 323
598 70 332
594 66 340
578 74 348
573 77 350
567 79 354
563 75 362
552 73 375
547 68 385
548 59 393
546 57 397
543 57 400
545 55 400
546 55 399
557 44 399
553 48 399
555 43 402
559 41 400
560 41 399
559 41 400
558 38 404
564 36 400
571 33 396
573 32 395
575 30 395
570 35 395
576 30 394
573 32 395
576 33 391
574 31 395
579 27 394
581 21 398
589 20 391
600 19 381
605 20 375
608 17 375
615 16 369
613 23 364
621 19 360
616 22 362
619 21 360
622 22 356
625 28 347
622 26 352
628 24 348
632 21 347
636 16 348
643 13 344
645 12 343
648 14 338
650 11 339
644 17 339
643 21 336
640 24 336
639 23 338
641 25 334
638 26 336
635 29 336
631 32 337
631 35 334
630 37 333
629 39 332
631 39 330
630 40 330
630 39 331
630 41 329
624 44 332
622 46 332
626 38 336
630 34 336
633 31 336
633 27 340
637 24 339
642 27 331
647 27 326
651 30 319
654 26 320
663 22 315
666 20 314
669 19 312
667 19 314
667 18 315
671 15 314
671 17 312
676 16 308
684 11 305
682 12 306
686 8 306
690 9 301
692 9 299
698 8 294
706 6 288
709 6 285
712 8 280
715 7 278
717 6 277
720 8 272
723 9 268
722 14 264
727 12 261
721 20 259
721 18 261
718 23 259
716 30 254
711 33 256
715 37 248
702 45 253
697 44 259
688 51 261
683 55 262
677 57 266
666 64 270
663 67 270
660 64 276
661 55 284
651 58 291
646 58 296
640 60 300
632 60 308
623 60 317
622 56 322
621 61 318
623 57 320
625 56 319
620 53 327
618 51 331
614 42 344
608 44 348
605 48 347
608 42 350
604 48 348
608 35 357
612 34 354
611 38 351
609 44 347
609 45 346
608 47 345
612 39 349
611 37 352
608 44 348
605 46 349
597 49 354
600 47 353
605 43 352
605 44 351
613 38 349
615 35 350
618 36 346
629 32 339
633 34 333
633 31 336
636 31 333
637 32 331
637 28 335
640 25 335
640 31 329
641 36 323
645 35 320
653 31 316
654 35 311
654 35 311
652 29 319
654 30 316
653 30 317
652 29 319
659 24 317
664 22 314
663 22 315
665 24 311
665 26 309
668 21 311
670 21 309
667 23 310
665 20 315
667 23 310
669 25 306
668 28 304
663 31 306
668 27 305
672 30 298
667 33 300
670 29 301
671 27 302
673 27 300
676 23 301
675 29 296
672 32 296
672 40 288
658 51 291
653 54 293
654 55 291
649 55 296
641 59 300
634 65 301
625 66 309
627 59 314
618 57 325
614 59 327
613 57 330
607 56 337
608 51 341
608 50 342
609 41 350
612 40 348
620 34 346
623 29 348
626 32 342
630 28 342
628 27 345
631 27 342
621 34 345
616 43 341
616 40 344
609 42 349
604 44 352
601 40 359
600 39 361
599 41 360
600 43 357
605 44 351
608 44 348
597 50 353
591 57 352
583 64 353
573 66 361
568 67 365
563 65 372
555 69 376
551 70 379
542 72 386
540 72 388
529 82 389
524 82 394
521 77 402
518 73 409
520 70 410
513 75 412
508 71 421
499 75 426
487 71 442
492 72 436
484 73 443
484 74 442
476 80 444
465 77 458
462 69 469
464 62 474
461 60 479
468 52 480
477 49 474
483 47 470
485 47 468
486 43 471
488 44 468
484 46 470
491 51 458
488 56 456
482 55 463
490 52 458
487 54 459
489 53 458
488 51 461
484 49 467
482 47 471
487 42 471
493 37 470
491 37 472
496 36 468
495 36 469
498 40 462
505 36 459
510 32 458
511 34 455
517 29 454
520 28 452
520 32 448
529 30 441
532 31 437
538 29 433
547 22 431
550 21 429
556 17 427
567 14 419
573 10 417
578 7 415
584 6 410
593 6 401
598 7 395
602 11 387
605 11 384
608 14 378
615 17 368
624 16 360
622 15 363
625 19 356
625 19 356
620 23 357
629 21 350
631 24 345
631 25 344
633 31 336
635 27 338
636 21 343
635 26 339
644 21 335
643 26 331
645 29 326
642 30 328
638 33 329
640 27 333
636 32 332
636 37 327
626 46 328
623 52 325
611 54 335
609 53 338
599 61 340
599 50 351
595 46 359
598 42 360
597 34 369
593 37 370
595 34 371
591 37 372
589 37 374
584 40 376
583 33 384
586 34 380
594 34 372
596 31 373
602 30 368
608 28 364
606 37 357
605 40 355
612 38 350
610 38 352
605 33 362
606 31 363
605 30 365
601 31 368
602 33 365
603 37 360
602 39 359
599 39 362
594 42 364
586 50 364
586 51 363
579 56 365
576 61 363
572 62 366
571 63 366
563 59 378
558 63 379
566 51 383
569 46 385
568 46 386
570 42 388
569 39 392
572 38 390
570 35 395
575 33 392
577 31 392
586 31 383
593 26 381
600 24 376
602 26 372
608 25 367
619 17 364
624 16 360
626 15 359
631 18 351
638 20 342
646 16 338
651 14 335
657 14 329
664 10 326
664 16 320
666 19 315
664 20 316
667 17 316
660 26 314
653 26 321
660 20 320
659 23 318
662 23 315
662 21 317
662 24 314
664 25 311
664 26 310
666 26 308
674 19 307
674 22 304
674 21 305
672 24 304
671 25 304
669 26 305
664 31 305
663 30 307
663 32 305
663 34 303
661 33 306
658 35 307
653 36 311
651 40 309
652 39 309
653 37 310
646 44 310
646 45 309
644 45 311
640 42 318
632 48 320
624 52 324
615 60 325
612 58 330
613 52 335
614 53 333
611 56 333
617 51 332
617 53 330
615 50 335
611 55 334
600 61 339
597 63 340
595 62 343
583 62 355
578 66 356
576 63 361
576 68 356
573 67 360
571 65 364
567 67 366
563 72 365
563 64 373
559 63 378
555 62 383
556 55 389
552 53 395
551 50 399
555 44 401
556 44 400
553 44 403
558 40 402
559 36 405
566 34 400
564 34 402
561 30 409
565 32 403
566 30 404
568 24 408
576 28 396
578 29 393
585 30 385
586 32 382
589 31 380
591 30 379
592 28 380
595 27 378
597 28 375
604 31 365
601 32 367
599 30 371
602 24 374
612 22 366
616 21 363
618 18 364
619 20 361
616 22 362
613 27 360
619 28 353
622 29 349
624 34 342
618 39 343
615 39 346
615 41 344
613 38 349
614 31 355
613 36 351
614 32 354
616 29 355
615 31 354
622 30 348
627 27 346
633 29 338
631 26 343
633 27 340
637 25 338
631 31 338
625 37 338
628 38 334
634 33 333
636 34 330
639 28 333
641 24 335
641 21 338
641 24 335
642 25 333
651 24 325
653 24 323
655 27 318
653 26 321
657 25 318
653 29 318
645 37 318
646 43 311
636 50 314
636 45 319
636 42 322
641 37 322
642 37 321
640 36 324
639 36 325
642 31 327
642 23 335
639 27 334
637 27 336
641 25 334
641 26 333
641 27 332
645 27 328
646 26 328
647 26 327
650 23 327
653 21 326
654 22 324
660 23 317
662 25 313
661 26 313
662 24 314
667 26 307
666 25 309
665 23 312
662 27 311
659 33 308
657 30 313
659 31 310
657 32 311
