995 5 0
994 6 0
993 6 1
990 8 2
986 9 5
985 10 5
975 19 6
964 24 12
951 36 13
918 64 18
888 80 32
847 107 46
810 129 61
760 150 90
720 171 109
677 182 141
650 180 170
614 193 193
593 188 219
576 172 252
557 173 270
535 169 296
517 169 314
511 155 334
501 146 353
496 122 382
490 115 395
479 114 407
474 103 423
474 100 426
478 90 432
472 93 435
475 86 439
478 77 445
471 76 453
465 75 460
458 77 465
462 70 468
465 67 468
464 68 468
467 64 469
464 63 473
467 59 474
468 54 478
469 52 479
474 46 480
478 40 482
478 42 480
484 37 479
484 39 477
491 36 473
488 42 470
487 39 474
486 40 474
476 49 475
477 41 482
487 41 472
489 39 472
497 35 468
501 33 466
508 33 459
514 31 455
520 32 448
529 30 441
532 19 449
546 16 438
551 20 429
555 23 422
560 21 419
558 21 421
563 19 418
562 22 416
567 25 408
568 27 405
577 27 396
583 24 393
590 17 393
595 17 388
593 22 385
594 25 381
596 21 383
604 17 379
608 18 374
610 20 370
614 14 372
621 12 367
621 13 366
631 16 353
639 16 345
652 13 335
659 11 330
661 13 326
663 15 322
664 20 316
666 22 312
664 25 311
662 26 312
666 26 308
665 28 307
663 28 309
661 31 308
658 36 306
650 45 305
648 44 308
646 41 313
644 39 317
636 44 320
644 40 316
645 38 317
643 36 321
645 36 319
646 35 319
643 36 321
640 36 324
642 31 327
645 34 321
644 38 318
642 36 322
640 40 320
637 42 321
632 45 323
629 48 323
624 49 327
616 56 328
615 56 329
605 60 335
605 54 341
603 52 345
597 62 341
592 65 343
584 66 350
578 65 357
576 63 361
566 67 367
568 60 372
572 56 372
571 55 374
569 54 377
567 52 381
562 52 386
567 47 386
574 40 386
572 40 388
573 37 390
575 37 388
578 37 385
572 37 391
569 40 391
567 41 392
571 39 390
575 45 380
572 46 382
572 44 384
575 36 389
581 32 387
589 29 382
594 23 383
595 26 379
604 23 373
608 25 367
614 24 362
612 23 365
614 24 362
623 20 357
627 17 356
631 18 351
631 19 350
635 15 350
636 19 345
638 18 344
636 25 339
636 28 336
635 29 336
638 28 334
629 37 334
630 31 339
634 24 342
643 24 333
647 25 328
657 26 317
661 24 315
662 21 317
666 19 315
663 25 312
664 25 311
661 26 313
654 30 316
656 28 316
656 33 311
656 34 310
657 36 307
660 33 307
661 36 303
659 33 308
655 33 312
654 34 312
653 33 314
655 33 312
653 32 315
652 31 317
656 29 315
662 30 308
673 26 301
676 25 299
676 29 295
679 28 293
680 29 291
676 32 292
673 36 291
671 36 293
672 40 288
666 43 291
666 40 294
659 47 294
663 42 295
658 39 303
651 45 304
651 41 308
648 40 312
651 37 312
647 34 319
646 36 318
639 45 316
636 42 322
632 43 325
627 48 325
620 52 328
612 54 334
606 60 334
591 74 335
595 69 336
591 66 343
588 57 355
588 51 361
592 46 362
594 41 365
597 36 367
600 32 368
604 31 365
604 38 358
610 39 351
608 38 354
605 37 358
604 37 359
602 35 363
607 33 360
598 41 361
606 38 356
613 41 346
607 48 345
609 47 344
608 45 347
615 46 339
620 40 340
619 43 338
613 45 342
616 39 345
624 34 342
632 28 340
631 25 344
634 26 340
638 24 338
642 19 339
640 21 339
647 19 334
647 17 336
650 19 331
648 22 330
650 20 330
655 17 328
664 13 323
670 13 317
672 13 315
677 10 313
677 13 310
678 17 305
677 18 305
674 22 304
672 24 304
673 25 302
672 24 304
679 21 300
683 24 293
679 34 287
671 44 285
668 51 281
655 59 286
652 54 294
652 46 302
641 46 313
638 45 317
633 46 321
619 50 331
615 47 338
612 46 342
613 42 345
620 38 342
620 31 349
624 26 350
624 29 347
620 33 347
621 31 348
614 33 353
613 38 349
615 40 345
618 39 343
614 46 340
604 52 344
605 50 345
610 53 337
604 54 342
605 54 341
602 51 347
600 53 347
604 42 354
602 43 355
603 41 356
605 38 357
603 39 358
610 40 350
613 42 345
613 36 351
617 40 343
612 45 343
609 47 344
615 41 344
621 38 341
618 41 341
617 45 338
612 44 344
615 41 344
616 41 343
612 37 351
608 41 351
602 46 352
604 45 351
601 48 351
603 43 354
602 44 354
597 48 355
596 50 354
592 56 352
593 48 359
591 47 362
587 48 365
588 45 367
586 41 373
584 42 374
580 45 375
582 43 375
577 44 379
577 46 377
573 41 386
571 35 394
573 36 391
575 39 386
579 37 384
588 32 380
589 36 375
586 34 380
593 31 376
593 29 378
590 31 379
593 29 378
601 25 374
602 23 375
607 21 372
616 21 363
617 22 361
620 21 359
629 17 354
633 17 350
638 14 348
644 10 346
654 9 337
654 12 334
655 15 330
654 23 323
653 21 326
659 15 326
658 22 320
663 23 314
665 21 314
668 17 315
670 18 312
672 13 315
677 12 311
681 14 305
685 11 304
689 13 298
690 16 294
696 17 287
701 15 284
702 19 279
701 19 280
698 22 280
699 24 277
694 28 278
694 23 283
694 22 284
698 22 280
704 21 275
706 21 273
707 21 272
708 20 272
712 21 267
706 22 272
711 22 267
712 27 261
709 27 264
709 33 258
710 28 262
710 28 262
710 24 266
712 24 264
712 24 264
715 23 262
718 21 261
720 20 260
720 20 260
727 21 252
731 17 252
734 14 252
735 15 250
739 13 248
739 14 247
740 17 243
742 21 237
735 28 237
731 30 239
721 37 242
716 35 249
718 33 249
715 32 253
711 35 254
712 36 252
711 34 255
712 37 251
707 39 254
700 40 260
693 44 263
693 40 267
694 37 269
692 41 267
696 40 264
687 45 268
688 42 270
681 43 276
670 53 277
666 54 280
664 50 286
661 49 290
655 57 288
654 54 292
657 51 292
652 52 296
649 51 300
647 50 303
641 51 308
641 47 312
633 57 310
629 53 318
627 56 317
628 53 319
625 54 321
621 58 321
618 57 325
615 58 327
609 63 328
608 54 338
607 56 337
610 50 340
612 38 350
612 33 355
608 37 355
602 40 358
600 37 363
601 34 365
604 39 357
599 39 362
592 47 361
587 45 368
587 46 367
573 58 369
574 54 372
566 61 373
556 67 377
550 75 375
547 69 384
546 71 383
540 65 395
537 63 400
536 54 410
539 50 411
540 47 413
542 45 413
543 42 415
548 28 424
553 30 417
550 36 414
551 34 415
553 29 418
551 27 422
555 26 419
560 25 415
570 19 411
576 18 406
573 23 404
580 18 402
586 16 398
589 15 396
594 17 389
594 17 389
595 19 386
596 20 384
601 24 375
602 29 369
604 27 369
620 20 360
623 22 355
622 21 357
622 21 357
631 21 348
634 21 345
633 26 341
636 24 340
636 29 335
640 29 331
634 28 338
633 30 337
626 39 335
624 45 331
616 49 335
617 46 337
614 39 347
609 47 344
604 48 348
597 50 353
595 50 355
595 47 358
598 43 359
601 35 364
602 36 362
598 42 360
601 44 355
608 39 353
619 41 340
614 43 343
609 46 345
607 49 344
609 51 340
608 50 342
605 51 344
604 48 348
606 53 341
604 56 340
601 57 342
597 54 349
593 59 348
587 67 346
584 64 352
579 65 356
576 71 353
571 71 358
567 69 364
570 59 371
570 56 374
573 54 373
569 51 380
563 60 377
562 59 379
564 47 389
563 49 388
557 51 392
556 51 393
567 46 387
565 53 382
562 56 382
555 61 384
548 66 386
548 60 392
551 56 393
547 56 397
543 49 408
546 45 409
549 44 407
553 42 405
552 46 402
550 41 409
552 34 414
553 33 414
554 29 417
560 30 410
563 22 415
569 20 411
576 18 406
577 16 407
582 13 405
588 9 403
591 12 397
592 21 387
597 21 382
596 27 377
599 29 372
598 29 373
594 34 372
592 38 370
589 41 370
590 36 374
588 34 378
590 31 379
598 32 370
601 30 369
603 30 367
604 22 374
607 16 377
610 14 376
612 11 377
615 15 370
620 15 365
630 13 357
638 15 347
636 18 346
638 14 348
640 12 348
641 12 347
648 13 339
656 13 331
661 10 329
664 10 326
675 7 318
673 8 319
674 6 320
678 7 315
685 7 308
685 8 307
690 8 302
698 8 294
698 9 293
695 13 292
690 17 293
682 22 296
675 27 298
672 30 298
673 29 298
665 36 299
667 33 300
667 35 298
663 40 297
665 39 296
660 44 296
658 44 298
652 51 297
639 58 303
638 56 306
639 48 313
633 45 322
630 46 324
638 38 324
641 31 328
635 35 330
634 38 328
635 36 329
633 38 329
638 31 331
639 33 328
639 33 328
640 33 327
636 40 324
630 47 323
624 48 328
623 51 326
610 60 330
610 51 339
601 61 338
586 73 341
578 69 353
564 73 363
558 69 373
547 69 384
549 64 387
551 60 389
547 63 390
545 65 390
541 63 396
534 67 399
534 66 400
531 64 405
528 64 408
523 65 412
520 58 422
510 61 429
508 67 425
505 66 429
504 57 439
507 55 438
513 49 438
513 49 438
517 47 436
522 44 434
523 40 437
528 38 434
534 33 433
539 26 435
544 25 431
553 20 427
561 19 420
572 16 412
578 15 407
581 16 403
587 15 398
594 16 390
598 14 388
605 15 380
610 14 376
609 16 375
618 16 366
620 19 361
622 19 359
628 20 352
632 21 347
633 26 341
635 26 339
640 27 333
643 27 330
646 25 329
650 20 330
652 18 330
656 16 328
658 22 320
657 31 312
653 35 312
646 45 309
644 53 303
632 63 305
622 69 309
614 75 311
607 75 318
594 73 333
587 72 341
570 80 350
560 78 362
546 92 362
545 84 371
538 77 385
525 90 385
521 80 399
520 79 401
522 74 404
524 68 408
517 69 414
519 64 417
522 57 421
526 53 421
526 52 422
525 46 429
525 42 433
531 42 427
543 36 421
544 33 423
541 34 425
547 32 421
555 27 418
553 26 421
556 29 415
558 30 412
568 30 402
565 34 401
566 32 402
574 23 403
578 22 400
587 19 394
596 19 385
595 18 387
600 19 381
606 17 377
610 15 375
615 15 370
624 16 360
625 18 357
626 22 352
624 25 351
625 25 350
627 28 345
626 28 346
620 35 345
619 38 343
619 32 349
625 29 346
627 29 344
630 30 340
628 32 340
625 30 345
623 30 347
624 32 344
624 30 346
624 32 344
621 35 344
624 32 344
629 27 344
638 21 341
642 22 336
640 22 338
642 21 337
643 22 335
636 28 336
642 27 331
640 24 336
642 23 335
640 19 341
641 18 341
638 20 342
641 17 342
630 24 346
629 26 345
632 25 343
637 22 341
635 19 346
636 22 342
640 26 334
641 22 337
637 27 336
640 27 333
642 26 332
638 32 330
638 28 334
638 36 326
635 41 324
636 45 319
634 45 321
638 45 317
639 45 316
638 41 321
635 38 327
634 42 324
639 37 324
644 36 320
648 35 317
648 38 314
654 36 310
658 38 304
652 41 307
651 44 305
658 35 307
654 39 307
647 41 312
644 42 314
636 44 320
640 38 322
641 37 322
647 31 322
647 35 318
642 34 324
640 33 327
642 32 326
641 34 325
648 33 319
652 31 317
650 28 322
657 27 316
656 26 318
652 27 321
649 28 323
645 30 325
642 33 325
641 34 325
639 37 324
631 47 322
628 53 319
629 48 323
635 39 326
635 38 327
634 40 326
635 38 327
635 40 325
641 40 319
640 37 323
640 39 321
638 40 322
630 40 330
633 41 326
633 43 324
627 46 327
630 47 323
630 47 323
630 46 324
632 42 326
630 39 331
630 37 333
622 44 334
619 45 336
619 41 340
622 40 338
623 41 336
620 42 338
619 38 343
623 38 339
623 39 338
628 42 330
631 40 329
633 38 329
630 37 333
635 31 334
643 23 334
645 18 337
649 18 333
650 19 331
655 16 329
664 15 321
665 12 323
667 10 323
675 11 314
678 11 311
687 11 302
694 9 297
697 10 293
701 9 290
706 10 284
700 15 285
698 23 279
691 35 274
687 37 276
692 36 272
689 35 276
685 36 279
681 31 288
681 33 286
680 34 286
677 29 294
680 31 289
681 35 284
683 31 286
676 37 287
669 46 285
669 39 292
659 43 298
649 49 302
639 61 300
632 63 305
621 68 311
616 68 316
608 74 318
595 75 330
583 81 336
572 74 354
566 72 362
563 65 372
561 64 375
555 68 377
554 61 385
547 64 389
544 64 392
534 72 394
523 75 402
525 73 402
518 67 415
515 64 421
516 56 428
518 58 424
512 63 425
516 54 430
520 51 429
522 48 430
524 48 428
531 42 427
532 41 427
539 35 426
540 33 427
549 27 424
551 23 426
559 20 421
564 21 415
569 18 413
571 18 411
571 21 408
573 23 404
575 25 400
579 24 397
581 23 396
579 30 391
583 31 386
587 29 384
587 31 382
588 32 380
596 33 371
603 33 364
609 30 361
617 30 353
616 34 350
617 33 350
624 27 349
625 24 351
625 23 352
623 25 352
630 20 350
631 19 350
634 19 347
642 18 340
646 17 337
642 18 340
645 16 339
