1000 0 0
1000 0 0
994 6 0
980 18 2
964 32 4
945 42 13
926 55 19
898 68 34
879 77 44
835 105 60
805 108 87
773 128 99
749 133 118
720 138 142
692 143 165
669 142 189
647 147 206
638 135 227
625 125 250
614 118 268
608 105 287
597 105 298
593 95 312
593 86 321
593 83 324
596 65 339
594 65 341
592 65 343
597 55 348
603 51 346
600 54 346
607 50 343
611 42 347
611 41 348
613 38 349
622 37 341
616 42 342
615 37 348
620 35 345
619 34 347
614 36 350
619 34 347
611 40 349
609 36 355
610 38 352
612 34 354
617 30 353
620 28 352
625 27 348
628 22 350
633 22 345
634 23 343
627 27 346
631 29 340
634 25 341
630 33 337
631 32 337
630 36 334
624 38 338
620 41 339
620 41 339
629 40 331
622 40 338
614 41 345
613 35 352
613 39 348
611 40 349
616 38 346
617 39 344
614 41 345
622 36 342
621 33 346
623 36 341
621 37 342
618 40 342
617 38 345
616 36 348
623 33 344
619 46 335
622 39 339
627 38 335
627 36 337
630 33 337
633 30 337
630 32 338
628 28 344
634 30 336
633 28 339
641 24 335
644 22 334
645 23 332
648 19 333
645 21 334
641 28 331
639 32 329
639 31 330
637 31 332
635 32 333
634 31 335
629 39 332
628 37 335
627 37 336
629 36 335
626 37 337
627 37 336
628 36 336
626 36 338
629 38 333
627 41 332
624 47 329
622 42 336
621 44 335
619 40 341
621 39 340
625 33 342
622 34 344
629 33 338
634 32 334
633 37 330
636 35 329
640 31 329
644 26 330
647 30 323
656 30 314
656 30 314
658 33 309
659 27 314
659 29 312
662 25 313
658 30 312
659 32 309
663 31 306
666 29 305
670 25 305
675 23 302
682 19 299
679 22 299
684 22 294
686 18 296
686 21 293
693 23 284
691 23 286
693 21 286
691 21 288
688 19 293
688 20 292
683 26 291
679 30 291
675 40 285
659 59 282
654 53 293
656 51 293
652 47 301
653 38 309
659 30 311
657 31 312
661 31 308
661 30 309
656 35 309
659 26 315
656 28 316
663 28 309
665 28 307
671 25 304
670 25 305
672 26 302
676 21 303
683 18 299
687 19 294
690 19 291
694 16 290
699 14 287
704 16 280
704 22 274
704 22 274
708 23 269
708 27 265
704 33 263
696 39 265
693 41 266
685 47 268
680 56 264
670 63 267
668 65 267
658 73 269
656 68 276
650 63 287
643 59 298
642 57 301
646 52 302
642 53 305
647 54 299
643 49 308
641 52 307
644 47 309
640 44 316
639 47 314
628 60 312
623 60 317
623 47 330
618 47 335
615 46 339
610 50 340
609 45 346
603 50 347
597 53 350
597 44 359
600 40 360
604 36 360
600 41 359
602 41 357
603 40 357
599 37 364
600 38 362
598 38 364
601 38 361
597 43 360
598 33 369
603 32 365
603 37 360
600 40 360
597 42 361
597 39 364
591 41 368
591 39 370
584 40 376
586 41 373
591 40 369
590 40 370
590 33 377
598 30 372
601 26 373
602 21 377
599 23 378
608 26 366
615 23 362
613 21 366
617 20 363
617 16 367
618 17 365
623 15 362
622 22 356
624 20 356
621 20 359
626 21 353
628 20 352
632 16 352
635 14 351
643 16 341
647 14 339
651 12 337
657 13 330
657 19 324
662 18 320
660 25 315
663 23 314
664 24 312
665 21 314
661 25 314
666 27 307
663 24 313
664 20 316
669 17 314
673 15 312
678 12 310
684 12 304
687 11 302
693 10 297
698 8 294
700 11 289
707 12 281
714 11 275
715 11 274
714 16 270
719 14 267
720 8 272
721 9 270
729 8 263
734 8 258
737 7 256
739 9 252
742 10 248
745 12 243
748 12 240
742 16 242
737 22 241
735 24 241
732 29 239
730 24 246
724 27 249
720 32 248
718 32 250
717 28 255
712 28 260
714 27 259
715 23 262
719 21 260
716 21 263
716 25 259
722 22 256
724 23 253
725 25 250
727 27 246
723 22 255
720 25 255
715 31 254
712 33 255
716 30 254
718 28 254
722 26 252
720 25 255
715 30 255
709 35 256
712 27 261
706 28 266
704 26 270
709 19 272
710 24 266
706 29 265
699 37 264
698 36 266
697 34 269
694 36 270
685 43 272
677 45 278
674 48 278
673 49 278
672 48 280
669 46 285
660 53 287
665 50 285
666 48 286
667 42 291
672 36 292
669 39 292
664 40 296
661 43 296
660 43 297
663 37 300
666 38 296
666 39 295
667 40 293
662 46 292
665 44 291
666 40 294
664 44 292
668 41 291
667 38 295
664 44 292
664 45 291
650 56 294
637 63 300
636 60 304
633 54 313
635 44 321
632 49 319
631 47 322
637 47 316
636 49 315
640 48 312
637 49 314
642 41 317
643 36 321
643 34 323
639 38 323
635 36 329
623 41 336
620 44 336
616 46 338
613 49 338
610 46 344
613 43 344
611 41 348
610 41 349
607 43 350
609 43 348
606 43 351
594 44 362
595 43 362
591 43 366
596 41 363
596 48 356
597 43 360
591 51 358
584 54 362
576 60 364
565 57 378
563 55 382
561 59 380
561 55 384
556 62 382
557 60 383
556 54 390
556 49 395
551 54 395
549 57 394
543 53 404
545 51 404
552 48 400
559 41 400
560 39 401
562 38 400
566 37 397
563 37 400
561 41 398
562 40 398
558 40 402
559 34 407
559 40 401
561 43 396
552 47 401
550 42 408
550 40 410
550 39 411
549 43 408
550 39 411
552 37 411
555 35 410
556 30 414
563 25 412
576 22 402
578 23 399
587 19 394
587 22 391
584 24 392
584 23 393
593 18 389
594 20 386
604 18 378
610 16 374
616 18 366
618 19 363
621 18 361
621 21 358
626 16 358
626 13 361
632 12 356
638 11 351
645 10 345
648 11 341
654 10 336
664 7 329
673 6 321
677 6 317
681 6 313
681 9 310
681 11 308
685 9 306
689 9 302
694 10 296
693 14 293
692 18 290
688 24 288
692 25 283
686 33 281
687 24 289
691 30 279
689 30 281
681 31 288
679 35 286
682 32 286
681 33 286
682 34 284
676 40 284
674 39 287
678 34 288
675 36 289
672 29 299
668 34 298
661 44 295
652 51 297
652 49 299
652 45 303
640 52 308
638 51 311
640 45 315
635 46 319
632 45 323
635 39 326
635 39 326
636 39 325
638 34 328
647 33 320
649 31 320
654 24 322
656 20 324
659 21 320
664 22 314
668 20 312
666 20 314
670 21 309
672 17 311
672 17 311
673 18 309
669 24 307
664 35 301
653 44 303
651 39 310
638 39 323
637 40 323
641 36 323
636 39 325
629 45 326
619 51 330
619 48 333
618 46 336
614 49 337
613 46 341
608 49 343
603 51 346
605 44 351
607 39 354
610 39 351
612 38 350
612 39 349
612 35 353
607 37 356
605 39 356
608 32 360
613 30 357
620 28 352
620 33 347
618 32 350
618 37 345
623 41 336
617 36 347
624 27 349
625 27 348
627 25 348
630 26 344
631 26 343
638 26 336
633 36 331
638 32 330
637 33 330
632 36 332
632 38 330
622 38 340
625 35 340
623 38 339
622 38 340
626 43 331
625 36 339
623 39 338
620 40 340
617 43 340
615 43 342
615 42 343
619 38 343
622 37 341
625 38 337
631 31 338
635 24 341
644 22 334
648 24 328
653 21 326
654 21 325
655 23 322
661 19 320
663 16 321
668 13 319
670 14 316
671 17 312
673 20 307
674 22 304
678 20 302
676 21 303
680 19 301
684 16 300
682 21 297
681 22 297
676 27 297
674 31 295
671 36 293
674 35 291
669 38 293
670 33 297
674 29 297
675 28 297
676 28 296
675 33 292
681 31 288
677 29 294
677 30 293
678 30 292
678 28 294
680 28 292
677 29 294
681 29 290
674 36 290
671 37 292
669 38 293
673 34 293
674 35 291
665 43 292
655 44 301
646 47 307
645 47 308
635 61 304
619 61 320
619 61 320
616 62 322
609 69 322
602 66 332
597 61 342
595 65 340
596 61 343
597 58 345
603 52 345
595 54 351
589 62 349
580 70 350
579 62 359
578 56 366
573 50 377
573 49 378
573 46 381
572 42 386
577 35 388
579 30 391
583 32 385
581 34 385
586 28 386
588 29 383
589 30 381
587 32 381
592 31 377
593 28 379
596 29 375
602 25 373
607 25 368
608 29 363
608 26 366
612 23 365
615 21 364
621 22 357
621 22 357
628 25 347
628 24 348
626 25 349
633 25 342
636 24 340
637 21 342
638 23 339
647 21 332
646 26 328
650 27 323
650 26 324
645 25 330
646 29 325
646 23 331
648 24 328
653 16 331
654 18 328
652 22 326
654 16 330
655 13 332
660 12 328
663 10 327
665 9 326
666 9 325
660 18 322
666 18 316
663 20 317
669 18 313
672 17 311
673 19 308
672 24 304
668 27 305
670 26 304
673 27 300
675 24 301
679 26 295
683 24 293
686 22 292
690 21 289
692 18 290
694 17 289
700 18 282
694 24 282
697 21 282
699 24 277
697 29 274
700 27 273
699 26 275
700 28 272
691 35 274
682 41 277
678 43 279
675 44 281
674 43 283
663 51 286
654 59 287
649 65 286
635 70 295
636 70 294
635 67 298
632 66 302
631 70 299
624 73 303
614 73 313
610 74 316
609 68 323
605 68 327
600 65 335
596 59 345
596 49 355
597 46 357
597 48 355
604 40 356
602 47 351
601 53 346
602 50 348
597 48 355
590 52 358
583 55 362
579 51 370
579 50 371
584 46 370
589 42 369
593 39 368
593 41 366
591 38 371
586 38 376
600 36 364
600 41 359
602 38 360
604 38 358
610 35 355
609 32 359
610 33 357
606 36 358
614 35 351
616 32 352
619 28 353
621 25 354
624 25 351
626 23 351
627 18 355
620 29 351
619 33 348
614 37 349
613 40 347
620 38 342
623 38 339
626 36 338
616 44 340
609 49 342
597 58 345
594 61 345
594 53 353
591 53 356
591 53 356
591 51 358
590 48 362
589 47 364
589 48 363
593 41 366
592 37 371
592 33 375
595 33 372
593 35 372
591 33 376
587 38 375
591 40 369
591 35 374
595 32 373
600 28 372
600 23 377
600 26 374
598 28 374
602 29 369
605 30 365
611 27 362
614 29 357
614 33 353
618 28 354
624 29 347
621 34 345
618 42 340
612 47 341
610 49 341
606 52 342
599 52 349
597 52 351
595 49 356
593 46 361
596 46 358
594 50 356
592 47 361
591 45 364
592 46 362
596 40 364
595 42 363
595 43 362
597 38 365
598 42 360
599 42 359
605 40 355
612 38 350
610 38 352
613 35 352
616 34 350
614 40 346
614 40 346
618 31 351
616 27 357
615 28 357
616 31 353
617 29 354
618 29 353
621 24 355
627 20 353
635 21 344
638 23 339
644 22 334
641 27 332
639 32 329
638 27 335
642 23 335
646 22 332
648 22 330
648 19 333
649 20 331
650 26 324
652 26 322
648 33 319
644 40 316
642 44 314
625 54 321
616 59 325
607 61 332
599 61 340
599 56 345
595 55 350
599 50 351
602 45 353
605 39 356
609 36 355
605 37 358
604 38 358
612 37 351
615 33 352
617 29 354
623 23 354
622 28 350
619 28 353
624 28 348
627 25 348
627 23 350
627 22 351
633 19 348
635 20 345
643 14 343
649 12 339
653 7 340
657 6 337
665 5 330
668 4 328
672 8 320
675 12 313
679 13 308
681 17 302
679 18 303
686 19 295
679 24 297
680 22 298
683 22 295
684 19 297
683 20 297
680 20 300
684 21 295
687 21 292
682 26 292
676 32 292
674 32 294
673 32 295
672 30 298
675 25 300
670 29 301
673 29 298
673 28 299
672 29 299
673 26 301
677 19 304
677 20 303
675 24 301
669 27 304
668 27 305
671 25 304
669 23 308
666 28 306
662 32 306
661 34 305
662 34 304
665 31 304
669 30 301
667 31 302
667 32 301
664 31 305
660 34 306
657 37 306
653 37 310
656 35 309
658 37 305
663 31 306
663 32 305
659 32 309
662 34 304
665 33 302
670 30 300
677 27 296
673 32 295
674 31 295
676 29 295
672 34 294
673 37 290
666 40 294
658 52 290
656 50 294
650 59 291
645 60 295
645 51 304
634 54 312
628 58 314
622 57 321
609 63 328
601 58 341
606 42 352
610 36 354
610 38 352
609 41 350
615 39 346
612 40 348
611 46 343
611 47 342
608 45 347
606 53 341
608 56 336
604 58 338
602 56 342
595 54 351
594 50 356
600 46 354
599 43 358
601 37 362
603 34 363
602 34 364
594 39 367
599 34 367
594 41 365
594 40 366
596 42 362
592 41 367
591 32 377
594 24 382
597 22 381
600 20 380
597 25 378
596 32 372
588 35 377
587 34 379
588 32 380
595 30 375
596 32 372
594 35 371
598 36 366
601 30 369
601 30 369
604 30 366
605 34 361
600 39 361
598 44 358
599 46 355
598 42 360
596 42 362
598 41 361
596 44 360
599 43 358
605 40 355
607 43 350
612 41 347
616 41 343
629 33 338
630 28 342
631 29 340
633 31 336
631 30 339
630 32 338
635 24 341
640 20 340
644 18 338
650 18 332
653 14 333
660 11 329
659 14 327
662 17 321
666 18 316
671 20 309
671 23 306
677 23 300
