995 5 0
994 5 1
990 8 2
987 11 2
981 15 4
969 25 6
961 28 11
951 32 17
933 42 25
917 56 27
879 88 33
834 119 47
809 127 64
764 157 79
719 176 105
685 179 136
663 164 173
640 156 204
608 158 234
588 157 255
566 163 271
549 146 305
543 138 319
543 115 342
529 116 355
516 110 374
510 108 382
513 88 399
520 79 401
522 78 400
522 79 399
513 74 413
512 72 416
513 66 421
511 65 424
522 60 418
521 54 425
524 46 430
521 45 434
525 44 431
520 49 431
516 49 435
520 44 436
526 46 428
533 45 422
540 37 423
544 36 420
543 36 421
543 37 420
543 39 418
546 37 417
542 41 417
546 41 413
547 41 412
549 41 410
552 41 407
552 41 407
558 37 405
563 39 398
569 32 399
575 30 395
579 32 389
589 25 386
592 24 384
598 18 384
597 19 384
600 18 382
604 19 377
606 20 374
610 23 367
611 23 366
616 23 361
620 24 356
622 25 353
626 23 351
635 21 344
639 20 341
642 16 342
640 19 341
640 17 343
638 19 343
637 24 339
635 25 340
636 29 335
636 31 333
630 41 329
627 38 335
623 45 332
620 50 330
619 48 333
615 49 336
608 51 341
606 43 351
609 40 351
610 38 352
608 42 350
611 35 354
603 42 355
602 44 354
602 41 357
603 41 356
599 45 356
604 45 351
600 49 351
595 52 353
599 49 352
594 49 357
592 51 357
595 47 358
597 44 359
596 47 357
599 42 359
598 42 360
601 45 354
606 42 352
604 40 356
617 39 344
619 32 349
616 31 353
612 38 350
612 42 346
594 54 352
589 51 360
584 55 361
581 55 364
581 51 368
581 50 369
581 45 374
579 52 369
583 52 365
574 56 370
584 50 366
586 47 367
582 47 371
588 46 366
585 49 366
579 53 368
575 50 375
568 48 384
568 45 387
562 49 389
560 54 386
556 56 388
544 55 401
533 66 401
529 65 406
527 66 407
521 64 415
515 64 421
509 64 427
499 74 427
499 66 435
496 57 447
494 55 451
495 53 452
490 46 464
490 46 464
492 43 465
499 35 466
507 34 459
516 33 451
518 33 449
522 31 447
527 30 443
534 23 443
538 24 438
537 26 437
543 26 431
546 22 432
553 22 425
555 21 424
561 20 419
570 15 415
580 9 411
582 8 410
588 9 403
590 11 399
596 13 391
601 13 386
601 14 385
599 17 384
597 18 385
604 16 380
612 17 371
615 17 368
619 20 361
621 16 363
627 16 357
625 21 354
629 20 351
632 19 349
641 17 342
643 19 338
648 15 337
653 14 333
659 9 332
663 10 327
665 10 325
664 16 320
666 22 312
662 23 315
650 35 315
658 36 306
657 42 301
647 51 302
637 57 306
625 64 311
620 63 317
613 63 324
602 68 330
601 66 333
603 56 341
598 54 348
599 55 346
592 58 350
589 59 352
578 68 354
575 66 359
576 59 365
566 72 362
561 70 369
556 71 373
564 61 375
558 62 380
559 56 385
562 49 389
568 46 386
570 42 388
571 41 388
573 40 387
571 36 393
580 30 390
586 30 384
590 28 382
595 29 376
587 34 379
587 34 379
584 36 380
578 43 379
579 41 380
572 49 379
567 54 379
572 47 381
572 46 382
578 43 379
574 45 381
577 40 383
577 41 382
578 39 383
581 32 387
582 35 383
588 34 378
592 32 376
596 30 374
595 33 372
597 36 367
602 32 366
607 28 365
609 24 367
606 28 366
614 31 355
619 34 347
623 37 340
621 35 344
628 35 337
628 33 339
631 33 336
634 35 331
638 26 336
646 20 334
643 26 331
633 35 332
629 41 330
628 45 327
626 45 329
617 49 334
619 48 333
623 36 341
625 34 341
630 33 337
629 33 338
628 29 343
625 35 340
625 39 336
621 44 335
621 48 331
621 52 327
620 50 330
617 48 335
617 46 337
612 47 341
611 49 340
610 47 343
602 53 345
596 52 352
596 49 355
595 54 351
592 52 356
583 56 361
575 61 364
565 60 375
568 58 374
561 63 376
554 60 386
556 60 384
551 57 392
552 58 390
554 59 387
549 61 390
538 66 396
535 67 398
534 60 406
538 59 403
536 64 400
533 61 406
533 61 406
533 57 410
533 56 411
539 45 416
548 37 415
550 34 416
553 29 418
557 30 413
558 31 411
555 36 409
549 38 413
549 37 414
554 37 409
561 35 404
562 33 405
573 25 402
578 22 400
579 25 396
580 27 393
587 18 395
596 12 392
603 9 388
607 9 384
612 9 379
617 9 374
622 8 370
630 7 363
641 5 354
647 7 346
650 6 344
656 5 339
652 10 338
642 21 337
639 31 330
629 37 334
628 33 339
617 34 349
617 37 346
622 31 347
627 25 348
633 22 345
635 24 341
636 25 339
641 23 336
640 25 335
644 25 331
648 23 329
651 22 327
656 23 321
657 25 318
655 30 315
653 26 321
658 24 318
657 26 317
662 23 315
668 22 310
669 19 312
670 19 311
676 21 303
679 19 302
677 24 299
675 24 301
674 24 302
678 24 298
674 24 302
678 26 296
672 33 295
674 32 294
671 39 290
667 40 293
650 57 293
629 67 304
615 73 312
607 77 316
588 80 332
582 78 340
576 77 347
570 74 356
568 73 359
561 73 366
556 70 374
559 65 376
562 63 375
554 70 376
550 71 379
545 70 385
552 59 389
555 62 383
557 58 385
565 48 387
566 45 389
569 47 384
562 50 388
563 47 390
559 49 392
558 45 397
564 50 386
559 47 394
558 52 390
561 49 390
563 53 384
563 56 381
562 55 383
563 53 384
566 46 388
569 39 392
574 37 389
580 32 388
579 33 388
575 36 389
573 37 390
570 43 387
560 43 397
556 46 398
559 41 400
558 40 402
561 38 401
564 34 402
570 27 403
575 24 401
579 24 397
581 28 391
580 29 391
582 27 391
586 23 391
588 25 387
586 26 388
593 24 383
598 20 382
599 18 383
602 18 380
609 18 373
607 18 375
607 23 370
610 20 370
613 22 365
618 25 357
622 27 351
620 29 351
617 33 350
617 29 354
620 29 351
622 27 351
624 26 350
629 23 348
631 25 344
641 22 337
647 21 332
649 21 330
645 25 330
650 25 325
647 24 329
650 21 329
647 22 331
651 19 330
649 20 331
653 19 328
656 20 324
660 19 321
660 19 321
665 16 319
672 16 312
674 17 309
673 18 309
676 18 306
671 22 307
668 26 306
668 23 309
664 26 310
664 23 313
665 22 313
666 22 312
664 20 316
664 13 323
668 11 321
673 12 315
676 10 314
680 9 311
681 10 309
685 12 303
685 17 298
693 15 292
692 12 296
692 17 291
694 18 288
697 20 283
702 20 278
701 24 275
700 27 273
692 31 277
693 31 276
694 31 275
703 28 269
700 32 268
696 34 270
702 31 267
705 30 265
702 32 266
705 28 267
699 25 276
706 24 270
702 25 273
704 20 276
707 18 275
711 15 274
712 16 272
713 12 275
713 13 274
714 13 273
717 14 269
711 18 271
713 19 268
715 15 270
710 18 272
713 18 269
709 23 268
709 29 262
704 35 261
696 42 262
681 51 268
674 56 270
666 60 274
653 62 285
639 73 288
623 84 293
616 82 302
615 77 308
614 70 316
618 63 319
608 67 325
602 72 326
596 74 330
590 69 341
597 67 336
586 66 348
583 65 352
584 57 359
581 62 357
585 59 356
587 60 353
590 59 351
591 53 356
591 51 358
586 54 360
589 51 360
582 49 369
584 44 372
579 46 375
581 45 374
586 40 374
581 43 376
583 43 374
591 36 373
597 35 368
593 34 373
597 33 370
594 37 369
593 30 377
596 30 374
602 30 368
600 28 372
608 25 367
617 25 358
613 28 359
616 29 355
614 30 356
619 30 351
620 26 354
619 24 357
620 24 356
621 22 357
624 22 354
622 21 357
622 16 362
631 19 350
628 23 349
634 24 342
638 25 337
640 27 333
641 27 332
637 28 335
640 28 332
640 29 331
641 27 332
644 25 331
642 28 330
640 33 327
636 39 325
625 46 329
627 43 330
628 39 333
631 34 335
633 28 339
631 28 341
636 29 335
635 33 332
634 34 332
633 35 332
637 28 335
645 25 330
648 29 323
652 29 319
650 34 316
650 31 319
651 31 318
641 38 321
637 37 326
628 48 324
629 45 326
634 45 321
636 40 324
636 38 326
639 33 328
640 34 326
637 36 327
637 33 330
644 30 326
649 24 327
655 26 319
656 26 318
656 29 315
656 30 314
654 35 311
651 38 311
646 42 312
644 42 314
638 51 311
630 54 316
614 62 324
611 59 330
615 50 335
613 42 345
614 48 338
617 42 341
619 40 341
615 41 344
612 43 345
609 45 346
605 43 352
601 44 355
599 41 360
590 42 368
589 40 371
592 37 371
597 32 371
602 26 372
609 23 368
613 22 365
618 22 360
619 22 359
622 18 360
630 19 351
632 24 344
633 20 347
637 13 350
644 12 344
645 13 342
652 11 337
655 12 333
664 11 325
666 13 321
671 13 316
677 9 314
685 9 306
687 6 307
693 5 302
692 6 302
693 11 296
692 15 293
697 19 284
700 22 278
702 16 282
709 13 278
712 13 275
708 18 274
708 18 274
706 20 274
705 19 276
706 17 277
706 19 275
709 16 275
710 23 267
709 23 268
703 27 270
704 25 271
703 25 272
703 27 270
706 30 264
702 32 266
697 31 272
698 28 274
700 28 272
707 28 265
715 23 262
717 22 261
718 23 259
716 26 258
711 31 258
708 36 256
702 40 258
696 40 264
685 47 268
687 41 272
682 42 276
678 43 279
678 47 275
679 45 276
678 44 278
678 42 280
675 40 285
679 40 281
674 41 285
676 37 287
670 43 287
660 46 294
657 46 297
645 59 296
638 61 301
626 71 303
612 75 313
605 77 318
600 79 321
587 80 333
578 88 334
563 93 344
558 88 354
550 90 360
545 86 369
543 81 376
545 75 380
543 71 386
539 63 398
536 59 405
534 54 412
539 47 414
544 47 409
546 44 410
550 39 411
550 42 408
547 40 413
547 45 408
545 45 410
549 45 406
551 42 407
556 38 406
558 41 401
566 39 395
573 40 387
577 36 387
585 31 384
591 28 381
599 25 376
602 27 371
608 25 367
612 25 363
614 23 363
620 25 355
620 27 353
626 23 351
627 19 354
632 21 347
631 26 343
637 22 341
639 24 337
641 24 335
635 33 332
630 37 333
626 43 331
622 39 339
620 38 342
618 37 345
616 42 342
620 39 341
620 41 339
626 38 336
623 40 337
619 39 342
624 37 339
628 41 331
625 37 338
620 47 333
615 45 340
611 48 341
600 57 343
602 51 347
590 55 355
587 54 359
582 56 362
583 53 364
578 55 367
571 56 373
572 56 372
572 53 375
566 55 379
568 44 388
570 39 391
581 34 385
586 28 386
589 28 383
592 34 374
594 37 369
603 33 364
601 36 363
602 33 365
608 32 360
613 27 360
614 28 358
615 30 355
617 32 351
623 33 344
629 30 341
628 32 340
628 28 344
634 26 340
637 27 336
636 31 333
636 30 334
627 35 338
620 49 331
616 52 332
617 48 335
615 43 342
615 44 341
603 55 342
593 60 347
586 58 356
584 55 361
572 61 367
564 66 370
560 66 374
558 67 375
559 68 373
556 70 374
551 66 383
542 70 388
538 72 390
532 67 401
526 65 409
524 59 417
522 54 424
515 50 435
515 48 437
523 43 434
536 35 429
543 36 421
545 30 425
552 26 422
558 27 415
563 24 413
564 23 413
567 20 413
574 17 409
577 16 407
582 16 402
591 16 393
591 19 390
589 20 391
592 23 385
590 25 385
592 27 381
595 23 382
601 21 378
605 22 373
607 22 371
609 25 366
600 36 364
598 40 362
595 42 363
591 41 368
585 48 367
578 55 367
577 52 371
572 52 376
571 54 375
570 55 375
571 50 379
564 45 391
570 42 388
566 43 391
575 38 387
575 36 389
576 36 388
578 35 387
577 33 390
577 38 385
584 33 383
579 38 383
580 38 382
577 36 387
579 36 385
576 36 388
578 41 381
585 36 379
585 33 382
579 39 382
587 34 379
584 31 385
586 31 383
593 29 378
597 23 380
599 23 378
607 19 374
608 21 371
614 22 364
619 21 360
623 19 358
627 16 357
636 17 347
638 19 343
641 22 337
642 24 334
643 26 331
640 29 331
640 25 335
645 26 329
644 28 328
645 33 322
649 31 320
648 28 324
648 26 326
645 28 327
644 28 328
640 31 329
638 37 325
639 39 322
639 38 323
638 38 324
632 40 328
631 40 329
629 43 328
623 50 327
620 49 331
619 50 331
614 55 331
609 55 336
601 57 342
594 68 338
582 70 348
577 77 346
572 76 352
563 70 367
562 69 369
554 65 381
552 62 386
551 59 390
544 52 404
545 50 405
545 57 398
540 59 401
525 64 411
523 55 422
517 52 431
520 47 433
524 42 434
523 48 429
519 48 433
516 45 439
525 40 435
521 41 438
530 42 428
528 41 431
530 38 432
530 40 430
528 38 434
529 38 433
530 33 437
534 27 439
538 28 434
545 28 427
559 24 417
563 23 414
564 22 414
572 19 409
570 24 406
569 28 403
570 33 397
565 39 396
565 30 405
571 29 400
576 28 396
585 23 392
585 27 388
588 29 383
598 26 376
602 26 372
595 36 369
