947
230
835
360
332
814
933
712
727
407
539
413
215
696
871
458
346
295
127
544
105
191
693
756
857
311
715
810
862
109
454
107
505
401
665
682
354
577
942
643
149
330
57
724
363
248
911
517
628
808
203
606
961
843
55
848
767
616
565
176
357
362
592
734
226
818
404
765
140
847
484
372
99
73
200
745
937
129
449
691
218
805
720
313
103
27
980
79
33
794
921
600
587
725
809
478
918
708
874
51
390
531
507
145
97
563
833
506
778
896
784
687
232
195
754
359
986
562
598
915
249
489
604
882
166
998
414
529
599
629
932
551
973
412
177
602
586
603
463
790
261
640
371
729
974
667
834
636
690
211
965
240
213
477
15
201
962
147
231
639
98
205
180
620
143
250
115
314
971
242
914
28
198
525
299
152
42
642
952
659
796
385
475
397
684
938
875
398
728
979
221
265
568
723
633
716
34
343
905
779
