2
583
819
377
775
570
636
412
808
568
42
922
519
640
972
938
551
98
332
354
634
514
910
678
94
903
906
909
699
54
888
72
963
719
530
770
345
24
650
0
180
311
30
697
569
951
932
152
269
318
675
605
401
592
488
11
355
919
283
761
868
927
537
566
91
166
974
674
960
921
288
590
617
34
170
916
918
669
993
194
122
729
737
335
751
653
336
524
146
870
41
195
645
884
649
785
969
582
495
173
443
806
134
753
418
534
536
994
863
207
329
861
467
652
683
186
375
17
361
208
145
299
36
385
658
47
15
837
46
120
533
378
44
241
430
248
833
713
379
155
257
364
602
934
865
596
43
507
353
117
176
388
211
477
552
642
457
225
597
154
188
783
976
958
580
555
449
167
217
184
187
538
111
780
181
771
842
158
686
727
224
451
492
437
71
591
661
749
260
850
473
445
577
560
347
370
521
143
777
295
