433
958
81
935
725
541
341
600
663
116
271
593
181
976
790
522
112
646
596
280
770
462
472
396
509
751
955
564
799
511
516
377
456
343
773
323
252
450
585
833
444
817
414
966
328
758
510
942
944
501
289
519
404
48
786
708
113
143
431
248
486
928
827
236
293
230
872
154
987
514
960
859
901
460
425
712
495
528
642
523
909
393
295
39
442
150
578
771
946
77
290
546
916
709
807
632
893
760
588
86
208
161
219
400
50
223
27
923
118
136
997
739
28
586
21
101
234
717
902
530
388
452
483
868
602
82
838
940
100
382
572
146
305
266
727
394
315
70
668
914
592
282
834
934
176
443
678
681
213
389
796
489
939
718
97
806
19
14
638
529
158
93
983
547
826
212
151
603
189
356
995
881
719
330
10
959
980
782
492
215
307
781
217
177
903
265
264
753
860
253
261
847
285
542
402
476
628
467
535
123
