204
966
604
152
675
283
685
933
415
943
805
959
735
915
222
40
844
253
821
48
248
488
578
360
579
354
159
831
549
902
209
833
797
155
506
599
832
96
493
708
852
819
61
884
114
130
867
670
886
808
166
830
879
141
962
460
947
79
481
724
143
562
420
977
84
138
880
58
272
375
320
602
859
446
238
443
25
952
628
796
712
650
362
526
657
17
900
566
792
5
140
649
43
764
542
430
822
893
611
50
22
37
676
748
780
618
807
262
951
495
702
975
26
378
316
968
793
596
574
520
269
655
766
387
763
984
696
400
870
753
157
266
15
759
197
535
45
396
249
109
357
409
958
794
379
365
747
965
648
855
340
608
213
330
472
811
391
504
770
11
437
733
257
998
635
633
809
470
591
781
195
511
453
755
891
302
610
929
758
252
214
236
597
210
839
176
86
518
913
237
196
709
836
613
441
277
814
12
254
546
