686
944
341
165
539
785
717
629
83
173
774
689
731
929
976
109
337
81
256
718
355
795
6
353
262
810
292
619
102
670
103
537
468
261
947
734
410
107
958
925
613
750
878
982
798
799
529
191
708
743
503
802
831
946
536
422
649
980
530
388
562
928
885
439
761
675
229
941
770
20
987
154
582
138
768
576
266
486
97
525
23
657
984
849
110
506
879
971
50
90
837
937
942
510
822
3
359
996
863
623
871
435
143
48
480
372
56
877
330
241
935
688
296
777
297
312
778
969
250
274
695
756
51
687
396
267
628
343
463
455
794
589
814
757
352
111
169
259
991
714
414
79
245
146
440
194
34
690
117
171
309
697
614
342
936
140
540
128
554
118
596
643
362
617
86
356
461
546
420
883
931
132
280
55
993
948
571
723
640
711
147
671
19
968
618
569
44
660
249
997
472
801
835
740
39
646
284
404
741
305
