1000 0 0
998 2 0
997 3 0
994 6 0
994 6 0
992 8 0
990 8 2
989 8 3
989 5 6
989 3 8
986 4 10
972 16 12
960 26 14
950 29 21
940 34 26
925 45 30
903 63 34
885 70 45
855 92 53
826 111 63
795 129 76
761 145 94
737 150 113
709 154 137
684 159 157
654 167 179
638 164 198
619 159 222
592 174 234
576 172 252
563 159 278
547 157 296
538 150 312
530 149 321
521 137 342
506 139 355
499 128 373
505 117 378
500 107 393
496 104 400
504 96 400
505 84 411
502 87 411
501 80 419
498 78 424
501 71 428
502 60 438
498 63 439
496 64 440
498 59 443
498 55 447
506 55 439
507 57 436
512 48 440
518 42 440
524 42 434
522 42 436
528 40 432
530 34 436
535 27 438
539 20 441
544 20 436
553 20 427
557 19 424
564 17 419
575 14 411
580 13 407
581 16 403
587 14 399
587 16 397
593 14 393
598 13 389
598 13 389
600 13 387
609 13 378
617 10 373
623 6 371
629 5 366
636 5 359
637 6 357
643 6 351
646 8 346
652 8 340
654 10 336
660 8 332
662 9 329
670 8 322
676 8 316
687 7 306
693 7 300
696 7 297
700 7 293
705 8 287
706 10 284
708 11 281
711 10 279
710 10 280
711 13 276
713 13 274
717 11 272
720 9 271
725 11 264
727 13 260
729 13 258
732 10 258
730 12 258
731 14 255
735 12 253
741 11 248
745 11 244
752 10 238
754 10 236
756 10 234
758 7 235
763 6 231
770 6 224
773 5 222
776 5 219
779 5 216
779 5 216
784 6 210
785 9 206
789 8 203
790 8 202
792 8 200
791 8 201
791 7 202
790 12 198
788 17 195
787 12 201
778 19 203
774 25 201
760 38 202
745 51 204
729 63 208
716 62 222
710 65 225
695 64 241
687 69 244
671 77 252
658 85 257
643 90 267
621 101 278
607 97 296
602 93 305
591 94 315
583 99 318
574 99 327
566 94 340
566 81 353
557 91 352
554 86 360
544 88 368
548 75 377
552 67 381
550 59 391
551 53 396
558 41 401
558 42 400
563 39 398
568 33 399
568 33 399
575 33 392
581 33 386
581 39 380
581 42 377
588 34 378
595 35 370
593 29 378
594 30 376
599 29 372
604 28 368
606 33 361
612 36 352
609 37 354
616 35 349
621 33 346
625 31 344
627 27 346
630 27 343
635 21 344
639 19 342
642 18 340
646 16 338
647 18 335
649 18 333
649 19 332
652 20 328
651 22 327
652 20 328
653 19 328
657 16 327
661 14 325
662 17 321
666 14 320
667 16 317
671 14 315
676 15 309
678 16 306
681 16 303
686 11 303
686 13 301
685 12 303
688 13 299
691 14 295
694 14 292
692 15 293
699 13 288
706 12 282
711 11 278
718 10 272
718 12 270
721 13 266
725 16 259
727 16 257
734 14 252
731 16 253
735 15 250
734 19 247
732 22 246
729 26 245
727 27 246
729 24 247
723 28 249
723 28 249
721 29 250
719 30 251
717 28 255
720 25 255
721 24 255
721 25 254
723 24 253
723 23 254
725 21 254
726 19 255
727 23 250
723 25 252
725 24 251
726 23 251
725 23 252
723 27 250
717 33 250
713 32 255
706 42 252
699 47 254
689 52 259
686 53 261
670 62 268
669 58 273
662 62 276
656 66 278
645 65 290
643 62 295
639 57 304
633 57 310
637 54 309
632 57 311
623 57 320
614 58 328
615 53 332
615 45 340
620 47 333
621 42 337
623 40 337
626 37 337
629 35 336
631 34 335
629 38 333
626 36 338
625 35 340
623 31 346
629 26 345
624 32 344
621 33 346
615 33 352
617 30 353
617 29 354
621 28 351
622 29 349
629 28 343
632 30 338
632 33 335
637 30 333
644 24 332
644 25 331
647 24 329
649 24 327
653 20 327
657 22 321
658 22 320
658 24 318
651 31 318
655 27 318
658 24 318
661 20 319
660 20 320
665 17 318
661 23 316
659 24 317
662 22 316
659 25 316
662 23 315
662 24 314
665 23 312
665 24 311
672 21 307
672 19 309
678 22 300
681 25 294
683 26 291
685 27 288
686 29 285
688 25 287
689 25 286
688 28 284
686 27 287
689 24 287
688 29 283
695 27 278
691 29 280
689 29 282
687 33 280
686 32 282
683 31 286
680 33 287
679 37 284
677 36 287
673 36 291
671 35 294
669 42 289
671 41 288
665 42 293
668 35 297
665 37 298
665 33 302
663 35 302
658 39 303
647 40 313
642 46 312
641 44 315
641 46 313
645 43 312
647 40 313
652 39 309
647 47 306
645 47 308
649 46 305
648 50 302
651 47 302
651 42 307
649 48 303
647 44 309
647 47 306
647 40 313
653 34 313
653 33 314
654 33 313
652 36 312
654 29 317
654 27 319
654 24 322
653 24 323
657 20 323
659 19 322
660 19 321
664 15 321
665 16 319
668 15 317
670 10 320
672 9 319
676 11 313
680 10 310
684 11 305
685 10 305
690 11 299
695 10 295
696 13 291
701 12 287
702 14 284
705 21 274
702 26 272
703 26 271
707 26 267
713 20 267
710 24 266
710 22 268
715 18 267
718 12 270
720 8 272
725 7 268
730 7 263
732 7 261
730 12 258
734 12 254
738 10 252
741 10 249
742 9 249
745 8 247
745 7 248
748 7 245
752 8 240
753 8 239
760 7 233
763 9 228
764 9 227
767 6 227
767 8 225
771 10 219
772 10 218
777 10 213
779 7 214
779 7 214
780 7 213
784 5 211
787 4 209
789 4 207
793 2 205
797 2 201
800 1 199
801 2 197
803 1 196
806 0 194
807 0 193
809 0 191
812 1 187
813 2 185
814 1 185
817 1 182
820 1 179
820 1 179
827 1 172
830 1 169
833 1 166
836 0 164
836 0 164
837 0 163
842 0 158
843 0 157
846 0 154
847 0 153
853 0 147
856 0 144
858 0 142
864 0 136
868 0 132
872 0 128
876 0 124
877 0 123
882 0 118
885 0 115
885 0 115
886 0 114
887 0 113
888 0 112
890 0 110
892 0 108
893 0 107
894 0 106
895 0 105
896 0 104
899 0 101
900 0 100
900 0 100
902 0 98
904 0 96
906 0 94
910 0 90
912 0 88
913 0 87
914 0 86
918 0 82
918 0 82
918 0 82
920 0 80
921 0 79
922 0 78
922 0 78
923 0 77
923 0 77
923 0 77
925 0 75
926 0 74
927 0 73
929 0 71
930 0 70
930 0 70
932 0 68
933 0 67
934 0 66
935 0 65
936 0 64
936 0 64
938 0 62
940 0 60
940 0 60
941 0 59
941 0 59
942 0 58
944 0 56
946 0 54
946 0 54
949 0 51
949 0 51
950 0 50
950 0 50
950 0 50
950 0 50
951 0 49
951 0 49
952 0 48
952 0 48
952 0 48
952 0 48
954 0 46
954 0 46
954 0 46
954 0 46
954 0 46
954 0 46
954 0 46
954 0 46
955 0 45
957 0 43
958 0 42
959 0 41
959 0 41
960 0 40
961 0 39
964 0 36
965 0 35
965 0 35
966 0 34
967 0 33
967 0 33
968 0 32
969 0 31
969 0 31
969 0 31
970 0 30
970 0 30
971 0 29
972 0 28
974 0 26
974 0 26
975 0 25
978 0 22
978 0 22
979 0 21
979 0 21
979 0 21
979 0 21
979 0 21
979 0 21
979 0 21
979 0 21
979 0 21
979 0 21
980 0 20
980 0 20
980 0 20
980 0 20
980 0 20
980 0 20
980 0 20
981 0 19
981 0 19
981 0 19
983 0 17
983 0 17
984 0 16
984 0 16
984 0 16
984 0 16
985 0 15
985 0 15
985 0 15
986 0 14
986 0 14
986 0 14
986 0 14
987 0 13
987 0 13
987 0 13
987 0 13
987 0 13
987 0 13
987 0 13
988 0 12
988 0 12
988 0 12
988 0 12
988 0 12
988 0 12
988 0 12
988 0 12
988 0 12
988 0 12
988 0 12
988 0 12
988 0 12
988 0 12
988 0 12
989 0 11
990 0 10
990 0 10
991 0 9
991 0 9
991 0 9
991 0 9
991 0 9
991 0 9
991 0 9
991 0 9
991 0 9
991 0 9
991 0 9
991 0 9
991 0 9
991 0 9
991 0 9
992 0 8
992 0 8
992 0 8
992 0 8
992 0 8
992 0 8
992 0 8
992 0 8
992 0 8
992 0 8
992 0 8
992 0 8
992 0 8
992 0 8
993 0 7
993 0 7
993 0 7
993 0 7
993 0 7
993 0 7
993 0 7
993 0 7
993 0 7
993 0 7
993 0 7
993 0 7
993 0 7
993 0 7
993 0 7
993 0 7
993 0 7
993 0 7
993 0 7
993 0 7
993 0 7
993 0 7
993 0 7
993 0 7
993 0 7
993 0 7
993 0 7
993 0 7
993 0 7
993 0 7
993 0 7
994 0 6
994 0 6
994 0 6
994 0 6
994 0 6
994 0 6
994 0 6
994 0 6
995 0 5
995 0 5
995 0 5
995 0 5
995 0 5
995 0 5
995 0 5
995 0 5
995 0 5
995 0 5
995 0 5
995 0 5
995 0 5
995 0 5
995 0 5
996 0 4
996 0 4
996 0 4
996 0 4
996 0 4
996 0 4
996 0 4
996 0 4
996 0 4
996 0 4
997 0 3
997 0 3
997 0 3
997 0 3
997 0 3
997 0 3
997 0 3
997 0 3
997 0 3
997 0 3
997 0 3
997 0 3
997 0 3
997 0 3
998 0 2
998 0 2
998 0 2
998 0 2
998 0 2
998 0 2
998 0 2
998 0 2
998 0 2
998 0 2
998 0 2
998 0 2
998 0 2
998 0 2
998 0 2
998 0 2
998 0 2
998 0 2
998 0 2
998 0 2
998 0 2
998 0 2
998 0 2
998 0 2
998 0 2
998 0 2
998 0 2
998 0 2
998 0 2
998 0 2
998 0 2
998 0 2
998 0 2
998 0 2
999 0 1
999 0 1
999 0 1
999 0 1
999 0 1
999 0 1
999 0 1
999 0 1
999 0 1
999 0 1
999 0 1
999 0 1
999 0 1
999 0 1
999 0 1
999 0 1
999 0 1
999 0 1
999 0 1
999 0 1
999 0 1
999 0 1
999 0 1
999 0 1
999 0 1
999 0 1
999 0 1
999 0 1
999 0 1
999 0 1
999 0 1
1000 0 0
1000 0 0
1000 0 0
1000 0 0
1000 0 0
1000 0 0
1000 0 0
1000 0 0
1000 0 0
1000 0 0
1000 0 0
1000 0 0
1000 0 0
1000 0 0
1000 0 0
1000 0 0
1000 0 0
1000 0 0
1000 0 0
1000 0 0
1000 0 0
1000 0 0
1000 0 0
1000 0 0
1000 0 0
1000 0 0
1000 0 0
1000 0 0
1000 0 0
1000 0 0
1000 0 0
1000 0 0
1000 0 0
1000 0 0
1000 0 0
1000 0 0
1000 0 0
1000 0 0
1000 0 0
1000 0 0
1000 0 0
1000 0 0
1000 0 0
1000 0 0
1000 0 0
1000 0 0
1000 0 0
1000 0 0
1000 0 0
1000 0 0
1000 0 0
1000 0 0
1000 0 0
1000 0 0
1000 0 0
1000 0 0
1000 0 0
1000 0 0
1000 0 0
1000 0 0
1000 0 0
1000 0 0
1000 0 0
1000 0 0
1000 0 0
1000 0 0
1000 0 0
1000 0 0
1000 0 0
1000 0 0
1000 0 0
1000 0 0
1000 0 0
1000 0 0
1000 0 0
1000 0 0
1000 0 0
1000 0 0
1000 0 0
1000 0 0
1000 0 0
1000 0 0
1000 0 0
1000 0 0
1000 0 0
1000 0 0
1000 0 0
1000 0 0
1000 0 0
1000 0 0
1000 0 0
1000 0 0
1000 0 0
1000 0 0
1000 0 0
1000 0 0
1000 0 0
1000 0 0
1000 0 0
1000 0 0
1000 0 0
1000 0 0
1000 0 0
1000 0 0
1000 0 0
1000 0 0
1000 0 0
1000 0 0
1000 0 0
1000 0 0
1000 0 0
1000 0 0
1000 0 0
1000 0 0
1000 0 0
1000 0 0
1000 0 0
1000 0 0
1000 0 0
1000 0 0
1000 0 0
1000 0 0
1000 0 0
1000 0 0
1000 0 0
1000 0 0
1000 0 0
1000 0 0
1000 0 0
1000 0 0
1000 0 0
1000 0 0
1000 0 0
1000 0 0
1000 0 0
1000 0 0
1000 0 0
1000 0 0
1000 0 0
1000 0 0
1000 0 0
1000 0 0
1000 0 0
1000 0 0
1000 0 0
1000 0 0
1000 0 0
1000 0 0
1000 0 0
1000 0 0
1000 0 0
1000 0 0
1000 0 0
1000 0 0
1000 0 0
1000 0 0
1000 0 0
1000 0 0
1000 0 0
1000 0 0
1000 0 0
1000 0 0
1000 0 0
1000 0 0
1000 0 0
1000 0 0
1000 0 0
1000 0 0
1000 0 0
1000 0 0
1000 0 0
1000 0 0
1000 0 0
1000 0 0
1000 0 0
1000 0 0
1000 0 0
1000 0 0
1000 0 0
1000 0 0
1000 0 0
1000 0 0
1000 0 0
1000 0 0
1000 0 0
1000 0 0
1000 0 0
1000 0 0
1000 0 0
1000 0 0
1000 0 0
1000 0 0
1000 0 0
1000 0 0
1000 0 0
1000 0 0
1000 0 0
1000 0 0
1000 0 0
1000 0 0
1000 0 0
1000 0 0
1000 0 0
1000 0 0
1000 0 0
1000 0 0
1000 0 0
1000 0 0
1000 0 0
1000 0 0
1000 0 0
1000 0 0
1000 0 0
1000 0 0
1000 0 0
1000 0 0
1000 0 0
1000 0 0
1000 0 0
1000 0 0
1000 0 0
1000 0 0
1000 0 0
1000 0 0
