995 5 0
993 6 1
991 7 2
989 8 3
989 6 5
986 7 7
975 18 7
961 30 9
947 39 14
925 58 17
912 62 26
873 92 35
856 94 50
826 112 62
784 130 86
740 159 101
701 184 115
671 186 143
634 184 182
611 183 206
591 181 228
569 173 258
551 161 288
538 160 302
523 159 318
517 147 336
506 145 349
498 130 372
492 123 385
480 125 395
468 129 403
460 123 417
458 113 429
461 111 428
457 105 438
460 100 440
464 94 442
465 79 456
462 73 465
465 64 471
463 63 474
466 56 478
467 55 478
473 46 481
481 42 477
482 41 477
483 40 477
484 32 484
483 33 484
486 34 480
491 31 478
495 29 476
503 31 466
507 28 465
512 26 462
521 24 455
525 22 453
527 23 450
531 22 447
531 20 449
537 15 448
548 14 438
552 14 434
559 14 427
561 15 424
567 15 418
573 17 410
573 15 412
575 16 409
570 19 411
575 20 405
577 19 404
575 22 403
581 22 397
584 20 396
589 17 394
591 22 387
591 22 387
595 21 384
602 22 376
612 24 364
618 24 358
619 22 359
624 20 356
631 21 348
625 26 349
626 28 346
633 27 340
634 25 341
627 29 344
628 30 342
635 26 339
639 21 340
644 20 336
650 15 335
656 15 329
663 16 321
667 14 319
674 12 314
677 12 311
681 10 309
680 11 309
683 14 303
684 17 299
688 17 295
687 18 295
688 20 292
690 16 294
692 17 291
692 16 292
694 16 290
698 16 286
701 16 283
704 15 281
702 17 281
703 16 281
705 15 280
707 15 278
710 16 274
711 16 273
716 14 270
716 15 269
717 13 270
721 15 264
722 13 265
726 11 263
727 11 262
729 12 259
730 9 261
736 9 255
740 11 249
745 11 244
745 10 245
747 12 241
747 13 240
748 13 239
753 11 236
753 10 237
752 13 235
748 15 237
743 24 233
742 31 227
735 35 230
726 39 235
711 50 239
701 56 243
695 50 255
689 55 256
684 56 260
682 52 266
674 53 273
677 43 280
680 37 283
680 37 283
681 32 287
675 37 288
669 40 291
664 42 294
662 42 296
668 45 287
663 44 293
664 43 293
662 47 291
650 59 291
642 61 297
639 60 301
636 61 303
629 59 312
625 61 314
620 58 322
618 59 323
617 56 327
611 56 333
613 51 336
606 54 340
610 49 341
618 47 335
624 45 331
630 43 327
633 41 326
634 37 329
630 37 333
632 33 335
637 30 333
636 31 333
632 37 331
630 40 330
625 42 333
628 40 332
627 38 335
630 40 330
627 43 330
622 49 329
621 53 326
610 63 327
611 58 331
609 60 331
606 63 331
607 63 330
607 56 337
609 59 332
603 53 344
602 54 344
599 52 349
592 58 350
583 64 353
578 62 360
576 59 365
572 61 367
569 62 369
568 59 373
567 54 379
558 60 382
549 63 388
549 60 391
544 63 393
539 62 399
542 63 395
538 61 401
539 59 402
535 58 407
535 54 411
536 53 411
538 46 416
542 43 415
544 40 416
548 38 414
548 37 415
544 41 415
541 42 417
540 43 417
537 45 418
538 44 418
541 41 418
538 42 420
533 44 423
539 41 420
538 43 419
533 42 425
533 44 423
533 41 426
533 40 427
540 44 416
546 37 417
554 30 416
561 24 415
567 24 409
569 23 408
571 23 406
577 22 401
585 21 394
583 25 392
585 23 392
590 20 390
594 18 388
598 22 380
602 21 377
602 21 377
606 20 374
611 17 372
618 15 367
627 14 359
629 15 356
631 16 353
632 17 351
636 13 351
639 12 349
641 13 346
646 14 340
648 15 337
650 22 328
646 28 326
639 37 324
644 33 323
648 29 323
646 29 325
649 24 327
654 19 327
656 17 327
660 16 324
663 16 321
667 15 318
666 19 315
671 13 316
669 16 315
673 15 312
681 12 307
682 11 307
687 11 302
693 8 299
699 10 291
703 10 287
707 8 285
712 7 281
713 8 279
714 11 275
714 12 274
716 10 274
719 10 271
722 10 268
726 9 265
727 13 260
730 17 253
729 21 250
731 26 243
728 31 241
723 35 242
713 39 248
705 45 250
689 57 254
671 68 261
666 70 264
658 68 274
660 62 278
658 57 285
653 55 292
648 58 294
653 56 291
650 59 291
646 59 295
649 61 290
646 57 297
646 53 301
643 55 302
644 55 301
639 59 302
639 62 299
634 56 310
635 46 319
634 42 324
628 45 327
631 38 331
632 38 330
636 35 329
642 32 326
643 26 331
647 25 328
649 25 326
651 24 325
652 23 325
651 23 326
650 26 324
648 30 322
649 34 317
647 29 324
651 26 323
654 28 318
660 27 313
666 23 311
668 23 309
672 24 304
675 23 302
677 23 300
676 20 304
679 21 300
676 22 302
675 19 306
682 18 300
682 15 303
683 17 300
689 16 295
689 17 294
688 18 294
689 21 290
690 22 288
689 23 288
685 27 288
681 33 286
677 39 284
680 39 281
682 36 282
681 37 282
676 37 287
678 36 286
678 36 286
670 41 289
669 42 289
666 47 287
661 48 291
667 45 288
663 44 293
661 42 297
666 38 296
662 42 296
657 42 301
659 42 299
657 47 296
647 58 295
652 54 294
641 62 297
637 66 297
629 64 307
626 60 314
623 56 321
613 54 333
620 47 333
621 44 335
621 42 337
622 43 335
620 47 333
624 45 331
626 43 331
625 41 334
626 38 336
626 42 332
623 42 335
618 44 338
615 46 339
612 49 339
615 43 342
616 39 345
619 36 345
618 36 346
618 31 351
620 31 349
625 31 344
630 24 346
633 21 346
640 19 341
645 18 337
650 15 335
652 18 330
654 16 330
655 19 326
653 22 325
656 22 322
657 25 318
658 26 316
668 20 312
669 21 310
666 28 306
660 35 305
664 28 308
667 27 306
669 26 305
675 23 302
676 20 304
676 21 303
676 22 302
677 24 299
676 26 298
680 22 298
681 22 297
682 20 298
681 16 303
683 14 303
683 14 303
687 12 301
690 11 299
691 13 296
696 13 291
695 13 292
701 10 289
705 10 285
713 9 278
719 9 272
725 9 266
730 11 259
731 12 257
739 11 250
742 11 247
745 7 248
748 6 246
753 6 241
757 6 237
760 7 233
761 8 231
764 7 229
766 8 226
768 9 223
770 12 218
772 10 218
775 10 215
780 9 211
784 7 209
791 5 204
792 5 203
794 6 200
796 6 198
797 8 195
800 8 192
802 8 190
806 7 187
807 4 189
808 6 186
806 10 184
806 10 184
806 9 185
805 13 182
804 14 182
802 17 181
802 17 181
804 16 180
801 17 182
797 21 182
796 26 178
791 33 176
782 42 176
769 51 180
753 61 186
738 66 196
719 84 197
708 82 210
697 88 215
685 90 225
676 94 230
667 93 240
664 88 248
650 93 257
642 87 271
635 89 276
629 83 288
614 91 295
612 81 307
608 78 314
600 73 327
597 78 325
593 72 335
590 70 340
586 72 342
592 69 339
588 69 343
584 68 348
593 59 348
588 56 356
591 56 353
594 50 356
599 45 356
598 44 358
592 49 359
593 50 357
587 51 362
582 50 368
575 58 367
576 50 374
570 55 375
570 48 382
558 54 388
557 51 392
554 53 393
549 57 394
545 57 398
543 61 396
532 70 398
530 71 399
523 71 406
516 72 412
514 69 417
507 67 426
509 62 429
515 60 425
514 52 434
522 50 428
526 45 429
532 43 425
537 41 422
544 34 422
550 33 417
551 33 416
553 36 411
556 29 415
568 29 403
571 31 398
579 31 390
578 32 390
580 25 395
581 26 393
587 25 388
590 22 388
594 16 390
599 15 386
605 10 385
609 11 380
611 10 379
620 8 372
625 7 368
633 6 361
640 4 356
647 3 350
651 2 347
657 3 340
663 2 335
667 1 332
670 1 329
675 1 324
678 2 320
686 3 311
691 5 304
694 6 300
696 9 295
698 6 296
705 6 289
709 5 286
712 6 282
714 6 280
715 7 278
720 8 272
723 7 270
725 8 267
730 6 264
734 7 259
737 8 255
740 7 253
743 6 251
744 7 249
748 4 248
749 5 246
755 4 241
757 4 239
758 4 238
760 4 236
765 3 232
771 3 226
778 2 220
784 2 214
791 2 207
795 2 203
796 2 202
799 1 200
800 0 200
803 0 197
808 0 192
814 0 186
817 0 183
818 0 182
822 0 178
826 0 174
828 0 172
830 0 170
834 0 166
839 0 161
839 0 161
842 0 158
848 0 152
849 0 151
850 0 150
851 0 149
855 0 145
858 0 142
860 0 140
863 0 137
867 0 133
869 0 131
870 0 130
873 0 127
874 0 126
876 0 124
878 0 122
881 0 119
882 0 118
883 0 117
883 0 117
883 0 117
888 0 112
889 0 111
891 0 109
894 0 106
895 0 105
898 0 102
901 0 99
904 0 96
905 0 95
909 0 91
909 0 91
910 0 90
913 0 87
913 0 87
914 0 86
918 0 82
919 0 81
921 0 79
922 0 78
922 0 78
924 0 76
925 0 75
927 0 73
927 0 73
930 0 70
932 0 68
936 0 64
938 0 62
938 0 62
939 0 61
941 0 59
943 0 57
947 0 53
949 0 51
949 0 51
951 0 49
951 0 49
953 0 47
954 0 46
954 0 46
954 0 46
954 0 46
954 0 46
954 0 46
955 0 45
956 0 44
957 0 43
957 0 43
957 0 43
959 0 41
961 0 39
961 0 39
963 0 37
964 0 36
964 0 36
966 0 34
966 0 34
966 0 34
966 0 34
966 0 34
967 0 33
967 0 33
967 0 33
967 0 33
967 0 33
967 0 33
969 0 31
970 0 30
970 0 30
970 0 30
970 0 30
970 0 30
971 0 29
972 0 28
973 0 27
976 0 24
976 0 24
976 0 24
976 0 24
977 0 23
977 0 23
977 0 23
977 0 23
978 0 22
978 0 22
979 0 21
979 0 21
979 0 21
980 0 20
980 0 20
980 0 20
980 0 20
980 0 20
980 0 20
981 0 19
981 0 19
981 0 19
981 0 19
982 0 18
983 0 17
983 0 17
983 0 17
983 0 17
983 0 17
983 0 17
983 0 17
983 0 17
984 0 16
984 0 16
984 0 16
984 0 16
984 0 16
985 0 15
985 0 15
986 0 14
986 0 14
986 0 14
986 0 14
986 0 14
987 0 13
987 0 13
989 0 11
990 0 10
990 0 10
990 0 10
990 0 10
991 0 9
991 0 9
991 0 9
991 0 9
991 0 9
991 0 9
991 0 9
991 0 9
991 0 9
991 0 9
991 0 9
991 0 9
991 0 9
991 0 9
991 0 9
991 0 9
991 0 9
991 0 9
991 0 9
991 0 9
991 0 9
991 0 9
991 0 9
991 0 9
991 0 9
991 0 9
992 0 8
992 0 8
993 0 7
993 0 7
993 0 7
993 0 7
993 0 7
993 0 7
993 0 7
993 0 7
994 0 6
994 0 6
994 0 6
994 0 6
994 0 6
994 0 6
995 0 5
995 0 5
996 0 4
996 0 4
996 0 4
996 0 4
996 0 4
996 0 4
996 0 4
996 0 4
996 0 4
996 0 4
996 0 4
996 0 4
996 0 4
996 0 4
996 0 4
996 0 4
996 0 4
996 0 4
996 0 4
996 0 4
996 0 4
996 0 4
996 0 4
996 0 4
996 0 4
996 0 4
996 0 4
996 0 4
996 0 4
996 0 4
996 0 4
996 0 4
996 0 4
996 0 4
996 0 4
996 0 4
996 0 4
996 0 4
996 0 4
996 0 4
996 0 4
996 0 4
996 0 4
996 0 4
996 0 4
996 0 4
998 0 2
998 0 2
998 0 2
998 0 2
998 0 2
998 0 2
998 0 2
998 0 2
998 0 2
998 0 2
998 0 2
998 0 2
998 0 2
998 0 2
999 0 1
999 0 1
999 0 1
999 0 1
999 0 1
999 0 1
999 0 1
999 0 1
999 0 1
999 0 1
999 0 1
999 0 1
999 0 1
999 0 1
999 0 1
999 0 1
999 0 1
999 0 1
999 0 1
999 0 1
999 0 1
999 0 1
999 0 1
999 0 1
999 0 1
999 0 1
999 0 1
999 0 1
999 0 1
999 0 1
999 0 1
1000 0 0
1000 0 0
1000 0 0
1000 0 0
1000 0 0
1000 0 0
1000 0 0
1000 0 0
1000 0 0
1000 0 0
1000 0 0
1000 0 0
1000 0 0
1000 0 0
1000 0 0
1000 0 0
1000 0 0
1000 0 0
1000 0 0
1000 0 0
1000 0 0
1000 0 0
1000 0 0
1000 0 0
1000 0 0
1000 0 0
1000 0 0
1000 0 0
1000 0 0
1000 0 0
1000 0 0
1000 0 0
1000 0 0
1000 0 0
1000 0 0
1000 0 0
1000 0 0
1000 0 0
1000 0 0
1000 0 0
1000 0 0
1000 0 0
1000 0 0
1000 0 0
1000 0 0
1000 0 0
1000 0 0
1000 0 0
1000 0 0
1000 0 0
1000 0 0
1000 0 0
1000 0 0
1000 0 0
1000 0 0
1000 0 0
1000 0 0
1000 0 0
1000 0 0
1000 0 0
1000 0 0
1000 0 0
1000 0 0
1000 0 0
1000 0 0
1000 0 0
1000 0 0
1000 0 0
1000 0 0
1000 0 0
1000 0 0
1000 0 0
1000 0 0
1000 0 0
1000 0 0
1000 0 0
1000 0 0
1000 0 0
1000 0 0
1000 0 0
1000 0 0
1000 0 0
1000 0 0
1000 0 0
1000 0 0
1000 0 0
1000 0 0
