995 5 0
995 3 2
995 3 2
995 3 2
995 1 4
993 3 4
987 9 4
987 9 4
981 13 6
974 18 8
966 22 12
954 29 17
937 40 23
920 51 29
892 75 33
869 84 47
836 100 64
800 123 77
766 136 98
733 150 117
697 164 139
663 169 168
638 174 188
618 173 209
598 168 234
574 162 264
561 152 287
538 158 304
528 149 323
521 144 335
515 133 352
504 133 363
493 135 372
488 121 391
475 120 405
474 106 420
470 106 424
463 109 428
462 89 449
461 83 456
463 77 460
459 74 467
461 65 474
463 62 475
460 59 481
465 54 481
473 45 482
481 37 482
484 32 484
493 33 474
501 30 469
507 27 466
511 30 459
519 22 459
526 19 455
535 18 447
544 17 439
549 16 435
554 16 430
560 15 425
568 12 420
576 8 416
581 7 412
590 7 403
596 4 400
603 2 395
605 1 394
612 2 386
621 4 375
628 2 370
634 2 364
638 3 359
643 2 355
649 2 349
655 2 343
659 2 339
667 2 331
668 3 329
678 2 320
685 2 313
695 2 303
700 2 298
710 1 289
716 1 283
720 1 279
727 1 272
731 1 268
732 2 266
736 2 262
737 2 261
742 2 256
749 2 249
757 2 241
760 2 238
763 2 235
768 2 230
772 2 226
775 3 222
776 4 220
778 6 216
774 11 215
769 15 216
767 22 211
763 26 211
763 28 209
757 34 209
749 43 208
739 46 215
737 46 217
730 56 214
721 57 222
711 56 233
709 58 233
706 60 234
698 66 236
698 64 238
688 68 244
682 70 248
674 75 251
664 79 257
647 78 275
648 72 280
647 64 289
652 57 291
645 57 298
645 57 298
640 57 303
637 54 309
631 57 312
616 64 320
614 66 320
601 68 331
597 69 334
591 68 341
584 68 348
574 75 351
575 71 354
570 65 365
568 66 366
574 61 365
567 64 369
568 61 371
569 54 377
566 52 382
560 60 380
562 60 378
561 55 384
567 51 382
566 42 392
568 38 394
565 40 395
566 42 392
565 44 391
566 43 391
567 45 388
565 43 392
556 52 392
555 48 397
563 43 394
563 46 391
565 45 390
567 40 393
573 41 386
574 39 387
576 38 386
575 41 384
570 37 393
564 42 394
568 43 389
571 39 390
571 38 391
580 34 386
584 33 383
587 28 385
593 25 382
598 29 373
605 24 371
606 20 374
610 20 370
616 17 367
620 18 362
628 17 355
632 17 351
638 18 344
644 17 339
648 14 338
655 9 336
661 7 332
666 6 328
674 5 321
677 4 319
683 4 313
688 3 309
695 3 302
702 3 295
707 2 291
710 2 288
714 2 284
717 2 281
722 1 277
727 1 272
732 2 266
733 6 261
736 9 255
738 11 251
742 11 247
741 14 245
743 13 244
742 13 245
746 10 244
753 10 237
759 9 232
763 7 230
769 7 224
772 9 219
778 9 213
784 7 209
787 7 206
787 10 203
782 15 203
782 19 199
780 21 199
766 31 203
756 41 203
750 48 202
743 57 200
732 63 205
713 70 217
712 61 227
703 65 232
688 74 238
676 74 250
671 70 259
664 74 262
661 70 269
659 64 277
654 62 284
654 53 293
660 46 294
656 45 299
655 46 299
664 41 295
666 39 295
664 38 298
660 39 301
662 38 300
665 35 300
662 30 308
665 28 307
666 33 301
665 34 301
665 35 300
664 32 304
662 32 306
666 30 304
664 29 307
668 25 307
666 23 311
666 20 314
667 22 311
669 24 307
670 24 306
674 23 303
673 23 304
667 31 302
672 29 299
670 33 297
667 36 297
660 42 298
662 42 296
661 41 298
660 41 299
663 39 298
658 44 298
653 48 299
648 48 304
644 53 303
640 54 306
633 56 311
629 59 312
624 62 314
623 57 320
622 62 316
622 61 317
612 64 324
610 53 337
606 52 342
604 58 338
601 57 342
604 55 341
603 53 344
600 59 341
604 46 350
600 48 352
596 47 357
591 52 357
590 53 357
587 50 363
585 46 369
582 47 371
582 41 377
583 40 377
586 38 376
591 38 371
588 42 370
590 42 368
600 38 362
604 33 363
604 30 366
609 26 365
610 30 360
614 28 358
611 33 356
618 32 350
622 28 350
626 26 348
628 23 349
631 21 348
633 18 349
637 16 347
643 14 343
648 14 338
649 17 334
653 22 325
657 19 324
656 18 326
658 15 327
664 15 321
669 14 317
674 13 313
680 15 305
684 16 300
686 17 297
691 19 290
694 17 289
698 18 284
697 20 283
699 19 282
700 18 282
698 22 280
698 21 281
694 23 283
696 27 277
692 32 276
687 33 280
685 32 283
676 38 286
672 44 284
672 42 286
663 45 292
659 50 291
657 48 295
651 50 299
647 48 305
646 42 312
648 41 311
647 38 315
648 37 315
652 33 315
653 33 314
656 30 314
659 27 314
659 25 316
667 23 310
669 20 311
676 18 306
682 18 300
688 15 297
692 14 294
696 14 290
703 13 284
705 9 286
705 9 286
706 11 283
708 10 282
708 13 279
709 13 278
712 12 276
721 12 267
723 11 266
725 11 264
728 12 260
730 13 257
737 14 249
742 14 244
748 15 237
751 17 232
753 15 232
751 21 228
755 20 225
755 19 226
755 18 227
756 16 228
756 17 227
756 16 228
755 19 226
760 17 223
764 16 220
765 14 221
769 12 219
770 13 217
775 11 214
776 7 217
777 9 214
777 8 215
777 8 215
778 8 214
784 7 209
789 8 203
793 9 198
793 8 199
797 7 196
802 8 190
805 8 187
807 7 186
809 7 184
812 6 182
815 6 179
817 4 179
818 2 180
821 2 177
827 0 173
829 0 171
832 0 168
838 0 162
839 0 161
842 0 158
843 0 157
846 0 154
847 0 153
850 0 150
851 0 149
852 0 148
859 0 141
861 0 139
863 0 137
868 0 132
872 0 128
873 0 127
877 0 123
878 0 122
882 0 118
885 0 115
885 0 115
889 0 111
891 0 109
895 0 105
898 0 102
899 0 101
900 0 100
900 0 100
900 0 100
905 0 95
907 0 93
908 0 92
909 0 91
910 0 90
912 0 88
913 0 87
914 0 86
914 0 86
918 0 82
918 0 82
919 0 81
920 0 80
922 0 78
922 0 78
922 0 78
924 0 76
924 0 76
925 0 75
925 0 75
926 0 74
927 0 73
928 0 72
929 0 71
930 0 70
931 0 69
932 0 68
932 0 68
933 0 67
935 0 65
935 0 65
936 0 64
938 0 62
939 0 61
940 0 60
941 0 59
943 0 57
944 0 56
945 0 55
945 0 55
946 0 54
946 0 54
946 0 54
947 0 53
947 0 53
948 0 52
951 0 49
953 0 47
953 0 47
953 0 47
953 0 47
955 0 45
956 0 44
956 0 44
956 0 44
956 0 44
958 0 42
961 0 39
961 0 39
961 0 39
961 0 39
962 0 38
962 0 38
964 0 36
964 0 36
966 0 34
966 0 34
967 0 33
968 0 32
970 0 30
970 0 30
970 0 30
970 0 30
970 0 30
970 0 30
971 0 29
973 0 27
973 0 27
973 0 27
973 0 27
973 0 27
973 0 27
973 0 27
974 0 26
974 0 26
974 0 26
974 0 26
976 0 24
976 0 24
976 0 24
976 0 24
976 0 24
977 0 23
977 0 23
977 0 23
978 0 22
978 0 22
979 0 21
979 0 21
980 0 20
980 0 20
980 0 20
980 0 20
980 0 20
980 0 20
981 0 19
982 0 18
982 0 18
982 0 18
982 0 18
982 0 18
982 0 18
982 0 18
982 0 18
983 0 17
983 0 17
984 0 16
985 0 15
985 0 15
985 0 15
985 0 15
986 0 14
986 0 14
986 0 14
986 0 14
986 0 14
986 0 14
986 0 14
986 0 14
988 0 12
988 0 12
988 0 12
988 0 12
988 0 12
988 0 12
989 0 11
989 0 11
989 0 11
990 0 10
990 0 10
990 0 10
990 0 10
991 0 9
991 0 9
992 0 8
992 0 8
992 0 8
992 0 8
992 0 8
992 0 8
993 0 7
993 0 7
993 0 7
993 0 7
993 0 7
993 0 7
993 0 7
993 0 7
993 0 7
993 0 7
993 0 7
993 0 7
993 0 7
993 0 7
994 0 6
994 0 6
994 0 6
994 0 6
994 0 6
994 0 6
994 0 6
994 0 6
994 0 6
994 0 6
994 0 6
995 0 5
995 0 5
995 0 5
995 0 5
995 0 5
995 0 5
996 0 4
996 0 4
996 0 4
996 0 4
996 0 4
996 0 4
996 0 4
996 0 4
996 0 4
996 0 4
996 0 4
996 0 4
996 0 4
996 0 4
996 0 4
996 0 4
996 0 4
996 0 4
996 0 4
996 0 4
997 0 3
997 0 3
997 0 3
997 0 3
997 0 3
997 0 3
997 0 3
997 0 3
997 0 3
997 0 3
997 0 3
997 0 3
997 0 3
998 0 2
998 0 2
998 0 2
998 0 2
998 0 2
998 0 2
998 0 2
998 0 2
998 0 2
998 0 2
998 0 2
999 0 1
999 0 1
999 0 1
999 0 1
999 0 1
999 0 1
999 0 1
999 0 1
999 0 1
1000 0 0
1000 0 0
1000 0 0
1000 0 0
1000 0 0
1000 0 0
1000 0 0
1000 0 0
1000 0 0
1000 0 0
1000 0 0
1000 0 0
1000 0 0
1000 0 0
1000 0 0
1000 0 0
1000 0 0
1000 0 0
1000 0 0
1000 0 0
1000 0 0
1000 0 0
1000 0 0
1000 0 0
1000 0 0
1000 0 0
1000 0 0
1000 0 0
1000 0 0
1000 0 0
1000 0 0
1000 0 0
1000 0 0
1000 0 0
1000 0 0
1000 0 0
1000 0 0
1000 0 0
1000 0 0
1000 0 0
1000 0 0
1000 0 0
1000 0 0
1000 0 0
1000 0 0
1000 0 0
1000 0 0
1000 0 0
1000 0 0
1000 0 0
1000 0 0
1000 0 0
1000 0 0
1000 0 0
1000 0 0
1000 0 0
1000 0 0
1000 0 0
1000 0 0
1000 0 0
1000 0 0
1000 0 0
1000 0 0
1000 0 0
1000 0 0
1000 0 0
1000 0 0
1000 0 0
1000 0 0
1000 0 0
1000 0 0
1000 0 0
1000 0 0
1000 0 0
1000 0 0
1000 0 0
1000 0 0
1000 0 0
1000 0 0
1000 0 0
1000 0 0
1000 0 0
1000 0 0
1000 0 0
1000 0 0
1000 0 0
1000 0 0
1000 0 0
1000 0 0
1000 0 0
1000 0 0
1000 0 0
1000 0 0
1000 0 0
1000 0 0
1000 0 0
1000 0 0
1000 0 0
1000 0 0
1000 0 0
1000 0 0
1000 0 0
1000 0 0
1000 0 0
1000 0 0
1000 0 0
1000 0 0
1000 0 0
1000 0 0
1000 0 0
1000 0 0
1000 0 0
1000 0 0
1000 0 0
1000 0 0
1000 0 0
1000 0 0
1000 0 0
1000 0 0
1000 0 0
1000 0 0
1000 0 0
1000 0 0
1000 0 0
1000 0 0
1000 0 0
1000 0 0
1000 0 0
1000 0 0
1000 0 0
1000 0 0
1000 0 0
1000 0 0
1000 0 0
1000 0 0
1000 0 0
1000 0 0
1000 0 0
1000 0 0
1000 0 0
1000 0 0
1000 0 0
1000 0 0
1000 0 0
1000 0 0
1000 0 0
1000 0 0
1000 0 0
1000 0 0
1000 0 0
1000 0 0
1000 0 0
1000 0 0
1000 0 0
1000 0 0
1000 0 0
1000 0 0
1000 0 0
1000 0 0
1000 0 0
1000 0 0
1000 0 0
1000 0 0
1000 0 0
1000 0 0
1000 0 0
1000 0 0
1000 0 0
1000 0 0
1000 0 0
1000 0 0
1000 0 0
1000 0 0
1000 0 0
1000 0 0
1000 0 0
1000 0 0
1000 0 0
1000 0 0
1000 0 0
1000 0 0
1000 0 0
1000 0 0
1000 0 0
1000 0 0
1000 0 0
1000 0 0
1000 0 0
1000 0 0
1000 0 0
1000 0 0
1000 0 0
1000 0 0
1000 0 0
1000 0 0
1000 0 0
1000 0 0
1000 0 0
1000 0 0
1000 0 0
1000 0 0
1000 0 0
1000 0 0
1000 0 0
1000 0 0
1000 0 0
1000 0 0
1000 0 0
1000 0 0
1000 0 0
1000 0 0
1000 0 0
1000 0 0
1000 0 0
1000 0 0
1000 0 0
1000 0 0
1000 0 0
1000 0 0
1000 0 0
1000 0 0
1000 0 0
1000 0 0
1000 0 0
1000 0 0
1000 0 0
1000 0 0
1000 0 0
1000 0 0
1000 0 0
1000 0 0
1000 0 0
1000 0 0
1000 0 0
1000 0 0
1000 0 0
1000 0 0
1000 0 0
1000 0 0
1000 0 0
1000 0 0
1000 0 0
1000 0 0
1000 0 0
1000 0 0
1000 0 0
1000 0 0
1000 0 0
1000 0 0
1000 0 0
1000 0 0
1000 0 0
1000 0 0
1000 0 0
1000 0 0
1000 0 0
1000 0 0
1000 0 0
1000 0 0
1000 0 0
1000 0 0
1000 0 0
1000 0 0
1000 0 0
1000 0 0
1000 0 0
1000 0 0
1000 0 0
1000 0 0
1000 0 0
1000 0 0
1000 0 0
1000 0 0
1000 0 0
1000 0 0
1000 0 0
1000 0 0
1000 0 0
1000 0 0
1000 0 0
1000 0 0
1000 0 0
1000 0 0
1000 0 0
1000 0 0
1000 0 0
1000 0 0
1000 0 0
1000 0 0
1000 0 0
1000 0 0
1000 0 0
1000 0 0
1000 0 0
1000 0 0
1000 0 0
1000 0 0
1000 0 0
1000 0 0
1000 0 0
1000 0 0
1000 0 0
1000 0 0
1000 0 0
1000 0 0
1000 0 0
1000 0 0
1000 0 0
1000 0 0
1000 0 0
1000 0 0
1000 0 0
1000 0 0
1000 0 0
1000 0 0
