995 5 0
993 6 1
991 7 2
989 5 6
986 8 6
984 10 6
983 8 9
982 10 8
982 9 9
982 8 10
982 6 12
980 7 13
971 16 13
960 27 13
948 33 19
934 45 21
917 53 30
898 63 39
879 79 42
857 96 47
833 105 62
809 114 77
778 131 91
743 147 110
720 152 128
698 154 148
681 161 158
666 156 178
640 161 199
618 164 218
589 172 239
576 159 265
554 150 296
543 143 314
536 138 326
525 135 340
517 123 360
511 121 368
506 117 377
503 107 390
502 99 399
493 92 415
488 90 422
485 83 432
486 74 440
487 77 436
487 69 444
490 64 446
499 51 450
501 48 451
509 44 447
512 38 450
521 39 440
525 40 435
529 42 429
532 41 427
534 40 426
537 41 422
538 42 420
530 46 424
534 42 424
541 44 415
541 45 414
543 38 419
542 36 422
541 30 429
545 37 418
543 39 418
544 45 411
547 40 413
550 38 412
555 39 406
557 36 407
558 37 405
559 38 403
567 37 396
571 38 391
569 38 393
574 37 389
574 42 384
580 39 381
578 40 382
579 41 380
582 38 380
580 38 382
579 35 386
575 37 388
576 35 389
572 37 391
575 34 391
576 32 392
578 32 390
582 30 388
586 31 383
588 32 380
590 34 376
589 37 374
585 42 373
584 43 373
584 37 379
588 35 377
587 34 379
590 35 375
591 36 373
595 30 375
601 28 371
603 23 374
607 19 374
611 15 374
613 16 371
615 17 368
618 13 369
620 14 366
622 15 363
626 16 358
631 15 354
636 15 349
643 14 343
649 12 339
653 13 334
659 10 331
666 9 325
671 8 321
677 6 317
681 6 313
684 6 310
690 6 304
699 3 298
699 6 295
704 5 291
706 5 289
712 4 284
720 5 275
721 3 276
725 2 273
729 2 269
730 3 267
736 3 261
742 3 255
739 5 256
742 6 252
746 6 248
747 7 246
750 9 241
748 11 241
750 10 240
754 10 236
755 12 233
757 12 231
760 12 228
758 15 227
758 18 224
758 20 222
756 23 221
752 32 216
743 43 214
735 45 220
730 45 225
729 41 230
725 45 230
719 46 235
711 53 236
709 55 236
702 58 240
694 66 240
685 65 250
679 65 256
668 71 261
656 74 270
650 76 274
640 75 285
639 66 295
631 67 302
628 70 302
619 74 307
612 71 317
604 75 321
605 64 331
601 62 337
601 56 343
603 53 344
598 52 350
591 52 357
590 45 365
591 41 368
587 37 376
582 45 373
581 45 374
582 43 375
582 47 371
576 50 374
569 52 379
567 48 385
562 48 390
565 48 387
564 46 390
563 42 395
565 31 404
570 33 397
574 33 393
578 31 391
589 28 383
591 28 381
598 26 376
599 28 373
599 30 371
603 33 364
601 32 367
604 34 362
603 37 360
599 39 362
604 35 361
606 37 357
613 35 352
613 37 350
615 38 347
612 37 351
605 37 358
605 38 357
606 35 359
609 34 357
609 34 357
614 28 358
608 31 361
611 32 357
612 33 355
609 35 356
604 36 360
601 38 361
604 40 356
607 42 351
610 38 352
618 33 349
620 31 349
625 30 345
627 29 344
632 29 339
639 28 333
644 32 324
646 31 323
647 31 322
649 31 320
648 34 318
648 30 322
647 28 325
642 33 325
643 31 326
646 25 329
647 25 328
652 26 322
655 24 321
659 19 322
660 20 320
664 19 317
673 19 308
678 16 306
684 18 298
693 16 291
703 16 281
708 14 278
706 19 275
696 24 280
694 31 275
692 33 275
691 38 271
683 47 270
670 56 274
664 59 277
658 62 280
649 63 288
647 50 303
645 49 306
645 48 307
648 45 307
645 47 308
641 46 313
636 50 314
640 41 319
646 36 318
644 34 322
649 31 320
646 27 327
651 22 327
650 23 327
653 25 322
655 19 326
658 18 324
660 22 318
661 21 318
658 21 321
664 17 319
668 14 318
670 13 317
670 14 316
672 14 314
675 10 315
675 10 315
678 8 314
684 7 309
691 6 303
697 6 297
704 7 289
709 6 285
717 6 277
718 8 274
720 8 272
728 8 264
730 9 261
735 9 256
736 8 256
743 6 251
748 7 245
747 8 245
747 10 243
748 11 241
745 14 241
749 10 241
750 10 240
754 11 235
754 13 233
755 15 230
752 13 235
750 14 236
754 13 233
754 11 235
753 13 234
753 15 232
750 19 231
745 26 229
740 29 231
741 29 230
735 38 227
729 38 233
719 39 242
717 37 246
716 40 244
715 42 243
715 37 248
717 32 251
714 32 254
713 29 258
711 30 259
711 33 256
708 35 257
706 35 259
703 34 263
702 36 262
700 38 262
698 37 265
697 38 265
697 32 271
700 31 269
700 30 270
702 26 272
701 27 272
704 26 270
703 25 272
706 21 273
709 19 272
713 25 262
712 25 263
708 34 258
706 38 256
698 46 256
690 46 264
681 54 265
675 56 269
665 60 275
655 67 278
646 66 288
638 66 296
634 66 300
631 64 305
616 72 312
607 82 311
602 82 316
593 83 324
588 82 330
588 79 333
579 81 340
580 76 344
572 76 352
567 67 366
567 66 367
572 54 374
576 49 375
576 49 375
579 47 374
582 45 373
585 48 367
586 47 367
584 54 362
585 55 360
576 60 364
573 60 367
569 61 370
561 55 384
564 48 388
560 51 389
565 49 386
565 49 386
560 53 387
556 59 385
557 53 390
562 56 382
555 59 386
552 58 390
548 60 392
546 59 395
549 57 394
553 50 397
556 52 392
552 51 397
550 53 397
555 46 399
556 48 396
553 49 398
558 43 399
559 43 398
562 38 400
564 32 404
568 33 399
572 25 403
575 22 403
582 21 397
585 22 393
589 18 393
599 17 384
602 15 383
608 14 378
613 10 377
616 11 373
623 10 367
629 10 361
631 10 359
631 16 353
637 14 349
646 14 340
649 16 335
659 13 328
663 12 325
665 12 323
665 16 319
669 16 315
666 21 313
662 25 313
665 25 310
663 24 313
655 29 316
651 30 319
653 30 317
653 27 320
658 27 315
658 23 319
664 20 316
671 17 312
678 16 306
681 15 304
689 16 295
688 17 295
695 16 289
695 20 285
692 22 286
691 26 283
693 25 282
689 30 281
683 36 281
685 34 281
680 32 288
678 31 291
677 34 289
669 42 289
666 43 291
660 46 294
655 48 297
655 52 293
645 59 296
638 60 302
633 59 308
631 48 321
621 53 326
618 54 328
612 56 332
613 47 340
610 49 341
601 58 341
600 55 345
599 52 349
600 43 357
609 38 353
613 35 352
617 29 354
626 24 350
631 19 350
631 19 350
636 19 345
639 19 342
643 19 338
647 17 336
648 15 337
648 19 333
651 12 337
650 15 335
654 13 333
656 13 331
664 11 325
666 9 325
671 8 321
677 5 318
679 5 316
681 6 313
687 5 308
689 5 306
694 6 300
699 8 293
700 8 292
699 10 291
697 11 292
700 13 287
700 14 286
701 16 283
703 15 282
708 15 277
707 16 277
709 19 272
711 18 271
711 23 266
712 22 266
716 25 259
709 27 264
712 28 260
711 23 266
710 26 264
709 24 267
713 21 266
713 27 260
716 25 259
718 24 258
717 23 260
721 22 257
718 19 263
720 22 258
720 22 258
714 26 260
715 26 259
718 22 260
721 22 257
725 24 251
728 21 251
729 19 252
732 23 245
730 25 245
727 25 248
731 25 244
733 27 240
724 32 244
714 40 246
711 40 249
709 41 250
708 39 253
706 36 258
700 39 261
696 46 258
691 47 262
683 58 259
674 57 269
662 62 276
663 63 274
657 68 275
653 64 283
642 65 293
637 64 299
623 68 309
612 70 318
610 70 320
603 70 327
598 70 332
596 66 338
592 63 345
590 60 350
592 55 353
599 53 348
596 54 350
603 45 352
606 46 348
606 42 352
615 37 348
617 35 348
619 27 354
618 22 360
623 23 354
626 23 351
629 27 344
637 23 340
640 21 339
646 17 337
650 17 333
650 17 333
651 18 331
653 18 329
656 17 327
657 16 327
665 14 321
666 16 318
670 16 314
671 15 314
671 19 310
677 13 310
681 12 307
678 19 303
679 20 301
680 24 296
676 21 303
677 26 297
676 30 294
678 28 294
679 25 296
681 22 297
683 21 296
684 21 295
684 21 295
685 23 292
685 24 291
684 22 294
686 23 291
690 24 286
692 27 281
691 29 280
694 31 275
692 32 276
696 33 271
693 36 271
693 31 276
694 32 274
697 32 271
699 29 272
695 34 271
691 35 274
687 35 278
685 38 277
683 41 276
678 44 278
672 51 277
671 51 278
673 48 279
668 48 284
658 56 286
652 59 289
650 58 292
654 53 293
653 55 292
648 57 295
644 52 304
650 50 300
647 51 302
644 54 302
645 51 304
644 51 305
642 46 312
641 45 314
642 43 315
644 42 314
645 41 314
644 38 318
644 37 319
646 35 319
648 28 324
648 29 323
644 31 325
639 33 328
641 33 326
643 30 327
637 36 327
636 36 328
643 40 317
637 41 322
640 40 320
648 38 314
648 36 316
647 38 315
652 33 315
653 32 315
652 30 318
652 29 319
653 28 319
652 29 319
654 30 316
659 30 311
657 24 319
658 30 312
654 32 314
650 26 324
651 27 322
651 27 322
653 25 322
659 23 318
662 23 315
663 24 313
666 21 313
676 21 303
679 21 300
690 20 290
691 18 291
697 13 290
700 9 291
699 13 288
704 11 285
707 12 281
713 11 276
717 13 270
717 12 271
725 13 262
730 13 257
734 11 255
735 12 253
734 13 253
736 16 248
736 19 245
738 16 246
737 15 248
737 13 250
734 17 249
735 17 248
740 17 243
744 15 241
745 15 240
745 16 239
746 15 239
751 13 236
751 14 235
752 17 231
749 20 231
749 19 232
741 27 232
740 25 235
737 33 230
732 40 228
723 41 236
716 44 240
718 43 239
717 42 241
712 45 243
703 49 248
701 51 248
701 53 246
695 54 251
695 50 255
686 56 258
680 58 262
674 55 271
670 55 275
667 57 276
662 60 278
656 59 285
652 56 292
649 51 300
644 55 301
638 58 304
633 58 309
625 63 312
615 63 322
617 63 320
621 64 315
617 60 323
618 58 324
621 55 324
626 52 322
629 43 328
630 41 329
631 34 335
631 33 336
635 30 335
642 25 333
648 24 328
644 29 327
645 29 326
646 26 328
646 25 329
650 25 325
651 24 325
658 24 318
656 24 320
659 26 315
656 29 315
656 31 313
658 30 312
660 27 313
665 28 307
664 25 311
665 19 316
662 22 316
670 21 309
671 18 311
677 16 307
677 18 305
677 17 306
678 24 298
680 22 298
685 16 299
687 12 301
693 11 296
699 10 291
700 12 288
702 13 285
705 11 284
709 6 285
709 5 286
713 7 280
709 11 280
708 13 279
712 15 273
717 16 267
717 18 265
715 23 262
716 23 261
713 29 258
713 31 256
713 29 258
711 34 255
707 37 256
695 42 263
686 50 264
684 50 266
680 53 267
672 54 274
667 56 277
659 60 281
650 67 283
644 69 287
648 67 285
641 68 291
626 78 296
615 86 299
608 85 307
594 91 315
584 100 316
575 101 324
566 112 322
555 108 337
544 109 347
533 107 360
524 109 367
514 105 381
505 109 386
490 113 397
492 103 405
485 103 412
483 98 419
482 93 425
483 83 434
482 79 439
479 78 443
478 68 454
482 60 458
484 55 461
489 42 469
490 38 472
496 37 467
501 34 465
507 30 463
511 29 460
517 33 450
521 34 445
519 34 447
519 32 449
521 31 448
527 31 442
535 27 438
542 25 433
548 24 428
555 18 427
556 15 429
562 18 420
568 21 411
575 20 405
580 17 403
585 17 398
588 18 394
592 15 393
605 14 381
611 12 377
616 10 374
618 10 372
621 10 369
624 8 368
626 9 365
631 9 360
633 10 357
630 14 356
630 19 351
623 28 349
622 29 349
623 33 344
626 37 337
627 38 335
620 41 339
619 40 341
618 38 344
624 36 340
622 41 337
623 44 333
627 47 326
629 45 326
621 52 327
622 48 330
614 53 333
613 55 332
614 49 337
614 50 336
610 54 336
602 53 345
603 48 349
597 49 354
594 45 361
586 52 362
584 54 362
584 52 364
579 53 368
569 62 369
578 58 364
576 56 368
576 54 370
581 47 372
586 46 368
585 47 368
588 47 365
588 47 365
592 44 364
593 44 363
598 44 358
605 34 361
606 33 361
604 36 360
605 33 362
604 32 364
610 30 360
611 26 363
609 33 358
609 38 353
611 35 354
609 37 354
599 48 353
595 51 354
592 55 353
583 61 356
573 66 361
560 72 368
554 68 378
548 67 385
542 71 387
528 78 394
526 73 401
525 72 403
528 64 408
532 63 405
526 67 407
522 57 421
530 53 417
535 48 417
543 45 412
546 41 413
542 44 414
546 41 413
554 40 406
559 35 406
564 33 403
562 35 403
561 35 404
558 27 415
562 30 408
567 27 406
567 33 400
569 33 398
573 31 396
580 32 388
580 32 388
578 36 386
582 38 380
584 38 378
582 42 376
578 45 377
577 47 376
575 44 381
572 47 381
571 52 377
570 48 382
568 45 387
566 42 392
566 45 389
562 42 396
570 37 393
573 31 396
569 34 397
572 35 393
571 31 398
569 34 397
574 32 394
575 30 395
575 30 395
579 29 392
583 29 388
