995 5 0
992 8 0
991 7 2
990 6 4
989 6 5
989 5 6
986 7 7
983 10 7
982 7 11
978 10 12
973 15 12
969 17 14
964 16 20
959 21 20
952 24 24
948 23 29
949 23 28
944 25 31
938 25 37
934 27 39
926 33 41
924 28 48
918 30 52
914 28 58
912 26 62
908 27 65
901 33 66
896 34 70
893 35 72
886 37 77
878 40 82
873 40 87
864 46 90
857 46 97
853 45 102
848 44 108
844 43 113
842 40 118
842 34 124
839 34 127
833 35 132
831 41 128
823 41 136
815 40 145
814 36 150
812 38 150
810 36 154
811 31 158
812 31 157
807 30 163
810 25 165
807 27 166
804 28 168
805 29 166
804 26 170
802 25 173
802 24 174
801 24 175
801 22 177
801 22 177
798 23 179
797 23 180
796 20 184
797 20 183
797 15 188
794 17 189
794 18 188
797 16 187
798 12 190
797 13 190
800 12 188
799 13 188
803 14 183
802 13 185
798 17 185
802 16 182
800 21 179
800 23 177
798 19 183
797 18 185
802 20 178
802 22 176
802 22 176
803 18 179
805 18 177
804 19 177
804 18 178
800 24 176
799 22 179
800 23 177
801 25 174
802 27 171
799 28 173
799 26 175
799 26 175
797 24 179
792 28 180
790 22 188
785 26 189
783 28 189
783 34 183
775 41 184
773 38 189
768 43 189
764 41 195
762 43 195
762 40 198
759 41 200
756 40 204
753 39 208
751 41 208
746 44 210
742 46 212
735 43 222
736 36 228
734 37 229
728 39 233
730 37 233
726 38 236
722 43 235
721 44 235
718 41 241
713 46 241
710 47 243
712 45 243
710 46 244
707 48 245
705 46 249
702 46 252
701 48 251
703 42 255
700 44 256
702 36 262
704 32 264
707 29 264
709 30 261
707 32 261
709 32 259
709 33 258
709 38 253
710 38 252
711 37 252
706 44 250
705 37 258
704 38 258
696 42 262
696 43 261
693 44 263
692 43 265
691 41 268
687 44 269
686 39 275
683 45 272
676 48 276
677 45 278
674 42 284
673 43 284
665 50 285
667 48 285
670 45 285
667 48 285
661 55 284
656 58 286
653 62 285
646 65 289
644 61 295
641 58 301
638 52 310
636 51 313
632 51 317
634 45 321
638 42 320
636 38 326
638 35 327
639 36 325
637 40 323
636 40 324
637 35 328
640 38 322
643 34 323
645 35 320
647 31 322
648 33 319
646 35 319
650 27 323
659 25 316
667 26 307
666 27 307
662 31 307
663 30 307
661 33 306
663 26 311
661 27 312
663 24 313
669 23 308
670 25 305
672 24 304
676 23 301
676 20 304
676 19 305
682 16 302
687 17 296
690 20 290
693 20 287
694 18 288
697 15 288
700 14 286
702 12 286
709 12 279
712 12 276
713 12 275
719 10 271
721 9 270
722 9 269
729 9 262
732 10 258
734 10 256
735 7 258
742 6 252
751 6 243
752 4 244
757 3 240
761 3 236
763 2 235
770 2 228
776 3 221
778 3 219
785 2 213
789 2 209
791 3 206
793 4 203
797 3 200
798 3 199
805 2 193
806 2 192
811 1 188
816 1 183
819 1 180
820 1 179
827 1 172
829 1 170
833 1 166
836 1 163
838 1 161
840 1 159
840 0 160
843 0 157
844 0 156
844 0 156
844 0 156
844 0 156
845 0 155
846 0 154
848 0 152
850 0 150
851 0 149
858 0 142
859 0 141
860 0 140
863 0 137
866 0 134
869 0 131
872 0 128
878 0 122
879 0 121
879 0 121
879 0 121
882 0 118
884 0 116
888 0 112
888 0 112
889 0 111
893 0 107
897 0 103
898 0 102
900 0 100
903 0 97
906 0 94
907 0 93
908 0 92
908 0 92
909 0 91
909 0 91
910 0 90
911 0 89
912 0 88
912 0 88
912 0 88
913 0 87
916 0 84
916 0 84
918 0 82
919 0 81
920 0 80
921 0 79
925 0 75
927 0 73
929 0 71
930 0 70
931 0 69
933 0 67
933 0 67
933 0 67
934 0 66
934 0 66
935 0 65
936 0 64
937 0 63
937 0 63
940 0 60
940 0 60
941 0 59
941 0 59
942 0 58
942 0 58
942 0 58
942 0 58
942 0 58
944 0 56
945 0 55
945 0 55
945 0 55
946 0 54
947 0 53
947 0 53
947 0 53
948 0 52
948 0 52
952 0 48
952 0 48
953 0 47
953 0 47
954 0 46
957 0 43
960 0 40
960 0 40
960 0 40
960 0 40
961 0 39
961 0 39
962 0 38
962 0 38
962 0 38
963 0 37
963 0 37
964 0 36
966 0 34
966 0 34
966 0 34
966 0 34
966 0 34
966 0 34
967 0 33
968 0 32
968 0 32
968 0 32
968 0 32
968 0 32
968 0 32
969 0 31
969 0 31
969 0 31
969 0 31
970 0 30
971 0 29
973 0 27
973 0 27
975 0 25
975 0 25
976 0 24
977 0 23
978 0 22
978 0 22
979 0 21
981 0 19
982 0 18
983 0 17
983 0 17
984 0 16
984 0 16
984 0 16
984 0 16
985 0 15
985 0 15
985 0 15
985 0 15
985 0 15
985 0 15
985 0 15
985 0 15
985 0 15
985 0 15
985 0 15
985 0 15
985 0 15
985 0 15
985 0 15
985 0 15
985 0 15
985 0 15
985 0 15
985 0 15
985 0 15
986 0 14
986 0 14
986 0 14
986 0 14
986 0 14
987 0 13
987 0 13
988 0 12
988 0 12
988 0 12
988 0 12
989 0 11
989 0 11
989 0 11
989 0 11
989 0 11
989 0 11
989 0 11
989 0 11
989 0 11
989 0 11
989 0 11
990 0 10
990 0 10
990 0 10
990 0 10
990 0 10
990 0 10
991 0 9
991 0 9
991 0 9
992 0 8
992 0 8
992 0 8
992 0 8
992 0 8
992 0 8
992 0 8
992 0 8
992 0 8
992 0 8
992 0 8
992 0 8
992 0 8
992 0 8
992 0 8
994 0 6
994 0 6
994 0 6
994 0 6
996 0 4
996 0 4
996 0 4
996 0 4
996 0 4
996 0 4
996 0 4
996 0 4
996 0 4
996 0 4
996 0 4
996 0 4
996 0 4
996 0 4
996 0 4
996 0 4
996 0 4
996 0 4
996 0 4
996 0 4
997 0 3
997 0 3
997 0 3
997 0 3
997 0 3
997 0 3
997 0 3
997 0 3
997 0 3
997 0 3
997 0 3
997 0 3
997 0 3
997 0 3
997 0 3
997 0 3
997 0 3
997 0 3
997 0 3
997 0 3
997 0 3
997 0 3
997 0 3
997 0 3
997 0 3
998 0 2
998 0 2
998 0 2
998 0 2
998 0 2
998 0 2
998 0 2
998 0 2
998 0 2
998 0 2
998 0 2
999 0 1
999 0 1
999 0 1
999 0 1
999 0 1
999 0 1
999 0 1
999 0 1
999 0 1
999 0 1
999 0 1
999 0 1
999 0 1
999 0 1
999 0 1
999 0 1
999 0 1
999 0 1
999 0 1
999 0 1
999 0 1
999 0 1
999 0 1
999 0 1
999 0 1
999 0 1
999 0 1
999 0 1
999 0 1
999 0 1
999 0 1
999 0 1
999 0 1
999 0 1
999 0 1
999 0 1
999 0 1
999 0 1
999 0 1
999 0 1
1000 0 0
1000 0 0
1000 0 0
1000 0 0
1000 0 0
1000 0 0
1000 0 0
1000 0 0
1000 0 0
1000 0 0
1000 0 0
1000 0 0
1000 0 0
1000 0 0
1000 0 0
1000 0 0
1000 0 0
1000 0 0
1000 0 0
1000 0 0
1000 0 0
1000 0 0
1000 0 0
1000 0 0
1000 0 0
1000 0 0
1000 0 0
1000 0 0
1000 0 0
1000 0 0
1000 0 0
1000 0 0
1000 0 0
1000 0 0
1000 0 0
1000 0 0
1000 0 0
1000 0 0
1000 0 0
1000 0 0
1000 0 0
1000 0 0
1000 0 0
1000 0 0
1000 0 0
1000 0 0
1000 0 0
1000 0 0
1000 0 0
1000 0 0
1000 0 0
1000 0 0
1000 0 0
1000 0 0
1000 0 0
1000 0 0
1000 0 0
1000 0 0
1000 0 0
1000 0 0
1000 0 0
1000 0 0
1000 0 0
1000 0 0
1000 0 0
1000 0 0
1000 0 0
1000 0 0
1000 0 0
1000 0 0
1000 0 0
1000 0 0
1000 0 0
1000 0 0
1000 0 0
1000 0 0
1000 0 0
1000 0 0
1000 0 0
1000 0 0
1000 0 0
1000 0 0
1000 0 0
1000 0 0
1000 0 0
1000 0 0
1000 0 0
1000 0 0
1000 0 0
1000 0 0
1000 0 0
1000 0 0
1000 0 0
1000 0 0
1000 0 0
1000 0 0
1000 0 0
1000 0 0
1000 0 0
1000 0 0
1000 0 0
1000 0 0
1000 0 0
1000 0 0
1000 0 0
1000 0 0
1000 0 0
1000 0 0
1000 0 0
1000 0 0
1000 0 0
1000 0 0
1000 0 0
1000 0 0
1000 0 0
1000 0 0
1000 0 0
1000 0 0
1000 0 0
1000 0 0
1000 0 0
1000 0 0
1000 0 0
1000 0 0
1000 0 0
1000 0 0
1000 0 0
1000 0 0
1000 0 0
1000 0 0
1000 0 0
1000 0 0
1000 0 0
1000 0 0
1000 0 0
1000 0 0
1000 0 0
1000 0 0
1000 0 0
1000 0 0
1000 0 0
1000 0 0
1000 0 0
1000 0 0
1000 0 0
1000 0 0
1000 0 0
1000 0 0
1000 0 0
1000 0 0
1000 0 0
1000 0 0
1000 0 0
1000 0 0
1000 0 0
1000 0 0
1000 0 0
1000 0 0
1000 0 0
1000 0 0
1000 0 0
1000 0 0
1000 0 0
1000 0 0
1000 0 0
1000 0 0
1000 0 0
1000 0 0
1000 0 0
1000 0 0
1000 0 0
1000 0 0
1000 0 0
1000 0 0
1000 0 0
1000 0 0
1000 0 0
1000 0 0
1000 0 0
1000 0 0
1000 0 0
1000 0 0
1000 0 0
1000 0 0
1000 0 0
1000 0 0
1000 0 0
1000 0 0
1000 0 0
1000 0 0
1000 0 0
1000 0 0
1000 0 0
1000 0 0
1000 0 0
1000 0 0
1000 0 0
1000 0 0
1000 0 0
1000 0 0
1000 0 0
1000 0 0
1000 0 0
1000 0 0
1000 0 0
1000 0 0
1000 0 0
1000 0 0
1000 0 0
1000 0 0
1000 0 0
1000 0 0
1000 0 0
1000 0 0
1000 0 0
1000 0 0
1000 0 0
1000 0 0
1000 0 0
1000 0 0
1000 0 0
1000 0 0
1000 0 0
1000 0 0
1000 0 0
1000 0 0
1000 0 0
1000 0 0
1000 0 0
1000 0 0
1000 0 0
1000 0 0
1000 0 0
1000 0 0
1000 0 0
1000 0 0
1000 0 0
1000 0 0
1000 0 0
1000 0 0
1000 0 0
1000 0 0
1000 0 0
1000 0 0
1000 0 0
1000 0 0
1000 0 0
1000 0 0
1000 0 0
1000 0 0
1000 0 0
1000 0 0
1000 0 0
1000 0 0
1000 0 0
1000 0 0
1000 0 0
1000 0 0
1000 0 0
1000 0 0
1000 0 0
1000 0 0
1000 0 0
1000 0 0
1000 0 0
1000 0 0
1000 0 0
1000 0 0
1000 0 0
1000 0 0
1000 0 0
1000 0 0
1000 0 0
1000 0 0
1000 0 0
1000 0 0
1000 0 0
1000 0 0
1000 0 0
1000 0 0
1000 0 0
1000 0 0
1000 0 0
1000 0 0
1000 0 0
1000 0 0
1000 0 0
1000 0 0
1000 0 0
1000 0 0
1000 0 0
1000 0 0
1000 0 0
1000 0 0
1000 0 0
1000 0 0
1000 0 0
1000 0 0
1000 0 0
1000 0 0
1000 0 0
1000 0 0
1000 0 0
1000 0 0
1000 0 0
1000 0 0
1000 0 0
1000 0 0
1000 0 0
1000 0 0
1000 0 0
1000 0 0
1000 0 0
1000 0 0
1000 0 0
1000 0 0
1000 0 0
1000 0 0
1000 0 0
1000 0 0
1000 0 0
1000 0 0
1000 0 0
1000 0 0
1000 0 0
1000 0 0
1000 0 0
1000 0 0
1000 0 0
1000 0 0
1000 0 0
1000 0 0
1000 0 0
1000 0 0
1000 0 0
1000 0 0
1000 0 0
1000 0 0
1000 0 0
1000 0 0
1000 0 0
1000 0 0
1000 0 0
1000 0 0
1000 0 0
1000 0 0
1000 0 0
1000 0 0
1000 0 0
1000 0 0
1000 0 0
1000 0 0
1000 0 0
1000 0 0
1000 0 0
1000 0 0
1000 0 0
1000 0 0
1000 0 0
1000 0 0
1000 0 0
1000 0 0
1000 0 0
1000 0 0
1000 0 0
1000 0 0
1000 0 0
1000 0 0
1000 0 0
1000 0 0
1000 0 0
1000 0 0
1000 0 0
1000 0 0
1000 0 0
1000 0 0
1000 0 0
1000 0 0
1000 0 0
1000 0 0
1000 0 0
1000 0 0
1000 0 0
1000 0 0
1000 0 0
1000 0 0
1000 0 0
1000 0 0
1000 0 0
1000 0 0
1000 0 0
1000 0 0
1000 0 0
1000 0 0
1000 0 0
1000 0 0
1000 0 0
1000 0 0
1000 0 0
1000 0 0
1000 0 0
1000 0 0
1000 0 0
1000 0 0
1000 0 0
1000 0 0
1000 0 0
1000 0 0
1000 0 0
1000 0 0
1000 0 0
1000 0 0
1000 0 0
1000 0 0
1000 0 0
1000 0 0
1000 0 0
1000 0 0
1000 0 0
1000 0 0
1000 0 0
1000 0 0
1000 0 0
1000 0 0
1000 0 0
1000 0 0
1000 0 0
1000 0 0
1000 0 0
1000 0 0
1000 0 0
1000 0 0
1000 0 0
1000 0 0
1000 0 0
1000 0 0
1000 0 0
1000 0 0
1000 0 0
1000 0 0
1000 0 0
1000 0 0
1000 0 0
1000 0 0
1000 0 0
1000 0 0
1000 0 0
1000 0 0
1000 0 0
1000 0 0
1000 0 0
1000 0 0
