995 5 0
993 7 0
993 5 2
993 5 2
992 6 2
991 6 3
989 8 3
985 12 3
980 15 5
977 16 7
975 18 7
971 21 8
964 22 14
959 25 16
955 25 20
946 29 25
939 31 30
934 28 38
928 30 42
921 36 43
914 37 49
907 39 54
901 44 55
892 48 60
882 54 64
874 51 75
864 54 82
859 51 90
856 50 94
845 48 107
838 44 118
834 42 124
829 41 130
822 44 134
818 41 141
808 44 148
801 48 151
800 47 153
796 45 159
789 52 159
785 48 167
778 48 174
778 43 179
775 38 187
769 42 189
763 39 198
759 40 201
753 47 200
751 48 201
747 46 207
738 50 212
735 50 215
728 51 221
724 48 228
718 54 228
713 53 234
706 52 242
703 51 246
700 49 251
690 57 253
683 59 258
676 66 258
669 70 261
666 69 265
658 69 273
646 69 285
638 65 297
632 68 300
626 69 305
618 75 307
607 78 315
592 90 318
589 90 321
581 91 328
582 86 332
580 80 340
573 78 349
575 68 357
572 68 360
575 62 363
571 60 369
570 58 372
570 54 376
574 50 376
569 49 382
570 45 385
569 43 388
567 41 392
572 38 390
571 38 391
580 34 386
579 38 383
578 44 378
571 47 382
574 46 380
573 49 378
568 50 382
571 41 388
577 40 383
578 43 379
575 40 385
578 32 390
585 32 383
591 24 385
598 24 378
600 22 378
606 22 372
611 23 366
617 25 358
620 23 357
622 24 354
619 25 356
622 26 352
625 27 348
630 25 345
636 25 339
643 19 338
648 19 333
651 14 335
654 13 333
655 12 333
656 11 333
659 8 333
665 8 327
665 9 326
674 8 318
677 8 315
679 9 312
682 8 310
687 7 306
690 8 302
693 9 298
695 9 296
700 11 289
699 15 286
708 11 281
711 10 279
716 11 273
720 13 267
723 13 264
719 19 262
723 15 262
722 14 264
725 14 261
724 14 262
729 14 257
726 13 261
729 11 260
729 9 262
733 10 257
733 14 253
734 14 252
737 12 251
735 12 253
733 12 255
735 11 254
737 9 254
737 9 254
738 11 251
741 12 247
742 12 246
744 9 247
745 10 245
749 9 242
754 6 240
754 6 240
757 6 237
760 6 234
763 7 230
768 7 225
769 9 222
773 8 219
772 9 219
776 11 213
780 12 208
781 14 205
783 13 204
784 15 201
785 15 200
783 18 199
786 20 194
784 20 196
786 16 198
786 15 199
785 16 199
790 13 197
789 13 198
789 14 197
790 14 196
792 15 193
791 15 194
795 16 189
795 18 187
799 17 184
801 16 183
801 19 180
799 22 179
801 19 180
801 16 183
805 12 183
808 10 182
809 10 181
813 12 175
813 14 173
814 12 174
815 12 173
814 13 173
812 15 173
811 14 175
812 14 174
816 15 169
818 15 167
819 15 166
815 19 166
815 16 169
811 20 169
810 22 168
805 26 169
804 25 171
804 26 170
798 29 173
798 31 171
797 27 176
797 29 174
796 27 177
794 31 175
794 30 176
791 32 177
791 27 182
789 28 183
785 28 187
782 30 188
782 29 189
784 26 190
779 29 192
778 29 193
775 32 193
773 32 195
775 29 196
771 29 200
770 27 203
769 24 207
765 29 206
765 33 202
760 32 208
757 35 208
757 34 209
757 34 209
753 34 213
751 33 216
749 35 216
740 41 219
735 44 221
728 42 230
726 37 237
725 39 236
722 39 239
722 35 243
717 40 243
716 39 245
708 36 256
707 35 258
704 38 258
701 38 261
696 43 261
697 37 266
693 39 268
688 40 272
681 48 271
674 47 279
673 44 283
677 38 285
674 36 290
669 39 292
662 42 296
662 42 296
657 45 298
650 54 296
653 48 299
647 50 303
648 48 304
640 50 310
634 49 317
635 43 322
639 40 321
642 40 318
636 45 319
633 44 323
638 41 321
644 39 317
646 39 315
648 36 316
651 32 317
648 35 317
654 34 312
658 35 307
661 29 310
661 28 311
662 27 311
665 24 311
668 24 308
672 20 308
673 20 307
675 21 304
676 21 303
680 23 297
681 26 293
679 25 296
680 26 294
679 28 293
677 24 299
673 25 302
673 23 304
674 19 307
673 20 307
677 20 303
676 23 301
680 20 300
686 21 293
685 23 292
687 22 291
686 21 293
685 20 295
690 21 289
692 21 287
697 21 282
693 23 284
691 25 284
690 23 287
691 26 283
683 29 288
683 30 287
675 35 290
674 37 289
669 40 291
670 42 288
663 44 293
662 44 294
665 39 296
669 39 292
670 39 291
669 41 290
667 42 291
662 44 294
662 41 297
663 42 295
663 41 296
658 45 297
659 43 298
661 41 298
659 38 303
663 31 306
662 32 306
659 34 307
659 32 309
657 32 311
659 31 310
661 26 313
664 22 314
658 29 313
662 29 309
661 28 311
662 22 316
664 23 313
667 21 312
666 25 309
667 25 308
669 24 307
670 27 303
675 27 298
677 24 299
675 24 301
681 19 300
683 19 298
681 21 298
682 20 298
686 16 298
689 15 296
692 15 293
691 16 293
695 14 291
700 14 286
705 14 281
705 17 278
709 15 276
709 18 273
708 20 272
713 18 269
714 21 265
716 19 265
716 20 264
719 18 263
722 17 261
726 18 256
727 16 257
731 14 255
740 13 247
741 11 248
741 13 246
742 13 245
746 11 243
750 10 240
752 7 241
756 6 238
757 6 237
759 5 236
762 3 235
763 3 234
769 3 228
772 4 224
775 2 223
777 4 219
782 2 216
782 2 216
786 2 212
786 2 212
789 2 209
794 2 204
798 1 201
800 0 200
806 0 194
809 0 191
815 0 185
817 0 183
821 0 179
825 0 175
831 0 169
832 0 168
834 0 166
836 0 164
836 0 164
841 0 159
842 0 158
845 0 155
845 0 155
846 0 154
849 0 151
850 0 150
852 0 148
853 0 147
857 0 143
861 0 139
863 0 137
865 0 135
867 0 133
870 0 130
870 0 130
872 0 128
875 0 125
879 0 121
880 0 120
882 0 118
883 0 117
884 0 116
888 0 112
889 0 111
893 0 107
895 0 105
896 0 104
898 0 102
900 0 100
901 0 99
902 0 98
904 0 96
905 0 95
905 0 95
907 0 93
912 0 88
912 0 88
913 0 87
914 0 86
916 0 84
917 0 83
919 0 81
921 0 79
923 0 77
926 0 74
926 0 74
927 0 73
928 0 72
928 0 72
928 0 72
928 0 72
928 0 72
931 0 69
932 0 68
932 0 68
933 0 67
933 0 67
934 0 66
935 0 65
935 0 65
935 0 65
936 0 64
937 0 63
938 0 62
938 0 62
938 0 62
939 0 61
939 0 61
940 0 60
941 0 59
941 0 59
942 0 58
942 0 58
942 0 58
943 0 57
944 0 56
944 0 56
944 0 56
944 0 56
945 0 55
946 0 54
948 0 52
949 0 51
949 0 51
950 0 50
951 0 49
951 0 49
951 0 49
952 0 48
952 0 48
953 0 47
953 0 47
954 0 46
955 0 45
955 0 45
956 0 44
956 0 44
957 0 43
958 0 42
960 0 40
961 0 39
962 0 38
963 0 37
963 0 37
963 0 37
963 0 37
964 0 36
965 0 35
965 0 35
965 0 35
965 0 35
965 0 35
965 0 35
966 0 34
966 0 34
966 0 34
966 0 34
966 0 34
966 0 34
966 0 34
967 0 33
968 0 32
968 0 32
970 0 30
971 0 29
972 0 28
973 0 27
973 0 27
973 0 27
974 0 26
974 0 26
975 0 25
976 0 24
976 0 24
977 0 23
977 0 23
978 0 22
978 0 22
978 0 22
978 0 22
978 0 22
978 0 22
978 0 22
979 0 21
980 0 20
981 0 19
982 0 18
983 0 17
984 0 16
984 0 16
984 0 16
984 0 16
984 0 16
984 0 16
984 0 16
984 0 16
984 0 16
986 0 14
986 0 14
987 0 13
987 0 13
989 0 11
989 0 11
989 0 11
989 0 11
989 0 11
989 0 11
989 0 11
990 0 10
990 0 10
990 0 10
991 0 9
991 0 9
991 0 9
991 0 9
991 0 9
991 0 9
992 0 8
992 0 8
992 0 8
992 0 8
993 0 7
993 0 7
993 0 7
993 0 7
993 0 7
993 0 7
993 0 7
993 0 7
993 0 7
993 0 7
993 0 7
993 0 7
993 0 7
993 0 7
993 0 7
993 0 7
993 0 7
993 0 7
994 0 6
994 0 6
994 0 6
994 0 6
994 0 6
994 0 6
994 0 6
994 0 6
994 0 6
995 0 5
995 0 5
996 0 4
996 0 4
996 0 4
996 0 4
996 0 4
996 0 4
996 0 4
996 0 4
996 0 4
996 0 4
996 0 4
996 0 4
997 0 3
997 0 3
997 0 3
997 0 3
997 0 3
997 0 3
997 0 3
997 0 3
997 0 3
997 0 3
998 0 2
998 0 2
998 0 2
998 0 2
998 0 2
998 0 2
998 0 2
998 0 2
998 0 2
998 0 2
998 0 2
998 0 2
998 0 2
998 0 2
998 0 2
998 0 2
998 0 2
998 0 2
998 0 2
998 0 2
998 0 2
998 0 2
998 0 2
998 0 2
999 0 1
999 0 1
999 0 1
999 0 1
999 0 1
999 0 1
999 0 1
999 0 1
999 0 1
999 0 1
999 0 1
999 0 1
999 0 1
999 0 1
999 0 1
999 0 1
999 0 1
999 0 1
999 0 1
999 0 1
999 0 1
999 0 1
999 0 1
999 0 1
999 0 1
999 0 1
999 0 1
999 0 1
999 0 1
999 0 1
999 0 1
999 0 1
999 0 1
999 0 1
999 0 1
999 0 1
1000 0 0
1000 0 0
1000 0 0
1000 0 0
1000 0 0
1000 0 0
1000 0 0
1000 0 0
1000 0 0
1000 0 0
1000 0 0
1000 0 0
1000 0 0
1000 0 0
1000 0 0
1000 0 0
1000 0 0
1000 0 0
1000 0 0
1000 0 0
1000 0 0
1000 0 0
1000 0 0
1000 0 0
1000 0 0
1000 0 0
1000 0 0
1000 0 0
1000 0 0
1000 0 0
1000 0 0
1000 0 0
1000 0 0
1000 0 0
1000 0 0
1000 0 0
1000 0 0
1000 0 0
1000 0 0
1000 0 0
1000 0 0
1000 0 0
1000 0 0
1000 0 0
1000 0 0
1000 0 0
1000 0 0
1000 0 0
1000 0 0
1000 0 0
1000 0 0
1000 0 0
1000 0 0
1000 0 0
1000 0 0
1000 0 0
1000 0 0
1000 0 0
1000 0 0
1000 0 0
1000 0 0
1000 0 0
1000 0 0
1000 0 0
1000 0 0
1000 0 0
1000 0 0
1000 0 0
1000 0 0
1000 0 0
1000 0 0
1000 0 0
1000 0 0
1000 0 0
1000 0 0
1000 0 0
1000 0 0
1000 0 0
1000 0 0
1000 0 0
1000 0 0
1000 0 0
1000 0 0
1000 0 0
1000 0 0
1000 0 0
1000 0 0
1000 0 0
1000 0 0
1000 0 0
1000 0 0
1000 0 0
1000 0 0
1000 0 0
1000 0 0
1000 0 0
1000 0 0
1000 0 0
1000 0 0
1000 0 0
1000 0 0
1000 0 0
1000 0 0
1000 0 0
1000 0 0
1000 0 0
1000 0 0
1000 0 0
1000 0 0
1000 0 0
1000 0 0
1000 0 0
1000 0 0
1000 0 0
1000 0 0
1000 0 0
1000 0 0
1000 0 0
1000 0 0
1000 0 0
1000 0 0
1000 0 0
1000 0 0
1000 0 0
1000 0 0
1000 0 0
1000 0 0
1000 0 0
1000 0 0
1000 0 0
1000 0 0
1000 0 0
1000 0 0
1000 0 0
1000 0 0
1000 0 0
1000 0 0
1000 0 0
1000 0 0
1000 0 0
1000 0 0
1000 0 0
1000 0 0
1000 0 0
1000 0 0
1000 0 0
1000 0 0
1000 0 0
1000 0 0
1000 0 0
1000 0 0
1000 0 0
1000 0 0
1000 0 0
1000 0 0
1000 0 0
1000 0 0
1000 0 0
1000 0 0
1000 0 0
1000 0 0
1000 0 0
1000 0 0
1000 0 0
1000 0 0
1000 0 0
1000 0 0
1000 0 0
1000 0 0
1000 0 0
1000 0 0
1000 0 0
1000 0 0
1000 0 0
1000 0 0
1000 0 0
1000 0 0
1000 0 0
1000 0 0
1000 0 0
1000 0 0
1000 0 0
1000 0 0
1000 0 0
1000 0 0
1000 0 0
1000 0 0
1000 0 0
1000 0 0
1000 0 0
1000 0 0
1000 0 0
1000 0 0
1000 0 0
1000 0 0
1000 0 0
1000 0 0
1000 0 0
1000 0 0
1000 0 0
1000 0 0
1000 0 0
1000 0 0
1000 0 0
1000 0 0
1000 0 0
1000 0 0
1000 0 0
1000 0 0
1000 0 0
1000 0 0
1000 0 0
1000 0 0
1000 0 0
1000 0 0
1000 0 0
1000 0 0
1000 0 0
1000 0 0
1000 0 0
1000 0 0
1000 0 0
1000 0 0
1000 0 0
1000 0 0
1000 0 0
1000 0 0
1000 0 0
1000 0 0
1000 0 0
1000 0 0
1000 0 0
1000 0 0
1000 0 0
1000 0 0
1000 0 0
1000 0 0
1000 0 0
1000 0 0
1000 0 0
1000 0 0
1000 0 0
1000 0 0
1000 0 0
1000 0 0
1000 0 0
1000 0 0
1000 0 0
1000 0 0
1000 0 0
1000 0 0
1000 0 0
1000 0 0
1000 0 0
1000 0 0
1000 0 0
1000 0 0
1000 0 0
1000 0 0
1000 0 0
1000 0 0
1000 0 0
1000 0 0
1000 0 0
1000 0 0
1000 0 0
1000 0 0
1000 0 0
1000 0 0
1000 0 0
1000 0 0
1000 0 0
1000 0 0
1000 0 0
1000 0 0
1000 0 0
1000 0 0
