995 5 0
994 5 1
992 7 1
990 8 2
990 8 2
988 9 3
987 8 5
983 11 6
979 12 9
972 14 14
968 17 15
964 19 17
960 22 18
955 23 22
953 24 23
949 26 25
946 28 26
944 29 27
937 34 29
930 38 32
926 37 37
919 38 43
914 39 47
911 39 50
906 35 59
901 34 65
896 37 67
888 42 70
884 39 77
872 44 84
867 45 88
853 51 96
848 48 104
844 45 111
838 42 120
830 44 126
830 39 131
823 40 137
818 40 142
815 39 146
809 41 150
809 34 157
809 28 163
808 29 163
807 30 163
802 33 165
797 38 165
799 35 166
789 41 170
781 46 173
771 50 179
762 57 181
753 57 190
754 54 192
747 54 199
735 65 200
733 61 206
728 62 210
723 66 211
717 64 219
718 64 218
703 74 223
697 75 228
689 76 235
683 77 240
679 73 248
680 71 249
685 61 254
686 58 256
689 53 258
683 58 259
680 58 262
682 50 268
678 53 269
665 62 273
659 61 280
655 61 284
654 56 290
648 60 292
643 61 296
646 60 294
644 58 298
637 63 300
637 62 301
635 65 300
634 64 302
632 59 309
623 54 323
617 55 328
611 55 334
602 56 342
607 51 342
606 53 341
599 55 346
594 59 347
598 54 348
599 52 349
597 50 353
599 50 351
599 45 356
603 39 358
601 42 357
602 41 357
604 41 355
602 43 355
607 45 348
607 41 352
603 44 353
606 41 353
607 39 354
612 38 350
609 39 352
613 37 350
614 31 355
610 31 359
604 36 360
607 36 357
609 32 359
612 27 361
617 23 360
624 23 353
633 19 348
633 20 347
640 19 341
646 22 332
647 19 334
650 20 330
652 20 328
654 21 325
654 24 322
654 23 323
658 22 320
659 26 315
660 27 313
664 27 309
663 27 310
660 26 314
661 28 311
663 29 308
664 28 308
665 28 307
660 31 309
662 30 308
665 29 306
665 26 309
667 23 310
670 20 310
668 21 311
670 21 309
669 24 307
669 27 304
670 27 303
674 28 298
672 27 301
674 28 298
677 25 298
678 23 299
675 24 301
679 25 296
685 25 290
689 24 287
692 23 285
690 23 287
691 20 289
692 16 292
699 15 286
700 12 288
708 13 279
709 13 278
711 12 277
712 10 278
718 8 274
726 6 268
728 5 267
733 5 262
738 4 258
745 3 252
751 1 248
755 1 244
759 1 240
760 1 239
768 1 231
770 1 229
779 1 220
781 1 218
785 1 214
789 0 211
791 0 209
793 0 207
794 0 206
799 0 201
800 0 200
804 0 196
808 0 192
812 0 188
813 0 187
813 0 187
815 0 185
816 0 184
820 0 180
823 0 177
827 0 173
830 0 170
835 0 165
838 0 162
842 0 158
844 0 156
846 0 154
847 0 153
851 0 149
854 0 146
858 0 142
864 0 136
866 0 134
870 0 130
872 0 128
873 0 127
876 0 124
878 0 122
879 0 121
879 0 121
883 0 117
885 0 115
889 0 111
891 0 109
893 0 107
895 0 105
899 0 101
900 0 100
900 0 100
903 0 97
905 0 95
909 0 91
911 0 89
913 0 87
914 0 86
916 0 84
918 0 82
920 0 80
920 0 80
922 0 78
922 0 78
922 0 78
924 0 76
925 0 75
927 0 73
929 0 71
929 0 71
931 0 69
931 0 69
932 0 68
932 0 68
932 0 68
933 0 67
933 0 67
934 0 66
935 0 65
935 0 65
940 0 60
940 0 60
942 0 58
943 0 57
945 0 55
945 0 55
946 0 54
946 0 54
946 0 54
948 0 52
948 0 52
949 0 51
949 0 51
950 0 50
952 0 48
952 0 48
954 0 46
955 0 45
957 0 43
957 0 43
958 0 42
958 0 42
959 0 41
961 0 39
961 0 39
961 0 39
962 0 38
964 0 36
964 0 36
965 0 35
965 0 35
966 0 34
966 0 34
966 0 34
966 0 34
967 0 33
968 0 32
968 0 32
968 0 32
970 0 30
970 0 30
970 0 30
970 0 30
970 0 30
972 0 28
973 0 27
974 0 26
974 0 26
974 0 26
974 0 26
975 0 25
975 0 25
975 0 25
977 0 23
977 0 23
977 0 23
978 0 22
978 0 22
978 0 22
978 0 22
979 0 21
979 0 21
980 0 20
980 0 20
980 0 20
981 0 19
981 0 19
981 0 19
982 0 18
982 0 18
982 0 18
982 0 18
982 0 18
982 0 18
982 0 18
982 0 18
982 0 18
982 0 18
982 0 18
982 0 18
982 0 18
983 0 17
983 0 17
983 0 17
983 0 17
984 0 16
984 0 16
984 0 16
984 0 16
985 0 15
985 0 15
985 0 15
986 0 14
986 0 14
986 0 14
988 0 12
988 0 12
988 0 12
988 0 12
988 0 12
988 0 12
988 0 12
988 0 12
988 0 12
988 0 12
988 0 12
988 0 12
988 0 12
988 0 12
989 0 11
989 0 11
990 0 10
990 0 10
990 0 10
990 0 10
990 0 10
990 0 10
990 0 10
990 0 10
991 0 9
991 0 9
991 0 9
991 0 9
991 0 9
991 0 9
991 0 9
991 0 9
991 0 9
991 0 9
991 0 9
991 0 9
991 0 9
991 0 9
991 0 9
991 0 9
992 0 8
992 0 8
992 0 8
992 0 8
994 0 6
994 0 6
994 0 6
994 0 6
994 0 6
994 0 6
994 0 6
994 0 6
994 0 6
994 0 6
994 0 6
994 0 6
994 0 6
994 0 6
994 0 6
994 0 6
994 0 6
995 0 5
995 0 5
995 0 5
996 0 4
996 0 4
996 0 4
996 0 4
996 0 4
996 0 4
996 0 4
996 0 4
996 0 4
996 0 4
996 0 4
996 0 4
996 0 4
996 0 4
996 0 4
996 0 4
996 0 4
996 0 4
997 0 3
997 0 3
997 0 3
997 0 3
997 0 3
997 0 3
997 0 3
997 0 3
997 0 3
997 0 3
997 0 3
997 0 3
997 0 3
997 0 3
997 0 3
997 0 3
997 0 3
997 0 3
997 0 3
997 0 3
997 0 3
997 0 3
997 0 3
997 0 3
997 0 3
997 0 3
997 0 3
997 0 3
997 0 3
997 0 3
997 0 3
997 0 3
997 0 3
997 0 3
997 0 3
997 0 3
997 0 3
997 0 3
997 0 3
997 0 3
997 0 3
997 0 3
997 0 3
997 0 3
997 0 3
997 0 3
997 0 3
997 0 3
997 0 3
997 0 3
997 0 3
997 0 3
997 0 3
997 0 3
997 0 3
997 0 3
997 0 3
997 0 3
997 0 3
997 0 3
997 0 3
997 0 3
997 0 3
997 0 3
997 0 3
997 0 3
997 0 3
997 0 3
997 0 3
997 0 3
997 0 3
998 0 2
998 0 2
998 0 2
998 0 2
998 0 2
998 0 2
998 0 2
998 0 2
998 0 2
998 0 2
998 0 2
998 0 2
998 0 2
998 0 2
998 0 2
998 0 2
998 0 2
998 0 2
998 0 2
998 0 2
998 0 2
998 0 2
998 0 2
998 0 2
998 0 2
999 0 1
999 0 1
999 0 1
999 0 1
999 0 1
999 0 1
999 0 1
999 0 1
999 0 1
999 0 1
999 0 1
999 0 1
999 0 1
999 0 1
999 0 1
999 0 1
999 0 1
999 0 1
999 0 1
999 0 1
999 0 1
999 0 1
999 0 1
999 0 1
999 0 1
999 0 1
999 0 1
999 0 1
999 0 1
999 0 1
999 0 1
999 0 1
999 0 1
999 0 1
999 0 1
999 0 1
999 0 1
999 0 1
999 0 1
999 0 1
999 0 1
999 0 1
999 0 1
999 0 1
999 0 1
999 0 1
999 0 1
999 0 1
999 0 1
999 0 1
999 0 1
999 0 1
999 0 1
999 0 1
999 0 1
999 0 1
999 0 1
999 0 1
999 0 1
999 0 1
999 0 1
999 0 1
999 0 1
999 0 1
999 0 1
999 0 1
1000 0 0
1000 0 0
1000 0 0
1000 0 0
1000 0 0
1000 0 0
1000 0 0
1000 0 0
1000 0 0
1000 0 0
1000 0 0
1000 0 0
1000 0 0
1000 0 0
1000 0 0
1000 0 0
1000 0 0
1000 0 0
1000 0 0
1000 0 0
1000 0 0
1000 0 0
1000 0 0
1000 0 0
1000 0 0
1000 0 0
1000 0 0
1000 0 0
1000 0 0
1000 0 0
1000 0 0
1000 0 0
1000 0 0
1000 0 0
1000 0 0
1000 0 0
1000 0 0
1000 0 0
1000 0 0
1000 0 0
1000 0 0
1000 0 0
1000 0 0
1000 0 0
1000 0 0
1000 0 0
1000 0 0
1000 0 0
1000 0 0
1000 0 0
1000 0 0
1000 0 0
1000 0 0
1000 0 0
1000 0 0
1000 0 0
1000 0 0
1000 0 0
1000 0 0
1000 0 0
1000 0 0
1000 0 0
1000 0 0
1000 0 0
1000 0 0
1000 0 0
1000 0 0
1000 0 0
1000 0 0
1000 0 0
1000 0 0
1000 0 0
1000 0 0
1000 0 0
1000 0 0
1000 0 0
1000 0 0
1000 0 0
1000 0 0
1000 0 0
1000 0 0
1000 0 0
1000 0 0
1000 0 0
1000 0 0
1000 0 0
1000 0 0
1000 0 0
1000 0 0
1000 0 0
1000 0 0
1000 0 0
1000 0 0
1000 0 0
1000 0 0
1000 0 0
1000 0 0
1000 0 0
1000 0 0
1000 0 0
1000 0 0
1000 0 0
1000 0 0
1000 0 0
1000 0 0
1000 0 0
1000 0 0
1000 0 0
1000 0 0
1000 0 0
1000 0 0
1000 0 0
1000 0 0
1000 0 0
1000 0 0
1000 0 0
1000 0 0
1000 0 0
1000 0 0
1000 0 0
1000 0 0
1000 0 0
1000 0 0
1000 0 0
1000 0 0
1000 0 0
1000 0 0
1000 0 0
1000 0 0
1000 0 0
1000 0 0
1000 0 0
1000 0 0
1000 0 0
1000 0 0
1000 0 0
1000 0 0
1000 0 0
1000 0 0
1000 0 0
1000 0 0
1000 0 0
1000 0 0
1000 0 0
1000 0 0
1000 0 0
1000 0 0
1000 0 0
1000 0 0
1000 0 0
1000 0 0
1000 0 0
1000 0 0
1000 0 0
1000 0 0
1000 0 0
1000 0 0
1000 0 0
1000 0 0
1000 0 0
1000 0 0
1000 0 0
1000 0 0
1000 0 0
1000 0 0
1000 0 0
1000 0 0
1000 0 0
1000 0 0
1000 0 0
1000 0 0
1000 0 0
1000 0 0
1000 0 0
1000 0 0
1000 0 0
1000 0 0
1000 0 0
1000 0 0
1000 0 0
1000 0 0
1000 0 0
1000 0 0
1000 0 0
1000 0 0
1000 0 0
1000 0 0
1000 0 0
1000 0 0
1000 0 0
1000 0 0
1000 0 0
1000 0 0
1000 0 0
1000 0 0
1000 0 0
1000 0 0
1000 0 0
1000 0 0
1000 0 0
1000 0 0
1000 0 0
1000 0 0
1000 0 0
1000 0 0
1000 0 0
1000 0 0
1000 0 0
1000 0 0
1000 0 0
1000 0 0
1000 0 0
1000 0 0
1000 0 0
1000 0 0
1000 0 0
1000 0 0
1000 0 0
1000 0 0
1000 0 0
1000 0 0
1000 0 0
1000 0 0
1000 0 0
1000 0 0
1000 0 0
1000 0 0
1000 0 0
1000 0 0
1000 0 0
1000 0 0
1000 0 0
1000 0 0
1000 0 0
1000 0 0
1000 0 0
1000 0 0
1000 0 0
1000 0 0
1000 0 0
1000 0 0
1000 0 0
1000 0 0
1000 0 0
1000 0 0
1000 0 0
1000 0 0
1000 0 0
1000 0 0
1000 0 0
1000 0 0
1000 0 0
1000 0 0
1000 0 0
1000 0 0
1000 0 0
1000 0 0
1000 0 0
1000 0 0
1000 0 0
1000 0 0
1000 0 0
1000 0 0
1000 0 0
1000 0 0
1000 0 0
1000 0 0
1000 0 0
1000 0 0
1000 0 0
1000 0 0
1000 0 0
1000 0 0
1000 0 0
1000 0 0
1000 0 0
1000 0 0
1000 0 0
1000 0 0
1000 0 0
1000 0 0
1000 0 0
1000 0 0
1000 0 0
1000 0 0
1000 0 0
1000 0 0
1000 0 0
1000 0 0
1000 0 0
1000 0 0
1000 0 0
1000 0 0
1000 0 0
1000 0 0
1000 0 0
1000 0 0
1000 0 0
1000 0 0
1000 0 0
1000 0 0
1000 0 0
1000 0 0
1000 0 0
1000 0 0
1000 0 0
1000 0 0
1000 0 0
1000 0 0
1000 0 0
1000 0 0
1000 0 0
1000 0 0
1000 0 0
1000 0 0
1000 0 0
1000 0 0
1000 0 0
1000 0 0
1000 0 0
1000 0 0
1000 0 0
1000 0 0
1000 0 0
1000 0 0
1000 0 0
1000 0 0
1000 0 0
1000 0 0
1000 0 0
1000 0 0
1000 0 0
1000 0 0
1000 0 0
1000 0 0
1000 0 0
1000 0 0
1000 0 0
1000 0 0
1000 0 0
1000 0 0
1000 0 0
1000 0 0
1000 0 0
1000 0 0
1000 0 0
1000 0 0
1000 0 0
1000 0 0
1000 0 0
1000 0 0
1000 0 0
1000 0 0
1000 0 0
1000 0 0
1000 0 0
1000 0 0
1000 0 0
1000 0 0
1000 0 0
1000 0 0
1000 0 0
1000 0 0
1000 0 0
1000 0 0
1000 0 0
1000 0 0
1000 0 0
1000 0 0
1000 0 0
1000 0 0
1000 0 0
1000 0 0
1000 0 0
1000 0 0
1000 0 0
1000 0 0
1000 0 0
1000 0 0
1000 0 0
1000 0 0
1000 0 0
1000 0 0
1000 0 0
1000 0 0
1000 0 0
1000 0 0
1000 0 0
1000 0 0
1000 0 0
1000 0 0
1000 0 0
1000 0 0
1000 0 0
1000 0 0
1000 0 0
1000 0 0
1000 0 0
1000 0 0
1000 0 0
1000 0 0
1000 0 0
1000 0 0
1000 0 0
