995 5 0
991 9 0
990 9 1
989 7 4
988 6 6
986 6 8
983 8 9
978 13 9
976 14 10
973 17 10
967 19 14
962 20 18
960 16 24
960 12 28
960 13 27
959 11 30
958 11 31
956 11 33
953 10 37
950 12 38
946 14 40
945 14 41
941 20 39
940 19 41
933 24 43
928 19 53
927 19 54
917 29 54
914 29 57
912 28 60
905 30 65
897 29 74
892 34 74
887 33 80
882 38 80
876 35 89
869 37 94
862 42 96
855 45 100
844 46 110
838 47 115
823 58 119
817 54 129
809 59 132
801 66 133
790 66 144
782 65 153
775 60 165
769 62 169
760 69 171
753 70 177
747 72 181
742 69 189
736 71 193
726 81 193
712 80 208
701 80 219
698 80 222
690 80 230
690 78 232
676 76 248
664 77 259
656 67 277
643 71 286
641 67 292
633 73 294
633 71 296
631 70 299
632 67 301
629 66 305
627 60 313
628 48 324
628 46 326
629 42 329
632 39 329
631 41 328
631 35 334
632 34 334
630 36 334
634 34 332
638 30 332
644 25 331
645 25 330
645 23 332
647 23 330
653 22 325
655 22 323
655 24 321
653 20 327
654 19 327
655 17 328
661 17 322
663 17 320
670 14 316
670 15 315
672 14 314
676 16 308
683 14 303
686 14 300
685 16 299
689 16 295
688 19 293
685 22 293
683 23 294
687 18 295
690 17 293
694 13 293
695 13 292
696 15 289
697 12 291
701 14 285
704 13 283
707 12 281
713 12 275
721 11 268
724 9 267
725 9 266
727 9 264
731 8 261
734 9 257
735 9 256
737 10 253
739 10 251
740 10 250
741 11 248
745 9 246
748 11 241
751 11 238
751 14 235
753 17 230
754 18 228
757 19 224
760 16 224
763 15 222
762 14 224
769 14 217
771 14 215
771 16 213
773 15 212
773 16 211
777 14 209
777 14 209
775 16 209
777 14 209
774 18 208
772 19 209
772 15 213
772 14 214
775 13 212
779 8 213
779 9 212
781 8 211
785 9 206
787 9 204
788 8 204
789 10 201
794 9 197
796 8 196
797 11 192
799 12 189
802 12 186
802 10 188
802 12 186
804 8 188
804 9 187
807 7 186
807 6 187
809 6 185
809 7 184
809 5 186
812 6 182
815 6 179
817 7 176
822 6 172
821 6 173
824 3 173
823 3 174
826 4 170
828 4 168
831 3 166
833 3 164
835 2 163
838 2 160
840 2 158
841 2 157
841 3 156
840 5 155
839 7 154
842 7 151
847 7 146
848 9 143
847 10 143
850 12 138
847 13 140
849 12 139
849 13 138
848 15 137
850 14 136
849 12 139
849 12 139
848 13 139
851 14 135
845 22 133
840 26 134
839 25 136
831 33 136
818 42 140
813 37 150
803 45 152
795 49 156
788 54 158
785 54 161
770 60 170
764 58 178
755 57 188
744 64 192
741 58 201
734 58 208
732 49 219
722 56 222
720 54 226
717 49 234
715 51 234
704 56 240
693 59 248
693 53 254
686 60 254
685 63 252
682 63 255
679 60 261
677 58 265
672 56 272
670 59 271
665 57 278
659 61 280
655 69 276
650 66 284
646 62 292
645 59 296
639 57 304
638 55 307
634 56 310
628 59 313
624 51 325
619 43 338
615 44 341
614 40 346
614 39 347
617 34 349
615 33 352
617 26 357
618 27 355
621 23 356
623 20 357
631 21 348
630 20 350
630 20 350
637 22 341
643 20 337
642 23 335
648 22 330
651 19 330
649 17 334
653 17 330
656 17 327
656 15 329
657 16 327
658 20 322
660 18 322
663 18 319
661 17 322
662 17 321
667 19 314
669 20 311
671 18 311
675 18 307
678 15 307
679 13 308
680 11 309
682 12 306
684 12 304
685 14 301
686 16 298
689 17 294
692 16 292
697 14 289
705 10 285
706 12 282
711 15 274
717 15 268
716 16 268
716 16 268
719 13 268
720 13 267
724 15 261
725 14 261
724 14 262
724 13 263
726 14 260
724 18 258
724 19 257
724 18 258
728 14 258
733 13 254
736 12 252
734 12 254
734 12 254
733 13 254
735 13 252
734 14 252
732 16 252
733 18 249
738 17 245
742 18 240
741 17 242
743 20 237
740 20 240
737 25 238
740 27 233
743 21 236
743 19 238
741 23 236
738 24 238
741 22 237
742 23 235
741 21 238
745 20 235
743 24 233
742 25 233
744 27 229
748 25 227
743 27 230
745 28 227
742 33 225
736 37 227
738 40 222
735 34 231
728 34 238
728 32 240
724 31 245
720 36 244
721 29 250
721 31 248
721 29 250
718 34 248
719 34 247
721 34 245
720 31 249
720 31 249
720 30 250
721 30 249
721 28 251
725 26 249
721 28 251
718 32 250
720 30 250
714 36 250
713 35 252
714 35 251
714 36 250
714 33 253
713 28 259
710 26 264
712 21 267
712 22 266
713 22 265
718 21 261
722 20 258
722 19 259
720 20 260
723 19 258
724 19 257
722 21 257
723 22 255
727 20 253
725 21 254
723 19 258
722 22 256
720 24 256
724 24 252
726 21 253
725 25 250
724 26 250
730 26 244
732 26 242
735 26 239
736 26 238
740 21 239
741 19 240
740 22 238
745 20 235
745 17 238
744 17 239
747 18 235
749 19 232
748 21 231
746 22 232
751 19 230
750 18 232
751 18 231
750 19 231
749 23 228
744 29 227
744 28 228
740 31 229
740 27 233
742 25 233
746 21 233
749 22 229
749 25 226
748 25 227
746 31 223
744 35 221
744 32 224
743 32 225
745 35 220
744 33 223
744 32 224
741 32 227
739 32 229
736 33 231
731 37 232
730 37 233
727 36 237
722 37 241
721 43 236
725 42 233
723 40 237
716 42 242
704 50 246
700 50 250
694 55 251
689 58 253
675 68 257
664 71 265
656 71 273
655 69 276
646 67 287
644 62 294
646 57 297
636 62 302
635 57 308
633 58 309
636 57 307
635 60 305
631 61 308
635 58 307
632 57 311
630 52 318
629 51 320
627 51 322
622 52 326
623 52 325
622 44 334
619 40 341
621 36 343
625 33 342
624 36 340
622 37 341
620 35 345
623 32 345
622 29 349
625 30 345
628 27 345
632 23 345
637 25 338
640 24 336
647 24 329
650 21 329
655 22 323
656 25 319
656 25 319
658 24 318
659 22 319
662 23 315
662 21 317
664 17 319
667 16 317
671 11 318
682 9 309
685 9 306
690 8 302
693 5 302
699 6 295
702 5 293
705 5 290
705 5 290
707 6 287
710 6 284
718 3 279
724 3 273
728 3 269
735 3 262
739 3 258
740 4 256
742 4 254
745 4 251
747 2 251
753 1 246
756 2 242
759 3 238
762 2 236
764 2 234
767 3 230
770 4 226
773 3 224
776 3 221
782 3 215
785 3 212
787 4 209
794 4 202
798 3 199
803 3 194
805 3 192
806 3 191
807 3 190
809 4 187
812 5 183
810 7 183
809 10 181
810 10 180
811 9 180
813 9 178
812 10 178
812 12 176
814 12 174
814 14 172
815 14 171
818 12 170
822 8 170
822 8 170
822 9 169
821 10 169
825 9 166
823 11 166
824 9 167
828 8 164
831 8 161
833 7 160
837 5 158
840 5 155
842 5 153
844 4 152
844 5 151
845 3 152
847 2 151
849 2 149
850 2 148
850 2 148
850 2 148
857 2 141
859 2 139
860 2 138
862 2 136
867 1 132
870 1 129
872 1 127
875 1 124
876 1 123
877 1 122
879 1 120
880 1 119
882 1 117
884 1 115
885 1 114
885 1 114
888 1 111
889 1 110
891 1 108
891 1 108
893 0 107
894 0 106
896 0 104
896 0 104
896 0 104
896 0 104
897 0 103
897 0 103
903 0 97
903 0 97
903 0 97
905 0 95
907 0 93
907 0 93
909 0 91
909 0 91
910 0 90
911 0 89
911 0 89
913 0 87
917 0 83
917 0 83
918 0 82
918 0 82
918 0 82
918 0 82
918 0 82
920 0 80
923 0 77
925 0 75
927 0 73
929 0 71
929 0 71
929 0 71
932 0 68
933 0 67
933 0 67
933 0 67
933 0 67
933 0 67
934 0 66
936 0 64
937 0 63
938 0 62
939 0 61
940 0 60
940 0 60
942 0 58
942 0 58
942 0 58
942 0 58
942 0 58
942 0 58
942 0 58
942 0 58
944 0 56
946 0 54
947 0 53
947 0 53
948 0 52
949 0 51
950 0 50
950 0 50
950 0 50
951 0 49
951 0 49
951 0 49
951 0 49
951 0 49
952 0 48
953 0 47
954 0 46
954 0 46
954 0 46
955 0 45
957 0 43
957 0 43
957 0 43
957 0 43
958 0 42
960 0 40
960 0 40
961 0 39
961 0 39
961 0 39
961 0 39
961 0 39
961 0 39
961 0 39
962 0 38
962 0 38
962 0 38
963 0 37
965 0 35
965 0 35
965 0 35
965 0 35
965 0 35
965 0 35
965 0 35
965 0 35
966 0 34
966 0 34
966 0 34
966 0 34
967 0 33
969 0 31
969 0 31
970 0 30
972 0 28
972 0 28
972 0 28
973 0 27
975 0 25
976 0 24
976 0 24
976 0 24
977 0 23
977 0 23
977 0 23
977 0 23
978 0 22
978 0 22
978 0 22
979 0 21
979 0 21
979 0 21
979 0 21
980 0 20
980 0 20
980 0 20
980 0 20
981 0 19
981 0 19
981 0 19
982 0 18
983 0 17
983 0 17
983 0 17
984 0 16
985 0 15
985 0 15
985 0 15
985 0 15
985 0 15
985 0 15
985 0 15
985 0 15
985 0 15
985 0 15
985 0 15
985 0 15
985 0 15
985 0 15
985 0 15
985 0 15
985 0 15
985 0 15
986 0 14
986 0 14
986 0 14
986 0 14
986 0 14
986 0 14
986 0 14
986 0 14
986 0 14
987 0 13
987 0 13
987 0 13
987 0 13
987 0 13
987 0 13
987 0 13
987 0 13
988 0 12
988 0 12
988 0 12
988 0 12
988 0 12
988 0 12
988 0 12
988 0 12
989 0 11
989 0 11
990 0 10
990 0 10
990 0 10
990 0 10
990 0 10
991 0 9
991 0 9
991 0 9
991 0 9
991 0 9
991 0 9
991 0 9
991 0 9
991 0 9
991 0 9
991 0 9
991 0 9
991 0 9
991 0 9
991 0 9
991 0 9
992 0 8
992 0 8
992 0 8
992 0 8
992 0 8
992 0 8
992 0 8
993 0 7
993 0 7
993 0 7
993 0 7
993 0 7
993 0 7
993 0 7
993 0 7
993 0 7
994 0 6
994 0 6
994 0 6
995 0 5
996 0 4
996 0 4
996 0 4
996 0 4
996 0 4
996 0 4
996 0 4
996 0 4
996 0 4
996 0 4
997 0 3
997 0 3
997 0 3
997 0 3
997 0 3
997 0 3
997 0 3
997 0 3
997 0 3
997 0 3
997 0 3
997 0 3
997 0 3
997 0 3
997 0 3
997 0 3
997 0 3
997 0 3
997 0 3
997 0 3
997 0 3
997 0 3
997 0 3
997 0 3
997 0 3
997 0 3
997 0 3
997 0 3
997 0 3
997 0 3
997 0 3
997 0 3
997 0 3
997 0 3
997 0 3
997 0 3
997 0 3
997 0 3
997 0 3
997 0 3
997 0 3
997 0 3
997 0 3
997 0 3
997 0 3
997 0 3
997 0 3
997 0 3
997 0 3
997 0 3
997 0 3
997 0 3
997 0 3
997 0 3
997 0 3
997 0 3
997 0 3
997 0 3
997 0 3
997 0 3
997 0 3
997 0 3
997 0 3
997 0 3
997 0 3
997 0 3
997 0 3
997 0 3
997 0 3
997 0 3
997 0 3
997 0 3
997 0 3
997 0 3
997 0 3
997 0 3
997 0 3
997 0 3
997 0 3
997 0 3
997 0 3
997 0 3
997 0 3
997 0 3
997 0 3
997 0 3
997 0 3
997 0 3
997 0 3
997 0 3
997 0 3
997 0 3
997 0 3
997 0 3
997 0 3
997 0 3
997 0 3
997 0 3
997 0 3
997 0 3
997 0 3
997 0 3
997 0 3
997 0 3
997 0 3
997 0 3
998 0 2
998 0 2
998 0 2
998 0 2
998 0 2
998 0 2
998 0 2
998 0 2
998 0 2
998 0 2
998 0 2
998 0 2
998 0 2
998 0 2
998 0 2
998 0 2
998 0 2
998 0 2
998 0 2
998 0 2
998 0 2
998 0 2
998 0 2
998 0 2
998 0 2
998 0 2
999 0 1
1000 0 0
1000 0 0
1000 0 0
1000 0 0
1000 0 0
1000 0 0
1000 0 0
1000 0 0
1000 0 0
1000 0 0
1000 0 0
1000 0 0
1000 0 0
1000 0 0
1000 0 0
1000 0 0
1000 0 0
1000 0 0
1000 0 0
1000 0 0
1000 0 0
1000 0 0
1000 0 0
1000 0 0
1000 0 0
1000 0 0
1000 0 0
1000 0 0
1000 0 0
1000 0 0
1000 0 0
1000 0 0
1000 0 0
1000 0 0
1000 0 0
1000 0 0
1000 0 0
1000 0 0
1000 0 0
1000 0 0
1000 0 0
1000 0 0
1000 0 0
1000 0 0
1000 0 0
1000 0 0
1000 0 0
1000 0 0
1000 0 0
1000 0 0
1000 0 0
1000 0 0
1000 0 0
1000 0 0
1000 0 0
1000 0 0
1000 0 0
1000 0 0
1000 0 0
1000 0 0
1000 0 0
1000 0 0
