995 5 0
995 5 0
994 6 0
993 6 1
993 5 2
993 5 2
993 3 4
992 4 4
990 4 6
989 4 7
988 5 7
988 5 7
988 5 7
988 5 7
987 3 10
987 3 10
988 3 9
984 7 9
978 12 10
969 20 11
960 24 16
951 30 19
941 36 23
926 42 32
898 64 38
869 80 51
838 97 65
811 112 77
778 125 97
745 147 108
716 156 128
686 154 160
664 161 175
638 165 197
616 171 213
600 169 231
585 161 254
563 151 286
555 145 300
534 140 326
527 130 343
522 125 353
518 116 366
515 112 373
503 117 380
492 115 393
495 102 403
486 101 413
482 95 423
481 87 432
477 78 445
471 77 452
471 68 461
478 61 461
484 54 462
486 50 464
488 50 462
495 44 461
496 42 462
500 45 455
505 41 454
516 35 449
522 32 446
532 23 445
541 20 439
543 19 438
548 17 435
555 14 431
557 15 428
564 16 420
569 14 417
578 11 411
590 9 401
594 10 396
596 10 394
603 9 388
607 10 383
613 7 380
614 8 378
621 9 370
626 9 365
628 13 359
632 12 356
640 7 353
649 6 345
653 6 341
656 6 338
661 6 333
665 5 330
673 6 321
678 5 317
682 6 312
685 7 308
684 7 309
684 8 308
683 11 306
691 11 298
693 13 294
694 13 293
699 14 287
698 17 285
695 20 285
690 23 287
678 35 287
672 40 288
673 36 291
672 37 291
670 40 290
672 36 292
664 38 298
662 42 296
660 36 304
661 34 305
662 29 309
660 34 306
660 33 307
659 26 315
655 30 315
654 25 321
657 22 321
658 18 324
664 20 316
667 22 311
665 23 312
664 25 311
672 22 306
673 23 304
668 23 309
664 23 313
664 25 311
664 28 308
667 26 307
669 29 302
670 29 301
676 23 301
682 22 296
677 24 299
681 22 297
685 20 295
687 19 294
688 19 293
691 15 294
692 13 295
691 12 297
701 10 289
704 11 285
707 11 282
713 10 277
718 9 273
724 10 266
725 12 263
722 17 261
718 19 263
722 18 260
719 20 261
720 20 260
714 28 258
714 29 257
713 28 259
716 31 253
715 31 254
711 30 259
708 31 261
706 32 262
706 28 266
713 26 261
711 27 262
711 31 258
709 33 258
708 29 263
705 32 263
700 36 264
702 36 262
700 38 262
696 42 262
693 43 264
685 46 269
679 50 271
668 59 273
662 63 275
657 65 278
645 75 280
634 79 287
626 75 299
622 68 310
621 64 315
616 68 316
615 64 321
611 64 325
615 55 330
613 51 336
612 47 341
619 44 337
620 41 339
620 44 336
625 39 336
629 33 338
629 28 343
631 26 343
634 23 343
637 20 343
638 17 345
642 18 340
646 14 340
653 12 335
659 12 329
662 12 326
665 12 323
674 10 316
678 11 311
680 12 308
682 11 307
686 10 304
689 8 303
692 10 298
693 10 297
693 9 298
697 10 293
701 11 288
705 8 287
711 4 285
714 3 283
718 2 280
722 0 278
725 0 275
731 0 269
735 0 265
744 0 256
748 0 252
759 0 241
761 0 239
766 0 234
770 0 230
773 0 227
775 0 225
779 0 221
781 0 219
783 0 217
785 0 215
793 0 207
794 0 206
800 0 200
804 0 196
806 0 194
808 0 192
810 0 190
814 0 186
817 0 183
819 0 181
823 0 177
829 0 171
833 0 167
835 0 165
839 0 161
843 0 157
850 0 150
851 0 149
853 0 147
854 0 146
855 0 145
859 0 141
861 0 139
864 0 136
866 0 134
868 0 132
870 0 130
872 0 128
873 0 127
877 0 123
879 0 121
880 0 120
884 0 116
885 0 115
888 0 112
894 0 106
894 0 106
894 0 106
895 0 105
896 0 104
900 0 100
900 0 100
902 0 98
908 0 92
909 0 91
909 0 91
911 0 89
911 0 89
911 0 89
913 0 87
915 0 85
918 0 82
922 0 78
926 0 74
927 0 73
930 0 70
933 0 67
936 0 64
936 0 64
938 0 62
938 0 62
939 0 61
941 0 59
941 0 59
942 0 58
944 0 56
945 0 55
946 0 54
946 0 54
946 0 54
947 0 53
947 0 53
947 0 53
947 0 53
948 0 52
948 0 52
950 0 50
951 0 49
951 0 49
952 0 48
953 0 47
953 0 47
953 0 47
953 0 47
954 0 46
954 0 46
954 0 46
954 0 46
954 0 46
955 0 45
955 0 45
956 0 44
957 0 43
957 0 43
957 0 43
958 0 42
961 0 39
961 0 39
962 0 38
962 0 38
963 0 37
963 0 37
963 0 37
965 0 35
965 0 35
966 0 34
966 0 34
966 0 34
967 0 33
968 0 32
968 0 32
969 0 31
969 0 31
969 0 31
969 0 31
969 0 31
969 0 31
969 0 31
970 0 30
971 0 29
971 0 29
971 0 29
972 0 28
973 0 27
973 0 27
973 0 27
973 0 27
974 0 26
974 0 26
975 0 25
976 0 24
977 0 23
978 0 22
978 0 22
978 0 22
980 0 20
981 0 19
982 0 18
982 0 18
983 0 17
984 0 16
984 0 16
984 0 16
984 0 16
984 0 16
984 0 16
984 0 16
984 0 16
985 0 15
985 0 15
985 0 15
985 0 15
985 0 15
985 0 15
985 0 15
985 0 15
985 0 15
985 0 15
986 0 14
986 0 14
986 0 14
986 0 14
986 0 14
987 0 13
987 0 13
987 0 13
987 0 13
987 0 13
987 0 13
987 0 13
988 0 12
988 0 12
988 0 12
988 0 12
988 0 12
988 0 12
988 0 12
989 0 11
989 0 11
989 0 11
989 0 11
989 0 11
991 0 9
992 0 8
993 0 7
993 0 7
993 0 7
993 0 7
993 0 7
993 0 7
993 0 7
993 0 7
993 0 7
993 0 7
993 0 7
993 0 7
993 0 7
993 0 7
993 0 7
993 0 7
993 0 7
993 0 7
993 0 7
993 0 7
993 0 7
993 0 7
993 0 7
993 0 7
993 0 7
993 0 7
993 0 7
993 0 7
993 0 7
993 0 7
993 0 7
993 0 7
993 0 7
993 0 7
993 0 7
994 0 6
995 0 5
995 0 5
995 0 5
995 0 5
996 0 4
996 0 4
996 0 4
996 0 4
996 0 4
996 0 4
996 0 4
996 0 4
996 0 4
996 0 4
996 0 4
996 0 4
996 0 4
996 0 4
996 0 4
996 0 4
996 0 4
996 0 4
996 0 4
996 0 4
996 0 4
996 0 4
996 0 4
996 0 4
996 0 4
996 0 4
996 0 4
996 0 4
996 0 4
996 0 4
996 0 4
996 0 4
996 0 4
996 0 4
996 0 4
996 0 4
996 0 4
996 0 4
996 0 4
996 0 4
996 0 4
996 0 4
996 0 4
996 0 4
996 0 4
996 0 4
996 0 4
996 0 4
996 0 4
996 0 4
996 0 4
996 0 4
996 0 4
996 0 4
996 0 4
996 0 4
996 0 4
996 0 4
996 0 4
996 0 4
996 0 4
996 0 4
996 0 4
996 0 4
996 0 4
996 0 4
996 0 4
996 0 4
996 0 4
996 0 4
996 0 4
996 0 4
996 0 4
996 0 4
996 0 4
996 0 4
996 0 4
997 0 3
998 0 2
998 0 2
998 0 2
998 0 2
998 0 2
998 0 2
998 0 2
998 0 2
998 0 2
998 0 2
998 0 2
998 0 2
998 0 2
998 0 2
998 0 2
998 0 2
998 0 2
998 0 2
998 0 2
998 0 2
998 0 2
998 0 2
999 0 1
999 0 1
999 0 1
999 0 1
999 0 1
999 0 1
999 0 1
999 0 1
999 0 1
999 0 1
999 0 1
999 0 1
999 0 1
999 0 1
999 0 1
1000 0 0
1000 0 0
1000 0 0
1000 0 0
1000 0 0
1000 0 0
1000 0 0
1000 0 0
1000 0 0
1000 0 0
1000 0 0
1000 0 0
1000 0 0
1000 0 0
1000 0 0
1000 0 0
1000 0 0
1000 0 0
1000 0 0
1000 0 0
1000 0 0
1000 0 0
1000 0 0
1000 0 0
1000 0 0
1000 0 0
1000 0 0
1000 0 0
1000 0 0
1000 0 0
1000 0 0
1000 0 0
1000 0 0
1000 0 0
1000 0 0
1000 0 0
1000 0 0
1000 0 0
1000 0 0
1000 0 0
1000 0 0
1000 0 0
1000 0 0
1000 0 0
1000 0 0
1000 0 0
1000 0 0
1000 0 0
1000 0 0
1000 0 0
1000 0 0
1000 0 0
1000 0 0
1000 0 0
1000 0 0
1000 0 0
1000 0 0
1000 0 0
1000 0 0
1000 0 0
1000 0 0
1000 0 0
1000 0 0
1000 0 0
1000 0 0
1000 0 0
1000 0 0
1000 0 0
1000 0 0
1000 0 0
1000 0 0
1000 0 0
1000 0 0
1000 0 0
1000 0 0
1000 0 0
1000 0 0
1000 0 0
1000 0 0
1000 0 0
1000 0 0
1000 0 0
1000 0 0
1000 0 0
1000 0 0
1000 0 0
1000 0 0
1000 0 0
1000 0 0
1000 0 0
1000 0 0
1000 0 0
1000 0 0
1000 0 0
1000 0 0
1000 0 0
1000 0 0
1000 0 0
1000 0 0
1000 0 0
1000 0 0
1000 0 0
1000 0 0
1000 0 0
1000 0 0
1000 0 0
1000 0 0
1000 0 0
1000 0 0
1000 0 0
1000 0 0
1000 0 0
1000 0 0
1000 0 0
1000 0 0
1000 0 0
1000 0 0
1000 0 0
1000 0 0
1000 0 0
1000 0 0
1000 0 0
1000 0 0
1000 0 0
1000 0 0
1000 0 0
1000 0 0
1000 0 0
1000 0 0
1000 0 0
1000 0 0
1000 0 0
1000 0 0
1000 0 0
1000 0 0
1000 0 0
1000 0 0
1000 0 0
1000 0 0
1000 0 0
1000 0 0
1000 0 0
1000 0 0
1000 0 0
1000 0 0
1000 0 0
1000 0 0
1000 0 0
1000 0 0
1000 0 0
1000 0 0
1000 0 0
1000 0 0
1000 0 0
1000 0 0
1000 0 0
1000 0 0
1000 0 0
1000 0 0
1000 0 0
1000 0 0
1000 0 0
1000 0 0
1000 0 0
1000 0 0
1000 0 0
1000 0 0
1000 0 0
1000 0 0
1000 0 0
1000 0 0
1000 0 0
1000 0 0
1000 0 0
1000 0 0
1000 0 0
1000 0 0
1000 0 0
1000 0 0
1000 0 0
1000 0 0
1000 0 0
1000 0 0
1000 0 0
1000 0 0
1000 0 0
1000 0 0
1000 0 0
1000 0 0
1000 0 0
1000 0 0
1000 0 0
1000 0 0
1000 0 0
1000 0 0
1000 0 0
1000 0 0
1000 0 0
1000 0 0
1000 0 0
1000 0 0
1000 0 0
1000 0 0
1000 0 0
1000 0 0
1000 0 0
1000 0 0
1000 0 0
1000 0 0
1000 0 0
1000 0 0
1000 0 0
1000 0 0
1000 0 0
1000 0 0
1000 0 0
1000 0 0
1000 0 0
1000 0 0
1000 0 0
1000 0 0
1000 0 0
1000 0 0
1000 0 0
1000 0 0
1000 0 0
1000 0 0
1000 0 0
1000 0 0
1000 0 0
1000 0 0
1000 0 0
1000 0 0
1000 0 0
1000 0 0
1000 0 0
1000 0 0
1000 0 0
1000 0 0
1000 0 0
1000 0 0
1000 0 0
1000 0 0
1000 0 0
1000 0 0
1000 0 0
1000 0 0
1000 0 0
1000 0 0
1000 0 0
1000 0 0
1000 0 0
1000 0 0
1000 0 0
1000 0 0
1000 0 0
1000 0 0
1000 0 0
1000 0 0
1000 0 0
1000 0 0
1000 0 0
1000 0 0
1000 0 0
1000 0 0
1000 0 0
1000 0 0
1000 0 0
1000 0 0
1000 0 0
1000 0 0
1000 0 0
1000 0 0
1000 0 0
1000 0 0
1000 0 0
1000 0 0
1000 0 0
1000 0 0
1000 0 0
1000 0 0
1000 0 0
1000 0 0
1000 0 0
1000 0 0
1000 0 0
1000 0 0
1000 0 0
1000 0 0
1000 0 0
1000 0 0
1000 0 0
1000 0 0
1000 0 0
1000 0 0
1000 0 0
1000 0 0
1000 0 0
1000 0 0
1000 0 0
1000 0 0
1000 0 0
1000 0 0
1000 0 0
1000 0 0
1000 0 0
1000 0 0
1000 0 0
1000 0 0
1000 0 0
1000 0 0
1000 0 0
1000 0 0
1000 0 0
1000 0 0
1000 0 0
1000 0 0
1000 0 0
1000 0 0
1000 0 0
1000 0 0
1000 0 0
1000 0 0
1000 0 0
1000 0 0
1000 0 0
1000 0 0
1000 0 0
1000 0 0
1000 0 0
1000 0 0
1000 0 0
1000 0 0
1000 0 0
1000 0 0
1000 0 0
1000 0 0
1000 0 0
1000 0 0
1000 0 0
1000 0 0
1000 0 0
1000 0 0
1000 0 0
1000 0 0
1000 0 0
1000 0 0
1000 0 0
1000 0 0
1000 0 0
1000 0 0
1000 0 0
1000 0 0
1000 0 0
1000 0 0
1000 0 0
1000 0 0
1000 0 0
1000 0 0
1000 0 0
1000 0 0
1000 0 0
1000 0 0
1000 0 0
1000 0 0
1000 0 0
1000 0 0
1000 0 0
1000 0 0
1000 0 0
1000 0 0
1000 0 0
1000 0 0
1000 0 0
1000 0 0
1000 0 0
1000 0 0
1000 0 0
1000 0 0
1000 0 0
1000 0 0
1000 0 0
1000 0 0
1000 0 0
1000 0 0
1000 0 0
1000 0 0
1000 0 0
1000 0 0
1000 0 0
1000 0 0
1000 0 0
1000 0 0
1000 0 0
1000 0 0
1000 0 0
1000 0 0
1000 0 0
1000 0 0
1000 0 0
1000 0 0
1000 0 0
1000 0 0
1000 0 0
1000 0 0
1000 0 0
1000 0 0
1000 0 0
1000 0 0
1000 0 0
1000 0 0
1000 0 0
1000 0 0
1000 0 0
1000 0 0
1000 0 0
1000 0 0
1000 0 0
1000 0 0
1000 0 0
1000 0 0
1000 0 0
1000 0 0
