1000 0 0
1000 0 0
1000 0 0
1000 0 0
1000 0 0
1000 0 0
1000 0 0
1000 0 0
996 4 0
991 8 1
987 12 1
980 13 7
974 17 9
966 20 14
962 22 16
957 24 19
943 36 21
932 35 33
921 42 37
912 47 41
899 50 51
875 66 59
839 92 69
808 111 81
780 123 97
753 127 120
726 137 137
693 152 155
677 145 178
659 140 201
646 135 219
625 135 240
614 130 256
607 127 266
596 114 290
579 119 302
567 116 317
552 116 332
549 108 343
539 106 355
533 95 372
530 89 381
529 83 388
532 77 391
530 68 402
532 62 406
534 55 411
534 56 410
536 52 412
538 49 413
541 47 412
543 42 415
548 37 415
549 33 418
554 27 419
560 24 416
559 22 419
558 25 417
563 23 414
567 22 411
573 22 405
573 23 404
577 23 400
581 22 397
585 19 396
592 19 389
597 17 386
599 16 385
604 12 384
608 10 382
613 9 378
614 13 373
622 15 363
623 15 362
623 14 363
624 18 358
626 14 360
634 12 354
636 13 351
637 14 349
640 16 344
640 18 342
642 18 340
646 20 334
647 23 330
643 27 330
646 24 330
647 25 328
649 26 325
651 21 328
652 20 328
651 28 321
660 25 315
663 19 318
663 24 313
667 22 311
667 21 312
671 16 313
674 15 311
677 18 305
684 14 302
689 16 295
692 14 294
697 15 288
700 16 284
702 14 284
704 14 282
707 12 281
709 12 279
705 17 278
703 16 281
703 18 279
707 16 277
711 16 273
703 23 274
704 23 273
697 34 269
700 34 266
693 42 265
682 53 265
674 57 269
653 74 273
639 70 291
632 69 299
625 67 308
613 66 321
609 64 327
608 57 335
605 55 340
609 53 338
608 56 336
603 50 347
594 52 354
596 54 350
599 53 348
603 47 350
606 40 354
601 43 356
596 45 359
596 40 364
596 39 365
597 37 366
598 37 365
600 34 366
601 34 365
604 30 366
610 28 362
611 26 363
616 25 359
618 23 359
621 22 357
631 23 346
635 21 344
634 20 346
636 16 348
640 16 344
644 14 342
652 16 332
657 14 329
659 12 329
665 10 325
668 9 323
666 14 320
675 13 312
677 12 311
683 12 305
690 10 300
693 11 296
700 12 288
705 15 280
697 25 278
699 28 273
698 30 272
699 33 268
703 28 269
702 27 271
703 27 270
704 25 271
702 28 270
707 24 269
710 26 264
706 29 265
709 26 265
708 26 266
707 28 265
707 28 265
711 22 267
711 21 268
711 21 268
711 21 268
714 19 267
717 19 264
724 12 264
724 14 262
725 11 264
728 8 264
733 8 259
732 7 261
736 8 256
736 8 256
740 7 253
742 6 252
744 7 249
744 7 249
743 6 251
743 8 249
747 10 243
753 8 239
757 7 236
758 11 231
758 11 231
758 10 232
762 9 229
764 7 229
767 6 227
775 5 220
771 10 219
772 10 218
774 14 212
774 14 212
774 9 217
779 12 209
778 12 210
777 13 210
777 16 207
778 14 208
778 14 208
777 14 209
781 13 206
784 13 203
784 13 203
786 14 200
783 18 199
784 19 197
782 18 200
775 28 197
762 36 202
757 41 202
747 42 211
743 41 216
736 47 217
730 48 222
726 52 222
723 52 225
721 54 225
713 58 229
713 50 237
711 45 244
703 49 248
699 52 249
690 57 253
689 59 252
675 68 257
667 77 256
662 78 260
650 86 264
643 87 270
637 88 275
633 85 282
627 87 286
628 80 292
619 81 300
619 76 305
608 79 313
607 75 318
600 79 321
598 76 326
598 68 334
594 63 343
600 59 341
601 55 344
606 55 339
611 55 334
609 56 335
615 47 338
613 44 343
620 40 340
617 40 343
612 40 348
609 41 350
608 38 354
606 41 353
607 40 353
612 36 352
612 38 350
609 47 344
604 48 348
592 59 349
587 67 346
580 68 352
571 72 357
563 74 363
554 74 372
550 75 375
538 77 385
532 77 391
522 74 404
524 72 404
531 71 398
527 71 402
519 70 411
513 72 415
513 75 412
515 72 413
511 63 426
510 59 431
502 61 437
499 66 435
500 61 439
503 52 445
504 53 443
508 59 433
511 52 437
519 48 433
522 46 432
522 45 433
528 43 429
526 42 432
527 42 431
534 40 426
535 41 424
548 30 422
552 23 425
558 20 422
570 19 411
575 21 404
581 18 401
586 18 396
588 20 392
592 20 388
593 21 386
599 20 381
599 26 375
598 29 373
600 27 373
604 27 369
608 24 368
608 28 364
614 24 362
622 22 356
620 29 351
620 31 349
623 28 349
622 31 347
626 31 343
628 30 342
631 30 339
630 33 337
634 33 333
634 32 334
632 31 337
625 37 338
622 43 335
620 44 336
617 43 340
623 37 340
626 39 335
624 41 335
623 45 332
626 45 329
626 45 329
631 35 334
635 33 332
637 29 334
642 29 329
640 29 331
640 30 330
639 29 332
638 27 335
637 31 332
637 33 330
642 33 325
644 33 323
643 36 321
646 38 316
641 46 313
644 50 306
641 52 307
640 49 311
634 51 315
638 47 315
631 51 318
631 47 322
628 44 328
622 48 330
615 52 333
613 47 340
613 48 339
611 50 339
615 42 343
614 40 346
614 42 344
609 47 344
609 49 342
603 47 350
608 42 350
609 38 353
621 33 346
622 37 341
620 37 343
623 38 339
626 37 337
630 33 337
627 34 339
625 36 339
633 35 332
632 36 332
628 38 334
624 41 335
616 48 336
616 52 332
614 54 332
614 58 328
606 61 333
598 65 337
592 60 348
590 55 355
587 55 358
584 52 364
587 50 363
592 45 363
596 44 360
594 46 360
594 39 367
599 34 367
601 34 365
604 34 362
609 35 356
615 29 356
620 24 356
622 27 351
626 26 348
628 24 348
633 25 342
635 20 345
640 18 342
641 18 341
639 25 336
639 29 332
639 33 328
633 37 330
616 48 336
617 50 333
612 52 336
605 52 343
607 53 340
601 62 337
606 53 341
605 44 351
599 49 352
602 44 354
607 42 351
597 53 350
596 52 352
592 47 361
591 40 369
596 36 368
605 30 365
606 30 364
608 32 360
615 26 359
619 25 356
625 21 354
635 20 345
632 25 343
639 26 335
642 26 332
648 25 327
652 26 322
655 27 318
656 27 317
660 24 316
654 29 317
654 28 318
651 31 318
652 27 321
653 24 323
657 24 319
664 25 311
663 22 315
668 22 310
673 24 303
680 22 298
681 24 295
676 27 297
676 28 296
675 29 296
675 29 296
679 30 291
682 30 288
681 30 289
678 35 287
673 39 288
676 38 286
671 43 286
671 43 286
662 49 289
663 47 290
652 51 297
650 51 299
647 49 304
644 48 308
648 42 310
646 48 306
644 52 304
643 53 304
631 59 310
620 59 321
615 65 320
610 56 334
609 53 338
608 54 338
606 56 338
610 50 340
607 46 347
614 43 343
611 44 345
606 46 348
605 46 349
600 46 354
595 50 355
585 53 362
582 55 363
576 57 367
563 61 376
561 64 375
559 62 379
551 58 391
547 58 395
549 57 394
539 60 401
539 57 404
542 57 401
538 56 406
540 50 410
544 43 413
547 39 414
555 39 406
558 43 399
559 42 399
557 45 398
554 44 402
554 49 397
548 52 400
550 52 398
555 46 399
557 40 403
557 40 403
558 38 404
561 39 400
561 33 406
561 33 406
560 32 408
560 35 405
562 36 402
565 32 403
567 31 402
566 28 406
569 28 403
570 31 399
575 28 397
576 29 395
581 25 394
590 23 387
592 23 385
594 21 385
601 20 379
606 24 370
615 17 368
621 13 366
626 12 362
634 9 357
637 9 354
637 10 353
640 9 351
638 13 349
641 15 344
645 12 343
652 12 336
660 10 330
666 7 327
668 6 326
673 5 322
675 5 320
680 5 315
688 4 308
692 7 301
693 9 298
694 10 296
692 12 296
697 13 290
697 9 294
706 10 284
711 10 279
716 8 276
723 7 270
721 11 268
721 13 266
727 13 260
732 10 258
733 15 252
736 16 248
734 22 244
734 22 244
735 18 247
728 24 248
732 18 250
730 16 254
731 18 251
736 16 248
737 13 250
736 14 250
725 25 250
723 24 253
716 27 257
718 24 258
718 27 255
719 27 254
714 29 257
712 24 264
718 26 256
718 27 255
719 31 250
713 36 251
712 36 252
708 37 255
693 47 260
682 55 263
680 55 265
667 65 268
657 66 277
656 61 283
645 66 289
640 65 295
639 60 301
634 58 308
634 52 314
635 50 315
636 46 318
628 50 322
626 47 327
622 49 329
622 47 331
621 45 334
625 41 334
631 35 334
633 34 333
636 31 333
631 30 339
630 26 344
629 30 341
632 24 344
631 26 343
633 22 345
638 20 342
644 19 337
646 20 334
649 17 334
652 19 329
656 20 324
656 22 322
661 23 316
666 25 309
668 29 303
675 26 299
673 26 301
672 26 302
668 33 299
667 32 301
668 29 303
670 27 303
668 30 302
670 29 301
667 25 308
666 28 306
674 28 298
672 29 299
664 36 300
658 46 296
655 52 293
653 46 301
650 48 302
649 51 300
639 65 296
619 80 301
611 87 302
600 93 307
594 84 322
581 90 329
574 88 338
568 80 352
567 79 354
560 78 362
552 76 372
551 66 383
546 64 390
549 63 388
549 64 387
544 66 390
542 62 396
545 57 398
544 57 399
553 53 394
556 44 400
557 44 399
555 42 403
556 37 407
557 34 409
568 36 396
572 34 394
577 27 396
584 26 390
589 26 385
592 28 380
597 29 374
599 31 370
604 33 363
609 32 359
611 32 357
604 31 365
601 31 368
602 32 366
610 30 360
610 32 358
611 33 356
610 35 355
613 37 350
613 33 354
609 37 354
609 35 356
607 33 360
607 34 359
608 29 363
608 26 366
611 24 365
616 25 359
617 25 358
618 28 354
619 29 352
621 24 355
626 23 351
632 24 344
633 26 341
635 29 336
640 26 334
640 24 336
639 21 340
640 23 337
639 28 333
643 27 330
638 28 334
638 24 338
641 20 339
641 24 335
646 22 332
647 27 326
648 26 326
649 23 328
650 23 327
650 22 328
651 25 324
653 25 322
654 26 320
657 24 319
661 25 314
662 28 310
665 26 309
667 23 310
663 26 311
660 28 312
659 29 312
663 26 311
670 22 308
671 26 303
668 28 304
671 21 308
680 21 299
684 21 295
683 26 291
685 26 289
688 26 286
685 27 288
690 24 286
694 20 286
697 19 284
700 20 280
704 21 275
706 20 274
708 17 275
706 24 270
709 25 266
706 27 267
703 32 265
703 28 269
703 27 270
695 28 277
698 27 275
703 25 272
708 23 269
715 21 264
711 23 266
707 29 264
707 23 270
711 24 265
705 31 264
703 35 262
688 48 264
686 50 264
680 54 266
675 54 271
671 48 281
668 50 282
662 53 285
661 54 285
660 55 285
651 60 289
648 64 288
646 65 289
641 65 294
641 62 297
646 59 295
637 61 302
629 67 304
623 64 313
611 70 319
603 72 325
602 71 327
596 70 334
591 66 343
588 60 352
586 52 362
588 45 367
590 42 368
593 38 369
596 33 371
594 30 376
597 26 377
601 26 373
607 22 371
605 26 369
605 20 375
612 23 365
616 24 360
626 23 351
628 29 343
626 26 348
627 26 347
628 25 347
627 26 347
631 27 342
625 30 345
626 26 348
628 25 347
631 24 345
634 22 344
638 20 342
641 17 342
645 16 339
650 13 337
651 12 337
653 12 335
659 11 330
659 11 330
662 9 329
663 11 326
668 7 325
672 5 323
680 5 315
682 5 313
685 5 310
689 6 305
693 5 302
695 5 300
693 10 297
698 7 295
699 9 292
706 8 286
707 11 282
713 9 278
717 5 278
721 6 273
722 7 271
725 7 268
726 5 269
726 7 267
727 10 263
731 11 258
734 12 254
737 13 250
734 14 252
736 14 250
728 22 250
724 23 253
718 29 253
720 23 257
715 32 253
713 33 254
711 36 253
708 38 254
698 47 255
694 45 261
697 38 265
690 46 264
685 50 265
672 57 271
669 54 277
666 55 279
651 63 286
657 53 290
651 55 294
649 53 298
648 49 303
649 52 299
646 51 303
638 57 305
634 62 304
626 67 307
622 68 310
612 75 313
614 69 317
611 66 323
611 60 329
602 66 332
593 69 338
590 64 346
591 63 346
587 55 358
587 47 366
587 42 371
586 39 375
595 32 373
602 30 368
610 27 363
612 23 365
616 22 362
619 18 363
624 19 357
632 13 355
633 10 357
630 17 353
633 19 348
630 24 346
622 32 346
622 30 348
630 27 343
635 26 339
638 27 335
641 23 336
645 20 335
648 15 337
652 12 336
652 11 337
656 11 333
660 11 329
664 14 322
665 11 324
667 9 324
674 9 317
676 8 316
682 10 308
684 11 305
687 12 301
689 12 299
692 11 297
694 13 293
696 17 287
700 15 285
697 21 282
698 27 275
696 26 278
691 28 281
689 31 280
683 29 288
682 30 288
681 34 285
680 36 284
678 38 284
678 35 287
678 30 292
675 29 296
672 30 298
674 31 295
672 30 298
675 31 294
678 25 297
676 27 297
673 34 293
670 36 294
665 43 292
661 39 300
660 41 299
661 42 297
660 39 301
659 35 306
664 33 303
662 34 304
664 33 303
664 32 304
671 31 298
674 26 300
678 22 300
