1000 0 0
1000 0 0
999 1 0
998 2 0
996 4 0
993 7 0
984 16 0
970 27 3
958 37 5
946 39 15
928 50 22
906 66 28
874 93 33
823 127 50
782 155 63
735 171 94
697 182 121
660 184 156
630 189 181
589 199 212
560 195 245
531 194 275
523 165 312
511 150 339
511 136 353
509 123 368
505 113 382
501 114 385
494 109 397
494 100 406
495 95 410
492 84 424
496 74 430
497 67 436
503 66 431
507 65 428
508 58 434
509 55 436
515 48 437
523 41 436
533 33 434
541 29 430
549 23 428
551 27 422
555 26 419
553 29 418
550 23 427
554 19 427
560 16 424
567 13 420
572 13 415
580 13 407
586 12 402
594 9 397
599 8 393
602 8 390
607 6 387
608 6 386
616 5 379
624 6 370
635 6 359
638 6 356
642 6 352
652 4 344
658 3 339
665 3 332
668 3 329
672 3 325
677 3 320
683 3 314
689 2 309
693 2 305
695 2 303
703 1 296
707 1 292
711 1 288
715 0 285
718 0 282
721 1 278
727 1 272
731 1 268
738 1 261
745 1 254
747 1 252
752 0 248
756 0 244
758 1 241
760 3 237
765 3 232
764 4 232
765 6 229
768 7 225
768 8 224
767 8 225
771 9 220
772 11 217
774 10 216
771 12 217
773 14 213
773 15 212
772 16 212
771 15 214
772 15 213
773 15 212
771 19 210
760 31 209
749 40 211
745 42 213
743 38 219
744 38 218
738 45 217
739 44 217
733 43 224
726 46 228
718 50 232
708 52 240
705 48 247
702 49 249
698 44 258
691 48 261
685 52 263
686 53 261
682 49 269
678 49 273
677 48 275
679 47 274
678 43 279
676 42 282
674 42 284
676 40 284
676 41 283
681 40 279
683 38 279
684 40 276
686 34 280
687 36 277
687 34 279
689 38 273
687 43 270
690 37 273
693 38 269
691 42 267
684 42 274
680 42 278
672 50 278
671 55 274
658 67 275
654 70 276
650 65 285
642 75 283
636 77 287
634 72 294
628 70 302
627 63 310
624 60 316
621 55 324
619 55 326
614 56 330
612 53 335
614 49 337
611 52 337
607 54 339
608 55 337
606 52 342
602 54 344
596 50 354
595 42 363
598 35 367
605 33 362
613 22 365
619 18 363
622 14 364
622 15 363
631 14 355
631 14 355
630 15 355
634 18 348
636 13 351
643 10 347
654 7 339
656 7 337
660 7 333
665 5 330
672 6 322
678 6 316
681 7 312
683 8 309
688 6 306
692 7 301
699 6 295
704 7 289
710 6 284
710 5 285
713 5 282
715 8 277
715 9 276
717 9 274
720 8 272
725 5 270
729 2 269
732 2 266
738 2 260
739 5 256
742 5 253
747 2 251
751 2 247
753 2 245
754 3 243
756 3 241
762 1 237
763 2 235
764 2 234
765 4 231
770 3 227
768 6 226
767 6 227
766 4 230
766 8 226
765 10 225
762 13 225
760 13 227
761 15 224
767 14 219
771 14 215
762 23 215
762 21 217
761 25 214
751 31 218
743 34 223
737 38 225
734 41 225
726 39 235
717 34 249
714 34 252
711 38 251
705 41 254
705 41 254
706 39 255
702 38 260
701 35 264
698 36 266
689 39 272
687 40 273
680 41 279
680 36 284
681 40 279
676 43 281
671 47 282
669 50 281
668 46 286
671 43 286
673 38 289
667 39 294
665 39 296
663 39 298
666 31 303
666 31 303
668 32 300
668 34 298
669 35 296
668 38 294
670 38 292
672 39 289
668 43 289
663 46 291
658 49 293
661 47 292
660 47 293
663 49 288
661 48 291
654 52 294
654 50 296
651 52 297
643 52 305
637 54 309
630 51 319
627 46 327
628 45 327
628 41 331
636 34 330
638 31 331
632 33 335
634 28 338
640 28 332
643 30 327
648 30 322
652 29 319
655 25 320
655 25 320
656 21 323
660 21 319
659 24 317
664 24 312
669 21 310
671 20 309
671 21 308
676 20 304
677 16 307
678 17 305
677 18 305
674 15 311
680 15 305
678 20 302
680 19 301
689 17 294
693 19 288
695 23 282
696 26 278
691 33 276
691 31 278
687 35 278
683 34 283
677 41 282
670 47 283
671 41 288
668 38 294
658 51 291
651 57 292
641 65 294
632 63 305
633 57 310
630 53 317
623 53 324
620 56 324
618 55 327
618 59 323
612 59 329
609 54 337
611 47 342
607 44 349
607 42 351
614 39 347
619 34 347
619 37 344
624 35 341
627 36 337
628 33 339
630 34 336
632 32 336
632 30 338
629 26 345
630 28 342
631 30 339
625 32 343
630 29 341
630 29 341
631 31 338
631 34 335
632 33 335
634 35 331
630 35 335
630 36 334
629 31 340
625 35 340
638 28 334
638 31 331
640 30 330
642 30 328
650 32 318
655 28 317
657 33 310
659 30 311
654 36 310
659 30 311
655 30 315
653 31 316
653 28 319
655 27 318
650 24 326
658 19 323
662 19 319
664 22 314
669 21 310
671 15 314
671 18 311
673 17 310
676 12 312
683 12 305
690 10 300
691 11 298
692 13 295
693 14 293
696 15 289
703 14 283
703 17 280
699 23 278
696 25 279
696 25 279
694 28 278
692 24 284
691 29 280
693 24 283
693 25 282
688 24 288
691 25 284
686 27 287
691 27 282
695 28 277
694 27 279
696 25 279
694 28 278
692 29 279
687 30 283
685 35 280
686 32 282
684 36 280
686 36 278
681 42 277
674 44 282
673 48 279
659 63 278
655 67 278
652 65 283
641 68 291
634 68 298
629 62 309
628 62 310
627 56 317
622 57 321
619 57 324
620 52 328
620 43 337
621 42 337
619 41 340
622 37 341
628 34 338
631 32 337
637 27 336
645 22 333
647 22 331
649 21 330
654 20 326
661 21 318
672 16 312
678 16 306
683 15 302
686 16 298
686 14 300
686 15 299
691 14 295
693 15 292
700 12 288
702 11 287
706 11 283
715 10 275
720 10 270
723 9 268
727 10 263
732 9 259
743 7 250
749 8 243
751 10 239
756 13 231
751 17 232
755 17 228
750 17 233
750 21 229
748 23 229
747 24 229
745 24 231
745 23 232
745 25 230
741 31 228
735 36 229
736 33 231
733 33 234
730 36 234
720 45 235
716 47 237
710 48 242
696 60 244
686 64 250
680 69 251
665 72 263
656 73 271
647 80 273
645 76 279
638 76 286
631 78 291
631 70 299
629 62 309
626 60 314
624 58 318
621 58 321
617 58 325
607 63 330
598 63 339
600 58 342
596 54 350
597 50 353
595 52 353
592 53 355
585 48 367
586 42 372
592 39 369
592 38 370
596 35 369
600 32 368
604 30 366
606 30 364
604 29 367
609 27 364
608 28 364
612 29 359
611 30 359
611 33 356
617 28 355
620 30 350
614 35 351
612 44 344
607 45 348
610 48 342
609 50 341
601 52 347
598 53 349
599 52 349
594 52 354
589 52 359
588 51 361
589 48 363
581 58 361
579 57 364
574 67 359
573 64 363
571 57 372
569 59 372
572 55 373
570 52 378
570 49 381
563 51 386
563 44 393
561 44 395
559 45 396
559 47 394
563 46 391
566 41 393
570 41 389
572 40 388
571 40 389
567 42 391
559 46 395
566 43 391
566 41 393
570 40 390
572 34 394
576 29 395
574 31 395
575 34 391
576 30 394
576 35 389
584 31 385
589 30 381
594 29 377
594 29 377
600 29 371
599 26 375
598 28 374
602 31 367
598 32 370
598 33 369
601 29 370
596 36 368
598 32 370
599 33 368
603 35 362
599 38 363
604 33 363
606 35 359
609 36 355
603 42 355
598 42 360
594 45 361
588 48 364
588 42 370
591 39 370
592 39 369
592 39 369
589 41 370
592 39 369
586 43 371
585 39 376
588 39 373
588 37 375
588 36 376
587 41 372
585 46 369
585 41 374
579 49 372
580 52 368
577 54 369
573 50 377
564 53 383
566 50 384
562 50 388
562 50 388
569 44 387
578 38 384
587 32 381
595 27 378
603 27 370
603 30 367
603 29 368
601 23 376
604 23 373
597 27 376
599 27 374
594 31 375
587 39 374
586 43 371
586 43 371
585 48 367
579 50 371
572 49 379
575 46 379
578 44 378
579 37 384
585 35 380
595 31 374
598 23 379
604 17 379
605 18 377
612 17 371
620 14 366
629 12 359
629 15 356
633 13 354
637 12 351
641 13 346
643 11 346
650 7 343
658 4 338
661 3 336
664 7 329
668 8 324
675 8 317
676 6 318
681 5 314
685 5 310
686 7 307
692 8 300
693 7 300
702 7 291
704 7 289
709 6 285
710 7 283
707 11 282
710 12 278
711 12 277
711 13 276
713 15 272
715 10 275
718 10 272
717 13 270
718 12 270
720 15 265
722 17 261
725 17 258
725 18 257
722 22 256
724 20 256
723 21 256
726 18 256
721 23 256
723 21 256
723 22 255
723 19 258
723 21 256
713 30 257
714 32 254
707 39 254
700 46 254
697 45 258
696 45 259
689 45 266
683 47 270
676 52 272
665 56 279
651 67 282
650 61 289
639 61 300
636 58 306
630 62 308
626 66 308
618 71 311
613 78 309
611 78 311
609 70 321
605 70 325
600 64 336
595 68 337
594 62 344
580 63 357
578 66 356
573 71 356
567 71 362
562 74 364
554 73 373
549 75 376
545 66 389
540 69 391
539 62 399
539 64 397
538 56 406
545 56 399
544 51 405
547 44 409
553 38 409
553 37 410
556 32 412
559 36 405
564 31 405
565 30 405
565 28 407
574 22 404
577 21 402
580 17 403
587 15 398
592 14 394
598 15 387
599 16 385
605 13 382
609 12 379
611 11 378
616 12 372
623 12 365
624 13 363
625 14 361
625 15 360
630 16 354
630 17 353
628 21 351
634 23 343
634 23 343
641 21 338
645 20 335
653 17 330
656 17 327
662 15 323
663 13 324
659 23 318
656 24 320
656 26 318
656 28 316
655 31 314
656 35 309
644 43 313
640 46 314
641 45 314
636 49 315
638 46 316
641 39 320
636 38 326
640 38 322
640 40 320
640 35 325
641 33 326
642 37 321
646 28 326
651 25 324
649 29 322
648 33 319
649 32 319
645 35 320
645 38 317
640 39 321
638 39 323
643 38 319
640 38 322
642 37 321
640 35 325
641 36 323
643 33 324
645 30 325
648 23 329
654 20 326
655 18 327
657 14 329
661 10 329
668 9 323
675 6 319
682 5 313
684 6 310
685 7 308
688 7 305
690 7 303
691 11 298
695 13 292
704 12 284
703 13 284
707 12 281
714 10 276
715 11 274
713 16 271
719 15 266
719 15 266
720 19 261
717 23 260
715 28 257
712 31 257
711 27 262
715 28 257
714 29 257
714 31 255
706 39 255
702 40 258
704 34 262
696 37 267
691 39 270
684 47 269
680 45 275
672 43 285
671 47 282
659 58 283
658 57 285
654 59 287
647 63 290
641 64 295
632 66 302
620 68 312
619 67 314
613 72 315
612 67 321
605 68 327
597 69 334
590 68 342
588 61 351
586 57 357
586 54 360
589 48 363
593 43 364
595 39 366
599 39 362
596 38 366
598 39 363
597 36 367
592 40 368
592 38 370
596 34 370
600 31 369
602 32 366
600 36 364
601 29 370
604 27 369
601 31 368
601 33 366
602 37 361
600 39 361
603 36 361
602 36 362
601 36 363
603 34 363
606 30 364
611 24 365
618 24 358
628 17 355
637 18 345
642 18 340
645 18 337
651 18 331
653 16 331
658 14 328
666 15 319
663 13 324
667 12 321
669 13 318
677 12 311
677 15 308
678 14 308
683 14 303
684 13 303
690 14 296
691 10 299
693 11 296
698 8 294
699 11 290
701 10 289
705 8 287
709 7 284
714 8 278
721 7 272
726 6 268
729 4 267
732 4 264
737 3 260
740 2 258
739 8 253
740 11 249
745 10 245
745 7 248
744 11 245
747 12 241
743 20 237
742 23 235
736 28 236
735 29 236
732 30 238
733 29 238
733 31 236
732 30 238
727 35 238
721 34 245
711 39 250
699 48 253
694 55 251
683 66 251
677 64 259
676 68 256
674 66 260
669 69 262
666 56 278
660 59 281
662 61 277
661 50 289
655 50 295
658 40 302
664 38 298
670 36 294
674 33 293
676 29 295
671 35 294
666 41 293
660 45 295
658 49 293
651 56 293
639 63 298
627 71 302
625 67 308
624 68 308
607 74 319
596 79 325
587 76 337
581 74 345
580 66 354
583 59 358
578 61 361
579 60 361
573 56 371
569 51 380
568 49 383
567 54 379
568 53 379
567 51 382
567 48 385
561 50 389
562 47 391
564 45 391
572 43 385
564 41 395
566 39 395
570 44 386
569 42 389
573 35 392
574 34 392
577 36 387
584 36 380
587 35 378
589 33 378
595 32 373
597 29 374
597 28 375
604 26 370
606 26 368
610 27 363
619 24 357
621 24 355
626 24 350
631 26 343
639 25 336
637 28 335
634 31 335
632 32 336
628 35 337
623 37 340
624 39 337
621 42 337
617 39 344
623 38 339
628 35 337
630 32 338
633 30 337
636 28 336
641 26 333
645 20 335
648 20 332
650 21 329
653 17 330
647 19 334
651 16 333
656 12 332
662 10 328
662 10 328
668 11 321
676 12 312
675 16 309
678 16 306
678 17 305
679 22 299
680 20 300
681 20 299
683 20 297
689 17 294
