1000 0 0
1000 0 0
1000 0 0
1000 0 0
996 4 0
995 4 1
993 6 1
986 13 1
974 24 2
951 40 9
928 54 18
897 75 28
876 82 42
842 99 59
807 116 77
780 132 88
745 151 104
716 154 130
693 149 158
672 145 183
640 145 215
624 142 234
611 129 260
596 127 277
587 117 296
568 121 311
558 115 327
544 113 343
544 101 355
540 89 371
538 84 378
532 76 392
528 71 401
532 68 400
527 71 402
534 65 401
534 58 408
543 52 405
550 41 409
548 42 410
554 39 407
555 36 409
558 34 408
558 30 412
562 29 409
565 24 411
575 23 402
581 18 401
587 17 396
591 15 394
591 13 396
593 14 393
596 13 391
610 11 379
609 9 382
613 6 381
617 4 379
629 3 368
634 4 362
641 5 354
648 5 347
651 5 344
660 6 334
664 6 330
668 6 326
673 6 321
679 5 316
684 4 312
686 3 311
690 2 308
696 1 303
698 2 300
702 1 297
710 1 289
716 1 283
718 1 281
719 2 279
723 3 274
726 2 272
727 6 267
729 3 268
732 4 264
737 4 259
740 6 254
740 13 247
739 16 245
739 15 246
738 15 247
737 16 247
740 15 245
743 11 246
744 11 245
744 12 244
748 10 242
751 12 237
750 13 237
751 13 236
757 10 233
759 9 232
759 9 232
760 9 231
761 9 230
761 11 228
762 12 226
765 14 221
768 10 222
775 11 214
775 12 213
775 15 210
778 15 207
779 11 210
780 10 210
778 13 209
782 10 208
783 10 207
776 18 206
774 20 206
775 21 204
771 26 203
769 26 205
766 26 208
764 24 212
763 22 215
761 24 215
757 29 214
752 33 215
750 36 214
748 37 215
742 44 214
736 49 215
734 49 217
727 51 222
725 47 228
722 51 227
712 58 230
709 58 233
709 58 233
695 64 241
685 62 253
679 61 260
674 60 266
671 52 277
665 51 284
663 50 287
660 48 292
658 46 296
657 46 297
653 47 300
652 46 302
648 50 302
650 45 305
650 46 304
641 51 308
642 50 308
640 43 317
638 40 322
633 43 324
625 43 332
621 51 328
619 56 325
619 52 329
617 53 330
620 49 331
618 52 330
614 52 334
614 46 340
620 38 342
620 36 344
628 31 341
630 30 340
631 29 340
630 29 341
635 30 335
639 27 334
643 30 327
644 29 327
643 29 328
643 33 324
647 37 316
645 36 319
644 37 319
650 31 319
648 38 314
651 36 313
656 33 311
655 32 313
654 34 312
659 32 309
663 26 311
667 26 307
668 23 309
674 21 305
675 18 307
674 23 303
674 28 298
672 30 298
666 35 299
664 38 298
661 38 301
655 44 301
649 47 304
646 49 305
636 55 309
627 57 316
617 71 312
611 70 319
604 64 332
599 68 333
597 63 340
594 67 339
581 74 345
578 72 350
572 75 353
559 75 366
556 62 382
554 58 388
562 54 384
563 52 385
570 41 389
564 43 393
565 37 398
568 37 395
571 41 388
576 34 390
582 27 391
581 29 390
588 31 381
587 31 382
582 28 390
581 35 384
583 37 380
587 30 383
596 28 376
594 33 373
594 33 373
593 30 377
595 30 375
597 25 378
599 22 379
609 16 375
618 12 370
623 10 367
625 15 360
625 18 357
630 15 355
636 17 347
640 17 343
640 18 342
644 23 333
646 22 332
643 27 330
645 23 332
645 23 332
649 24 327
652 23 325
653 20 327
655 22 323
650 28 322
648 34 318
650 32 318
651 35 314
647 41 312
644 42 314
638 47 315
639 45 316
640 42 318
642 40 318
644 41 315
641 42 317
631 48 321
622 45 333
617 48 335
609 55 336
603 54 343
601 51 348
605 49 346
599 53 348
597 50 353
600 46 354
603 43 354
599 40 361
604 37 359
604 42 354
607 38 355
608 39 353
614 30 356
614 29 357
610 30 360
616 28 356
619 28 353
624 30 346
627 29 344
631 24 345
637 23 340
648 21 331
652 19 329
657 20 323
660 16 324
663 11 326
668 8 324
680 8 312
685 7 308
693 8 299
695 10 295
696 11 293
700 11 289
699 12 289
696 16 288
691 19 290
691 20 289
689 25 286
689 27 284
690 30 280
689 29 282
694 27 279
699 26 275
705 23 272
706 22 272
705 26 269
710 23 267
706 24 270
708 26 266
710 24 266
711 23 266
707 29 264
708 28 264
706 29 265
705 31 264
701 31 268
699 30 271
704 30 266
705 27 268
697 35 268
689 39 272
684 42 274
677 50 273
672 54 274
660 61 279
656 55 289
651 56 293
645 58 297
634 63 303
628 71 301
624 72 304
619 65 316
614 66 320
610 69 321
607 67 326
605 63 332
598 68 334
590 69 341
587 64 349
581 59 360
584 56 360
583 54 363
584 50 366
584 43 373
586 45 369
583 38 379
589 34 377
588 31 381
592 23 385
594 23 383
597 30 373
601 31 368
603 32 365
604 30 366
605 29 366
605 29 366
604 27 369
613 26 361
615 23 362
620 22 358
627 20 353
630 22 348
631 22 347
635 20 345
639 16 345
644 15 341
648 14 338
655 13 332
667 11 322
667 13 320
667 17 316
666 22 312
663 29 308
659 37 304
650 46 304
638 53 309
629 60 311
616 67 317
600 80 320
590 88 322
575 89 336
569 91 340
560 93 347
554 93 353
550 90 360
543 93 364
546 85 369
545 74 381
539 75 386
542 75 383
541 71 388
538 70 392
540 62 398
542 59 399
539 55 406
535 55 410
533 55 412
531 54 415
534 53 413
533 53 414
535 50 415
537 47 416
533 47 420
535 46 419
541 41 418
545 33 422
548 33 419
551 27 422
560 26 414
557 32 411
561 27 412
566 27 407
570 28 402
567 35 398
572 34 394
574 33 393
587 26 387
588 21 391
594 22 384
601 17 382
610 16 374
613 14 373
618 16 366
621 16 363
626 14 360
635 15 350
637 13 350
643 13 344
645 15 340
647 18 335
647 19 334
645 18 337
652 15 333
656 13 331
657 15 328
654 20 326
654 25 321
652 29 319
656 35 309
653 34 313
645 40 315
645 39 316
635 49 316
624 55 321
619 54 327
613 58 329
618 58 324
612 64 324
602 72 326
598 65 337
596 65 339
596 65 339
590 63 347
584 65 351
579 65 356
577 58 365
580 54 366
574 56 370
575 59 366
567 53 380
567 48 385
572 47 381
573 46 381
579 41 380
582 37 381
588 34 378
593 37 370
592 33 375
596 32 372
599 24 377
596 29 375
597 27 376
602 28 370
605 25 370
605 21 374
609 20 371
612 19 369
621 20 359
626 20 354
633 18 349
635 13 352
640 10 350
644 12 344
650 12 338
650 15 335
651 17 332
658 17 325
663 14 323
669 11 320
675 13 312
683 7 310
685 9 306
687 9 304
690 8 302
691 7 302
689 10 301
689 11 300
693 14 293
692 17 291
697 17 286
700 19 281
703 14 283
705 7 288
702 13 285
701 17 282
706 12 282
711 9 280
718 9 273
721 9 270
725 9 266
724 13 263
728 16 256
721 25 254
710 34 256
700 44 256
690 53 257
679 60 261
668 66 266
655 69 276
638 78 284
623 84 293
601 99 300
593 100 307
584 99 317
576 96 328
566 93 341
560 87 353
563 75 362
565 68 367
562 61 377
564 60 376
566 60 374
566 55 379
566 54 380
567 49 384
568 48 384
562 46 392
570 44 386
577 41 382
577 41 382
583 36 381
586 36 378
586 39 375
588 37 375
582 39 379
582 36 382
576 38 386
578 36 386
574 41 385
579 35 386
582 32 386
582 30 388
585 30 385
586 29 385
589 29 382
590 30 380
593 32 375
597 27 376
602 26 372
610 26 364
615 28 357
612 32 356
616 30 354
617 28 355
618 27 355
618 26 356
622 23 355
625 22 353
625 25 350
626 24 350
631 23 346
634 23 343
633 28 339
634 28 338
638 28 334
635 34 331
629 41 330
624 43 333
628 45 327
627 45 328
627 45 328
623 47 330
622 47 331
613 53 334
606 59 335
608 60 332
595 64 341
590 60 350
585 60 355
584 59 357
584 56 360
584 56 360
584 45 371
584 43 373
583 41 376
581 39 380
586 37 377
590 31 379
592 29 379
594 32 374
593 33 374
594 34 372
591 33 376
591 34 375
599 28 373
606 27 367
610 25 365
611 27 362
613 27 360
608 25 367
607 26 367
608 26 366
607 29 364
612 27 361
614 28 358
618 29 353
621 25 354
624 26 350
624 29 347
624 32 344
628 29 343
636 24 340
638 25 337
642 25 333
640 30 330
637 33 330
628 38 334
625 36 339
619 41 340
616 44 340
617 46 337
615 39 346
617 43 340
616 43 341
619 36 345
625 34 341
624 39 337
622 35 343
616 39 345
618 38 344
612 41 347
618 36 346
614 41 345
613 43 344
615 38 347
617 35 348
619 34 347
618 35 347
622 29 349
626 32 342
628 32 340
630 29 341
631 27 342
633 27 340
638 25 337
635 29 336
633 30 337
639 27 334
641 24 335
642 26 332
646 20 334
649 22 329
651 22 327
656 16 328
657 17 326
660 17 323
662 17 321
666 15 319
668 15 317
668 17 315
671 16 313
679 15 306
685 15 300
686 14 300
686 15 299
691 13 296
688 16 296
689 17 294
689 21 290
693 23 284
694 25 281
695 26 279
691 30 279
689 33 278
685 36 279
679 40 281
675 42 283
676 39 285
672 43 285
667 40 293
668 38 294
669 35 296
667 41 292
662 49 289
657 49 294
651 43 306
645 46 309
640 45 315
636 44 320
622 57 321
622 62 316
615 65 320
612 61 327
609 61 330
609 56 335
608 57 335
606 53 341
603 52 345
600 57 343
595 57 348
598 54 348
596 51 353
590 52 358
582 63 355
585 57 358
585 55 360
582 52 366
585 49 366
586 44 370
586 42 372
592 36 372
592 31 377
592 36 372
598 38 364
601 33 366
603 33 364
602 31 367
608 25 367
612 24 364
613 22 365
619 21 360
617 15 368
620 15 365
623 19 358
627 20 353
634 22 344
635 24 341
630 26 344
632 23 345
637 24 339
639 31 330
642 29 329
645 27 328
647 31 322
638 37 325
635 37 328
636 34 330
627 45 328
624 47 329
623 47 330
618 46 336
615 43 342
614 48 338
607 53 340
610 51 339
610 48 342
614 46 340
610 46 344
607 45 348
604 42 354
607 39 354
607 39 354
612 31 357
611 29 360
619 27 354
617 31 352
618 27 355
619 28 353
619 30 351
619 27 354
625 26 349
631 23 346
635 22 343
642 21 337
646 19 335
647 19 334
652 21 327
654 21 325
652 24 324
652 28 320
648 33 319
642 39 319
641 39 320
641 36 323
638 36 326
640 35 325
646 33 321
644 30 326
641 35 324
637 34 329
633 38 329
628 45 327
629 38 333
632 37 331
633 40 327
635 42 323
631 40 329
632 41 327
630 43 327
627 40 333
628 47 325
623 49 328
623 46 331
616 51 333
612 48 340
610 41 349
610 38 352
605 40 355
602 40 358
600 42 358
594 47 359
594 48 358
591 57 352
593 52 355
593 49 358
594 48 358
598 40 362
591 46 363
587 46 367
581 51 368
580 52 368
581 50 369
583 53 364
581 51 368
581 48 371
582 46 372
579 46 375
575 49 376
570 52 378
566 50 384
572 49 379
573 49 378
575 44 381
571 47 382
566 46 388
571 45 384
568 50 382
562 50 388
559 45 396
564 40 396
564 40 396
569 39 392
575 35 390
579 32 389
581 28 391
588 25 387
593 24 383
599 22 379
605 22 373
607 25 368
609 25 366
608 21 371
602 26 372
602 27 371
605 29 366
609 29 362
610 31 359
608 30 362
609 28 363
618 32 350
619 34 347
617 33 350
622 29 349
627 29 344
631 25 344
634 21 345
632 22 346
635 19 346
640 17 343
646 16 338
655 14 331
654 18 328
659 17 324
665 14 321
668 18 314
663 25 312
666 22 312
666 22 312
667 20 313
674 20 306
677 16 307
674 20 306
676 17 307
679 16 305
682 16 302
684 15 301
682 17 301
683 21 296
684 18 298
684 18 298
677 27 296
680 27 293
677 33 290
675 31 294
672 36 292
666 41 293
665 46 289
663 45 292
661 45 294
649 56 295
643 56 301
640 59 301
632 59 309
628 56 316
625 57 318
618 58 324
613 58 329
619 49 332
609 54 337
608 59 333
612 57 331
610 55 335
608 56 336
602 54 344
603 56 341
602 58 340
591 57 352
592 46 362
597 43 360
600 33 367
606 26 368
605 27 368
603 30 367
609 29 362
608 30 362
612 26 362
605 32 363
607 28 365
610 28 362
614 26 360
612 30 358
618 29 353
622 31 347
621 32 347
622 35 343
623 33 344
626 29 345
627 28 345
632 28 340
638 27 335
640 27 333
644 28 328
643 31 326
643 27 330
641 29 330
637 31 332
643 29 328
645 28 327
645 32 323
649 34 317
646 43 311
642 48 310
638 48 314
634 44 322
638 44 318
631 47 322
630 45 325
627 44 329
627 45 328
628 46 326
621 52 327
618 54 328
612 54 334
599 60 341
595 59 346
595 60 345
594 59 347
589 57 354
589 56 355
586 59 355
579 57 364
581 46 373
584 48 368
583 43 374
585 38 377
587 37 376
587 37 376
590 34 376
593 35 372
592 33 375
591 32 377
596 25 379
599 26 375
599 28 373
603 25 372
614 21 365
617 19 364
618 14 368
