995 5 0
993 7 0
991 8 1
991 8 1
988 8 4
989 6 5
988 7 5
987 8 5
984 11 5
983 9 8
981 11 8
980 11 9
979 9 12
977 8 15
975 10 15
973 10 17
972 10 18
967 13 20
961 17 22
954 20 26
947 23 30
939 26 35
932 30 38
928 30 42
915 36 49
892 48 60
881 55 64
863 63 74
847 73 80
816 93 91
780 119 101
750 128 122
711 146 143
681 147 172
654 150 196
630 147 223
599 159 242
577 156 267
563 152 285
550 141 309
536 151 313
533 137 330
529 126 345
514 130 356
502 133 365
489 122 389
489 106 405
488 102 410
484 95 421
483 89 428
482 81 437
484 76 440
482 62 456
483 58 459
484 51 465
486 54 460
489 49 462
494 41 465
498 42 460
501 38 461
513 35 452
516 35 449
523 31 446
523 31 446
519 32 449
521 31 448
530 30 440
538 28 434
541 25 434
541 25 434
544 21 435
549 20 431
554 21 425
557 22 421
566 25 409
570 23 407
578 22 400
580 22 398
585 25 390
590 23 387
593 23 384
595 23 382
599 20 381
604 20 376
603 24 373
606 28 366
608 27 365
618 22 360
624 21 355
629 19 352
631 22 347
639 15 346
645 11 344
651 12 337
654 12 334
660 9 331
665 10 325
665 11 324
671 11 318
671 14 315
678 15 307
685 16 299
695 15 290
697 12 291
699 12 289
704 9 287
710 9 281
715 6 279
719 7 274
716 12 272
721 10 269
725 6 269
727 5 268
729 9 262
731 9 260
726 14 260
722 18 260
725 20 255
723 21 256
721 27 252
708 36 256
705 37 258
699 43 258
690 47 263
683 53 264
674 57 269
664 69 267
656 69 275
638 79 283
623 84 293
615 76 309
598 91 311
596 84 320
585 93 322
572 101 327
557 107 336
555 94 351
548 98 354
540 103 357
533 100 367
528 93 379
523 88 389
523 81 396
521 83 396
525 76 399
529 61 410
532 49 419
540 39 421
545 34 421
551 31 418
555 36 409
559 34 407
563 28 409
564 25 411
574 19 407
582 18 400
588 16 396
596 15 389
597 14 389
604 12 384
610 12 378
614 11 375
616 10 374
619 8 373
625 8 367
630 6 364
636 4 360
644 4 352
651 2 347
652 0 348
657 0 343
662 0 338
667 1 332
673 1 326
678 1 321
683 1 316
684 3 313
686 4 310
688 5 307
691 4 305
695 3 302
700 2 298
704 4 292
710 3 287
715 2 283
720 2 278
728 2 270
735 4 261
742 4 254
745 5 250
748 5 247
751 5 244
755 6 239
758 4 238
762 4 234
762 5 233
768 7 225
771 7 222
773 6 221
777 7 216
778 10 212
782 7 211
783 10 207
788 11 201
790 9 201
795 8 197
798 4 198
805 2 193
811 1 188
815 1 184
821 1 178
820 2 178
826 1 173
829 0 171
834 0 166
837 0 163
842 0 158
843 0 157
845 0 155
849 0 151
849 1 150
851 3 146
853 4 143
854 5 141
853 6 141
854 7 139
851 8 141
850 8 142
844 14 142
846 14 140
838 21 141
837 21 142
836 22 142
828 27 145
822 31 147
816 34 150
814 32 154
811 31 158
807 36 157
804 39 157
797 40 163
781 56 163
771 60 169
761 64 175
738 79 183
718 88 194
709 86 205
691 91 218
679 93 228
666 95 239
659 89 252
651 89 260
646 86 268
633 89 278
627 83 290
628 74 298
622 71 307
622 62 316
623 50 327
625 51 324
626 47 327
621 47 332
622 42 336
619 41 340
622 39 339
626 39 335
630 38 332
631 37 332
633 35 332
637 26 337
637 29 334
639 27 334
643 18 339
645 16 339
649 16 335
651 14 335
654 15 331
649 23 328
655 20 325
658 20 322
655 22 323
659 19 322
662 18 320
662 21 317
665 24 311
666 22 312
672 22 306
667 28 305
667 23 310
665 23 312
668 23 309
668 28 304
668 34 298
670 37 293
672 36 292
678 34 288
677 35 288
678 28 294
681 25 294
684 23 293
682 25 293
689 17 294
691 17 292
693 19 288
698 20 282
702 21 277
703 19 278
705 19 276
702 22 276
701 25 274
705 30 265
706 37 257
699 43 258
695 44 261
695 41 264
699 43 258
696 38 266
696 30 274
701 30 269
702 32 266
700 32 268
699 35 266
699 33 268
700 28 272
698 31 271
697 29 274
689 36 275
681 37 282
684 33 283
677 37 286
668 43 289
662 47 291
658 51 291
658 48 294
656 52 292
653 50 297
651 54 295
643 58 299
635 62 303
622 67 311
614 64 322
608 68 324
614 62 324
617 54 329
614 56 330
612 57 331
608 60 332
603 56 341
605 49 346
611 48 341
612 44 344
616 41 343
616 41 343
614 42 344
613 42 345
616 40 344
618 41 341
616 37 347
624 36 340
627 34 339
617 44 339
614 43 343
612 42 346
612 43 345
613 41 346
611 41 348
610 40 350
613 40 347
615 36 349
613 40 347
606 43 351
610 42 348
614 41 345
617 41 342
621 42 337
623 41 336
617 44 339
620 34 346
623 34 343
628 31 341
628 32 340
635 30 335
641 29 330
637 30 333
640 26 334
641 24 335
645 20 335
646 20 334
652 16 332
646 20 334
646 24 330
641 29 330
640 32 328
646 33 321
648 36 316
648 38 314
645 40 315
645 42 313
641 37 322
641 35 324
640 39 321
641 44 315
630 51 319
629 54 317
629 52 319
630 43 327
629 43 328
626 41 333
615 48 337
611 48 341
606 57 337
607 53 340
603 55 342
602 54 344
601 55 344
605 58 337
607 51 342
604 46 350
604 45 351
602 45 353
604 45 351
603 45 352
608 44 348
605 41 354
602 34 364
598 38 364
594 37 369
597 34 369
599 35 366
604 30 366
609 30 361
616 26 358
615 32 353
613 36 351
614 36 350
619 32 349
616 34 350
622 29 349
628 23 349
629 21 350
634 20 346
632 21 347
637 21 342
632 28 340
643 21 336
651 18 331
657 16 327
661 19 320
662 19 319
666 16 318
671 13 316
672 14 314
676 12 312
678 11 311
683 11 306
689 12 299
695 9 296
700 10 290
700 11 289
702 14 284
702 15 283
707 17 276
716 18 266
722 18 260
724 21 255
725 20 255
722 19 259
721 26 253
724 24 252
720 21 259
725 18 257
726 15 259
730 11 259
732 9 259
734 7 259
735 6 259
745 5 250
749 5 246
753 6 241
757 6 237
763 7 230
767 6 227
773 6 221
777 8 215
783 7 210
786 9 205
782 10 208
787 9 204
787 12 201
785 15 200
780 20 200
777 21 202
770 24 206
761 31 208
756 32 212
756 33 211
752 36 212
737 44 219
732 44 224
729 42 229
727 44 229
718 51 231
713 53 234
703 57 240
695 59 246
689 63 248
678 68 254
665 73 262
653 75 272
644 76 280
635 79 286
625 83 292
614 86 300
604 87 309
600 85 315
592 81 327
584 80 336
581 77 342
578 71 351
577 71 352
575 66 359
582 53 365
586 51 363
584 53 363
589 44 367
598 40 362
603 33 364
603 29 368
606 26 368
615 25 360
622 28 350
625 27 348
629 31 340
631 30 339
632 31 337
628 33 339
628 30 342
628 31 341
627 30 343
626 34 340
634 28 338
630 32 338
627 38 335
623 39 338
619 37 344
625 34 341
627 36 337
628 35 337
624 36 340
625 39 336
625 37 338
624 36 340
624 30 346
623 29 348
625 24 351
624 27 349
622 29 349
617 31 352
615 31 354
618 31 351
612 34 354
609 34 357
608 30 362
611 26 363
614 26 360
616 24 360
623 21 356
633 18 349
635 20 345
636 18 346
642 14 344
648 13 339
660 9 331
665 9 326
669 8 323
672 8 320
677 7 316
685 5 310
689 5 306
695 4 301
698 2 300
702 1 297
711 1 288
721 1 278
731 0 269
741 0 259
742 1 257
745 0 255
749 0 251
754 0 246
757 0 243
758 0 242
762 0 238
768 0 232
774 0 226
775 1 224
777 2 221
782 2 216
789 4 207
788 8 204
783 15 202
777 24 199
769 34 197
765 37 198
759 38 203
755 40 205
749 43 208
743 44 213
737 44 219
731 53 216
711 72 217
697 75 228
684 82 234
676 81 243
665 78 257
659 83 258
655 77 268
643 80 277
640 75 285
638 65 297
634 68 298
630 66 304
635 60 305
637 51 312
629 56 315
614 64 322
598 78 324
579 84 337
572 78 350
564 82 354
565 76 359
558 77 365
551 74 375
554 65 381
549 65 386
545 63 392
544 62 394
546 57 397
546 51 403
546 55 399
550 50 400
551 49 400
554 48 398
553 49 398
560 39 401
567 37 396
570 33 397
574 31 395
584 29 387
586 31 383
588 28 384
588 26 386
597 23 380
604 22 374
608 20 372
614 18 368
619 18 363
627 16 357
634 14 352
639 13 348
646 12 342
657 8 335
661 9 330
668 7 325
673 5 322
683 6 311
690 6 304
700 6 294
704 6 290
711 7 282
719 6 275
724 6 270
729 5 266
735 5 260
736 5 259
744 8 248
749 7 244
753 5 242
757 3 240
759 3 238
766 4 230
768 4 228
771 2 227
772 2 226
776 3 221
778 3 219
782 4 214
787 4 209
791 3 206
792 3 205
795 3 202
800 3 197
802 3 195
805 3 192
805 4 191
810 2 188
813 2 185
816 1 183
818 2 180
821 1 178
823 1 176
824 1 175
829 1 170
836 1 163
841 1 158
844 1 155
845 1 154
846 1 153
849 1 150
850 1 149
852 1 147
853 1 146
854 1 145
856 2 142
859 2 139
860 3 137
862 3 135
864 3 133
866 3 131
869 3 128
872 2 126
873 0 127
878 0 122
881 0 119
884 0 116
889 0 111
889 0 111
891 0 109
892 0 108
894 0 106
897 0 103
897 0 103
899 0 101
902 0 98
903 0 97
904 0 96
906 0 94
907 0 93
910 0 90
910 0 90
915 0 85
916 0 84
917 0 83
921 0 79
922 0 78
923 0 77
925 0 75
926 0 74
931 0 69
933 0 67
933 0 67
935 0 65
936 0 64
939 0 61
939 0 61
940 0 60
940 0 60
940 0 60
941 0 59
942 0 58
942 0 58
942 0 58
943 0 57
944 0 56
945 0 55
945 0 55
948 0 52
948 0 52
951 0 49
951 0 49
952 0 48
953 0 47
954 0 46
955 0 45
955 0 45
955 0 45
956 0 44
958 0 42
958 0 42
959 0 41
959 0 41
959 0 41
960 0 40
960 0 40
960 0 40
962 0 38
962 0 38
962 0 38
963 0 37
965 0 35
966 0 34
966 0 34
967 0 33
967 0 33
967 0 33
969 0 31
969 0 31
969 0 31
970 0 30
973 0 27
973 0 27
973 0 27
973 0 27
973 0 27
973 0 27
973 0 27
976 0 24
976 0 24
976 0 24
976 0 24
977 0 23
977 0 23
978 0 22
978 0 22
978 0 22
979 0 21
979 0 21
979 0 21
979 0 21
981 0 19
981 0 19
981 0 19
983 0 17
983 0 17
984 0 16
984 0 16
984 0 16
984 0 16
985 0 15
986 0 14
986 0 14
986 0 14
986 0 14
986 0 14
986 0 14
987 0 13
987 0 13
988 0 12
988 0 12
989 0 11
989 0 11
989 0 11
989 0 11
989 0 11
989 0 11
990 0 10
990 0 10
990 0 10
990 0 10
990 0 10
991 0 9
991 0 9
991 0 9
991 0 9
992 0 8
992 0 8
992 0 8
992 0 8
992 0 8
992 0 8
992 0 8
992 0 8
992 0 8
992 0 8
993 0 7
993 0 7
994 0 6
995 0 5
995 0 5
995 0 5
995 0 5
995 0 5
995 0 5
995 0 5
995 0 5
995 0 5
995 0 5
995 0 5
995 0 5
995 0 5
996 0 4
996 0 4
996 0 4
996 0 4
996 0 4
996 0 4
997 0 3
997 0 3
997 0 3
998 0 2
998 0 2
998 0 2
998 0 2
998 0 2
998 0 2
998 0 2
998 0 2
998 0 2
998 0 2
998 0 2
998 0 2
998 0 2
999 0 1
999 0 1
999 0 1
999 0 1
999 0 1
999 0 1
999 0 1
999 0 1
1000 0 0
1000 0 0
1000 0 0
1000 0 0
1000 0 0
1000 0 0
1000 0 0
1000 0 0
1000 0 0
1000 0 0
1000 0 0
1000 0 0
1000 0 0
1000 0 0
1000 0 0
1000 0 0
1000 0 0
1000 0 0
1000 0 0
1000 0 0
1000 0 0
1000 0 0
1000 0 0
1000 0 0
1000 0 0
1000 0 0
1000 0 0
1000 0 0
1000 0 0
1000 0 0
1000 0 0
1000 0 0
1000 0 0
1000 0 0
1000 0 0
1000 0 0
1000 0 0
1000 0 0
1000 0 0
1000 0 0
1000 0 0
1000 0 0
1000 0 0
1000 0 0
1000 0 0
1000 0 0
1000 0 0
1000 0 0
1000 0 0
1000 0 0
1000 0 0
1000 0 0
1000 0 0
1000 0 0
1000 0 0
1000 0 0
1000 0 0
1000 0 0
1000 0 0
1000 0 0
1000 0 0
1000 0 0
1000 0 0
1000 0 0
1000 0 0
1000 0 0
1000 0 0
1000 0 0
1000 0 0
1000 0 0
1000 0 0
1000 0 0
1000 0 0
1000 0 0
1000 0 0
1000 0 0
1000 0 0
1000 0 0
1000 0 0
1000 0 0
1000 0 0
1000 0 0
1000 0 0
1000 0 0
1000 0 0
1000 0 0
1000 0 0
1000 0 0
1000 0 0
1000 0 0
1000 0 0
