995 5 0
993 6 1
992 3 5
990 5 5
988 6 6
987 5 8
987 4 9
987 3 10
987 3 10
987 2 11
987 2 11
987 2 11
987 2 11
985 4 11
983 6 11
982 4 14
981 4 15
979 4 17
975 8 17
973 8 19
970 11 19
967 13 20
958 20 22
950 23 27
942 25 33
933 30 37
932 28 40
910 46 44
903 45 52
883 58 59
862 74 64
828 94 78
802 105 93
777 116 107
755 125 120
729 124 147
707 126 167
674 149 177
645 159 196
624 160 216
609 148 243
595 147 258
579 148 273
562 140 298
554 134 312
539 131 330
530 120 350
520 111 369
519 101 380
517 97 386
518 93 389
510 91 399
515 87 398
512 84 404
519 70 411
522 68 410
514 72 414
513 64 423
510 62 428
515 59 426
516 56 428
526 45 429
530 38 432
533 34 433
533 32 435
537 29 434
545 24 431
550 26 424
554 20 426
559 20 421
559 20 421
564 19 417
568 19 413
570 22 408
570 27 403
579 30 391
581 32 387
584 35 381
591 33 376
594 30 376
592 28 380
597 29 374
601 21 378
602 27 371
600 32 368
600 36 364
599 36 365
602 37 361
607 39 354
603 33 364
609 27 364
611 29 360
619 26 355
620 28 352
617 32 351
626 27 347
629 24 347
636 22 342
638 21 341
644 21 335
651 20 329
658 15 327
659 18 323
659 16 325
663 17 320
661 16 323
670 14 316
676 13 311
681 10 309
693 4 303
696 2 302
704 2 294
706 3 291
713 2 285
717 3 280
718 3 279
721 2 277
726 5 269
729 5 266
734 4 262
741 5 254
745 5 250
748 5 247
749 5 246
754 3 243
756 2 242
763 2 235
766 2 232
765 1 234
772 1 227
778 1 221
781 1 218
785 1 214
791 2 207
790 3 207
795 6 199
794 5 201
798 5 197
800 5 195
806 6 188
805 9 186
803 13 184
803 15 182
801 19 180
795 20 185
792 28 180
789 27 184
786 26 188
785 27 188
782 28 190
786 26 188
785 24 191
785 22 193
787 21 192
787 21 192
785 22 193
784 20 196
782 20 198
777 25 198
776 27 197
776 30 194
773 28 199
771 29 200
770 29 201
767 29 204
763 33 204
762 33 205
762 24 214
761 23 216
756 26 218
756 27 217
754 26 220
754 22 224
757 18 225
756 20 224
757 21 222
758 19 223
757 18 225
759 19 222
760 13 227
758 20 222
760 21 219
758 23 219
759 21 220
756 19 225
756 22 222
751 26 223
751 22 227
746 26 228
747 28 225
745 29 226
736 39 225
728 41 231
727 38 235
729 36 235
726 38 236
729 33 238
728 32 240
727 34 239
726 31 243
725 31 244
728 30 242
723 33 244
723 32 245
725 25 250
729 25 246
728 22 250
721 25 254
717 30 253
723 28 249
718 27 255
715 30 255
709 38 253
706 36 258
698 42 260
695 44 261
691 43 266
693 40 267
692 38 270
688 35 277
693 34 273
692 32 276
693 33 274
693 40 267
692 42 266
688 40 272
693 32 275
690 33 277
687 32 281
689 30 281
686 35 279
686 28 286
684 31 285
688 33 279
689 37 274
689 29 282
690 23 287
692 21 287
695 22 283
695 19 286
702 21 277
695 30 275
695 28 277
686 36 278
680 43 277
678 39 283
675 38 287
672 40 288
674 35 291
677 28 295
683 25 292
684 26 290
686 23 291
689 17 294
694 16 290
701 13 286
700 16 284
706 18 276
712 18 270
715 16 269
720 20 260
728 21 251
724 21 255
727 20 253
722 21 257
719 24 257
716 30 254
714 30 256
708 33 259
707 38 255
705 37 258
692 51 257
686 58 256
691 54 255
698 46 256
697 47 256
689 50 261
684 49 267
683 55 262
681 51 268
683 50 267
677 54 269
676 55 269
673 54 273
677 48 275
675 51 274
671 53 276
669 54 277
664 57 279
657 61 282
650 56 294
649 49 302
648 46 306
652 41 307
653 39 308
654 39 307
651 38 311
651 40 309
655 35 310
659 33 308
663 32 305
664 29 307
668 27 305
670 27 303
671 24 305
672 20 308
675 19 306
683 21 296
684 20 296
692 16 292
696 14 290
701 8 291
705 9 286
708 9 283
713 9 278
708 14 278
710 18 272
710 17 273
710 20 270
707 23 270
702 29 269
708 24 268
714 22 264
712 27 261
714 25 261
714 22 264
717 20 263
716 22 262
713 22 265
715 19 266
716 19 265
716 20 264
716 21 263
714 23 263
707 25 268
707 26 267
710 24 266
708 21 271
700 27 273
698 25 277
697 28 275
695 30 275
696 25 279
692 31 277
696 34 270
695 35 270
694 35 271
682 43 275
674 45 281
669 53 278
656 63 281
650 60 290
646 61 293
646 51 303
645 49 306
639 51 310
635 51 314
635 49 316
632 48 320
624 56 320
621 54 325
618 50 332
615 48 337
613 48 339
613 43 344
612 44 344
612 42 346
614 37 349
617 38 345
615 40 345
619 35 346
626 31 343
625 32 343
626 27 347
634 23 343
640 26 334
642 26 332
648 24 328
650 22 328
653 21 326
648 22 330
650 18 332
655 18 327
663 15 322
668 15 317
678 14 308
682 13 305
685 13 302
688 12 300
692 11 297
693 15 292
696 12 292
698 13 289
699 14 287
700 12 288
699 14 287
698 18 284
707 16 277
708 19 273
711 18 271
715 19 266
716 20 264
721 17 262
723 22 255
725 19 256
725 18 257
724 20 256
725 21 254
730 18 252
730 24 246
727 29 244
720 34 246
719 33 248
719 29 252
719 28 253
719 28 253
722 27 251
723 28 249
717 30 253
714 34 252
717 32 251
711 36 253
707 37 256
708 34 258
710 32 258
706 36 258
697 39 264
698 44 258
690 46 264
690 45 265
684 46 270
676 46 278
676 38 286
675 41 284
678 38 284
677 37 286
675 34 291
678 32 290
676 33 291
673 35 292
674 36 290
678 35 287
673 36 291
672 35 293
665 39 296
665 43 292
665 41 294
662 46 292
655 51 294
656 52 292
655 47 298
655 39 306
655 35 310
654 35 311
654 38 308
651 42 307
644 45 311
638 44 318
642 36 322
637 42 321
638 42 320
635 42 323
627 47 326
626 48 326
625 43 332
630 41 329
625 45 330
622 43 335
624 41 335
619 40 341
623 37 340
619 32 349
617 34 349
620 36 344
617 36 347
615 38 347
614 36 350
614 31 355
616 34 350
618 39 343
615 48 337
609 45 346
614 39 347
609 43 348
610 38 352
611 40 349
604 42 354
604 40 356
603 46 351
602 42 356
600 43 357
592 47 361
589 43 368
597 41 362
596 40 364
593 47 360
591 49 360
597 42 361
606 35 359
607 41 352
609 36 355
614 40 346
605 42 353
609 40 351
613 36 351
615 35 350
616 32 352
625 30 345
633 27 340
633 23 344
637 20 343
638 21 341
643 24 333
642 28 330
642 28 330
641 30 329
646 30 324
647 30 323
648 29 323
651 29 320
650 33 317
645 34 321
642 31 327
652 23 325
655 20 325
656 23 321
663 23 314
669 21 310
671 22 307
678 18 304
683 17 300
682 17 301
686 15 299
690 20 290
689 24 287
687 26 287
688 29 283
685 35 280
686 32 282
688 29 283
692 29 279
695 24 281
692 24 284
693 21 286
690 25 285
691 26 283
691 28 281
691 22 287
696 18 286
703 19 278
704 22 274
706 22 272
702 26 272
705 22 273
710 22 268
715 23 262
705 35 260
700 37 263
695 42 263
679 54 267
683 43 274
677 44 279
675 46 279
672 45 283
677 40 283
678 42 280
680 39 281
674 45 281
669 48 283
671 37 292
670 35 295
661 41 298
658 40 302
653 45 302
649 44 307
643 51 306
640 49 311
634 50 316
625 55 320
619 51 330
616 51 333
612 52 336
616 43 341
616 38 346
618 36 346
619 33 348
621 32 347
624 35 341
620 44 336
622 43 335
620 39 341
619 41 340
619 38 343
620 36 344
619 39 342
616 45 339
617 44 339
621 42 337
619 39 342
622 36 342
620 33 347
620 29 351
624 24 352
626 28 346
629 26 345
628 30 342
631 29 340
631 31 338
628 36 336
627 38 335
620 38 342
623 38 339
616 36 348
622 36 342
621 41 338
618 40 342
615 48 337
612 46 342
616 42 342
609 50 341
599 53 348
595 53 352
598 46 356
601 36 363
604 30 366
607 29 364
608 26 366
609 27 364
613 28 359
614 28 358
609 34 357
601 43 356
598 47 355
602 49 349
605 48 347
605 43 352
600 47 353
595 51 354
596 51 353
598 49 353
593 47 360
596 42 362
602 35 363
601 40 359
597 42 361
594 42 364
594 38 368
598 33 369
600 30 370
606 26 368
609 26 365
618 20 362
615 22 363
621 22 357
620 23 357
628 23 349
631 23 346
638 22 340
638 23 339
636 26 338
637 25 338
643 22 335
643 30 327
642 30 328
646 24 330
652 24 324
653 21 326
664 17 319
670 13 317
678 13 309
683 14 303
691 11 298
697 10 293
696 12 292
691 20 289
689 27 284
684 33 283
678 41 281
669 43 288
660 50 290
653 53 294
654 49 297
656 44 300
659 40 301
652 47 301
646 49 305
645 51 304
637 51 312
637 49 314
633 50 317
626 52 322
624 55 321
621 55 324
619 50 331
612 53 335
614 51 335
611 52 337
615 45 340
607 52 341
602 52 346
600 50 350
600 48 352
585 53 362
581 49 370
586 47 367
586 51 363
582 52 366
580 56 364
576 52 372
573 52 375
571 55 374
563 61 376
561 61 378
563 64 373
554 69 377
548 73 379
543 65 392
542 58 400
538 58 404
538 53 409
544 57 399
543 51 406
544 51 405
539 50 411
535 56 409
528 54 418
518 61 421
504 70 426
502 71 427
506 70 424
503 71 426
504 62 434
510 59 431
510 52 438
512 46 442
511 50 439
508 47 445
506 44 450
513 47 440
509 52 439
513 56 431
515 47 438
517 43 440
524 36 440
528 29 443
538 29 433
539 32 429
542 30 428
535 39 426
537 37 426
538 43 419
539 35 426
540 33 427
551 35 414
546 38 416
548 36 416
547 39 414
551 37 412
553 36 411
550 36 414
553 38 409
552 45 403
547 45 408
541 47 412
547 40 413
549 37 414
548 39 413
552 34 414
545 40 415
544 46 410
540 45 415
541 48 411
543 44 413
547 42 411
548 36 416
546 37 417
553 31 416
557 27 416
559 24 417
564 22 414
564 25 411
569 24 407
573 22 405
573 21 406
578 18 404
589 16 395
594 15 391
595 19 386
592 23 385
598 26 376
598 26 376
601 22 377
610 23 367
609 22 369
616 15 369
618 11 371
619 12 369
625 12 363
631 10 359
633 10 357
637 7 356
636 8 356
640 9 351
640 13 347
641 17 342
642 17 341
644 16 340
641 19 340
648 23 329
647 25 328
645 31 324
644 33 323
647 36 317
642 40 318
645 38 317
640 40 320
643 42 315
649 37 314
650 40 310
652 36 312
653 36 311
652 33 315
658 30 312
657 31 312
662 27 311
667 29 304
666 33 301
667 33 300
667 31 302
666 30 304
669 31 300
666 35 299
665 28 307
663 26 311
661 27 312
657 34 309
658 32 310
657 26 317
661 22 317
660 22 318
667 17 316
671 21 308
675 25 300
674 28 298
677 22 301
680 22 298
682 23 295
684 19 297
688 18 294
690 14 296
691 12 297
697 10 293
704 9 287
711 7 282
716 7 277
720 5 275
724 2 274
728 2 270
732 2 266
737 2 261
746 1 253
751 1 248
755 1 244
757 2 241
761 3 236
761 3 236
765 2 233
768 1 231
769 1 230
772 0 228
776 0 224
778 0 222
781 0 219
783 0 217
789 0 211
794 1 205
796 0 204
803 0 197
807 0 193
813 0 187
818 0 182
822 0 178
822 0 178
822 3 175
825 2 173
827 5 168
824 10 166
826 14 160
827 15 158
826 20 154
820 25 155
816 28 156
809 35 156
805 39 156
798 41 161
793 41 166
782 44 174
765 61 174
755 60 185
748 57 195
743 60 197
730 63 207
722 60 218
715 57 228
710 55 235
700 55 245
698 53 249
700 48 252
688 56 256
679 57 264
663 64 273
659 65 276
663 65 272
655 66 279
654 65 281
654 64 282
648 63 289
645 57 298
640 55 305
640 54 306
644 42 314
649 36 315
650 34 316
652 35 313
650 35 315
652 37 311
649 38 313
646 43 311
645 47 308
640 45 315
637 48 315
636 53 311
631 55 314
628 52 320
624 56 320
618 50 332
621 45 334
627 40 333
633 38 329
636 37 327
635 35 330
635 35 330
641 32 327
644 32 324
646 34 320
649 34 317
647 31 322
648 29 323
644 34 322
647 34 319
649 31 320
654 25 321
657 29 314
662 28 310
664 30 306
661 34 305
657 35 308
665 36 299
671 39 290
668 38 294
667 35 298
667 34 299
658 44 298
655 43 302
650 41 309
646 40 314
648 38 314
648 33 319
652 34 314
651 35 314
650 35 315
646 42 312
644 45 311
642 47 311
639 49 312
635 47 318
638 47 315
637 45 318
635 41 324
633 45 322
635 45 320
633 43 324
632 46 322
637 43 320
638 48 314
634 46 320
632 46 322
637 47 316
632 48 320
633 43 324
630 43 327
634 37 329
632 38 330
632 36 332
632 31 337
632 34 334
636 31 333
640 28 332
642 28 330
643 32 325
641 32 327
