1000 0 0
1000 0 0
1000 0 0
997 3 0
992 6 2
988 8 4
987 5 8
985 5 10
985 4 11
984 3 13
986 2 12
986 2 12
986 2 12
982 5 13
981 5 14
979 8 13
974 12 14
965 19 16
960 22 18
958 19 23
951 26 23
942 32 26
926 44 30
910 51 39
896 56 48
882 65 53
874 61 65
856 69 75
841 76 83
823 86 91
804 88 108
778 104 118
752 121 127
728 133 139
703 139 158
680 150 170
652 152 196
628 147 225
607 138 255
596 127 277
592 123 285
580 118 302
573 125 302
564 121 315
557 119 324
547 110 343
541 112 347
536 107 357
530 102 368
534 96 370
522 93 385
524 83 393
523 75 402
520 72 408
522 59 419
523 49 428
519 52 429
521 53 426
529 41 430
529 38 433
534 36 430
537 37 426
541 30 429
545 31 424
546 33 421
548 30 422
552 27 421
553 29 418
556 27 417
557 22 421
559 22 419
565 22 413
567 25 408
570 24 406
576 24 400
574 25 401
579 25 396
583 20 397
588 22 390
586 27 387
588 23 389
596 22 382
598 21 381
601 22 377
606 20 374
608 20 372
609 19 372
617 20 363
621 19 360
619 21 360
620 23 357
623 29 348
623 25 352
630 25 345
632 22 346
634 21 345
637 19 344
641 18 341
645 18 337
649 14 337
652 14 334
659 11 330
658 14 328
660 13 327
665 14 321
670 11 319
672 12 316
671 12 317
675 12 313
682 13 305
683 15 302
683 17 300
685 17 298
686 18 296
690 13 297
696 11 293
698 11 291
702 9 289
702 11 287
704 12 284
705 13 282
704 15 281
700 21 279
701 23 276
699 27 274
699 21 280
693 27 280
687 35 278
681 39 280
675 43 282
669 47 284
661 54 285
663 55 282
652 63 285
643 64 293
638 64 298
630 61 309
627 55 318
621 52 327
613 59 328
611 58 331
601 61 338
591 65 344
590 62 348
583 57 360
584 51 365
582 49 369
580 51 369
579 44 377
576 47 377
570 48 382
568 45 387
577 41 382
579 42 379
586 37 377
593 37 370
599 33 368
606 26 368
611 27 362
621 24 355
628 25 347
639 18 343
640 16 344
643 13 344
647 14 339
655 12 333
658 9 333
663 8 329
666 10 324
675 11 314
680 11 309
684 15 301
685 15 300
694 15 291
692 18 290
695 17 288
699 16 285
703 13 284
706 12 282
708 11 281
711 12 277
713 10 277
720 10 270
723 7 270
729 6 265
733 5 262
739 6 255
743 7 250
746 7 247
747 9 244
750 10 240
753 9 238
753 11 236
754 10 236
759 9 232
758 10 232
757 12 231
758 11 231
762 10 228
765 8 227
765 13 222
768 12 220
770 11 219
771 12 217
777 6 217
782 7 211
785 6 209
786 6 208
793 6 201
796 6 198
802 5 193
806 4 190
806 4 190
809 5 186
812 4 184
813 5 182
814 5 181
815 4 181
815 6 179
816 6 178
816 8 176
814 11 175
818 12 170
820 12 168
825 11 164
824 13 163
825 15 160
817 22 161
821 18 161
821 20 159
812 27 161
804 34 162
797 36 167
791 44 165
783 47 170
781 44 175
780 39 181
776 41 183
771 46 183
768 43 189
763 42 195
763 38 199
758 38 204
750 39 211
744 44 212
739 43 218
729 50 221
720 54 226
719 52 229
710 51 239
706 48 246
706 51 243
695 55 250
685 58 257
681 59 260
679 52 269
673 58 269
669 56 275
664 57 279
659 52 289
663 42 295
660 43 297
653 42 305
651 39 310
653 44 303
647 43 310
648 32 320
651 33 316
652 39 309
656 39 305
654 36 310
658 31 311
662 26 312
664 26 310
666 24 310
664 24 312
668 20 312
665 21 314
668 20 312
670 20 310
672 22 306
674 21 305
684 20 296
686 21 293
687 20 293
688 22 290
692 25 283
695 29 276
698 28 274
700 26 274
706 22 272
702 23 275
701 25 274
704 21 275
705 23 272
713 16 271
713 17 270
713 17 270
718 16 266
722 13 265
724 11 265
733 12 255
736 13 251
745 13 242
746 14 240
741 22 237
736 25 239
733 26 241
732 24 244
735 21 244
738 20 242
735 22 243
735 20 245
734 21 245
738 22 240
739 20 241
737 23 240
737 24 239
736 23 241
738 26 236
736 31 233
736 37 227
733 32 235
732 30 238
727 25 248
732 26 242
732 27 241
735 21 244
732 28 240
732 30 238
728 31 241
730 29 241
724 30 246
725 32 243
717 39 244
715 36 249
709 39 252
710 37 253
699 41 260
697 41 262
693 41 266
688 41 271
681 48 271
681 47 272
681 39 280
679 40 281
678 37 285
673 37 290
675 35 290
673 36 291
671 36 293
673 36 291
674 30 296
677 31 292
674 37 289
676 36 288
675 38 287
676 37 287
677 35 288
677 30 293
676 32 292
680 28 292
682 30 288
677 35 288
670 38 292
672 41 287
670 37 293
668 37 295
670 39 291
670 34 296
675 33 292
677 29 294
675 29 296
674 28 298
674 31 295
672 28 300
669 29 302
665 30 305
663 34 303
660 36 304
664 34 302
667 37 296
662 40 298
667 35 298
665 32 303
666 34 300
666 33 301
663 36 301
667 37 296
666 39 295
660 45 295
655 47 298
659 41 300
664 43 293
667 43 290
664 43 293
660 49 291
658 50 292
655 56 289
649 49 302
643 51 306
641 49 310
640 50 310
633 47 320
632 45 323
630 45 325
628 44 328
632 34 334
638 35 327
640 32 328
640 31 329
640 31 329
642 27 331
641 26 333
636 32 332
642 29 329
645 29 326
648 27 325
646 29 325
646 23 331
645 24 331
648 23 329
649 27 324
643 29 328
637 31 332
633 33 334
630 32 338
633 35 332
633 34 333
639 32 329
637 35 328
640 36 324
641 34 325
644 36 320
644 35 321
647 38 315
644 42 314
644 34 322
646 34 320
647 34 319
648 36 316
652 32 316
648 33 319
645 33 322
650 30 320
657 27 316
663 21 316
668 20 312
673 21 306
672 28 300
668 33 299
665 36 299
670 35 295
671 32 297
674 31 295
676 25 299
681 26 293
687 23 290
692 20 288
698 15 287
696 16 288
702 15 283
702 15 283
701 20 279
709 19 272
714 18 268
714 16 270
710 18 272
708 19 273
709 18 273
712 19 269
710 19 271
712 17 271
714 20 266
716 19 265
719 18 263
725 19 256
724 22 254
725 20 255
725 22 253
724 24 252
729 21 250
733 22 245
736 15 249
737 14 249
738 13 249
741 13 246
740 16 244
739 20 241
739 19 242
741 18 241
745 20 235
746 18 236
747 16 237
748 15 237
754 12 234
752 17 231
749 23 228
744 24 232
746 26 228
747 26 227
747 30 223
751 31 218
747 30 223
742 32 226
727 42 231
714 50 236
705 56 239
700 53 247
694 57 249
686 54 260
686 53 261
676 56 268
661 67 272
657 64 279
656 63 281
658 62 280
654 57 289
649 53 298
639 56 305
637 58 305
633 51 316
625 54 321
620 48 332
623 47 330
620 45 335
625 37 338
629 33 338
636 29 335
637 34 329
640 37 323
637 40 323
636 40 324
642 39 319
637 46 317
645 40 315
649 37 314
650 39 311
650 41 309
653 44 303
649 40 311
655 41 304
651 39 310
649 36 315
644 40 316
640 38 322
639 38 323
641 42 317
644 41 315
639 38 323
628 47 325
628 40 332
633 36 331
638 30 332
638 35 327
639 32 329
644 34 322
642 33 325
639 34 327
645 33 322
643 32 325
643 33 324
641 32 327
650 33 317
651 27 322
655 23 322
660 19 321
661 19 320
663 23 314
670 18 312
671 17 312
678 13 309
686 11 303
691 8 301
694 8 298
698 7 295
701 4 295
704 4 292
708 6 286
714 4 282
718 2 280
723 2 275
728 2 270
733 2 265
735 2 263
738 2 260
739 3 258
743 3 254
748 2 250
751 2 247
756 2 242
760 2 238
766 2 232
771 2 227
774 3 223
780 4 216
785 4 211
784 5 211
787 7 206
787 9 204
783 13 204
783 16 201
783 16 201
782 15 203
780 13 207
778 15 207
774 21 205
774 21 205
770 24 206
759 32 209
745 40 215
738 43 219
720 56 224
702 63 235
686 71 243
675 76 249
665 74 261
659 78 263
650 80 270
647 68 285
642 60 298
636 66 298
638 56 306
634 58 308
628 59 313
624 59 317
628 58 314
620 62 318
622 54 324
623 49 328
614 52 334
614 53 333
619 49 332
619 45 336
619 51 330
623 47 330
624 39 337
624 37 339
627 31 342
634 31 335
635 35 330
638 36 326
638 36 326
639 33 328
636 31 333
643 31 326
650 22 328
653 21 326
656 18 326
666 15 319
674 15 311
679 13 308
681 11 308
689 9 302
694 9 297
697 8 295
702 6 292
702 6 292
705 5 290
712 4 284
717 4 279
720 4 276
726 3 271
736 2 262
742 0 258
746 0 254
757 0 243
764 0 236
768 0 232
772 0 228
776 0 224
782 1 217
787 1 212
791 1 208
792 0 208
796 0 204
798 0 202
804 0 196
805 0 195
808 0 192
812 0 188
815 1 184
818 1 181
824 1 175
830 1 169
830 2 168
832 3 165
833 3 164
837 1 162
841 1 158
841 1 158
846 1 153
848 0 152
852 0 148
857 0 143
859 0 141
859 0 141
859 1 140
863 1 136
864 1 135
866 1 133
870 1 129
874 0 126
875 0 125
879 0 121
881 0 119
883 0 117
883 0 117
887 0 113
889 0 111
889 0 111
889 0 111
889 0 111
891 0 109
892 0 108
895 0 105
896 0 104
896 0 104
897 0 103
902 0 98
904 0 96
903 0 97
909 0 91
909 0 91
909 0 91
910 0 90
912 0 88
914 0 86
914 0 86
918 0 82
918 0 82
919 0 81
920 0 80
920 0 80
921 0 79
923 0 77
924 0 76
925 0 75
927 0 73
927 0 73
928 0 72
930 0 70
931 0 69
932 0 68
933 0 67
936 0 64
937 0 63
938 0 62
939 0 61
940 0 60
941 0 59
941 0 59
941 0 59
943 0 57
944 0 56
944 0 56
944 0 56
945 0 55
946 0 54
947 0 53
948 0 52
948 0 52
950 0 50
951 0 49
951 0 49
953 0 47
955 0 45
956 0 44
956 0 44
956 0 44
957 0 43
959 0 41
959 0 41
959 0 41
959 0 41
959 0 41
961 0 39
962 0 38
963 0 37
963 0 37
964 0 36
964 0 36
965 0 35
966 0 34
966 0 34
966 0 34
967 0 33
968 0 32
968 0 32
968 0 32
970 0 30
970 0 30
972 0 28
972 0 28
972 0 28
973 0 27
974 0 26
974 0 26
977 0 23
978 0 22
978 0 22
979 0 21
979 0 21
979 0 21
979 0 21
979 0 21
980 0 20
980 0 20
980 0 20
980 0 20
980 0 20
981 0 19
981 0 19
981 0 19
982 0 18
982 0 18
982 0 18
982 0 18
982 0 18
982 0 18
985 0 15
985 0 15
985 0 15
985 0 15
985 0 15
986 0 14
986 0 14
986 0 14
987 0 13
987 0 13
987 0 13
987 0 13
987 0 13
987 0 13
987 0 13
987 0 13
987 0 13
987 0 13
987 0 13
987 0 13
989 0 11
989 0 11
989 0 11
989 0 11
989 0 11
989 0 11
989 0 11
989 0 11
990 0 10
990 0 10
990 0 10
990 0 10
990 0 10
990 0 10
990 0 10
990 0 10
991 0 9
991 0 9
993 0 7
994 0 6
994 0 6
994 0 6
994 0 6
994 0 6
994 0 6
994 0 6
994 0 6
994 0 6
994 0 6
994 0 6
994 0 6
994 0 6
994 0 6
994 0 6
994 0 6
994 0 6
994 0 6
994 0 6
994 0 6
994 0 6
994 0 6
994 0 6
994 0 6
994 0 6
994 0 6
994 0 6
994 0 6
994 0 6
994 0 6
994 0 6
994 0 6
994 0 6
994 0 6
994 0 6
994 0 6
994 0 6
994 0 6
994 0 6
994 0 6
994 0 6
995 0 5
995 0 5
995 0 5
995 0 5
995 0 5
996 0 4
996 0 4
996 0 4
996 0 4
996 0 4
996 0 4
996 0 4
996 0 4
996 0 4
996 0 4
996 0 4
996 0 4
996 0 4
996 0 4
996 0 4
997 0 3
997 0 3
997 0 3
997 0 3
997 0 3
997 0 3
997 0 3
997 0 3
997 0 3
997 0 3
997 0 3
997 0 3
997 0 3
997 0 3
997 0 3
997 0 3
997 0 3
997 0 3
997 0 3
997 0 3
997 0 3
997 0 3
998 0 2
998 0 2
998 0 2
998 0 2
998 0 2
998 0 2
998 0 2
998 0 2
998 0 2
998 0 2
998 0 2
998 0 2
998 0 2
998 0 2
998 0 2
999 0 1
999 0 1
999 0 1
999 0 1
999 0 1
999 0 1
999 0 1
999 0 1
999 0 1
999 0 1
999 0 1
999 0 1
999 0 1
999 0 1
999 0 1
999 0 1
999 0 1
999 0 1
999 0 1
999 0 1
999 0 1
999 0 1
999 0 1
999 0 1
1000 0 0
1000 0 0
1000 0 0
1000 0 0
1000 0 0
1000 0 0
1000 0 0
1000 0 0
1000 0 0
1000 0 0
1000 0 0
1000 0 0
1000 0 0
1000 0 0
1000 0 0
1000 0 0
1000 0 0
1000 0 0
1000 0 0
1000 0 0
