995 5 0
991 9 0
982 14 4
972 21 7
960 34 6
945 43 12
930 54 16
914 62 24
892 71 37
869 88 43
838 96 66
823 94 83
801 105 94
771 111 118
755 106 139
740 103 157
723 93 184
705 90 205
685 95 220
670 98 232
663 101 236
647 107 246
639 107 254
630 104 266
620 99 281
615 93 292
601 87 312
606 76 318
601 67 332
598 66 336
591 63 346
589 64 347
584 65 351
576 66 358
571 68 361
576 62 362
570 59 371
569 53 378
562 56 382
555 52 393
563 42 395
564 39 397
568 32 400
572 28 400
579 25 396
587 19 394
587 23 390
596 25 379
600 22 378
605 24 371
607 24 369
611 21 368
615 24 361
623 25 352
629 25 346
629 23 348
632 20 348
639 21 340
646 17 337
650 16 334
648 14 338
656 15 329
656 20 324
660 16 324
658 16 326
663 18 319
663 18 319
670 14 316
678 14 308
682 10 308
684 10 306
681 14 305
679 19 302
677 22 301
671 30 299
670 28 302
675 29 296
667 38 295
661 36 303
656 40 304
652 47 301
647 48 305
652 43 305
650 45 305
638 58 304
638 52 310
637 49 314
637 48 315
639 42 319
634 45 321
632 47 321
632 37 331
635 33 332
632 33 335
636 32 332
641 29 330
641 31 328
641 30 329
640 30 330
643 30 327
645 32 323
650 32 318
650 30 320
651 28 321
654 29 317
651 29 320
649 28 323
651 31 318
660 28 312
663 28 309
663 28 309
665 28 307
671 24 305
672 25 303
675 24 301
678 19 303
684 19 297
687 19 294
693 18 289
699 16 285
706 13 281
710 12 278
716 11 273
717 9 274
718 9 273
722 9 269
719 12 269
717 14 269
717 18 265
716 23 261
717 21 262
722 15 263
722 15 263
726 16 258
731 14 255
735 12 253
734 14 252
736 16 248
741 17 242
740 16 244
739 19 242
741 15 244
739 18 243
734 20 246
730 24 246
725 29 246
723 26 251
718 31 251
720 30 250
715 34 251
713 39 248
709 40 251
699 46 255
683 54 263
672 58 270
665 54 281
663 50 287
655 54 291
653 52 295
647 56 297
639 63 298
629 65 306
630 62 308
623 67 310
622 66 312
613 68 319
613 68 319
614 61 325
617 55 328
620 46 334
619 43 338
615 49 336
616 45 339
616 40 344
619 36 345
620 33 347
618 31 351
614 38 348
615 40 345
612 43 345
606 49 345
598 51 351
592 49 359
594 47 359
597 44 359
599 41 360
601 40 359
608 37 355
611 34 355
618 35 347
620 34 346
621 34 345
624 32 344
625 27 348
625 31 344
625 31 344
625 34 341
630 30 340
633 30 337
628 32 340
632 29 339
637 24 339
642 24 334
645 23 332
656 19 325
660 20 320
666 15 319
668 15 317
676 13 311
678 15 307
676 17 307
676 20 304
674 26 300
673 30 297
671 37 292
669 37 294
659 44 297
659 45 296
660 47 293
656 45 299
651 46 303
649 45 306
645 48 307
641 43 316
634 47 319
629 47 324
630 50 320
625 54 321
617 55 328
615 55 330
618 47 335
611 49 340
615 38 347
611 39 350
610 38 352
614 34 352
615 32 353
618 26 356
621 25 354
622 22 356
631 17 352
643 16 341
641 16 343
644 16 340
648 14 338
646 15 339
652 12 336
654 12 334
660 8 332
663 10 327
672 11 317
669 16 315
670 18 312
666 22 312
665 21 314
663 19 318
665 22 313
664 25 311
671 24 305
678 20 302
675 23 302
678 24 298
678 24 298
681 24 295
675 29 296
680 28 292
677 24 299
682 26 292
683 24 293
684 23 293
687 22 291
690 17 293
696 13 291
705 13 282
710 9 281
714 8 278
720 7 273
725 6 269
726 11 263
726 10 264
729 11 260
732 12 256
729 16 255
731 19 250
722 24 254
720 24 256
716 26 258
712 28 260
707 32 261
705 35 260
698 33 269
698 31 271
700 33 267
704 28 268
703 24 273
708 23 269
706 24 270
705 21 274
708 22 270
708 20 272
710 24 266
709 25 266
707 22 271
707 20 273
707 24 269
702 28 270
701 32 267
700 36 264
693 44 263
688 44 268
688 42 270
680 45 275
681 41 278
683 43 274
684 41 275
680 43 277
677 43 280
680 37 283
684 30 286
687 27 286
683 31 286
683 24 293
679 27 294
681 28 291
681 25 294
679 34 287
683 32 285
679 35 286
681 33 286
682 32 286
691 32 277
693 32 275
690 36 274
690 40 270
693 42 265
682 51 267
678 55 267
672 59 269
666 62 272
654 65 281
650 65 285
643 72 285
637 73 290
627 79 294
626 67 307
619 67 314
620 60 320
621 56 323
623 54 323
624 51 325
622 55 323
621 50 329
624 51 325
626 53 321
625 48 327
626 50 324
622 47 331
620 38 342
627 35 338
633 33 334
637 30 333
639 28 333
638 28 334
641 31 328
639 32 329
640 33 327
644 33 323
645 34 321
642 34 324
646 33 321
644 39 317
645 34 321
650 30 320
656 28 316
660 24 316
663 23 314
657 29 314
658 26 316
653 28 319
650 31 319
652 29 319
652 29 319
649 38 313
644 37 319
644 35 321
647 36 317
655 35 310
649 32 319
646 36 318
644 31 325
650 27 323
655 21 324
659 21 320
665 21 314
668 23 309
675 19 306
679 17 304
680 18 302
684 17 299
686 20 294
695 20 285
694 16 290
696 16 288
701 19 280
701 23 276
703 21 276
704 22 274
705 17 278
710 15 275
714 14 272
722 11 267
727 6 267
731 6 263
735 5 260
737 6 257
744 6 250
747 7 246
749 10 241
749 9 242
749 6 245
756 7 237
751 11 238
744 20 236
741 22 237
735 26 239
730 33 237
723 40 237
720 42 238
711 48 241
706 44 250
706 43 251
704 40 256
704 37 259
706 32 262
704 31 265
705 37 258
698 46 256
700 39 261
695 40 265
687 45 268
682 50 268
677 48 275
679 42 279
677 40 283
672 42 286
675 43 282
672 42 286
672 40 288
670 37 293
670 44 286
672 43 285
675 44 281
668 44 288
669 39 292
666 39 295
668 37 295
664 39 297
658 41 301
654 40 306
648 39 313
646 41 313
648 38 314
647 32 321
650 30 320
651 31 318
660 33 307
662 35 303
665 29 306
669 29 302
673 24 303
675 26 299
677 25 298
674 28 298
678 24 298
683 22 295
679 26 295
682 22 296
683 22 295
686 23 291
689 20 291
690 20 290
693 22 285
695 24 281
697 21 282
700 18 282
704 15 281
703 20 277
699 21 280
690 30 280
686 31 283
686 34 280
685 33 282
684 34 282
682 34 284
684 32 284
683 29 288
676 31 293
673 32 295
662 39 299
664 38 298
654 46 300
652 41 307
657 36 307
651 39 310
649 39 312
651 41 308
653 36 311
647 40 313
641 39 320
633 48 319
628 45 327
629 42 329
630 37 333
632 30 338
638 28 334
638 27 335
633 27 340
630 29 341
631 35 334
632 34 334
633 34 333
631 38 331
626 37 337
623 35 342
624 32 344
625 30 345
627 33 340
630 28 342
627 32 341
625 31 344
631 30 339
627 33 340
626 37 337
622 38 340
624 38 338
625 39 336
627 41 332
631 38 331
628 33 339
635 28 337
636 24 340
636 22 342
642 21 337
651 22 327
649 27 324
658 26 316
662 20 318
668 18 314
668 17 315
671 21 308
672 20 308
673 20 307
678 19 303
682 19 299
679 27 294
679 25 296
676 28 296
674 34 292
672 38 290
670 42 288
662 40 298
660 45 295
653 38 309
651 40 309
652 41 307
658 34 308
660 30 310
660 28 312
664 25 311
668 25 307
669 24 307
666 29 305
659 37 304
654 36 310
655 37 308
658 35 307
663 28 309
661 31 308
662 33 305
661 29 310
662 26 312
663 25 312
666 21 313
670 19 311
672 19 309
672 21 307
676 18 306
684 16 300
687 20 293
686 21 293
684 22 294
686 22 292
690 19 291
689 21 290
689 22 289
688 24 288
686 27 287
683 30 287
684 28 288
683 31 286
683 30 287
680 32 288
682 30 288
683 30 287
678 36 286
676 41 283
675 36 289
676 30 294
680 31 289
683 30 287
681 33 286
681 28 291
677 29 294
676 29 295
675 27 298
675 28 297
673 30 297
673 26 301
676 22 302
683 16 301
682 14 304
687 12 301
691 12 297
695 9 296
691 16 293
695 17 288
686 24 290
684 28 288
687 25 288
688 24 288
689 25 286
680 36 284
680 36 284
670 42 288
667 36 297
668 34 298
664 36 300
664 36 300
660 36 304
653 41 306
651 40 309
653 40 307
648 45 307
648 45 307
644 44 312
641 48 311
643 48 309
630 60 310
624 57 319
622 54 324
616 60 324
608 60 332
607 62 331
602 64 334
595 69 336
585 73 342
575 74 351
571 70 359
574 68 358
565 64 371
567 62 371
565 62 373
565 63 372
563 59 378
561 63 376
565 55 380
563 59 378
555 62 383
549 57 394
546 62 392
549 51 400
550 43 407
547 40 413
560 36 404
565 32 403
576 33 391
578 32 390
577 29 394
582 28 390
585 30 385
583 30 387
585 28 387
595 24 381
596 21 383
607 20 373
608 21 371
599 33 368
602 30 368
605 25 370
607 24 369
612 21 367
615 16 369
620 18 362
622 16 362
629 14 357
637 15 348
644 11 345
647 11 342
648 14 338
649 10 341
654 11 335
660 15 325
668 14 318
669 18 313
677 18 305
684 18 298
683 17 300
686 15 299
683 19 298
687 18 295
688 18 294
687 21 292
691 15 294
690 18 292
695 16 289
704 14 282
709 15 276
712 14 274
713 11 276
717 12 271
719 12 269
720 12 268
725 9 266
728 12 260
731 12 257
730 17 253
727 22 251
731 20 249
733 24 243
729 26 245
731 28 241
728 29 243
720 32 248
718 31 251
719 28 253
720 30 250
721 28 251
721 31 248
722 32 246
722 30 248
722 34 244
719 36 245
718 37 245
719 34 247
717 34 249
716 32 252
713 34 253
708 34 258
707 34 259
702 36 262
701 35 264
690 41 269
685 45 270
685 49 266
679 55 266
674 53 273
667 52 281
666 51 283
661 56 283
659 52 289
661 50 289
663 47 290
662 50 288
662 47 291
657 53 290
654 52 294
649 48 303
648 43 309
646 46 308
644 45 311
645 42 313
644 41 315
642 39 319
645 40 315
642 37 321
648 34 318
649 35 316
651 38 311
651 36 313
658 34 308
660 29 311
655 33 312
653 34 313
656 33 311
658 31 311
662 30 308
655 34 311
652 32 316
652 32 316
655 27 318
658 27 315
658 25 317
656 25 319
655 30 315
655 35 310
662 36 302
666 28 306
662 27 311
666 25 309
666 24 310
672 20 308
672 16 312
673 19 308
678 15 307
690 14 296
695 14 291
703 13 284
700 15 285
705 13 282
709 11 280
711 13 276
717 16 267
717 18 265
721 15 264
722 16 262
733 15 252
730 20 250
730 17 253
736 15 249
740 12 248
740 13 247
740 16 244
740 18 242
736 25 239
735 26 239
734 24 242
732 29 239
730 29 241
720 37 243
718 36 246
713 38 249
709 41 250
706 42 252
699 47 254
693 45 262
685 48 267
681 43 276
684 43 273
680 42 278
682 42 276
683 39 278
682 39 279
676 44 280
668 48 284
667 43 290
660 59 281
663 54 283
660 54 286
657 56 287
656 56 288
652 57 291
649 53 298
648 51 301
649 46 305
649 42 309
651 40 309
646 44 310
645 41 314
633 50 317
618 61 321
615 60 325
603 66 331
597 64 339
594 59 347
587 65 348
587 62 351
579 68 353
572 65 363
567 64 369
561 69 370
555 67 378
550 65 385
557 63 380
557 62 381
560 60 380
552 64 384
549 61 390
542 64 394
544 62 394
545 54 401
550 50 400
556 41 403
555 40 405
555 45 400
553 53 394
554 55 391
552 58 390
551 57 392
551 52 397
554 51 395
556 54 390
561 50 389
565 46 389
575 44 381
576 41 383
582 36 382
593 32 375
596 31 373
605 28 367
604 29 367
606 32 362
606 27 367
606 28 366
609 27 364
604 29 367
605 31 364
604 33 363
609 32 359
615 33 352
619 32 349
614 35 351
610 37 353
601 46 353
597 47 356
593 46 361
592 46 362
593 44 363
596 45 359
600 40 360
597 40 363
600 29 371
602 28 370
601 31 368
605 27 368
609 28 363
614 28 358
617 26 357
623 28 349
628 28 344
631 27 342
632 30 338
640 30 330
636 28 336
641 23 336
647 19 334
648 23 329
647 28 325
644 31 325
641 31 328
635 36 329
635 34 331
631 35 334
627 36 337
619 45 336
614 48 338
614 53 333
614 50 336
613 53 334
615 45 340
616 44 340
613 47 340
609 48 343
605 49 346
604 49 347
600 49 351
595 51 354
599 44 357
608 38 354
604 42 354
602 48 350
600 50 350
597 53 350
592 51 357
583 56 361
582 54 364
584 49 367
586 46 368
589 42 369
592 43 365
595 38 367
591 36 373
593 35 372
594 34 372
596 33 371
589 36 375
593 33 374
596 34 370
598 31 371
598 29 373
605 27 368
610 26 364
615 18 367
619 14 367
625 12 363
628 13 359
635 14 351
632 14 354
640 13 347
646 12 342
647 12 341
651 9 340
656 10 334
656 10 334
661 11 328
665 11 324
670 11 319
672 11 317
674 12 314
676 11 313
679 13 308
681 12 307
