995 5 0
994 5 1
993 3 4
993 2 5
993 2 5
993 2 5
993 1 6
993 1 6
993 1 6
993 1 6
993 1 6
993 1 6
993 1 6
993 2 5
993 2 5
993 2 5
993 2 5
993 2 5
993 2 5
993 2 5
993 2 5
992 3 5
991 2 7
986 7 7
982 11 7
970 21 9
963 21 16
954 24 22
946 30 24
931 40 29
914 51 35
901 55 44
877 67 56
855 78 67
837 85 78
816 90 94
796 94 110
778 90 132
757 101 142
737 106 157
714 120 166
700 108 192
681 119 200
671 117 212
649 120 231
627 125 248
610 124 266
594 127 279
581 122 297
572 119 309
564 113 323
552 113 335
553 93 354
551 87 362
556 86 358
544 90 366
542 87 371
534 91 375
528 86 386
526 77 397
532 71 397
531 68 401
531 53 416
531 53 416
532 55 413
533 53 414
533 47 420
538 44 418
533 47 420
537 46 417
528 51 421
532 51 417
527 52 421
530 54 416
533 50 417
536 47 417
533 48 419
528 44 428
528 43 429
526 43 431
532 45 423
531 43 426
531 39 430
534 42 424
539 45 416
539 42 419
531 45 424
535 42 423
532 35 433
525 41 434
525 45 430
531 45 424
532 41 427
527 47 426
528 44 428
529 40 431
537 36 427
542 33 425
552 34 414
558 31 411
555 31 414
557 30 413
563 26 411
568 23 409
575 21 404
586 14 400
592 12 396
597 12 391
601 11 388
608 14 378
612 12 376
618 13 369
619 12 369
618 17 365
624 18 358
622 20 358
624 23 353
627 23 350
630 19 351
637 20 343
630 29 341
629 33 338
624 38 338
621 43 336
618 44 338
614 44 342
618 42 340
619 44 337
621 40 339
618 41 341
616 41 343
627 33 340
628 30 342
628 29 343
626 29 345
622 34 344
624 32 344
628 28 344
626 32 342
625 29 346
630 25 345
630 28 342
632 22 346
630 21 349
637 22 341
641 20 339
644 21 335
648 21 331
651 20 329
652 21 327
654 19 327
656 17 327
658 17 325
661 14 325
665 13 322
670 14 316
677 15 308
677 20 303
676 21 303
680 17 303
681 18 301
679 22 299
676 25 299
676 26 298
679 31 290
673 35 292
673 33 294
670 34 296
665 38 297
660 38 302
652 40 308
647 39 314
644 41 315
644 40 316
640 44 316
645 39 316
645 36 319
646 32 322
647 33 320
644 34 322
643 37 320
643 30 327
643 30 327
642 29 329
637 31 332
642 33 325
631 39 330
626 38 336
624 37 339
631 31 338
631 31 338
638 35 327
630 45 325
627 45 328
628 42 330
629 36 335
632 27 341
636 26 338
636 30 334
630 34 336
629 35 336
628 31 341
631 24 345
635 20 345
642 17 341
646 16 338
653 13 334
661 11 328
671 10 319
675 12 313
680 10 310
684 9 307
687 11 302
688 12 300
695 14 291
698 16 286
701 20 279
698 30 272
693 31 276
688 31 281
687 35 278
683 36 281
685 33 282
678 45 277
670 52 278
661 61 278
657 58 285
653 61 286
649 59 292
647 58 295
645 49 306
643 46 311
642 42 316
646 39 315
643 42 315
648 41 311
649 38 313
644 42 314
644 45 311
639 51 310
635 49 316
635 43 322
627 45 328
623 49 328
614 60 326
607 60 333
607 58 335
605 54 341
606 55 339
607 49 344
609 51 340
612 43 345
614 43 343
612 39 349
613 40 347
610 39 351
608 33 359
614 33 353
609 34 357
609 37 354
610 34 356
608 34 358
608 35 357
612 33 355
613 30 357
617 30 353
621 28 351
620 26 354
624 24 352
629 26 345
631 27 342
633 27 340
638 24 338
632 33 335
633 31 336
635 28 337
638 28 334
635 27 338
632 29 339
634 28 338
637 29 334
642 28 330
639 33 328
634 35 331
634 40 326
623 45 332
617 53 330
612 49 339
608 50 342
608 49 343
605 55 340
605 53 342
602 51 347
605 47 348
599 49 352
595 48 357
593 41 366
594 37 369
591 34 375
590 29 381
591 26 383
593 22 385
600 20 380
605 13 382
612 14 374
619 13 368
624 11 365
632 11 357
636 10 354
643 7 350
649 6 345
652 8 340
650 15 335
649 19 332
650 21 329
647 22 331
650 25 325
651 23 326
656 21 323
657 26 317
650 35 315
648 38 314
639 43 318
633 49 318
629 51 320
629 49 322
632 40 328
626 40 334
627 39 334
634 37 329
632 38 330
640 36 324
643 33 324
642 31 327
637 34 329
641 33 326
643 34 323
639 37 324
633 40 327
635 38 327
636 39 325
632 40 328
634 41 325
635 44 321
630 49 321
633 44 323
626 51 323
629 50 321
627 44 329
627 47 326
625 45 330
626 38 336
625 36 339
632 33 335
638 29 333
640 27 333
638 30 332
634 30 336
636 30 334
634 30 336
637 28 335
633 32 335
631 33 336
631 31 338
641 24 335
641 24 335
648 20 332
656 19 325
654 22 324
653 22 325
658 23 319
658 23 319
661 20 319
663 20 317
666 18 316
665 22 313
663 24 313
661 28 311
661 32 307
659 36 305
657 41 302
652 40 308
651 44 305
650 41 309
654 35 311
663 34 303
662 30 308
653 39 308
651 43 306
649 46 305
636 52 312
633 51 316
635 46 319
629 52 319
630 44 326
629 43 328
621 49 330
619 45 336
617 39 344
618 38 344
618 35 347
621 26 353
626 25 349
621 30 349
625 27 348
628 29 343
631 34 335
629 35 336
625 38 337
628 35 337
627 37 336
629 39 332
633 35 332
635 32 333
628 38 334
632 37 331
634 39 327
634 33 333
635 27 338
635 27 338
642 27 331
644 23 333
649 20 331
656 17 327
657 20 323
656 22 322
653 27 320
655 28 317
660 27 313
661 30 309
662 34 304
661 31 308
665 23 312
664 26 310
666 27 307
665 30 305
667 33 300
671 30 299
673 23 304
673 27 300
678 24 298
681 27 292
682 24 294
685 28 287
673 31 296
677 28 295
685 22 293
688 18 294
689 20 291
691 24 285
695 20 285
695 22 283
696 21 283
696 23 281
696 24 280
702 18 280
701 18 281
708 17 275
714 17 269
713 18 269
712 23 265
711 26 263
713 25 262
711 24 265
707 24 269
711 22 267
712 23 265
713 26 261
708 36 256
700 34 266
697 39 264
696 40 264
696 38 266
692 41 267
695 38 267
691 38 271
692 35 273
687 37 276
687 33 280
687 36 277
687 35 278
686 34 280
682 34 284
681 29 290
680 25 295
676 29 295
671 28 301
674 30 296
676 28 296
678 27 295
681 29 290
680 29 291
686 26 288
683 27 290
686 24 290
684 27 289
679 33 288
679 31 290
679 34 287
674 36 290
673 32 295
678 31 291
682 27 291
685 27 288
685 25 290
689 20 291
692 20 288
690 20 290
693 17 290
697 16 287
696 15 289
698 15 287
699 16 285
702 14 284
704 13 283
706 13 281
712 12 276
716 12 272
722 10 268
723 14 263
725 15 260
723 14 263
723 17 260
726 18 256
730 21 249
731 19 250
731 22 247
732 25 243
724 35 241
724 34 242
719 37 244
708 47 245
698 51 251
684 60 256
677 62 261
667 65 268
661 68 271
649 72 279
644 68 288
639 67 294
633 65 302
624 64 312
613 67 320
611 65 324
610 65 325
606 56 338
606 49 345
610 43 347
611 38 351
613 39 348
612 38 350
604 42 354
602 42 356
596 45 359
596 36 368
599 34 367
600 36 364
599 34 367
602 32 366
605 35 360
605 36 359
606 36 358
607 38 355
611 34 355
613 33 354
616 26 358
612 31 357
619 24 357
622 19 359
625 18 357
629 14 357
630 16 354
635 16 349
636 16 348
638 15 347
636 20 344
639 20 341
641 21 338
646 23 331
649 24 327
649 27 324
651 22 327
655 28 317
658 29 313
660 31 309
665 23 312
672 19 309
674 18 308
674 18 308
678 18 304
679 20 301
686 15 299
687 16 297
690 13 297
691 15 294
698 12 290
700 14 286
706 12 282
706 10 284
707 8 285
715 7 278
719 6 275
720 6 274
724 7 269
727 6 267
731 3 266
729 6 265
729 8 263
732 7 261
733 8 259
736 9 255
742 9 249
742 11 247
744 11 245
745 9 246
744 11 245
742 14 244
743 14 243
747 11 242
741 16 243
742 18 240
739 23 238
736 27 237
738 25 237
740 24 236
732 23 245
730 25 245
726 28 246
725 26 249
732 23 245
733 22 245
735 20 245
735 25 240
735 27 238
737 22 241
738 22 240
732 28 240
726 36 238
712 43 245
712 37 251
704 39 257
704 40 256
696 43 261
693 45 262
693 43 264
688 45 267
685 45 270
679 46 275
673 48 279
665 51 284
659 56 285
656 56 288
653 57 290
645 61 294
639 63 298
636 58 306
633 53 314
632 50 318
628 49 323
630 53 317
634 47 319
637 41 322
639 40 321
642 39 319
642 40 318
640 42 318
647 38 315
648 33 319
650 33 317
651 27 322
659 27 314
657 28 315
661 24 315
663 19 318
671 20 309
675 19 306
677 20 303
679 20 301
686 18 296
689 17 294
687 19 294
684 20 296
684 20 296
689 21 290
690 22 288
698 23 279
702 19 279
709 19 272
708 21 271
707 24 269
707 25 268
710 28 262
715 23 262
719 18 263
719 17 264
725 17 258
727 14 259
728 16 256
732 16 252
735 18 247
736 17 247
740 16 244
743 16 241
745 13 242
749 10 241
754 10 236
756 10 234
753 12 235
757 13 230
760 13 227
761 11 228
764 14 222
762 17 221
762 21 217
761 24 215
757 29 214
754 27 219
750 33 217
739 39 222
735 38 227
731 37 232
731 34 235
725 36 239
723 35 242
722 33 245
722 32 246
716 36 248
716 31 253
712 34 254
714 33 253
714 27 259
708 30 262
702 34 264
700 38 262
697 39 264
694 42 264
695 42 263
697 37 266
694 36 270
699 33 268
694 32 274
693 34 273
696 30 274
698 30 272
698 28 274
698 24 278
692 28 280
695 27 278
691 28 281
691 30 279
689 36 275
686 32 282
690 32 278
688 35 277
680 39 281
671 49 280
666 48 286
664 46 290
665 45 290
665 37 298
668 32 300
671 36 293
674 31 295
672 28 300
673 30 297
671 33 296
670 39 291
665 37 298
666 35 299
667 35 298
671 34 295
665 36 299
656 45 299
641 53 306
633 52 315
627 52 321
625 52 323
619 56 325
612 56 332
604 54 342
594 59 347
590 58 352
579 64 357
575 59 366
571 63 366
565 71 364
566 71 363
563 64 373
558 62 380
564 56 380
566 52 382
575 45 380
571 50 379
573 48 379
569 47 384
569 50 381
569 47 384
572 40 388
576 32 392
581 34 385
585 34 381
588 33 379
589 33 378
598 30 372
598 36 366
601 30 369
603 26 371
607 23 370
611 20 369
618 21 361
618 21 361
617 25 358
619 23 358
620 22 358
619 28 353
624 25 351
627 20 353
627 19 354
634 22 344
633 22 345
633 22 345
634 26 340
633 25 342
647 21 332
647 24 329
646 24 330
651 21 328
653 21 326
655 19 326
659 21 320
661 24 315
661 27 312
661 33 306
655 36 309
650 39 311
648 35 317
651 29 320
652 29 319
657 22 321
661 20 319
664 19 317
670 14 316
674 13 313
675 14 311
679 14 307
687 15 298
691 14 295
691 17 292
694 14 292
698 14 288
699 13 288
701 11 288
707 12 281
711 12 277
712 13 275
717 12 271
714 19 267
709 27 264
707 24 269
708 26 266
714 27 259
708 33 259
704 35 261
696 37 267
700 33 267
698 38 264
697 39 264
690 44 266
690 51 259
686 53 261
685 50 265
684 47 269
684 41 275
684 36 280
683 36 281
681 38 281
678 35 287
678 37 285
672 42 286
673 41 286
664 54 282
656 49 295
648 54 298
648 56 296
647 52 301
644 55 301
640 56 304
640 53 307
637 46 317
640 37 323
634 41 325
635 39 326
632 34 334
634 32 334
642 32 326
646 25 329
649 18 333
647 21 332
653 17 330
659 15 326
662 16 322
671 12 317
669 18 313
668 17 315
666 19 315
675 17 308
677 14 309
678 14 308
681 16 303
684 18 298
692 15 293
693 14 293
697 14 289
700 13 287
701 12 287
707 8 285
710 6 284
715 4 281
718 5 277
720 6 274
724 7 269
729 7 264
731 7 262
732 8 260
736 7 257
737 8 255
743 9 248
748 9 243
748 13 239
747 15 238
753 12 235
755 13 232
758 12 230
758 11 231
761 13 226
759 14 227
764 16 220
761 20 219
757 26 217
751 28 221
746 27 227
747 20 233
749 18 233
748 19 233
745 24 231
741 27 232
742 29 229
746 25 229
745 21 234
741 21 238
737 24 239
741 22 237
742 22 236
739 26 235
742 24 234
745 22 233
746 21 233
746 22 232
744 23 233
751 23 226
752 20 228
751 21 228
755 21 224
754 25 221
749 26 225
748 31 221
747 29 224
748 26 226
747 24 229
744 31 225
738 35 227
732 38 230
724 41 235
724 41 235
711 51 238
713 44 243
708 46 246
699 51 250
702 50 248
693 58 249
682 64 254
676 56 268
674 55 271
663 55 282
658 59 283
658 59 283
652 60 288
645 63 292
643 59 298
637 57 306
633 53 314
633 50 317
638 42 320
639 40 321
637 38 325
641 31 328
637 31 332
637 38 325
637 34 329
637 36 327
645 36 319
