1000 0 0
999 1 0
999 1 0
998 1 1
994 3 3
991 5 4
985 11 4
982 12 6
980 9 11
971 16 13
962 19 19
952 26 22
936 38 26
920 45 35
900 55 45
875 70 55
853 82 65
831 95 74
802 111 87
771 126 103
743 131 126
726 120 154
708 110 182
690 112 198
681 102 217
662 105 233
654 110 236
638 119 243
623 110 267
616 102 282
609 102 289
603 100 297
597 99 304
590 105 305
580 104 316
568 112 320
550 118 332
542 106 352
536 107 357
527 102 371
521 96 383
519 88 393
516 83 401
521 82 397
526 73 401
528 57 415
527 54 419
531 48 421
532 44 424
538 39 423
535 43 422
534 47 419
537 42 421
541 36 423
546 36 418
546 36 418
551 29 420
559 22 419
564 24 412
569 23 408
575 23 402
577 22 401
578 24 398
582 19 399
585 19 396
588 22 390
589 27 384
593 29 378
599 24 377
600 26 374
606 26 368
612 26 362
611 31 358
612 31 357
611 34 355
616 32 352
618 27 355
619 21 360
626 18 356
629 13 358
637 12 351
646 11 343
650 12 338
657 12 331
657 13 330
660 13 327
669 14 317
676 14 310
677 14 309
683 14 303
686 16 298
689 15 296
690 17 293
692 19 289
689 22 289
692 23 285
694 26 280
692 29 279
689 29 282
694 29 277
699 27 274
699 25 276
702 21 277
705 20 275
710 20 270
707 27 266
705 26 269
704 26 270
701 30 269
695 32 273
692 37 271
689 36 275
688 32 280
691 32 277
697 29 274
696 26 278
694 29 277
692 27 281
693 29 278
694 29 277
691 35 274
696 33 271
691 39 270
686 34 280
683 39 278
683 35 282
679 37 284
679 37 284
679 40 281
679 38 283
673 37 290
673 35 292
675 36 289
675 33 292
680 29 291
683 30 287
679 30 291
680 30 290
683 26 291
687 29 284
686 28 286
685 26 289
684 26 290
687 26 287
688 27 285
686 27 287
688 29 283
679 37 284
684 32 284
680 34 286
678 33 289
678 33 289
671 37 292
673 28 299
670 26 304
672 20 308
675 23 302
674 29 297
675 29 296
667 28 305
664 35 301
657 38 305
655 39 306
655 37 308
657 35 308
657 34 309
658 30 312
661 31 308
673 27 300
677 26 297
674 28 298
671 33 296
673 31 296
673 29 298
671 27 302
674 25 301
669 34 297
665 36 299
663 34 303
667 30 303
675 25 300
680 23 297
680 26 294
675 25 300
679 24 297
675 24 301
669 29 302
667 31 302
662 37 301
664 41 295
661 38 301
660 39 301
658 40 302
660 43 297
661 46 293
661 45 294
663 43 294
663 46 291
654 48 298
652 44 304
654 39 307
649 44 307
652 44 304
648 47 305
645 46 309
647 41 312
647 36 317
647 37 316
646 36 318
651 32 317
650 34 316
648 35 317
650 41 309
653 36 311
653 34 313
649 33 318
649 32 319
652 26 322
656 25 319
658 21 321
663 20 317
660 22 318
663 25 312
662 23 315
664 22 314
664 23 313
667 28 305
672 24 304
675 22 303
680 23 297
680 23 297
679 22 299
681 20 299
686 20 294
692 19 289
694 20 286
701 20 279
701 24 275
702 24 274
701 23 276
703 22 275
701 26 273
700 27 273
701 29 270
697 31 272
694 27 279
689 30 281
688 31 281
680 33 287
678 29 293
680 27 293
673 30 297
667 33 300
664 40 296
661 44 295
664 45 291
664 46 290
655 50 295
655 46 299
656 45 299
647 48 305
647 42 311
647 42 311
639 45 316
643 44 313
644 47 309
648 39 313
645 38 317
644 40 316
647 40 313
649 34 317
647 35 318
648 33 319
652 28 320
651 30 319
653 30 317
663 21 316
669 20 311
674 22 304
680 18 302
684 20 296
689 23 288
690 24 286
692 26 282
688 30 282
686 29 285
686 29 285
686 29 285
687 29 284
689 31 280
690 27 283
696 25 279
694 27 279
691 28 281
688 31 281
691 29 280
691 33 276
698 33 269
692 37 271
691 34 275
688 30 282
683 36 281
677 37 286
679 36 285
673 38 289
666 35 299
657 39 304
657 36 307
652 37 311
653 40 307
651 40 309
649 45 306
649 49 302
647 50 303
641 55 304
633 54 313
627 60 313
630 55 315
625 56 319
625 49 326
623 47 330
624 46 330
625 38 337
630 32 338
634 29 337
632 34 334
638 33 329
640 33 327
645 28 327
649 25 326
648 22 330
652 24 324
654 24 322
650 27 323
656 26 318
659 26 315
665 27 308
659 36 305
656 47 297
655 44 301
651 51 298
650 52 298
654 47 299
641 56 303
636 58 306
635 58 307
634 53 313
629 59 312
621 63 316
616 62 322
622 60 318
619 52 329
617 46 337
614 45 341
619 37 344
616 34 350
614 35 351
615 38 347
614 37 349
615 39 346
613 37 350
612 31 357
620 33 347
621 35 344
619 30 351
615 33 352
614 38 348
608 41 351
608 43 349
611 40 349
615 37 348
611 37 352
609 27 364
610 24 366
613 22 365
617 24 359
620 24 356
619 25 356
619 33 348
618 31 351
624 28 348
624 28 348
626 25 349
631 24 345
631 26 343
631 28 341
633 24 343
643 23 334
645 25 330
640 31 329
631 38 331
635 38 327
638 36 326
633 37 330
632 37 331
631 39 330
628 43 329
631 41 328
631 43 326
634 40 326
636 37 327
638 32 330
637 29 334
637 31 332
638 28 334
646 22 332
652 26 322
655 26 319
660 24 316
662 27 311
660 28 312
653 37 310
649 42 309
641 46 313
637 51 312
624 58 318
624 55 321
618 60 322
609 67 324
604 67 329
600 66 334
596 67 337
588 65 347
589 66 345
593 65 342
589 71 340
591 67 342
582 74 344
579 65 356
575 63 362
581 60 359
581 56 363
575 53 372
579 45 376
582 43 375
587 43 370
591 41 368
590 43 367
591 37 372
591 33 376
594 36 370
593 34 373
595 35 370
601 33 366
601 27 372
608 28 364
615 30 355
619 30 351
621 25 354
621 28 351
623 28 349
631 25 344
634 22 344
637 22 341
641 24 335
642 18 340
645 19 336
648 22 330
647 22 331
645 25 330
643 27 330
648 24 328
652 23 325
653 19 328
653 22 325
658 23 319
661 27 312
659 28 313
658 30 312
662 25 313
664 25 311
668 23 309
667 22 311
667 27 306
670 28 302
670 29 301
671 27 302
668 33 299
672 30 298
672 32 296
673 33 294
671 31 298
670 33 297
677 27 296
678 23 299
680 24 296
680 26 294
683 23 294
684 21 295
685 18 297
689 18 293
696 17 287
700 19 281
702 16 282
701 18 281
701 17 282
712 15 273
717 13 270
727 12 261
729 11 260
729 11 260
733 8 259
739 6 255
745 5 250
749 4 247
752 4 244
752 5 243
752 8 240
754 7 239
756 6 238
759 5 236
758 8 234
760 9 231
759 9 232
758 6 236
758 7 235
755 11 234
755 10 235
756 11 233
757 13 230
757 15 228
754 16 230
750 19 231
748 17 235
749 13 238
748 20 232
738 28 234
734 29 237
734 30 236
730 32 238
730 34 236
726 37 237
725 39 236
726 37 237
719 42 239
721 43 236
714 50 236
708 47 245
709 49 242
712 48 240
712 46 242
710 46 244
701 50 249
697 53 250
696 51 253
694 45 261
690 48 262
687 49 264
686 46 268
686 42 272
682 44 274
687 39 274
688 37 275
682 38 280
679 37 284
676 39 285
680 38 282
680 37 283
685 40 275
683 34 283
683 32 285
676 35 289
672 39 289
673 37 290
675 43 282
671 46 283
670 44 286
665 42 293
661 47 292
651 53 296
651 52 297
646 55 299
636 63 301
636 57 307
632 58 310
626 59 315
626 52 322
622 52 326
617 54 329
613 56 331
604 59 337
599 58 343
594 56 350
591 51 358
590 47 363
586 48 366
589 42 369
591 41 368
595 38 367
596 39 365
594 39 367
590 40 370
583 41 376
590 38 372
595 35 370
599 35 366
602 34 364
602 33 365
604 32 364
611 31 358
616 31 353
619 25 356
619 24 357
623 23 354
623 26 351
627 27 346
628 27 345
629 27 344
632 26 342
625 35 340
626 38 336
624 34 342
625 34 341
625 32 343
630 32 338
628 34 338
624 35 341
621 37 342
627 33 340
628 32 340
627 31 342
629 30 341
632 28 340
638 26 336
640 24 336
644 24 332
646 21 333
648 26 326
652 25 323
653 20 327
658 16 326
652 20 328
653 23 324
648 23 329
651 24 325
656 21 323
660 19 321
668 20 312
670 20 310
669 22 309
675 19 306
679 19 302
679 22 299
685 22 293
685 21 294
682 19 299
686 20 294
689 23 288
689 22 289
684 24 292
687 25 288
691 25 284
687 25 288
687 29 284
689 23 288
690 21 289
694 18 288
692 17 291
690 17 293
694 15 291
698 10 292
702 6 292
711 4 285
713 5 282
715 6 279
720 8 272
724 9 267
729 9 262
729 13 258
731 9 260
734 9 257
735 8 257
743 8 249
742 10 248
742 11 247
746 10 244
749 8 243
749 8 243
751 7 242
755 8 237
756 10 234
759 8 233
761 8 231
763 6 231
765 8 227
768 8 224
769 10 221
769 11 220
770 11 219
772 10 218
775 6 219
777 10 213
782 10 208
777 15 208
777 15 208
773 16 211
773 15 212
774 14 212
769 15 216
768 20 212
764 23 213
763 22 215
763 24 213
763 25 212
756 30 214
753 29 218
749 34 217
748 41 211
740 46 214
736 43 221
732 45 223
716 52 232
715 52 233
710 56 234
701 54 245
695 55 250
692 59 249
683 67 250
675 65 260
670 61 269
661 60 279
655 61 284
653 59 288
653 60 287
650 63 287
640 66 294
639 65 296
631 59 310
632 60 308
634 60 306
631 55 314
633 58 309
632 54 314
627 52 321
622 49 329
621 48 331
625 43 332
624 47 329
628 42 330
629 48 323
631 46 323
634 47 319
634 47 319
635 44 321
632 42 326
632 42 326
638 33 329
643 28 329
640 33 327
634 32 334
636 27 337
640 22 338
642 26 332
643 24 333
646 23 331
645 21 334
651 22 327
648 24 328
647 23 330
645 27 328
646 31 323
643 31 326
647 27 326
654 24 322
658 17 325
661 19 320
658 20 322
665 19 316
668 19 313
664 24 312
662 28 310
666 27 307
674 26 300
668 26 306
666 22 312
667 21 312
670 21 309
671 20 309
669 18 313
674 18 308
685 20 295
694 20 286
692 17 291
691 19 290
687 23 290
689 24 287
690 23 287
689 25 286
691 22 287
693 24 283
689 29 282
691 30 279
691 30 279
691 28 281
693 26 281
697 24 279
697 21 282
696 25 279
698 22 280
698 22 280
700 23 277
702 22 276
703 22 275
700 25 275
693 28 279
687 29 284
685 28 287
683 33 284
677 30 293
674 34 292
662 42 296
652 45 303
647 49 304
639 54 307
633 53 314
632 55 313
625 60 315
621 55 324
621 48 331
626 39 335
624 39 337
629 34 337
628 36 336
632 32 336
630 30 340
636 26 338
634 27 339
629 30 341
627 34 339
627 37 336
626 35 339
623 39 338
623 38 339
622 38 340
618 47 335
620 42 338
614 46 340
613 49 338
605 48 347
601 49 350
601 50 349
606 50 344
607 53 340
601 57 342
593 59 348
593 57 350
589 56 355
585 64 351
575 71 354
574 63 363
576 59 365
577 55 368
585 46 369
581 46 373
583 47 370
582 51 367
589 47 364
586 50 364
591 44 365
596 34 370
601 31 368
606 33 361
605 32 363
606 30 364
612 27 361
613 29 358
618 30 352
622 28 350
625 29 346
626 24 350
629 21 350
632 19 349
635 18 347
640 19 341
643 18 339
646 14 340
652 10 338
661 9 330
662 8 330
664 10 326
673 8 319
672 12 316
674 10 316
680 11 309
684 13 303
689 15 296
694 16 290
693 16 291
693 20 287
689 26 285
693 21 286
689 24 287
690 25 285
687 30 283
688 27 285
681 33 286
679 31 290
674 34 292
672 34 294
669 34 297
667 35 298
664 37 299
663 38 299
666 41 293
667 39 294
663 43 294
662 40 298
664 39 297
663 41 296
664 36 300
655 45 300
651 47 302
647 46 307
644 41 315
645 38 317
642 37 321
649 33 318
654 27 319
653 27 320
651 26 323
645 30 325
643 33 324
642 32 326
638 35 327
639 30 331
643 31 326
644 30 326
644 28 328
644 31 325
649 32 319
645 37 318
645 32 323
645 28 327
645 26 329
642 29 329
641 33 326
641 28 331
646 28 326
647 27 326
650 24 326
648 29 323
653 28 319
655 26 319
656 26 318
658 30 312
653 39 308
648 40 312
645 39 316
643 38 319
643 32 325
640 36 324
642 33 325
649 27 324
647 34 319
645 38 317
641 38 321
642 34 324
638 40 322
639 33 328
648 33 319
646 33 321
644 36 320
639 31 330
639 33 328
629 41 330
626 38 336
626 37 337
622 38 340
624 39 337
623 41 336
620 44 336
619 39 342
619 42 339
614 46 340
614 38 348
620 36 344
616 38 346
617 39 344
613 40 347
612 36 352
616 35 349
616 34 350
613 36 351
610 35 355
611 36 353
609 37 354
605 32 363
608 32 360
610 32 358
617 24 359
624 19 357
628 21 351
635 17 348
634 21 345
637 20 343
638 25 337
643 26 331
644 29 327
653 26 321
655 24 321
662 24 314
