995 5 0
993 7 0
992 8 0
989 10 1
982 17 1
978 17 5
965 24 11
952 32 16
930 48 22
916 51 33
892 68 40
863 82 55
844 89 67
823 96 81
805 100 95
776 116 108
756 116 128
726 137 137
706 134 160
686 131 183
661 132 207
637 142 221
617 139 244
599 139 262
585 125 290
575 120 305
566 112 322
565 105 330
562 97 341
560 93 347
554 87 359
557 79 364
553 74 373
553 60 387
551 52 397
552 51 397
551 48 401
548 51 401
549 56 395
541 61 398
536 61 403
531 61 408
537 54 409
540 54 406
531 58 411
521 66 413
517 66 417
514 57 429
512 49 439
513 49 438
516 46 438
517 39 444
519 35 446
519 39 442
528 35 437
530 34 436
533 33 434
539 35 426
540 31 429
547 27 426
552 25 423
560 27 413
556 27 417
568 28 404
569 28 403
578 25 397
586 22 392
590 21 389
593 18 389
598 18 384
607 15 378
610 14 376
611 13 376
614 11 375
619 11 370
622 14 364
631 13 356
633 15 352
639 14 347
643 13 344
647 12 341
658 13 329
663 11 326
661 13 326
665 13 322
668 12 320
671 10 319
679 8 313
688 7 305
695 5 300
697 8 295
701 8 291
704 5 291
708 6 286
713 5 282
713 4 283
720 7 273
717 13 270
720 12 268
719 13 268
720 14 266
719 22 259
711 31 258
701 38 261
695 41 264
690 45 265
691 42 267
692 39 269
689 40 271
687 39 274
684 42 274
685 44 271
684 42 274
685 40 275
679 43 278
679 40 281
681 37 282
685 34 281
684 30 286
688 31 281
683 30 287
682 28 290
688 25 287
691 24 285
697 19 284
695 23 282
703 20 277
704 21 275
701 20 279
706 19 275
713 17 270
717 15 268
712 21 267
710 24 266
708 28 264
702 31 267
700 30 270
702 22 276
706 20 274
706 21 273
706 26 268
703 25 272
702 23 275
702 22 276
706 19 275
700 22 278
694 30 276
689 36 275
685 44 271
672 55 273
668 60 272
665 53 282
659 53 288
653 53 294
644 56 300
642 48 310
639 48 313
643 51 306
640 51 309
635 53 312
630 51 319
630 54 316
630 53 317
626 54 320
626 53 321
617 57 326
615 55 330
614 53 333
618 53 329
618 44 338
620 46 334
619 51 330
622 44 334
625 43 332
626 44 330
620 46 334
620 43 337
621 42 337
623 41 336
624 38 338
625 32 343
631 25 344
637 26 337
639 29 332
642 26 332
641 24 335
646 22 332
653 21 326
658 20 322
657 25 318
657 26 317
660 27 313
664 29 307
666 29 305
670 26 304
664 30 306
662 31 307
665 30 305
669 30 301
669 29 302
669 29 302
672 29 299
670 25 305
667 31 302
660 36 304
661 35 304
658 34 308
663 32 305
662 32 306
660 30 310
661 29 310
662 33 305
673 28 299
681 28 291
679 34 287
681 35 284
681 34 285
680 29 291
684 20 296
688 16 296
694 9 297
700 8 292
710 6 284
712 7 281
718 7 275
719 6 275
722 2 276
723 3 274
728 2 270
727 4 269
729 4 267
733 5 262
745 6 249
745 8 247
748 7 245
750 9 241
754 11 235
754 12 234
753 16 231
745 24 231
743 28 229
728 43 229
716 49 235
703 62 235
697 62 241
691 64 245
692 58 250
683 59 258
678 60 262
675 56 269
675 50 275
669 52 279
664 54 282
665 57 278
664 55 281
659 58 283
653 61 286
649 62 289
643 64 293
642 63 295
634 59 307
624 61 315
625 55 320
620 53 327
618 53 329
616 54 330
615 55 330
613 54 333
614 52 334
618 46 336
615 46 339
609 43 348
612 39 349
620 34 346
625 26 349
626 25 349
628 25 347
633 23 344
636 22 342
649 22 329
648 21 331
649 26 325
652 28 320
654 24 322
650 23 327
644 28 328
646 27 327
649 26 325
647 30 323
651 23 326
656 26 318
650 32 318
645 37 318
646 35 319
645 29 326
644 32 324
641 34 325
648 33 319
644 39 317
634 45 321
632 45 323
630 45 325
627 47 326
623 47 330
620 43 337
625 42 333
625 36 339
621 40 339
611 51 338
609 48 343
603 49 348
601 52 347
600 53 347
593 51 356
586 54 360
588 46 366
591 50 359
590 50 360
589 41 370
590 38 372
594 32 374
596 33 371
594 31 375
592 31 377
599 32 369
601 24 375
602 24 374
602 26 372
607 26 367
605 30 365
608 29 363
602 36 362
599 39 362
593 41 366
598 35 367
601 34 365
606 32 362
600 34 366
601 33 366
604 34 362
603 33 364
599 41 360
597 44 359
596 44 360
592 48 360
593 45 362
587 40 373
585 36 379
587 35 378
592 37 371
591 39 370
588 35 377
591 31 378
596 29 375
606 22 372
615 21 364
616 20 364
618 22 360
614 26 360
618 25 357
622 25 353
628 24 348
636 25 339
645 24 331
648 24 328
649 26 325
652 23 325
650 29 321
650 28 322
649 28 323
652 29 319
653 28 319
649 29 322
648 25 327
652 24 324
652 25 323
649 28 323
650 27 323
650 23 327
653 21 326
654 21 325
654 25 321
659 21 320
657 21 322
658 22 320
664 23 313
665 21 314
664 20 316
665 25 310
672 24 304
673 22 305
669 25 306
674 23 303
671 25 304
674 24 302
681 26 293
680 25 295
685 24 291
687 23 290
686 26 288
689 23 288
690 21 289
691 19 290
690 21 289
691 20 289
694 19 287
696 19 285
689 23 288
695 24 281
693 28 279
686 36 278
675 49 276
668 48 284
659 57 284
649 58 293
647 58 295
641 55 304
648 45 307
649 39 312
648 38 314
648 38 314
648 34 318
649 34 317
646 34 320
651 29 320
654 31 315
657 30 313
654 32 314
653 32 315
654 31 315
651 38 311
655 33 312
657 29 314
664 27 309
669 21 310
675 15 310
683 13 304
691 15 294
694 15 291
701 18 281
706 19 275
706 22 272
708 20 272
701 28 271
704 30 266
709 28 263
708 28 264
706 30 264
693 35 272
694 34 272
698 33 269
696 36 268
699 35 266
702 31 267
700 34 266
698 30 272
696 29 275
690 36 274
682 38 280
679 46 275
674 47 279
665 59 276
668 54 278
666 52 282
659 54 287
663 50 287
658 53 289
659 49 292
654 49 297
655 39 306
652 36 312
653 36 311
657 29 314
662 25 313
661 26 313
669 23 308
666 26 308
666 29 305
667 31 302
673 26 301
675 26 299
684 23 293
681 26 293
684 26 290
683 24 293
679 28 293
678 27 295
678 31 291
677 32 291
681 29 290
683 28 289
685 26 289
687 24 289
691 19 290
692 19 289
696 19 285
704 20 276
709 20 271
709 22 269
707 26 267
708 26 266
710 21 269
711 19 270
712 19 269
714 18 268
710 17 273
710 19 271
706 22 272
705 25 270
703 25 272
702 24 274
703 25 272
706 24 270
707 26 267
702 28 270
706 29 265
704 34 262
705 36 259
702 37 261
708 34 258
699 39 262
698 41 261
680 56 264
676 58 266
673 55 272
663 63 274
654 66 280
649 60 291
650 52 298
647 56 297
651 49 300
651 46 303
654 45 301
648 47 305
641 51 308
638 48 314
632 51 317
627 50 323
624 52 324
620 54 326
618 61 321
619 56 325
616 52 332
614 57 329
619 50 331
616 48 336
619 44 337
620 42 338
625 40 335
627 36 337
636 30 334
636 30 334
638 30 332
632 31 337
635 31 334
635 31 334
636 30 334
643 23 334
645 21 334
648 21 331
650 21 329
648 28 324
646 34 320
648 34 318
645 36 319
642 40 318
643 37 320
631 41 328
624 46 330
616 51 333
609 57 334
603 61 336
592 69 339
588 65 347
581 68 351
572 71 357
569 72 359
562 69 369
563 66 371
561 71 368
553 71 376
556 69 375
559 60 381
559 53 388
560 44 396
563 40 397
568 39 393
574 34 392
577 34 389
591 30 379
594 27 379
600 29 371
606 29 365
614 24 362
621 25 354
622 25 353
627 21 352
626 14 360
628 18 354
632 16 352
630 17 353
636 16 348
638 18 344
640 20 340
640 20 340
640 22 338
644 20 336
648 18 334
650 24 326
654 19 327
656 23 321
659 21 320
661 21 318
660 25 315
662 23 315
672 22 306
673 21 306
674 17 309
678 20 302
675 19 306
679 19 302
680 18 302
682 18 300
689 18 293
689 18 293
689 18 293
693 15 292
698 14 288
702 15 283
707 14 279
703 20 277
704 20 276
703 23 274
703 29 268
697 35 268
695 35 270
690 38 272
690 39 271
685 40 275
681 41 278
679 38 283
674 40 286
679 34 287
682 36 282
686 32 282
675 35 290
666 39 295
666 39 295
669 37 294
669 38 293
669 34 297
664 33 303
669 26 305
670 26 304
677 24 299
674 24 302
676 27 297
679 21 300
685 22 293
686 23 291
689 18 293
696 17 287
700 16 284
707 16 277
710 15 275
714 12 274
719 12 269
721 13 266
726 12 262
730 12 258
737 9 254
741 8 251
743 9 248
748 9 243
746 10 244
754 9 237
758 8 234
758 7 235
762 9 229
756 13 231
755 16 229
757 12 231
757 11 232
757 11 232
752 16 232
753 17 230
758 19 223
756 21 223
755 22 223
755 22 223
759 16 225
762 14 224
762 14 224
761 16 223
762 16 222
756 21 223
754 21 225
759 20 221
758 23 219
753 28 219
746 27 227
739 32 229
729 36 235
726 36 238
725 37 238
722 42 236
716 43 241
712 48 240
704 53 243
699 51 250
701 47 252
701 46 253
701 48 251
699 47 254
693 52 255
686 54 260
681 55 264
678 56 266
674 56 270
668 58 274
658 57 285
652 58 290
647 55 298
639 57 304
633 54 313
616 63 321
609 65 326
600 62 338
595 60 345
593 58 349
597 52 351
602 47 351
604 43 353
608 42 350
604 47 349
603 46 351
604 45 351
597 51 352
590 53 357
591 47 362
594 43 363
599 40 361
594 47 359
594 48 358
585 54 361
576 55 369
564 61 375
568 55 377
562 60 378
568 55 377
566 53 381
561 55 384
560 54 386
558 54 388
560 49 391
558 47 395
562 46 392
565 39 396
565 37 398
576 32 392
586 29 385
596 29 375
599 26 375
600 22 378
601 23 376
604 29 367
608 27 365
613 24 363
618 26 356
621 28 351
624 26 350
625 26 349
627 25 348
637 21 342
640 26 334
636 30 334
638 25 337
642 23 335
649 21 330
654 20 326
652 25 323
644 32 324
643 35 322
636 35 329
637 33 330
637 32 331
632 40 328
632 40 328
630 40 330
629 46 325
636 41 323
641 34 325
645 33 322
654 32 314
658 35 307
660 32 308
660 33 307
663 34 303
660 36 304
661 38 301
665 33 302
656 41 303
659 46 295
652 48 300
648 48 304
646 51 303
645 45 310
644 46 310
638 49 313
631 54 315
627 56 317
626 53 321
624 53 323
623 50 327
620 52 328
613 55 332
605 51 344
601 55 344
597 54 349
595 52 353
594 55 351
593 49 358
598 49 353
596 48 356
588 55 357
588 56 356
584 54 362
582 51 367
584 49 367
581 55 364
581 58 361
579 58 363
570 64 366
562 69 369
560 65 375
561 62 377
560 60 380
561 62 377
572 59 369
568 60 372
563 63 374
565 62 373
560 64 376
554 67 379
550 67 383
550 66 384
550 56 394
547 51 402
546 54 400
556 46 398
556 37 407
551 40 409
552 38 410
552 36 412
553 32 415
560 31 409
561 26 413
567 25 408
566 29 405
571 27 402
574 29 397
573 29 398
576 29 395
585 30 385
584 29 387
588 27 385
593 26 381
594 28 378
595 26 379
598 28 374
603 25 372
609 23 368
613 20 367
617 21 362
622 19 359
626 21 353
632 21 347
636 22 342
644 22 334
639 33 328
638 36 326
642 31 327
646 28 326
646 21 333
652 19 329
659 16 325
657 16 327
659 16 325
655 23 322
660 24 316
667 23 310
663 33 304
662 36 302
665 36 299
667 36 297
668 36 296
667 38 295
671 37 292
667 41 292
664 45 291
656 53 291
657 48 295
659 46 295
653 46 301
654 44 302
645 47 308
642 43 315
641 41 318
645 34 321
643 36 321
647 34 319
648 32 320
650 33 317
649 35 316
653 36 311
652 37 311
654 35 311
658 31 311
661 29 310
662 30 308
661 26 313
657 24 319
664 24 312
664 23 313
667 24 309
668 23 309
671 23 306
669 27 304
671 24 305
661 34 305
663 37 300
660 43 297
657 38 305
653 41 306
654 38 308
658 39 303
650 46 304
646 45 309
642 50 308
638 58 304
633 56 311
628 64 308
621 64 315
615 65 320
616 60 324
612 57 331
614 57 329
617 54 329
614 56 330
615 51 334
613 53 334
612 51 337
609 48 343
617 44 339
620 44 336
625 44 331
627 42 331
623 46 331
624 42 334
627 43 330
632 43 325
634 47 319
637 43 320
633 46 321
634 47 319
630 46 324
628 47 325
629 47 324
623 54 323
623 56 321
626 50 324
627 45 328
631 46 323
629 46 325
626 47 327
624 45 331
621 55 324
616 55 329
613 54 333
612 51 337
605 50 345
605 48 347
605 46 349
600 50 350
600 47 353
606 40 354
611 39 350
617 36 347
615 41 344
623 36 341
624 36 340
627 30 343
636 26 338
633 31 336
635 34 331
634 39 327
633 43 324
636 39 325
638 37 325
636 39 325
635 39 326
