1000 0 0
1000 0 0
998 1 1
998 1 1
998 0 2
998 0 2
998 0 2
998 0 2
999 0 1
999 0 1
999 0 1
999 0 1
998 1 1
998 1 1
998 1 1
998 1 1
998 1 1
998 1 1
996 3 1
993 6 1
991 6 3
978 15 7
970 21 9
960 23 17
946 32 22
934 39 27
918 48 34
910 48 42
884 66 50
860 76 64
843 84 73
814 93 93
797 95 108
776 105 119
761 100 139
741 100 159
729 102 169
721 91 188
707 91 202
705 82 213
698 72 230
693 78 229
685 77 238
669 83 248
656 87 257
651 87 262
649 74 277
644 68 288
637 69 294
630 69 301
623 67 310
616 74 310
608 77 315
603 68 329
595 70 335
597 60 343
597 51 352
595 56 349
598 53 349
604 53 343
605 47 348
601 45 354
603 45 352
605 45 350
604 48 348
604 48 348
605 43 352
615 37 348
616 31 353
617 30 353
619 28 353
622 27 351
622 27 351
624 22 354
625 20 355
630 20 350
627 22 351
630 22 348
641 21 338
639 25 336
637 27 336
637 25 338
636 25 339
642 27 331
643 20 337
646 18 336
649 18 333
654 19 327
658 15 327
663 13 324
670 10 320
676 10 314
681 11 308
683 12 305
683 12 305
685 13 302
688 12 300
691 9 300
691 11 298
697 7 296
699 8 293
699 9 292
707 8 285
709 10 281
709 12 279
709 14 277
709 20 271
707 25 268
703 28 269
697 31 272
695 31 274
693 37 270
694 39 267
693 40 267
686 45 269
682 48 270
675 53 272
676 53 271
670 57 273
660 59 281
659 55 286
647 57 296
630 68 302
622 73 305
613 79 308
606 71 323
594 74 332
589 75 336
589 67 344
593 62 345
591 62 347
586 62 352
588 58 354
580 58 362
586 53 361
591 48 361
591 44 365
588 46 366
584 49 367
586 44 370
590 42 368
585 46 369
584 45 371
581 47 372
588 43 369
591 43 366
593 39 368
594 36 370
593 31 376
598 34 368
601 37 362
600 40 360
599 33 368
602 33 365
604 24 372
604 22 374
611 20 369
613 21 366
618 19 363
623 21 356
630 21 349
629 20 351
632 21 347
632 24 344
641 25 334
648 24 328
654 25 321
658 21 321
656 24 320
657 22 321
665 23 312
670 21 309
674 23 303
674 22 304
680 23 297
681 25 294
682 29 289
685 28 287
685 24 291
694 24 282
698 23 279
701 25 274
705 25 270
706 26 268
709 26 265
715 22 263
718 17 265
722 14 264
722 13 265
727 12 261
729 16 255
727 18 255
723 20 257
723 21 256
725 22 253
723 20 257
726 19 255
725 24 251
723 23 254
719 28 253
718 27 255
722 29 249
724 29 247
725 30 245
728 28 244
726 28 246
726 24 250
725 23 252
723 25 252
721 26 253
722 26 252
723 28 249
723 28 249
731 23 246
728 27 245
730 25 245
726 27 247
728 30 242
726 32 242
725 29 246
722 32 246
722 29 249
722 33 245
724 26 250
721 28 251
722 26 252
719 29 252
717 31 252
714 31 255
707 31 262
708 30 262
711 24 265
709 23 268
706 24 270
708 25 267
707 23 270
704 23 273
706 21 273
703 24 273
702 28 270
703 26 271
695 32 273
698 23 279
698 23 279
697 24 279
704 22 274
705 22 273
701 21 278
704 20 276
710 22 268
712 21 267
705 24 271
706 25 269
703 28 269
702 29 269
699 31 270
699 34 267
695 39 266
685 45 270
685 46 269
687 42 271
687 41 272
682 42 276
681 44 275
682 42 276
676 38 286
673 40 287
677 37 286
681 33 286
676 34 290
674 36 290
675 39 286
673 34 293
669 43 288
672 39 289
670 39 291
665 40 295
662 45 293
663 40 297
660 41 299
660 43 297
655 43 302
655 38 307
658 34 308
658 35 307
661 29 310
663 26 311
666 29 305
665 28 307
668 27 305
667 30 303
666 31 303
663 35 302
663 36 301
661 39 300
658 40 302
658 34 308
657 34 309
656 35 309
655 36 309
654 32 314
657 32 311
662 29 309
668 20 312
670 18 312
680 16 304
683 17 300
684 15 301
689 18 293
689 20 291
691 21 288
690 24 286
691 18 291
698 12 290
700 11 289
699 15 286
693 22 285
691 23 286
692 23 285
693 21 286
693 22 285
699 23 278
698 20 282
698 18 284
699 17 284
697 22 281
699 20 281
698 20 282
698 23 279
697 23 280
694 23 283
698 21 281
697 21 282
700 18 282
699 20 281
698 22 280
698 28 274
701 24 275
703 24 273
705 21 274
704 22 274
700 27 273
703 19 278
705 20 275
714 17 269
717 17 266
723 17 260
720 16 264
714 22 264
714 25 261
714 25 261
710 26 264
704 28 268
697 34 269
694 37 269
689 41 270
685 43 272
679 49 272
676 48 276
674 39 287
674 34 292
671 38 291
666 43 291
660 47 293
655 48 297
648 51 301
648 47 305
641 59 300
641 48 311
640 46 314
638 47 315
643 46 311
637 43 320
629 45 326
626 46 328
624 46 330
632 42 326
637 39 324
633 41 326
632 39 329
633 39 328
635 34 331
638 35 327
636 36 328
639 34 327
641 34 325
636 36 328
639 30 331
638 32 330
636 27 337
642 28 330
640 28 332
650 24 326
653 24 323
653 20 327
656 18 326
667 17 316
674 16 310
680 14 306
682 11 307
686 11 303
692 12 296
696 8 296
701 5 294
710 6 284
715 6 279
717 8 275
716 12 272
719 14 267
718 14 268
708 19 273
707 19 274
708 23 269
703 25 272
698 30 272
693 31 276
689 32 279
688 37 275
687 40 273
680 40 280
683 39 278
677 42 281
675 40 285
678 36 286
675 41 284
666 43 291
663 47 290
660 47 293
662 42 296
660 48 292
661 42 297
662 44 294
648 53 299
653 47 300
660 44 296
655 47 298
649 52 299
643 50 307
637 51 312
630 47 323
634 42 324
630 42 328
633 43 324
635 35 330
632 30 338
632 25 343
632 23 345
632 19 349
641 16 343
646 17 337
652 14 334
656 14 330
651 18 331
653 17 330
661 20 319
663 24 313
671 21 308
671 22 307
674 24 302
676 26 298
677 26 297
677 31 292
675 32 293
680 33 287
674 39 287
670 35 295
670 30 300
673 28 299
673 29 298
677 28 295
676 29 295
674 30 296
673 32 295
668 40 292
665 43 292
665 44 291
661 47 292
660 47 293
659 47 294
657 52 291
658 46 296
658 49 293
655 47 298
652 50 298
652 47 301
648 48 304
643 49 308
649 46 305
652 45 303
649 45 306
646 50 304
641 49 310
644 48 308
640 48 312
631 57 312
630 65 305
631 61 308
629 60 311
623 54 323
630 48 322
630 49 321
626 52 322
629 42 329
634 39 327
633 36 331
640 33 327
638 33 329
635 37 328
642 38 320
638 43 319
640 41 319
640 36 324
642 32 326
641 29 330
647 30 323
651 28 321
652 27 321
656 27 317
652 35 313
651 33 316
657 33 310
660 32 308
657 35 308
656 34 310
646 37 317
647 35 318
642 43 315
646 38 316
645 39 316
649 37 314
649 41 310
648 38 314
648 41 311
652 41 307
654 36 310
653 37 310
655 35 310
657 39 304
650 41 309
654 37 309
656 34 310
656 39 305
648 46 306
645 50 305
648 46 306
646 44 310
643 46 311
642 44 314
639 41 320
641 41 318
640 40 320
641 36 323
643 37 320
646 32 322
652 31 317
659 30 311
663 24 313
662 25 313
655 34 311
654 30 316
649 37 314
647 32 321
643 31 326
640 30 330
644 33 323
649 27 324
648 27 325
650 20 330
650 18 332
652 13 335
657 16 327
654 16 330
660 16 324
664 15 321
661 19 320
659 21 320
664 19 317
668 21 311
670 18 312
668 21 311
664 19 317
667 18 315
671 16 313
677 15 308
681 14 305
688 13 299
691 10 299
695 8 297
698 10 292
701 9 290
698 12 290
698 11 291
702 10 288
705 10 285
710 10 280
713 10 277
714 11 275
713 9 278
719 7 274
723 5 272
730 5 265
734 7 259
735 8 257
741 11 248
744 13 243
753 15 232
758 14 228
761 13 226
762 12 226
760 13 227
758 13 229
758 11 231
758 12 230
762 12 226
758 17 225
760 17 223
763 19 218
755 23 222
754 25 221
753 26 221
750 28 222
744 28 228
748 29 223
747 28 225
737 39 224
733 41 226
726 44 230
729 41 230
727 36 237
722 37 241
715 40 245
708 40 252
704 43 253
704 42 254
706 41 253
707 39 254
701 34 265
706 27 267
701 29 270
700 30 270
697 28 275
695 34 271
695 35 270
695 35 270
696 30 274
694 29 277
700 30 270
703 26 271
705 25 270
708 25 267
718 22 260
722 23 255
721 23 256
718 24 258
718 23 259
716 25 259
712 24 264
717 20 263
722 19 259
721 24 255
723 21 256
727 22 251
723 24 253
723 25 252
726 24 250
729 23 248
736 20 244
730 28 242
730 26 244
733 23 244
733 20 247
735 21 244
738 22 240
738 25 237
740 27 233
744 29 227
745 25 230
744 22 234
744 24 232
743 19 238
742 21 237
739 25 236
744 25 231
741 25 234
742 25 233
733 30 237
731 27 242
730 29 241
733 27 240
731 26 243
732 23 245
730 23 247
733 21 246
734 26 240
728 32 240
724 34 242
723 35 242
723 31 246
723 32 245
723 32 245
720 37 243
716 36 248
705 40 255
702 44 254
692 49 259
682 49 269
676 54 270
681 53 266
677 54 269
671 56 273
663 57 280
652 61 287
649 61 290
638 66 296
641 61 298
632 65 303
634 53 313
629 58 313
622 62 316
618 60 322
619 54 327
612 54 334
616 57 327
616 57 327
614 52 334
622 46 332
617 48 335
621 51 328
623 47 330
628 43 329
633 42 325
636 39 325
635 42 323
631 40 329
629 43 328
627 47 326
628 49 323
622 50 328
621 54 325
613 62 325
617 61 322
611 64 325
615 62 323
612 68 320
606 70 324
604 69 327
602 71 327
607 63 330
600 63 337
600 61 339
600 55 345
591 61 348
588 64 348
584 71 345
581 72 347
580 73 347
577 72 351
571 78 351
568 81 351
561 81 358
563 78 359
556 82 362
551 78 371
553 69 378
550 65 385
558 60 382
559 60 381
555 57 388
553 54 393
553 59 388
556 55 389
559 44 397
564 45 391
567 40 393
570 35 395
575 35 390
575 36 389
580 29 391
579 27 394
584 27 389
589 28 383
597 27 376
601 27 372
602 27 371
603 24 373
603 19 378
610 21 369
615 19 366
619 17 364
621 25 354
630 25 345
630 24 346
628 23 349
629 23 348
629 25 346
621 33 346
616 42 342
612 38 350
610 41 349
608 35 357
611 36 353
611 41 348
615 42 343
617 36 347
614 36 350
622 32 346
620 34 346
618 35 347
617 34 349
616 31 353
615 32 353
614 34 352
620 31 349
619 29 352
621 24 355
625 19 356
626 19 355
627 18 355
634 16 350
644 13 343
648 11 341
658 9 333
665 8 327
668 8 324
671 7 322
675 8 317
678 10 312
684 10 306
681 16 303
686 16 298
685 17 298
693 17 290
698 16 286
698 17 285
701 15 284
700 18 282
697 15 288
701 16 283
706 15 279
710 19 271
710 21 269
709 24 267
713 25 262
712 22 266
713 23 264
719 18 263
720 17 263
726 18 256
726 15 259
730 18 252
728 22 250
723 28 249
717 30 253
717 33 250
710 39 251
710 40 250
700 40 260
697 36 267
696 40 264
692 43 265
687 44 269
686 42 272
685 44 271
680 44 276
680 40 280
680 35 285
679 34 287
682 38 280
679 40 281
679 35 286
679 31 290
675 34 291
673 37 290
672 32 296
677 31 292
674 35 291
678 32 290
684 28 288
687 25 288
684 27 289
679 32 289
681 31 288
678 28 294
677 29 294
679 24 297
681 29 290
683 30 287
681 27 292
685 22 293
679 25 296
680 26 294
686 25 289
685 26 289
686 25 289
693 21 286
692 23 285
692 24 284
695 27 278
694 27 279
695 29 276
702 25 273
701 25 274
698 29 273
702 23 275
699 26 275
701 27 272
704 23 273
703 23 274
701 28 271
703 24 273
710 23 267
712 19 269
711 23 266
714 24 262
707 30 263
708 31 261
709 19 272
710 17 273
716 16 268
717 16 267
719 17 264
716 21 263
719 21 260
712 25 263
708 26 266
707 31 262
703 34 263
700 39 261
698 34 268
695 32 273
695 32 273
694 33 273
694 30 276
697 26 277
699 22 279
697 22 281
702 19 279
700 23 277
704 16 280
710 16 274
713 15 272
718 16 266
719 19 262
721 22 257
725 23 252
724 25 251
720 27 253
716 29 255
721 28 251
727 29 244
728 28 244
729 21 250
727 26 247
727 26 247
724 29 247
728 25 247
730 24 246
732 22 246
737 18 245
741 14 245
740 14 246
741 15 244
742 14 244
742 13 245
742 13 245
748 12 240
748 13 239
747 16 237
746 15 239
745 17 238
748 18 234
746 20 234
743 24 233
741 23 236
742 20 238
743 16 241
745 13 242
747 11 242
751 10 239
753 7 240
758 7 235
760 5 235
765 4 231
765 5 230
767 4 229
770 3 227
774 2 224
777 2 221
778 2 220
781 2 217
788 2 210
790 2 208
798 2 200
799 2 199
803 3 194
809 2 189
813 1 186
816 0 184
821 1 178
817 7 176
813 13 174
