345
898
88
650
713
746
744
22
339
69
927
570
385
383
561
238
241
552
926
58
819
857
459
539
975
699
890
111
566
597
268
697
942
990
151
728
15
182
63
417
643
11
293
979
36
763
591
881
637
603
170
447
673
843
228
324
923
485
320
118
693
146
134
659
352
553
186
143
358
482
951
472
948
788
708
506
78
161
880
854
954
695
590
46
299
984
278
524
221
939
140
73
791
523
240
137
429
243
943
175
123
190
752
702
147
696
634
483
83
679
346
585
98
23
77
60
635
773
798
259
901
206
108
663
725
109
802
349
921
966
213
914
729
76
167
718
332
594
498
466
420
335
528
751
272
824
86
280
796
964
892
435
831
41
710
6
96
121
369
859
698
415
958
612
792
1
804
515
103
805
117
851
455
902
85
668
956
198
317
925
474
496
129
386
476
930
130
370
717
970
681
