572
846
148
481
622
415
425
379
38
594
730
137
985
212
110
220
626
164
18
416
311
640
181
501
83
764
80
649
778
20
52
54
84
295
895
290
364
300
854
659
561
755
853
578
795
319
937
835
750
51
210
898
535
696
848
856
53
570
227
757
625
479
326
224
950
411
449
840
270
612
242
234
524
343
30
152
808
978
453
687
90
4
702
775
726
885
474
13
0
430
417
657
267
902
527
171
363
881
461
7
77
688
742
289
455
486
826
533
536
469
802
698
833
122
926
439
438
763
223
93
617
873
748
365
139
360
991
862
823
125
947
652
297
176
573
546
599
525
564
55
973
433
230
450
135
847
256
615
42
396
408
977
307
124
232
405
744
237
544
874
327
241
722
191
807
502
887
789
814
345
974
338
253
197
514
334
877
96
604
551
912
951
70
385
783
727
413
519
872
102
556
