51
573
185
957
264
616
75
497
558
737
386
119
241
444
247
778
214
275
438
937
659
165
612
297
742
577
535
129
663
456
911
972
415
946
661
567
27
7
953
369
486
0
202
749
729
334
138
603
448
936
174
719
930
187
229
79
904
581
385
855
418
338
553
495
836
886
595
861
352
144
158
428
82
521
226
981
102
671
628
344
830
803
798
705
971
555
184
512
753
762
743
104
197
988
841
364
157
515
459
767
100
807
219
378
651
598
976
682
8
768
634
86
771
881
810
268
966
199
548
317
878
708
452
834
33
205
782
866
333
175
525
76
849
667
43
560
731
19
597
906
540
106
172
530
770
315
934
108
475
639
752
125
983
700
329
557
585
691
244
481
845
261
635
824
81
262
421
918
658
449
61
221
631
407
387
391
511
526
958
662
400
574
522
538
450
98
12
367
650
300
534
