589
416
56
552
116
804
532
296
928
967
535
198
460
696
18
303
617
21
628
68
477
993
371
527
128
246
604
919
563
915
975
441
891
92
519
894
433
680
333
905
343
590
866
921
942
90
505
385
953
880
556
193
587
663
906
149
258
73
947
987
292
769
2
570
117
618
211
927
137
528
920
541
299
154
798
779
893
850
216
741
609
413
653
438
923
364
977
282
878
293
686
670
138
414
394
434
15
386
256
924
482
715
367
886
214
462
120
849
644
722
109
674
226
689
379
381
821
94
498
446
91
843
569
737
890
254
502
666
428
823
999
335
486
119
395
20
902
789
845
521
688
45
404
951
175
113
436
219
487
201
131
95
489
732
210
102
700
346
909
422
937
962
998
366
27
867
820
624
687
275
217
242
791
24
940
768
721
657
917
996
840
469
991
474
749
629
391
736
685
739
104
