292
864
810
538
227
875
161
691
17
177
430
26
291
266
595
73
658
567
193
49
552
684
3
343
594
678
148
76
34
79
129
543
156
532
128
536
549
496
833
202
502
881
625
36
540
47
13
571
252
534
473
813
686
216
716
495
431
255
414
967
237
659
199
637
394
398
344
146
801
456
817
35
950
779
528
701
45
84
818
331
226
718
30
834
172
206
247
371
58
618
222
104
826
484
745
351
213
598
176
195
821
29
574
726
700
38
751
857
179
353
492
194
461
712
667
410
836
412
770
515
610
88
60
654
33
680
643
259
341
348
790
920
477
105
305
871
500
242
446
696
952
898
322
859
997
241
229
612
541
327
336
56
869
656
735
752
131
260
284
86
837
815
367
587
120
607
512
457
488
946
173
169
829
569
143
962
546
434
748
578
468
298
499
723
119
830
485
719
174
521
655
