403
361
572
132
539
359
945
719
90
848
661
33
567
10
729
728
941
600
418
252
674
957
397
168
702
26
503
907
994
740
311
334
714
525
639
967
798
800
644
235
405
691
676
259
443
475
739
340
204
549
84
380
874
491
143
242
630
75
80
535
376
232
301
131
904
164
560
324
763
859
152
140
51
485
326
698
5
13
371
659
609
988
521
151
209
640
116
342
198
790
127
897
393
453
345
984
670
662
541
67
899
648
460
27
579
183
629
375
619
635
886
533
577
601
247
190
409
837
401
962
492
940
646
52
74
708
445
488
976
416
835
123
162
137
119
463
979
176
893
378
163
768
408
64
467
287
605
890
85
349
173
107
228
887
814
894
518
803
851
12
49
759
888
654
774
607
780
762
6
441
187
295
934
37
89
658
758
233
991
76
21
459
832
795
195
643
25
265
500
253
504
