344
913
924
992
113
920
214
122
478
183
400
294
185
555
91
426
55
124
17
932
279
267
503
581
416
338
738
639
428
236
597
142
48
393
761
319
965
5
631
910
446
532
109
181
160
524
135
983
88
877
103
207
998
72
106
911
376
345
288
786
844
792
262
349
392
708
333
770
483
586
945
178
996
373
895
12
116
568
87
473
635
453
196
219
271
798
359
493
477
584
582
15
536
898
833
846
796
665
111
369
421
583
482
89
759
127
618
422
742
642
419
401
9
753
101
902
23
604
489
698
662
208
230
22
36
957
467
227
971
296
990
408
533
857
740
81
735
688
706
908
567
812
697
845
634
302
637
573
508
624
841
564
38
590
679
953
468
244
438
328
726
298
553
189
593
522
354
95
484
995
56
257
558
464
653
399
114
942
779
442
977
391
664
936
660
53
198
233
383
603
335
