503
682
537
180
560
711
669
527
138
858
705
816
601
336
472
880
405
895
30
430
38
369
903
397
103
343
584
176
680
780
441
602
216
523
142
370
155
781
962
78
306
396
849
554
283
644
362
158
731
926
544
191
977
452
487
547
557
740
718
96
575
906
583
914
746
853
29
507
204
19
654
11
580
910
418
438
998
106
48
143
678
713
975
877
987
489
611
963
807
409
21
160
190
856
181
445
586
899
443
497
708
432
824
272
657
144
10
607
539
127
755
882
457
58
224
666
337
861
896
674
881
754
254
420
730
76
222
488
885
182
566
662
597
292
408
86
69
466
368
203
737
766
122
319
486
670
955
844
333
366
617
862
837
606
363
166
354
843
265
401
309
515
707
332
206
632
909
976
665
978
290
908
610
377
40
455
504
591
615
876
94
993
83
42
451
589
261
700
240
920
758
