558
9
63
895
173
576
578
80
967
177
156
235
568
300
278
192
64
389
405
464
733
38
3
505
69
696
755
231
449
639
619
188
523
519
289
130
106
548
954
971
732
539
121
243
215
792
730
773
183
704
179
498
851
218
620
17
444
675
89
983
738
560
83
6
15
20
795
453
571
435
722
58
283
480
488
55
746
735
875
611
129
259
487
579
360
924
789
869
710
803
471
224
676
916
382
398
32
367
263
627
726
942
638
356
143
257
200
78
309
950
701
932
973
843
993
987
906
667
40
538
299
577
608
996
757
709
922
160
53
965
515
467
588
511
315
525
133
911
394
948
815
94
674
226
256
30
806
594
499
512
483
187
252
992
122
689
890
845
760
396
236
794
194
953
486
664
204
788
990
972
120
320
172
158
62
925
849
343
348
918
45
496
939
77
28
984
284
652
694
105
475
