339
309
418
164
224
769
636
277
613
317
736
795
804
924
511
167
973
989
852
523
537
854
550
676
751
288
480
788
662
301
765
151
535
851
740
23
45
90
809
639
961
548
544
94
953
323
35
123
781
403
712
464
950
284
509
6
909
215
957
752
3
888
144
693
476
868
333
63
338
572
730
347
62
88
739
615
334
216
162
10
271
857
772
475
470
878
52
681
237
823
442
536
955
82
771
61
907
153
496
970
838
222
463
71
658
586
506
929
80
142
896
818
775
184
304
122
412
726
579
520
845
840
223
516
504
508
327
46
196
982
910
945
628
27
715
34
846
737
980
244
869
510
733
627
659
409
760
874
836
438
689
374
248
589
673
644
26
182
302
580
168
191
872
307
148
880
207
488
265
921
140
341
156
43
373
272
967
801
315
606
76
249
598
83
289
862
750
974
569
471
68
