761
172
638
560
177
649
752
132
194
894
616
718
316
770
351
127
868
199
929
806
861
295
381
6
696
898
2
769
186
829
862
52
645
75
337
417
602
686
228
539
914
989
78
641
899
470
382
392
622
794
188
322
341
848
102
281
536
612
556
300
94
593
280
265
640
456
737
728
432
315
301
134
508
808
933
424
79
987
499
909
290
937
229
910
332
491
289
735
278
377
30
232
955
339
185
252
144
358
843
283
284
890
495
818
579
724
218
89
213
141
319
479
214
87
661
659
485
672
855
240
722
748
423
584
97
991
297
834
994
885
905
39
524
566
182
569
158
222
795
324
327
521
557
627
421
814
759
919
705
648
780
636
891
101
666
118
872
550
91
125
957
404
20
269
124
117
980
59
259
757
621
478
618
153
662
936
8
637
179
519
675
209
917
245
42
762
253
457
57
140
174
