997 3 0
988 12 0
978 18 4
958 34 8
937 50 13
910 69 21
880 89 31
844 115 41
810 134 56
760 165 75
729 173 98
703 175 122
678 173 149
651 170 179
637 160 203
622 150 228
598 152 250
582 144 274
567 138 295
560 120 320
550 108 342
543 99 358
537 90 373
537 78 385
538 77 385
541 71 388
538 65 397
544 60 396
546 59 395
547 57 396
549 55 396
554 50 396
549 58 393
540 64 396
538 61 401
532 65 403
522 73 405
509 79 412
485 97 418
478 95 427
467 93 440
462 91 447
461 84 455
457 85 458
454 88 458
453 85 462
454 84 462
451 84 465
449 77 474
444 76 480
443 76 481
443 70 487
444 67 489
449 54 497
448 52 500
455 50 495
466 43 491
477 36 487
483 31 486
495 29 476
504 23 473
507 20 473
516 17 467
524 16 460
532 13 455
538 9 453
544 8 448
550 6 444
558 6 436
564 5 431
574 4 422
584 3 413
588 2 410
600 1 399
606 2 392
612 3 385
617 5 378
622 5 373
623 8 369
627 9 364
632 10 358
638 7 355
640 9 351
642 12 346
646 14 340
656 12 332
663 13 324
661 13 326
667 13 320
670 14 316
670 15 315
678 16 306
679 12 309
677 14 309
677 14 309
679 17 304
681 18 301
682 19 299
685 18 297
686 22 292
685 23 292
689 24 287
689 29 282
683 33 284
682 35 283
678 41 281
678 38 284
682 38 280
686 38 276
685 34 281
686 34 280
685 37 278
686 31 283
688 32 280
687 30 283
692 27 281
685 33 282
684 32 284
684 38 278
682 38 280
682 38 280
679 36 285
675 37 288
676 43 281
666 49 285
660 57 283
650 66 284
642 60 298
634 65 301
625 70 305
628 67 305
625 67 308
623 64 313
620 63 317
615 60 325
612 56 332
609 59 332
602 64 334
597 64 339
589 64 347
585 63 352
589 53 358
594 49 357
592 43 365
591 42 367
594 38 368
597 38 365
599 35 366
601 37 362
601 31 368
601 31 368
603 30 367
601 33 366
601 34 365
600 34 366
601 32 367
599 35 366
598 36 366
602 35 363
602 35 363
596 43 361
595 42 363
594 47 359
597 43 360
598 44 358
594 47 359
587 49 364
587 47 366
590 48 362
585 48 367
583 42 375
584 40 376
586 40 374
588 37 375
587 41 372
586 41 373
591 42 367
595 36 369
602 32 366
603 30 367
604 28 368
607 29 364
612 30 358
620 31 349
620 32 348
623 34 343
620 37 343
624 33 343
620 40 340
621 41 338
626 38 336
626 36 338
626 31 343
625 30 345
625 31 344
619 38 343
620 37 343
624 37 339
623 36 341
622 31 347
623 28 349
625 31 344
632 27 341
633 27 340
640 22 338
643 22 335
647 18 335
650 16 334
654 17 329
659 16 325
661 16 323
664 15 321
668 14 318
671 14 315
669 13 318
669 14 317
675 13 312
680 12 308
682 13 305
685 11 304
685 11 304
685 10 305
689 11 300
695 5 300
698 5 297
701 3 296
707 5 288
710 5 285
718 5 277
725 4 271
731 5 264
734 3 263
733 3 264
737 4 259
737 5 258
742 6 252
747 6 247
748 6 246
755 5 240
759 5 236
762 8 230
757 14 229
756 17 227
759 21 220
756 27 217
748 39 213
738 44 218
729 48 223
716 59 225
704 60 236
697 63 240
686 69 245
674 74 252
666 67 267
657 67 276
652 67 281
651 64 285
646 66 288
643 63 294
641 61 298
640 57 303
632 57 311
627 58 315
622 60 318
619 54 327
616 52 332
612 57 331
615 53 332
618 47 335
620 43 337
627 32 341
631 26 343
633 25 342
634 25 341
639 24 337
649 21 330
655 19 326
655 16 329
658 14 328
663 17 320
666 18 316
676 15 309
679 18 303
678 18 304
685 19 296
692 17 291
691 19 290
691 20 289
690 23 287
689 23 288
690 22 288
689 20 291
698 17 285
700 18 282
702 20 278
705 17 278
707 15 278
710 11 279
720 11 269
726 7 267
730 9 261
733 8 259
742 6 252
745 7 248
748 4 248
753 3 244
755 4 241
758 5 237
759 10 231
754 16 230
752 18 230
748 23 229
748 25 227
747 28 225
742 33 225
737 34 229
739 35 226
736 34 230
735 33 232
734 34 232
724 42 234
714 47 239
706 48 246
700 51 249
702 46 252
698 46 256
693 43 264
685 44 271
687 48 265
684 55 261
680 62 258
675 58 267
665 56 279
662 55 283
657 55 288
657 51 292
653 50 297
647 55 298
648 49 303
647 44 309
651 41 308
653 40 307
656 31 313
656 29 315
655 33 312
654 27 319
657 22 321
661 19 320
663 18 319
665 17 318
663 22 315
664 19 317
663 21 316
667 21 312
666 19 315
666 20 314
669 22 309
667 25 308
665 26 309
658 33 309
657 33 310
649 41 310
650 40 310
651 32 317
655 27 318
657 20 323
659 19 322
669 17 314
673 18 309
680 18 302
683 17 300
684 19 297
682 20 298
678 23 299
677 24 299
677 24 299
675 25 300
673 30 297
663 38 299
661 36 303
664 37 299
659 40 301
658 42 300
659 40 301
658 37 305
662 31 307
663 31 306
665 28 307
668 33 299
665 33 302
669 31 300
670 29 301
672 25 303
670 28 302
673 31 296
674 29 297
675 30 295
675 34 291
679 34 287
677 33 290
673 39 288
672 46 282
672 43 285
671 45 284
674 43 283
679 44 277
679 44 277
682 38 280
684 39 277
689 32 279
688 26 286
685 25 290
683 23 294
681 25 294
675 32 293
674 36 290
676 32 292
672 32 296
668 32 300
668 33 299
660 34 306
661 38 301
657 36 307
652 40 308
642 50 308
630 58 312
622 62 316
618 61 321
611 63 326
614 57 329
610 56 334
612 49 339
612 46 342
616 43 341
611 42 347
609 47 344
609 48 343
608 47 345
610 45 345
624 42 334
624 44 332
626 45 329
627 43 330
629 42 329
624 47 329
623 44 333
623 43 334
628 37 335
632 37 331
635 35 330
633 30 337
634 31 335
630 34 336
631 32 337
635 31 334
640 28 332
651 27 322
654 27 319
655 30 315
654 27 319
652 28 320
654 23 323
659 24 317
664 22 314
666 19 315
671 21 308
672 17 311
674 16 310
679 16 305
682 12 306
685 11 304
684 13 303
689 10 301
690 13 297
690 11 299
698 10 292
705 10 285
710 11 279
706 16 278
708 17 275
709 18 273
710 17 273
706 21 273
700 27 273
701 31 268
694 39 267
693 42 265
693 43 264
684 45 271
679 53 268
676 54 270
676 52 272
671 55 274
661 62 277
657 61 282
651 62 287
641 66 293
644 64 292
641 59 300
644 53 303
636 49 315
630 47 323
630 41 329
631 39 330
629 40 331
632 40 328
634 37 329
636 34 330
638 32 330
637 30 333
633 37 330
630 42 328
632 39 329
635 36 329
633 38 329
631 36 333
629 37 334
629 37 334
631 37 332
631 32 337
633 31 336
637 29 334
634 34 332
626 40 334
627 39 334
632 33 335
635 31 334
643 28 329
645 26 329
640 31 329
633 36 331
630 34 336
626 39 335
625 38 337
628 33 339
624 38 338
623 38 339
624 36 340
616 48 336
610 54 336
604 56 340
605 61 334
598 71 331
602 66 332
608 61 331
603 65 332
597 71 332
592 65 343
591 69 340
593 62 345
598 64 338
587 73 340
580 70 350
583 65 352
587 62 351
585 53 362
583 51 366
591 51 358
592 47 361
586 49 365
582 57 361
581 52 367
577 55 368
578 46 376
580 48 372
584 47 369
583 47 370
582 54 364
580 49 371
580 50 370
582 50 368
577 59 364
580 57 363
579 54 367
584 51 365
583 40 377
585 35 380
591 32 377
598 28 374
604 27 369
613 25 362
615 29 356
613 34 353
605 38 357
598 47 355
598 46 356
598 42 360
590 44 366
581 49 370
569 56 375
567 62 371
563 62 375
557 70 373
552 67 381
553 59 388
550 61 389
550 55 395
549 55 396
544 56 400
542 52 406
542 50 408
540 52 408
539 52 409
541 45 414
545 39 416
548 37 415
551 36 413
558 36 406
561 34 405
564 33 403
565 35 400
561 40 399
564 33 403
561 32 407
564 33 403
562 33 405
556 36 408
555 38 407
562 35 403
563 35 402
567 35 398
572 32 396
570 34 396
572 31 397
575 25 400
576 24 400
581 20 399
593 22 385
593 26 381
594 28 378
592 30 378
595 27 378
595 30 375
601 28 371
601 30 369
602 27 371
606 27 367
612 28 360
614 36 350
608 43 349
600 43 357
599 44 357
602 38 360
599 40 361
598 38 364
602 37 361
602 40 358
602 41 357
602 38 360
604 34 362
606 31 363
611 25 364
615 25 360
618 20 362
617 20 363
617 18 365
622 16 362
629 17 354
627 18 355
627 17 356
628 19 353
630 16 354
632 13 355
639 13 348
645 10 345
650 11 339
649 11 340
652 10 338
653 9 338
660 8 332
668 7 325
672 7 321
680 7 313
685 8 307
689 8 303
697 7 296
700 6 294
700 7 293
700 12 288
700 13 287
703 10 287
703 12 285
706 15 279
712 14 274
715 12 273
717 11 272
725 11 264
726 11 263
724 17 259
726 14 260
723 15 262
719 18 263
720 19 261
723 17 260
729 16 255
732 11 257
730 15 255
724 17 259
724 17 259
723 20 257
723 21 256
716 29 255
708 33 259
696 43 261
689 47 264
676 61 263
667 59 274
653 58 289
643 62 295
642 64 294
641 64 295
633 62 305
630 56 314
618 62 320
613 62 325
606 67 327
602 76 322
596 72 332
594 67 339
592 61 347
594 54 352
590 53 357
590 53 357
584 47 369
582 48 370
581 46 373
579 42 379
574 43 383
574 40 386
572 41 387
575 44 381
578 40 382
579 37 384
577 39 384
582 36 382
585 33 382
582 27 391
579 33 388
581 32 387
575 37 388
576 36 388
575 37 388
579 33 388
585 29 386
590 25 385
592 25 383
595 28 377
599 26 375
605 25 370
608 22 370
613 22 365
621 19 360
626 16 358
629 15 356
632 15 353
636 12 352
641 9 350
652 9 339
658 8 334
666 5 329
674 5 321
677 5 318
681 5 314
685 5 310
690 4 306
690 5 305
692 6 302
693 13 294
686 20 294
683 23 294
670 37 293
656 49 295
652 53 295
641 61 298
634 62 304
625 63 312
611 71 318
607 74 319
606 62 332
600 65 335
590 65 345
592 57 351
590 57 353
587 53 360
585 53 362
580 55 365
569 61 370
557 68 375
550 71 379
556 60 384
552 68 380
544 64 392
538 64 398
547 55 398
549 51 400
547 51 402
547 48 405
550 41 409
554 36 410
550 35 415
550 31 419
552 30 418
559 22 419
562 22 416
571 21 408
579 22 399
586 22 392
586 25 389
589 25 386
587 29 384
592 28 380
595 25 380
598 19 383
604 19 377
604 19 377
607 20 373
614 19 367
613 23 364
605 25 370
606 23 371
604 27 369
606 26 368
606 23 371
604 22 374
603 24 373
606 24 370
611 21 368
612 23 365
617 19 364
622 18 360
630 16 354
632 14 354
633 15 352
637 14 349
642 14 344
646 10 344
653 11 336
657 13 330
659 10 331
662 11 327
663 12 325
670 12 318
672 12 316
677 10 313
678 10 312
674 15 311
676 16 308
680 12 308
685 13 302
686 15 299
684 16 300
683 20 297
683 19 298
685 23 292
687 21 292
687 23 290
685 29 286
683 29 288
680 32 288
674 34 292
662 43 295
654 48 298
648 52 300
642 58 300
630 64 306
625 64 311
618 67 315
621 67 312
619 63 318
612 57 331
608 57 335
604 50 346
607 49 344
601 55 344
592 56 352
591 56 353
593 47 360
593 45 362
601 43 356
605 40 355
600 37 363
603 36 361
608 35 357
612 35 353
612 36 352
617 29 354
619 29 352
622 28 350
621 30 349
622 24 354
630 23 347
637 21 342
636 25 339
635 30 335
637 22 341
642 20 338
647 14 339
655 13 332
658 12 330
663 10 327
668 10 322
668 11 321
672 13 315
675 15 310
677 14 309
684 16 300
690 15 295
691 15 294
697 15 288
699 15 286
703 12 285
706 12 282
712 11 277
715 8 277
719 10 271
718 10 272
722 10 268
726 9 265
729 9 262
731 11 258
732 13 255
733 14 253
733 13 254
736 12 252
735 12 253
733 13 254
737 11 252
735 15 250
735 19 246
733 20 247
728 26 246
730 30 240
717 41 242
708 47 245
699 56 245
687 60 253
688 53 259
682 51 267
674 54 272
672 51 277
669 54 277
661 56 283
649 66 285
642 68 290
637 69 294
632 64 304
628 56 316
621 64 315
615 61 324
610 56 334
605 60 335
598 54 348
589 61 350
587 61 352
588 59 353
592 54 354
589 49 362
591 47 362
586 43 371
591 35 374
593 34 373
601 29 370
597 31 372
603 33 364
603 33 364
601 37 362
608 33 359
612 29 359
614 27 359
614 25 361
617 22 361
626 18 356
633 18 349
635 19 346
642 15 343
644 17 339
656 16 328
659 17 324
661 19 320
671 16 313
668 21 311
671 20 309
672 18 310
673 20 307
673 17 310
674 17 309
676 20 304
673 23 304
674 24 302
673 24 303
676 28 296
676 30 294
670 37 293
670 38 292
665 41 294
651 54 295
650 51 299
643 49 308
647 38 315
640 42 318
637 42 321
