1000 0 0
999 0 1
999 0 1
997 2 1
994 4 2
992 4 4
989 4 7
981 10 9
966 24 10
950 35 15
928 45 27
922 42 36
904 54 42
885 66 49
861 76 63
841 84 75
818 97 85
794 106 100
772 118 110
753 118 129
737 122 141
714 136 150
691 141 168
674 145 181
653 148 199
650 145 205
640 133 227
625 128 247
615 131 254
607 123 270
605 115 280
595 109 296
589 102 309
580 99 321
574 88 338
569 86 345
562 86 352
562 73 365
560 69 371
557 59 384
557 58 385
556 58 386
564 52 384
564 55 381
558 54 388
557 50 393
560 44 396
564 40 396
569 34 397
569 33 398
567 38 395
568 38 394
573 34 393
577 34 389
577 28 395
580 27 393
581 27 392
582 27 391
590 25 385
593 22 385
596 16 388
601 17 382
604 16 380
609 15 376
616 15 369
624 11 365
632 10 358
643 10 347
646 13 341
651 12 337
654 12 334
661 11 328
664 10 326
669 10 321
669 11 320
673 9 318
674 10 316
676 8 316
677 14 309
680 13 307
682 12 306
688 16 296
690 15 295
691 15 294
689 21 290
697 21 282
701 25 274
703 24 273
701 24 275
704 24 272
704 25 271
698 31 271
700 32 268
695 34 271
691 41 268
687 45 268
681 46 273
681 44 275
679 39 282
679 39 282
671 44 285
670 41 289
667 41 292
664 44 292
668 46 286
668 44 288
659 50 291
659 51 290
654 55 291
652 56 292
640 70 290
637 69 294
632 69 299
623 71 306
615 73 312
609 77 314
601 75 324
599 72 329
592 63 345
592 65 343
583 74 343
571 75 354
567 78 355
562 72 366
558 68 374
567 60 373
562 58 380
558 58 384
554 59 387
552 54 394
557 45 398
553 43 404
557 42 401
551 50 399
550 49 401
547 55 398
547 59 394
544 53 403
548 51 401
546 52 402
552 50 398
553 51 396
555 47 398
561 42 397
566 32 402
572 30 398
581 31 388
586 27 387
591 25 384
594 22 384
599 19 382
603 17 380
608 19 373
613 20 367
616 17 367
621 13 366
625 11 364
626 11 363
635 10 355
636 12 352
639 11 350
645 12 343
650 13 337
653 13 334
651 18 331
653 21 326
655 21 324
658 25 317
658 24 318
656 24 320
659 25 316
653 31 316
655 31 314
648 30 322
644 31 325
650 32 318
649 34 317
652 36 312
651 37 312
649 37 314
646 40 314
634 49 317
632 50 318
627 52 321
627 53 320
627 56 317
618 59 323
618 61 321
612 63 325
606 61 333
604 60 336
604 56 340
595 60 345
592 58 350
589 61 350
579 67 354
577 67 356
579 58 363
583 52 365
584 46 370
592 41 367
597 37 366
604 33 363
606 32 362
607 31 362
613 31 356
618 27 355
619 21 360
627 20 353
631 19 350
635 19 346
638 18 344
642 16 342
645 16 339
648 13 339
651 13 336
652 14 334
654 16 330
654 17 329
659 18 323
662 14 324
668 14 318
671 13 316
673 11 316
676 10 314
683 10 307
691 11 298
693 9 298
693 9 298
700 7 293
705 7 288
714 5 281
716 4 280
720 2 278
725 2 273
730 2 268
737 2 261
744 1 255
749 1 250
756 0 244
762 0 238
766 0 234
773 0 227
775 0 225
776 0 224
777 0 223
780 0 220
784 0 216
787 0 213
793 0 207
796 0 204
801 0 199
803 0 197
805 0 195
809 0 191
814 0 186
817 0 183
819 0 181
823 0 177
826 0 174
829 0 171
834 0 166
839 0 161
841 0 159
844 0 156
848 0 152
852 0 148
854 0 146
860 0 140
862 0 138
863 0 137
865 0 135
865 0 135
869 0 131
873 1 126
871 3 126
875 3 122
874 4 122
874 5 121
873 7 120
868 11 121
867 15 118
853 25 122
844 33 123
833 38 129
820 49 131
814 47 139
813 46 141
809 48 143
802 50 148
801 45 154
796 47 157
790 48 162
784 42 174
781 40 179
772 45 183
764 47 189
757 51 192
749 53 198
739 55 206
736 55 209
731 54 215
723 57 220
715 59 226
712 59 229
709 51 240
701 50 249
696 48 256
689 48 263
688 45 267
685 47 268
681 45 274
677 46 277
672 45 283
672 44 284
668 47 285
663 49 288
664 40 296
664 37 299
666 36 298
669 39 292
667 41 292
664 42 294
664 37 299
659 43 298
654 42 304
647 40 313
649 38 313
643 41 316
644 39 317
638 40 322
642 35 323
644 34 322
645 31 324
651 30 319
655 30 315
653 31 316
649 30 321
646 33 321
649 33 318
645 41 314
642 39 319
642 41 317
636 46 318
629 50 321
623 50 327
622 48 330
623 47 330
620 47 333
622 46 332
615 47 338
609 52 339
604 57 339
603 51 346
604 47 349
606 48 346
600 49 351
597 57 346
597 55 348
588 65 347
580 65 355
576 67 357
574 66 360
568 60 372
569 56 375
572 55 373
572 58 370
570 61 369
566 60 374
563 59 378
566 53 381
568 48 384
565 48 387
570 43 387
568 42 390
567 38 395
569 38 393
572 35 393
577 33 390
571 36 393
571 39 390
574 39 387
577 34 389
583 34 383
589 28 383
590 23 387
593 24 383
593 22 385
593 24 383
597 24 379
604 22 374
604 22 374
603 28 369
604 26 370
606 24 370
605 28 367
610 26 364
611 27 362
613 24 363
614 19 367
617 18 365
625 17 358
632 15 353
637 15 348
637 15 348
640 17 343
647 17 336
648 18 334
644 19 337
644 22 334
647 20 333
646 20 334
644 21 335
641 25 334
644 29 327
644 32 324
648 30 322
650 28 322
651 27 322
649 31 320
654 34 312
656 30 314
657 29 314
661 32 307
654 38 308
651 43 306
646 46 308
637 50 313
635 54 311
624 61 315
624 59 317
621 61 318
611 67 322
605 68 327
602 66 332
598 71 331
593 70 337
587 64 349
587 56 357
584 56 360
585 49 366
590 49 361
592 44 364
588 49 363
587 45 368
587 46 367
584 43 373
587 46 367
587 46 367
587 43 370
587 41 372
588 40 372
591 29 380
593 30 377
598 30 372
600 30 370
603 29 368
607 27 366
611 27 362
614 25 361
619 20 361
630 17 353
630 19 351
636 18 346
637 19 344
638 18 344
643 16 341
645 16 339
650 14 336
655 13 332
660 13 327
664 14 322
668 11 321
676 9 315
678 12 310
680 11 309
683 11 306
689 9 302
697 10 293
701 9 290
705 8 287
707 8 285
713 5 282
718 5 277
718 6 276
719 5 276
721 4 275
726 3 271
728 4 268
731 8 261
735 8 257
746 9 245
752 10 238
753 8 239
750 11 239
751 9 240
757 8 235
760 6 234
761 7 232
763 7 230
767 7 226
770 6 224
774 4 222
779 3 218
784 3 213
788 2 210
788 3 209
793 3 204
792 5 203
792 6 202
791 7 202
792 8 200
794 6 200
798 6 196
794 14 192
797 14 189
798 13 189
803 10 187
805 11 184
809 11 180
810 12 178
812 12 176
810 14 176
814 13 173
813 17 170
813 16 171
813 19 168
811 19 170
811 21 168
811 19 170
809 23 168
809 21 170
808 20 172
814 18 168
815 18 167
811 21 168
815 20 165
819 19 162
818 16 166
821 14 165
824 15 161
823 17 160
821 22 157
817 27 156
814 28 158
808 32 160
806 29 165
798 32 170
800 34 166
795 34 171
789 36 175
780 36 184
777 32 191
774 30 196
769 34 197
762 37 201
760 37 203
753 40 207
741 50 209
733 55 212
729 55 216
728 58 214
724 64 212
711 73 216
706 71 223
700 68 232
694 68 238
685 68 247
676 75 249
668 72 260
665 67 268
659 65 276
649 69 282
637 83 280
629 82 289
615 79 306
606 82 312
599 80 321
598 70 332
596 66 338
598 66 336
599 60 341
597 60 343
601 52 347
602 40 358
600 40 360
595 37 368
599 35 366
602 34 364
606 33 361
605 37 358
602 40 358
607 38 355
603 40 357
602 44 354
595 49 356
599 46 355
595 49 356
599 44 357
598 44 358
602 41 357
600 39 361
601 39 360
603 34 363
604 32 364
604 34 362
609 35 356
608 35 357
604 39 357
609 35 356
610 29 361
611 28 361
611 30 359
616 32 352
615 27 358
616 24 360
615 30 355
615 34 351
607 47 346
606 49 345
594 59 347
588 61 351
582 60 358
580 59 361
583 58 359
585 56 359
582 56 362
580 51 369
575 54 371
573 43 384
576 44 380
578 38 384
576 37 387
574 39 387
571 42 387
573 42 385
574 37 389
578 35 387
577 36 387
580 30 390
586 25 389
594 20 386
594 21 385
598 19 383
604 18 378
605 19 376
606 22 372
607 22 371
609 22 369
607 25 368
613 23 364
619 23 358
621 22 357
626 23 351
629 21 350
627 25 348
630 20 350
634 19 347
635 18 347
639 17 344
644 14 342
645 14 341
646 16 338
647 16 337
652 18 330
656 16 328
655 16 329
657 16 327
660 14 326
664 14 322
667 16 317
665 19 316
666 18 316
670 17 313
668 19 313
669 20 311
672 19 309
677 20 303
676 21 303
674 23 303
675 24 301
680 24 296
677 24 299
677 26 297
677 26 297
675 33 292
678 34 288
672 40 288
670 40 290
668 39 293
663 42 295
659 48 293
656 48 296
654 50 296
649 51 300
644 48 308
645 48 307
639 53 308
635 55 310
633 51 316
633 45 322
634 40 326
634 41 325
636 33 331
637 35 328
642 34 324
644 41 315
653 34 313
657 34 309
660 32 308
656 38 306
659 30 311
664 31 305
670 29 301
666 34 300
673 34 293
679 28 293
685 29 286
687 26 287
687 28 285
691 23 286
691 20 289
691 21 288
692 20 288
693 22 285
695 21 284
695 22 283
700 23 277
700 27 273
702 28 270
704 24 272
709 22 269
712 23 265
715 20 265
718 20 262
721 21 258
719 25 256
710 33 257
708 37 255
704 43 253
698 47 255
687 55 258
684 57 259
676 63 261
667 65 268
661 61 278
655 62 283
649 58 293
643 57 300
633 61 306
631 66 303
628 63 309
626 61 313
624 61 315
619 59 322
610 63 327
604 63 333
598 66 336
601 60 339
602 56 342
604 47 349
604 45 351
600 47 353
597 49 354
589 51 360
593 43 364
595 40 365
599 41 360
597 43 360
603 38 359
607 36 357
610 34 356
610 34 356
615 33 352
614 36 350
614 33 353
615 31 354
614 33 353
611 34 355
614 34 352
618 32 350
612 36 352
607 42 351
607 37 356
609 40 351
608 41 351
609 36 355
612 37 351
612 41 347
612 39 349
609 42 349
610 44 346
611 40 349
611 41 348
611 37 352
613 37 350
613 36 351
619 29 352
624 28 348
624 30 346
628 31 341
627 30 343
629 30 341
629 29 342
632 29 339
636 25 339
642 26 332
640 29 331
644 26 330
653 22 325
659 22 319
663 23 314
662 22 316
666 21 313
670 19 311
672 17 311
675 13 312
679 12 309
680 15 305
682 18 300
685 22 293
686 24 290
686 23 291
690 22 288
690 25 285
690 23 287
688 25 287
693 25 282
692 26 282
690 27 283
700 21 279
702 21 277
701 21 278
703 18 279
707 17 276
714 18 268
715 21 264
719 17 264
722 17 261
721 17 262
719 19 262
715 21 264
717 21 262
714 28 258
709 28 263
707 27 266
701 34 265
697 34 269
697 35 268
696 34 270
692 36 272
695 33 272
687 39 274
675 51 274
675 45 280
680 35 285
681 31 288
677 34 289
676 30 294
675 31 294
683 29 288
681 29 290
678 32 290
679 30 291
678 32 290
684 30 286
679 32 289
680 30 290
682 29 289
684 24 292
686 27 287
688 22 290
694 21 285
697 20 283
702 18 280
702 15 283
704 16 280
704 18 278
704 17 279
702 19 279
703 19 278
706 16 278
706 20 274
707 22 271
702 30 268
696 36 268
683 43 274
676 47 277
676 41 283
671 43 286
671 39 290
670 40 290
666 40 294
664 42 294
656 44 300
655 37 308
658 34 308
656 36 308
650 43 307
649 43 308
648 43 309
651 38 311
648 39 313
650 36 314
648 34 318
643 37 320
641 40 319
644 40 316
641 41 318
636 44 320
622 53 325
616 59 325
616 52 332
613 52 335
603 59 338
597 63 340
598 62 340
593 67 340
585 69 346
585 61 354
581 63 356
586 57 357
581 57 362
582 53 365
577 54 369
580 54 366
581 54 365
586 54 360
587 54 359
586 49 365
583 49 368
582 47 371
584 45 371
582 45 373
582 43 375
585 44 371
590 36 374
595 37 368
599 34 367
603 32 365
606 28 366
610 31 359
607 32 361
609 34 357
611 33 356
615 31 354
619 32 349
622 24 354
627 24 349
633 22 345
636 22 342
641 22 337
644 21 335
651 21 328
654 19 327
653 20 327
657 19 324
662 18 320
669 17 314
671 17 312
671 18 311
675 15 310
680 16 304
683 18 299
686 14 300
690 11 299
698 14 288
705 13 282
708 15 277
713 15 272
718 17 265
721 15 264
723 19 258
726 17 257
725 19 256
724 19 257
720 22 258
719 21 260
722 21 257
722 25 253
723 23 254
722 22 256
714 29 257
706 37 257
703 40 257
704 34 262
705 35 260
702 38 260
699 39 262
695 44 261
697 47 256
693 42 265
692 45 263
686 44 270
677 51 272
667 60 273
657 58 285
645 68 287
634 71 295
626 68 306
625 66 309
