1000 0 0
999 1 0
998 2 0
997 3 0
997 2 1
997 1 2
997 1 2
997 1 2
996 2 2
990 8 2
980 17 3
968 27 5
952 40 8
940 45 15
916 66 18
894 78 28
866 96 38
835 110 55
797 137 66
759 157 84
729 159 112
697 169 134
666 171 163
639 176 185
620 178 202
592 174 234
563 180 257
545 176 279
529 164 307
517 153 330
503 152 345
495 146 359
486 144 370
485 129 386
486 112 402
483 107 410
478 103 419
476 89 435
473 83 444
472 75 453
479 65 456
484 61 455
487 59 454
486 57 457
489 51 460
497 47 456
502 44 454
508 41 451
516 37 447
517 32 451
520 32 448
529 29 442
530 27 443
532 29 439
537 30 433
541 27 432
541 25 434
550 20 430
555 20 425
558 19 423
566 15 419
575 12 413
584 12 404
591 12 397
596 11 393
602 12 386
606 12 382
608 11 381
611 9 380
621 9 370
623 10 367
631 10 359
636 11 353
647 8 345
648 8 344
651 7 342
659 7 334
666 7 327
671 5 324
676 4 320
680 3 317
684 4 312
687 5 308
687 6 307
689 4 307
690 5 305
691 7 302
693 6 301
694 7 299
698 8 294
699 9 292
699 11 290
704 13 283
700 18 282
696 24 280
693 28 279
695 30 275
691 33 276
697 31 272
692 30 278
691 32 277
689 37 274
687 40 273
676 49 275
660 61 279
655 64 281
651 67 282
650 61 289
646 60 294
644 48 308
643 41 316
646 36 318
644 35 321
650 33 317
648 35 317
655 34 311
651 35 314
649 34 317
646 33 321
645 28 327
647 26 327
648 27 325
652 22 326
658 21 321
661 21 318
666 20 314
669 20 311
670 21 309
675 20 305
677 18 305
675 20 305
673 19 308
675 17 308
681 16 303
684 16 300
686 17 297
689 18 293
686 21 293
689 18 293
689 22 289
692 24 284
694 23 283
690 23 287
693 22 285
689 23 288
689 22 289
693 22 285
691 21 288
687 26 287
691 27 282
687 30 283
683 32 285
678 39 283
674 43 283
667 50 283
661 53 286
663 52 285
652 61 287
652 59 289
639 62 299
636 65 299
636 63 301
634 61 305
630 59 311
628 51 321
624 53 323
628 49 323
633 46 321
633 44 323
633 43 324
629 42 329
629 38 333
628 36 336
626 37 337
628 31 341
626 33 341
627 37 336
627 38 335
628 37 335
632 37 331
629 37 334
627 42 331
621 45 334
620 44 336
618 48 334
619 47 334
621 42 337
625 42 333
618 46 336
617 48 335
618 44 338
617 42 341
616 44 340
617 40 343
617 36 347
614 42 344
616 40 344
618 34 348
623 28 349
628 31 341
631 27 342
635 22 343
638 21 341
640 20 340
646 17 337
647 17 336
648 16 336
652 14 334
656 15 329
655 16 329
657 16 327
662 13 325
668 13 319
676 11 313
683 9 308
686 10 304
689 9 302
690 8 302
693 9 298
697 8 295
703 8 289
710 9 281
718 7 275
726 5 269
727 4 269
728 5 267
733 5 262
734 5 261
739 3 258
736 8 256
740 11 249
742 11 247
737 15 248
733 20 247
731 21 248
726 28 246
720 36 244
717 33 250
716 36 248
709 41 250
708 41 251
701 43 256
700 49 251
684 58 258
679 51 270
677 47 276
675 44 281
669 49 282
661 54 285
656 58 286
653 58 289
642 66 292
640 66 294
634 66 300
632 61 307
630 59 311
630 53 317
631 50 319
630 45 325
621 59 320
615 60 325
610 59 331
609 57 334
599 64 337
591 64 345
582 65 353
572 68 360
571 61 368
566 60 374
562 60 378
558 61 381
556 55 389
556 51 393
555 47 398
559 44 397
561 37 402
572 37 391
574 35 391
576 35 389
578 35 387
581 29 390
588 26 386
591 22 387
593 21 386
593 16 391
602 13 385
604 16 380
610 11 379
617 9 374
617 11 372
627 11 362
633 10 357
640 9 351
642 10 348
649 10 341
655 8 337
662 7 331
665 10 325
667 11 322
673 11 316
678 10 312
680 10 310
684 7 309
685 8 307
688 7 305
691 7 302
689 11 300
688 11 301
688 13 299
685 17 298
685 20 295
686 22 292
691 19 290
696 17 287
698 13 289
701 10 289
704 8 288
707 6 287
710 5 285
711 6 283
716 5 279
720 5 275
726 4 270
727 4 269
729 4 267
733 3 264
734 3 263
738 2 260
743 2 255
746 3 251
749 4 247
751 6 243
752 6 242
755 6 239
762 7 231
764 7 229
768 8 224
772 8 220
779 7 214
778 11 211
777 12 211
778 15 207
776 19 205
772 25 203
768 30 202
770 29 201
764 30 206
761 34 205
754 42 204
748 47 205
744 46 210
744 42 214
747 35 218
749 39 212
747 38 215
745 35 220
747 34 219
743 37 220
740 42 218
741 37 222
739 35 226
735 38 227
733 42 225
731 35 234
730 35 235
729 36 235
728 39 233
719 44 237
714 46 240
710 47 243
702 50 248
696 54 250
693 53 254
690 55 255
677 66 257
672 63 265
671 62 267
671 59 270
661 62 277
657 56 287
654 53 293
656 49 295
653 50 297
647 48 305
645 50 305
644 49 307
640 52 308
638 55 307
634 59 307
634 54 312
628 59 313
628 60 312
625 55 320
620 59 321
623 56 321
625 45 330
627 44 329
622 48 330
625 38 337
627 39 334
629 35 336
632 33 335
633 29 338
631 36 333
631 36 333
634 38 328
637 35 328
641 33 326
646 27 327
651 27 322
648 34 318
641 39 320
637 47 316
627 55 318
623 56 321
612 63 325
607 60 333
609 53 338
616 44 340
617 42 341
622 36 342
621 29 350
627 26 347
629 23 348
632 22 346
630 25 345
634 25 341
644 25 331
645 23 332
645 25 330
643 27 330
639 35 326
643 32 325
645 34 321
650 33 317
653 30 317
654 32 314
658 31 311
661 27 312
668 25 307
663 27 310
666 29 305
668 30 302
674 28 298
677 23 300
677 24 299
678 26 296
681 22 297
681 24 295
673 35 292
663 49 288
648 58 294
639 68 293
620 77 303
613 77 310
614 74 312
610 76 314
602 76 322
599 78 323
596 71 333
590 70 340
589 63 348
579 67 354
579 63 358
576 56 368
576 61 363
580 52 368
579 54 367
570 51 379
574 50 376
574 47 379
577 46 377
578 44 378
575 53 372
577 52 371
573 57 370
569 57 374
573 54 373
574 52 374
572 51 377
575 43 382
574 48 378
571 50 379
565 48 387
570 46 384
568 44 388
569 38 393
577 37 386
583 39 378
594 29 377
597 27 376
598 26 376
601 23 376
603 23 374
605 28 367
608 36 356
614 31 355
622 26 352
621 27 352
623 27 350
629 26 345
637 26 337
638 21 341
639 23 338
637 23 340
640 22 338
641 20 339
643 16 341
648 15 337
652 14 334
656 16 328
659 11 330
662 12 326
664 12 324
670 9 321
669 10 321
668 10 322
666 11 323
672 10 318
673 10 317
678 13 309
683 12 305
687 11 302
691 11 298
700 11 289
701 10 289
705 9 286
709 6 285
710 6 284
714 3 283
719 2 279
724 1 275
731 1 268
733 1 266
741 1 258
748 1 251
751 1 248
758 1 241
765 1 234
772 1 227
773 3 224
781 4 215
783 3 214
788 2 210
790 2 208
794 2 204
799 2 199
803 2 195
805 2 193
805 3 192
805 3 192
806 3 191
807 4 189
810 4 186
810 3 187
814 3 183
818 2 180
821 1 178
822 1 177
824 1 175
827 2 171
827 1 172
830 1 169
833 1 166
834 1 165
836 1 163
841 0 159
842 0 158
850 0 150
851 0 149
854 0 146
859 0 141
859 1 140
861 1 138
863 2 135
864 4 132
866 3 131
866 3 131
866 4 130
867 3 130
868 4 128
872 1 127
872 2 126
870 2 128
868 4 128
871 5 124
871 4 125
872 4 124
870 6 124
869 7 124
865 12 123
863 16 121
852 29 119
835 43 122
821 53 126
809 60 131
794 68 138
781 77 142
776 76 148
764 79 157
757 83 160
746 82 172
731 88 181
717 94 189
703 94 203
695 91 214
682 97 221
672 99 229
662 97 241
646 102 252
635 102 263
617 108 275
609 103 288
607 96 297
597 96 307
589 101 310
590 91 319
576 98 326
581 92 327
574 82 344
574 72 354
575 70 355
578 61 361
577 59 364
577 55 368
581 50 369
582 45 373
582 45 373
587 42 371
588 39 373
591 37 372
594 35 371
595 36 369
594 32 374
594 33 373
597 31 372
599 29 372
598 29 373
604 28 368
613 27 360
614 26 360
612 28 360
616 27 357
615 26 359
617 22 361
621 23 356
627 22 351
627 25 348
628 26 346
630 22 348
634 18 348
641 19 340
644 19 337
645 19 336
649 15 336
657 17 326
664 14 322
669 13 318
672 11 317
674 12 314
679 11 310
677 12 311
675 14 311
678 13 309
681 16 303
685 17 298
690 15 295
693 16 291
699 12 289
706 10 284
713 7 280
717 5 278
722 4 274
729 4 267
734 4 262
735 6 259
736 7 257
741 6 253
742 6 252
745 7 248
751 9 240
753 7 240
754 9 237
758 12 230
760 13 227
766 14 220
771 16 213
772 14 214
774 12 214
773 15 212
774 15 211
777 15 208
775 18 207
776 14 210
775 13 212
776 17 207
774 21 205
769 27 204
754 40 206
737 53 210
707 76 217
686 86 228
670 97 233
656 103 241
640 111 249
630 106 264
615 110 275
607 100 293
604 87 309
591 95 314
583 95 322
578 87 335
569 94 337
561 95 344
557 91 352
560 78 362
558 74 368
554 74 372
555 67 378
554 65 381
558 54 388
561 48 391
563 48 389
559 51 390
562 48 390
566 46 388
565 43 392
569 39 392
571 40 389
573 42 385
579 37 384
585 37 378
587 33 380
590 28 382
597 26 377
599 20 381
603 20 377
609 16 375
616 15 369
623 14 363
628 12 360
630 11 359
631 10 359
639 10 351
643 9 348
649 7 344
656 6 338
661 5 334
665 2 333
670 3 327
676 2 322
681 2 317
686 2 312
693 2 305
697 3 300
701 2 297
707 4 289
710 4 286
717 2 281
720 5 275
723 7 270
726 4 270
728 5 267
735 5 260
738 4 258
744 4 252
746 5 249
749 5 246
745 10 245
753 9 238
752 10 238
748 16 236
745 16 239
743 16 241
743 16 241
743 15 242
741 15 244
742 14 244
743 14 243
740 15 245
741 19 240
744 19 237
744 20 236
745 25 230
745 24 231
737 29 234
734 28 238
730 31 239
722 39 239
715 45 240
711 48 241
707 49 244
699 54 247
696 55 249
692 54 254
683 55 262
684 49 267
688 45 267
692 38 270
693 34 273
695 33 272
696 33 271
693 36 271
697 36 267
699 35 266
695 40 265
691 41 268
686 42 272
685 37 278
683 41 276
678 40 282
681 39 280
677 33 290
673 39 288
671 38 291
675 36 289
675 36 289
673 38 289
675 38 287
675 31 294
679 34 287
679 36 285
675 34 291
669 37 294
667 38 295
662 45 293
656 47 297
656 47 297
657 49 294
654 53 293
650 55 295
653 48 299
654 42 304
658 41 301
657 39 304
662 36 302
664 31 305
668 27 305
672 24 304
673 22 305
672 22 306
682 19 299
687 15 298
688 11 301
694 10 296
695 11 294
696 12 292
698 12 290
698 14 288
703 14 283
704 14 282
705 17 278
707 19 274
709 19 272
715 19 266
715 20 265
720 18 262
719 15 266
723 14 263
728 12 260
729 13 258
733 12 255
734 12 254
737 13 250
739 9 252
747 9 244
753 8 239
760 10 230
762 10 228
759 14 227
761 9 230
761 6 233
762 6 232
768 4 228
772 3 225
776 1 223
781 1 218
782 1 217
788 2 210
789 3 208
792 4 204
785 10 205
785 10 205
782 12 206
789 13 198
789 16 195
788 16 196
781 22 197
778 23 199
779 23 198
772 26 202
771 25 204
767 32 201
760 36 204
751 40 209
745 45 210
739 46 215
737 46 217
734 43 223
734 40 226
736 33 231
732 36 232
732 39 229
733 34 233
730 34 236
729 36 235
733 36 231
726 37 237
722 39 239
722 41 237
717 42 241
712 45 243
716 42 242
715 40 245
715 42 243
716 40 244
714 41 245
717 40 243
720 40 240
715 43 242
717 42 241
717 41 242
715 39 246
716 31 253
717 32 251
718 26 256
718 27 255
718 30 252
715 32 253
713 30 257
711 29 260
714 29 257
714 24 262
719 21 260
724 19 257
724 19 257
721 21 258
725 17 258
726 19 255
730 18 252
733 18 249
733 19 248
731 23 246
721 31 248
719 37 244
725 41 234
721 41 238
714 44 242
716 38 246
715 34 251
716 33 251
720 27 253
718 28 254
719 26 255
719 25 256
717 30 253
720 28 252
724 27 249
726 30 244
726 27 247
724 23 253
725 24 251
728 21 251
728 21 251
729 19 252
730 20 250
727 21 252
731 16 253
735 20 245
737 22 241
741 19 240
747 17 236
745 19 236
746 18 236
750 17 233
753 17 230
755 16 229
757 16 227
759 15 226
761 12 227
762 10 228
767 11 222
768 12 220
770 11 219
776 11 213
777 15 208
775 16 209
776 15 209
776 14 210
782 15 203
778 20 202
777 20 203
773 23 204
771 21 208
774 19 207
775 21 204
778 19 203
778 14 208
779 13 208
781 10 209
782 10 208
