995 5 0
994 4 2
993 5 2
991 6 3
989 7 4
982 13 5
980 14 6
979 14 7
974 18 8
971 17 12
962 23 15
952 29 19
943 34 23
921 52 27
904 64 32
880 79 41
856 94 50
824 109 67
792 126 82
767 139 94
743 139 118
707 149 144
683 155 162
668 143 189
652 151 197
636 141 223
623 139 238
608 138 254
593 136 271
585 137 278
578 134 288
564 128 308
549 133 318
540 132 328
526 131 343
516 121 363
513 112 375
505 111 384
496 102 402
495 99 406
489 94 417
491 81 428
491 69 440
500 55 445
498 47 455
499 45 456
502 40 458
510 37 453
518 35 447
520 35 445
520 34 446
526 34 440
532 31 437
535 30 435
535 29 436
536 28 436
540 23 437
547 22 431
554 21 425
555 21 424
559 18 423
568 16 416
576 18 406
584 13 403
589 8 403
590 8 402
596 6 398
606 5 389
613 5 382
621 3 376
623 3 374
629 4 367
635 4 361
640 3 357
645 3 352
650 4 346
656 3 341
662 4 334
664 6 330
668 6 326
675 7 318
680 9 311
676 17 307
671 22 307
671 25 304
672 25 303
670 28 302
665 27 308
664 27 309
656 35 309
658 38 304
657 39 304
652 46 302
653 41 306
647 48 305
647 49 304
642 52 306
641 53 306
641 49 310
640 56 304
634 62 304
629 61 310
622 60 318
614 61 325
614 59 327
613 58 329
613 58 329
613 57 330
608 53 339
609 56 335
605 61 334
603 57 340
598 54 348
591 58 351
590 56 354
586 54 360
576 62 362
569 65 366
567 61 372
567 57 376
566 58 376
558 58 384
556 58 386
553 61 386
555 58 387
560 58 382
559 52 389
557 54 389
552 51 397
553 47 400
556 49 395
560 40 400
557 41 402
557 39 404
564 39 397
568 39 393
573 39 388
573 40 387
579 35 386
581 34 385
582 32 386
587 24 389
593 24 383
593 22 385
600 24 376
601 23 376
605 18 377
610 19 371
615 19 366
618 17 365
618 17 365
621 18 361
625 17 358
635 14 351
645 11 344
653 10 337
661 9 330
667 9 324
675 11 314
676 12 312
676 15 309
677 15 308
680 13 307
686 11 303
689 10 301
693 12 295
699 12 289
702 15 283
706 15 279
708 16 276
712 14 274
717 14 269
721 14 265
715 18 267
715 20 265
711 23 266
709 30 261
705 35 260
703 36 261
700 29 271
696 31 273
694 34 272
694 34 272
693 38 269
695 39 266
690 41 269
689 44 267
679 48 273
675 48 277
682 40 278
686 36 278
683 34 283
685 25 290
688 23 289
699 19 282
703 18 279
711 17 272
713 18 269
714 15 271
715 16 269
717 16 267
718 11 271
722 9 269
725 9 266
730 6 264
735 6 259
736 5 259
736 4 260
740 4 256
750 3 247
750 1 249
757 1 242
759 2 239
762 1 237
766 1 233
772 0 228
778 0 222
782 0 218
784 0 216
787 0 213
791 0 209
793 0 207
795 0 205
796 0 204
802 0 198
804 0 196
803 3 194
806 3 191
805 6 189
804 9 187
799 14 187
794 21 185
786 28 186
783 32 185
780 33 187
774 37 189
769 32 199
766 34 200
754 42 204
748 45 207
741 49 210
737 44 219
733 47 220
725 51 224
708 58 234
704 59 237
694 59 247
683 59 258
678 57 265
676 53 271
674 54 272
674 49 277
674 49 277
680 44 276
681 40 279
683 35 282
686 34 280
690 31 279
685 35 280
690 35 275
691 31 278
691 30 279
694 24 282
698 18 284
697 22 281
698 24 278
699 22 279
700 24 276
708 20 272
709 19 272
705 24 271
706 22 272
701 25 274
696 24 280
691 28 281
680 35 285
680 36 284
678 37 285
676 37 287
666 44 290
667 41 292
666 40 294
668 34 298
666 34 300
662 39 299
661 39 300
660 42 298
663 38 299
660 38 302
659 38 303
656 39 305
659 41 300
666 36 298
667 37 296
661 36 303
657 41 302
656 44 300
647 50 303
645 45 310
635 52 313
627 55 318
629 60 311
627 56 317
624 53 323
619 53 328
617 55 328
612 58 330
606 61 333
597 64 339
594 66 340
593 58 349
595 51 354
592 52 356
593 51 356
595 50 355
600 34 366
600 34 366
605 32 363
609 32 359
612 29 359
610 34 356
608 32 360
606 29 365
605 31 364
604 29 367
609 32 359
611 27 362
610 26 364
607 26 367
611 25 364
615 20 365
617 19 364
618 18 364
622 19 359
624 19 357
629 18 353
633 18 349
633 16 351
632 22 346
632 23 345
628 28 344
623 28 349
628 26 346
630 24 346
635 24 341
637 23 340
645 23 332
652 19 329
652 23 325
651 23 326
656 19 325
661 15 324
665 12 323
670 11 319
675 8 317
683 8 309
682 10 308
686 11 303
687 12 301
693 13 294
699 11 290
705 11 284
704 12 284
706 9 285
709 8 283
718 10 272
720 10 270
722 10 268
722 11 267
723 10 267
727 9 264
726 13 261
730 10 260
737 8 255
741 9 250
739 11 250
739 14 247
738 15 247
737 18 245
737 20 243
734 24 242
731 28 241
731 26 243
729 30 241
727 27 246
724 32 244
723 35 242
720 35 245
718 36 246
712 39 249
702 46 252
698 47 255
689 51 260
680 54 266
675 55 270
664 63 273
649 71 280
637 73 290
630 70 300
622 69 309
618 69 313
614 65 321
615 66 319
617 63 320
620 56 324
626 49 325
629 45 326
631 43 326
630 41 329
638 37 325
641 34 325
643 35 322
647 32 321
650 32 318
650 29 321
650 27 323
652 24 324
659 26 315
657 27 316
664 25 311
668 24 308
668 26 306
669 26 305
668 28 304
670 33 297
671 35 294
675 34 291
673 31 296
675 25 300
673 28 299
671 32 297
673 31 296
672 35 293
673 35 292
671 35 294
672 32 296
671 34 295
668 39 293
663 45 292
656 49 295
647 54 299
644 56 300
640 64 296
633 70 297
630 67 303
626 69 305
621 71 308
617 71 312
613 68 319
613 64 323
611 54 335
609 48 343
607 53 340
603 54 343
604 49 347
603 52 345
605 52 343
598 51 351
594 48 358
595 47 358
591 46 363
587 50 363
587 40 373
596 34 370
602 34 364
602 35 363
605 29 366
614 23 363
616 23 361
621 19 360
625 21 354
625 23 352
627 24 349
625 27 348
623 27 350
623 27 350
615 36 349
623 37 340
622 42 336
613 45 342
613 50 337
611 52 337
603 57 340
595 60 345
599 53 348
597 46 357
594 47 359
594 44 362
586 42 372
583 43 374
586 40 374
591 35 374
592 33 375
596 26 378
602 28 370
603 29 368
599 33 368
596 30 374
595 26 379
596 32 372
595 32 373
595 34 371
593 33 374
597 36 367
602 34 364
601 37 362
599 35 366
604 30 366
605 26 369
606 24 370
604 25 371
608 16 376
613 17 370
616 16 368
624 12 364
630 11 359
633 10 357
638 7 355
643 7 350
646 6 348
650 4 346
656 2 342
665 3 332
666 3 331
672 3 325
676 4 320
681 5 314
684 5 311
692 5 303
693 5 302
697 4 299
704 5 291
709 5 286
709 5 286
713 5 282
721 4 275
721 10 269
720 15 265
718 17 265
716 20 264
718 25 257
713 27 260
709 28 263
699 35 266
694 42 264
690 45 265
688 45 267
684 46 270
678 45 277
676 45 279
679 43 278
676 48 276
672 47 281
673 42 285
672 44 284
667 43 290
667 42 291
670 40 290
668 45 287
667 45 288
665 46 289
671 39 290
670 38 292
672 31 297
680 26 294
681 23 296
685 21 294
685 21 294
686 16 298
691 18 291
696 18 286
700 21 279
694 22 284
693 22 285
694 24 282
693 24 283
685 32 283
689 25 286
688 29 283
687 30 283
690 32 278
691 28 281
687 31 282
685 33 282
685 32 283
687 32 281
695 29 276
694 27 279
695 28 277
697 28 275
693 29 278
691 27 282
684 35 281
681 40 279
679 38 283
680 34 286
679 33 288
684 31 285
684 34 282
680 35 285
678 30 292
678 29 293
678 29 293
676 33 291
674 33 293
674 38 288
675 40 285
672 38 290
668 41 291
668 41 291
663 45 292
661 44 295
661 42 297
665 41 294
672 37 291
675 38 287
671 34 295
670 35 295
673 26 301
671 29 300
672 29 299
667 33 300
667 33 300
668 33 299
669 29 302
668 33 299
669 32 299
666 37 297
660 41 299
657 40 303
660 34 306
664 31 305
661 29 310
661 32 307
659 32 309
657 33 310
657 31 312
656 31 313
654 33 313
655 35 310
654 39 307
664 40 296
661 47 292
663 44 293
665 43 292
665 44 291
662 44 294
661 46 293
663 42 295
661 40 299
662 44 294
657 45 298
655 49 296
653 49 298
648 50 302
650 49 301
652 51 297
651 47 302
652 43 305
653 43 304
655 42 303
652 42 306
652 35 313
652 32 316
655 31 314
651 26 323
652 26 322
652 24 324
657 19 324
660 23 317
664 23 313
667 23 310
664 26 310
659 31 310
650 40 310
648 39 313
645 41 314
635 47 318
632 43 325
630 42 328
631 42 327
625 49 326
623 48 329
624 46 330
622 42 336
620 40 340
620 41 339
619 44 337
616 49 335
614 51 335
611 51 338
612 56 332
609 53 338
608 51 341
607 49 344
608 51 341
611 49 340
609 46 345
610 44 346
610 40 350
607 37 356
611 36 353
608 38 354
606 38 356
611 37 352
607 41 352
610 39 351
612 38 350
610 41 349
606 42 352
610 40 350
611 38 351
615 36 349
615 32 353
619 33 348
615 34 351
618 31 351
619 27 354
622 29 349
617 33 350
617 33 350
614 31 355
619 26 355
621 26 353
623 27 350
628 24 348
627 26 347
624 25 351
628 23 349
631 18 351
634 18 348
632 18 350
635 22 343
636 19 345
638 22 340
643 19 338
642 22 336
645 23 332
649 15 336
653 16 331
657 13 330
659 13 328
660 14 326
663 12 325
665 11 324
667 10 323
671 7 322
680 6 314
685 4 311
692 2 306
696 2 302
696 2 302
703 2 295
707 2 291
713 1 286
716 3 281
716 6 278
719 6 275
720 7 273
724 6 270
728 5 267
730 6 264
735 6 259
739 6 255
740 6 254
742 5 253
746 6 248
751 4 245
755 7 238
755 10 235
759 8 233
763 7 230
764 7 229
769 7 224
760 19 221
755 18 227
753 23 224
752 24 224
757 23 220
751 32 217
750 36 214
752 38 210
746 43 211
743 42 215
743 43 214
741 41 218
737 42 221
731 45 224
728 47 225
724 44 232
724 44 232
720 49 231
716 46 238
712 46 242
705 46 249
702 46 252
691 51 258
696 47 257
695 45 260
688 50 262
691 50 259
687 54 259
691 51 258
689 49 262
678 56 266
675 54 271
673 54 273
670 55 275
666 55 279
666 48 286
667 51 282
660 51 289
659 47 294
654 46 300
652 47 301
649 46 305
652 35 313
654 30 316
656 29 315
660 29 311
666 25 309
666 26 308
670 28 302
674 27 299
674 31 295
671 35 294
667 42 291
661 43 296
658 43 299
649 48 303
650 45 305
649 40 311
655 36 309
655 32 313
660 31 309
666 28 306
667 24 309
671 22 307
673 21 306
675 20 305
674 18 308
673 18 309
681 18 301
684 18 298
688 16 296
693 15 292
695 13 292
698 12 290
702 11 287
702 11 287
704 11 285
709 9 282
708 11 281
709 9 282
709 10 281
713 8 279
719 7 274
722 8 270
729 7 264
727 11 262
730 9 261
734 10 256
738 8 254
747 7 246
750 4 246
751 5 244
754 4 242
753 6 241
756 5 239
762 4 234
765 3 232
768 3 229
771 3 226
775 2 223
774 4 222
776 4 220
780 4 216
780 4 216
784 5 211
784 6 210
792 6 202
787 13 200
783 17 200
784 15 201
786 16 198
783 23 194
783 26 191
782 24 194
782 22 196
781 23 196
781 25 194
779 28 193
774 26 200
773 27 200
771 30 199
771 28 201
769 30 201
767 28 205
753 39 208
753 39 208
748 43 209
745 40 215
739 42 219
732 44 224
727 44 229
723 46 231
717 47 236
709 49 242
705 51 244
706 52 242
703 54 243
697 51 252
691 49 260
683 55 262
685 49 266
676 55 269
671 55 274
664 52 284
664 47 289
664 45 291
660 46 294
659 45 296
660 45 295
658 41 301
657 40 303
658 42 300
659 42 299
651 45 304
642 48 310
626 57 317
623 55 322
620 54 326
622 51 327
626 52 322
627 46 327
627 43 330
628 41 331
630 41 329
630 41 329
632 39 329
632 40 328
630 38 332
634 35 331
629 45 326
632 43 325
638 37 325
633 38 329
633 39 328
628 46 326
620 49 331
618 50 332
622 51 327
618 53 329
615 54 331
613 55 332
615 57 328
610 56 334
607 62 331
603 59 338
603 50 347
607 46 347
607 49 344
605 52 343
602 48 350
601 44 355
597 49 354
592 45 363
587 49 364
589 48 363
590 49 361
592 46 362
596 42 362
593 41 366
593 40 367
594 34 372
596 30 374
597 28 375
601 25 374
599 26 375
606 25 369
607 28 365
613 26 361
620 25 355
624 26 350
629 23 348
635 20 345
642 17 341
643 18 339
648 15 337
651 18 331
651 16 333
651 15 334
654 16 330
657 16 327
662 10 328
669 9 322
671 8 321
675 7 318
683 5 312
689 7 304
693 5 302
