1000 0 0
1000 0 0
1000 0 0
1000 0 0
998 2 0
996 2 2
996 1 3
997 0 3
993 4 3
992 3 5
993 2 5
990 5 5
988 6 6
983 8 9
970 17 13
959 26 15
943 37 20
929 46 25
914 54 32
891 70 39
867 83 50
845 87 68
830 89 81
809 89 102
796 92 112
774 102 124
755 109 136
741 110 149
724 112 164
710 111 179
694 105 201
681 105 214
672 103 225
661 101 238
652 101 247
638 103 259
636 95 269
628 86 286
618 89 293
601 89 310
591 93 316
589 88 323
583 85 332
578 80 342
572 75 353
574 67 359
576 63 361
574 64 362
563 68 369
568 61 371
564 60 376
557 59 384
554 58 388
559 58 383
558 59 383
557 61 382
559 63 378
557 61 382
558 62 380
551 63 386
546 59 395
544 55 401
545 49 406
545 45 410
549 41 410
554 42 404
552 39 409
552 38 410
557 34 409
560 27 413
563 19 418
570 16 414
582 15 403
589 12 399
595 9 396
605 10 385
617 9 374
621 8 371
627 6 367
633 6 361
639 6 355
646 6 348
649 5 346
654 4 342
662 4 334
665 5 330
669 5 326
678 4 318
683 4 313
688 2 310
692 4 304
698 5 297
704 3 293
707 2 291
708 3 289
714 3 283
718 2 280
723 2 275
728 2 270
733 1 266
738 2 260
742 0 258
745 0 255
751 0 249
756 0 244
759 4 237
757 10 233
762 10 228
764 13 223
767 11 222
764 13 223
766 13 221
764 17 219
762 19 219
758 20 222
753 23 224
759 23 218
759 25 216
759 25 216
756 30 214
750 33 217
745 37 218
736 40 224
730 43 227
730 40 230
724 39 237
717 38 245
710 44 246
705 43 252
699 50 251
700 45 255
701 40 259
696 35 269
692 36 272
686 41 273
677 45 278
659 53 288
647 63 290
635 69 296
629 73 298
625 76 299
617 78 305
615 70 315
610 69 321
601 74 325
596 71 333
591 73 336
585 70 345
585 67 348
586 65 349
587 66 347
581 67 352
571 73 356
569 71 360
568 63 369
569 54 377
564 55 381
568 52 380
567 49 384
564 48 388
562 43 395
561 47 392
559 41 400
562 36 402
566 31 403
566 30 404
565 28 407
567 22 411
573 20 407
581 17 402
586 16 398
592 15 393
595 15 390
598 12 390
602 10 388
610 7 383
615 6 379
620 7 373
625 6 369
631 4 365
638 3 359
640 3 357
640 4 356
648 2 350
654 2 344
657 5 338
659 3 338
661 4 335
666 2 332
670 2 328
677 1 322
683 1 316
693 1 306
696 0 304
703 0 297
710 0 290
710 0 290
713 2 285
716 7 277
714 9 277
717 10 273
717 15 268
716 16 268
711 21 268
711 21 268
713 20 267
711 25 264
708 25 267
699 27 274
692 32 276
690 33 277
690 33 277
696 30 274
699 30 271
701 25 274
703 23 274
704 26 270
705 25 270
711 21 268
721 20 259
720 23 257
722 21 257
726 19 255
728 18 254
728 22 250
728 22 250
734 19 247
738 18 244
737 20 243
742 19 239
747 18 235
752 18 230
757 18 225
757 20 223
757 22 221
762 22 216
760 20 220
758 25 217
761 22 217
758 26 216
753 32 215
753 32 215
752 31 217
746 32 222
748 33 219
741 34 225
739 36 225
743 34 223
740 32 228
738 26 236
737 31 232
733 31 236
736 26 238
734 27 239
738 27 235
737 26 237
743 23 234
743 18 239
748 19 233
747 17 236
744 17 239
744 14 242
743 20 237
743 22 235
749 18 233
747 21 232
751 21 228
758 16 226
763 16 221
760 18 222
752 27 221
752 26 222
755 23 222
755 21 224
752 19 229
755 19 226
757 13 230
757 13 230
754 18 228
756 17 227
759 17 224
761 16 223
764 18 218
767 17 216
773 14 213
774 14 212
778 12 210
783 9 208
786 6 208
790 5 205
793 4 203
798 4 198
798 5 197
801 3 196
807 3 190
806 6 188
807 8 185
808 6 186
814 7 179
814 11 175
815 13 172
811 15 174
809 12 179
809 13 178
812 13 175
814 12 174
816 10 174
817 8 175
822 7 171
823 6 171
825 7 168
825 7 168
827 7 166
828 6 166
832 6 162
838 6 156
838 5 157
838 5 157
841 4 155
844 3 153
845 3 152
852 2 146
855 2 143
856 3 141
855 2 143
857 4 139
856 6 138
856 7 137
857 8 135
860 8 132
862 7 131
862 10 128
862 9 129
863 7 130
861 8 131
862 8 130
864 6 130
866 5 129
870 5 125
874 5 121
876 6 118
876 6 118
879 6 115
879 6 115
880 8 112
879 10 111
879 9 112
878 7 115
877 5 118
878 4 118
878 7 115
878 8 114
876 5 119
873 7 120
872 7 121
873 7 120
870 8 122
869 9 122
869 8 123
868 7 125
871 6 123
874 6 120
874 7 119
872 14 114
862 26 112
855 29 116
850 30 120
840 38 122
828 40 132
821 43 136
811 48 141
802 50 148
798 51 151
799 45 156
794 43 163
791 41 168
785 37 178
779 38 183
773 44 183
771 40 189
767 41 192
760 42 198
761 37 202
760 38 202
756 41 203
752 44 204
750 45 205
750 42 208
750 42 208
752 37 211
751 38 211
756 34 210
757 31 212
755 31 214
748 31 221
745 37 218
735 47 218
724 55 221
719 51 230
714 48 238
712 47 241
708 46 246
704 52 244
704 51 245
703 54 243
705 53 242
701 51 248
699 45 256
697 42 261
701 37 262
704 35 261
703 34 263
696 34 270
695 35 270
694 39 267
695 35 270
698 29 273
696 30 274
701 30 269
701 32 267
698 31 271
691 38 271
692 33 275
691 34 275
695 28 277
694 32 274
693 33 274
684 41 275
674 44 282
670 42 288
667 43 290
663 47 290
655 47 298
652 44 304
656 44 300
657 43 300
652 53 295
650 52 298
650 49 301
649 46 305
650 46 304
646 48 306
648 45 307
647 45 308
644 54 302
641 52 307
635 49 316
636 51 313
630 50 320
627 47 326
622 44 334
618 39 343
614 33 353
617 34 349
619 29 352
619 28 353
626 25 349
631 22 347
633 23 344
636 23 341
641 19 340
648 18 334
652 17 331
652 19 329
653 17 330
656 15 329
659 13 328
663 12 325
668 10 322
669 12 319
670 14 316
670 15 315
674 12 314
683 13 304
686 12 302
676 21 303
673 26 301
674 26 300
677 26 297
670 30 300
669 35 296
665 36 299
662 34 304
660 38 302
659 38 303
655 39 306
652 39 309
651 32 317
654 32 314
657 30 313
658 29 313
656 32 312
657 30 313
658 30 312
656 35 309
655 36 309
657 33 310
661 26 313
665 23 312
673 21 306
674 20 306
678 20 302
685 15 300
690 16 294
697 16 287
701 16 283
705 15 280
712 14 274
718 12 270
718 15 267
721 12 267
721 16 263
726 15 259
729 13 258
729 14 257
729 13 258
733 15 252
730 19 251
730 15 255
736 13 251
739 11 250
739 11 250
741 11 248
743 10 247
745 10 245
750 9 241
753 9 238
756 9 235
759 10 231
764 11 225
763 16 221
763 18 219
765 19 216
762 20 218
759 22 219
761 20 219
760 20 220
756 24 220
763 28 209
753 35 212
748 36 216
736 40 224
731 43 226
726 51 223
708 62 230
695 64 241
679 71 250
666 76 258
659 78 263
652 78 270
643 82 275
630 84 286
621 85 294
618 80 302
607 82 311
601 84 315
597 81 322
591 76 333
585 79 336
572 80 348
568 78 354
563 78 359
566 69 365
566 62 372
564 61 375
560 64 376
563 67 370
558 64 378
554 68 378
547 73 380
547 69 384
554 63 383
551 57 392
554 58 388
553 56 391
552 56 392
553 54 393
545 55 400
545 57 398
541 54 405
548 49 403
554 39 407
557 41 402
561 41 398
564 39 397
567 34 399
566 32 402
577 23 400
580 23 397
582 23 395
587 20 393
593 19 388
598 18 384
604 15 381
606 15 379
610 14 376
616 11 373
620 10 370
623 9 368
627 8 365
637 6 357
644 5 351
648 5 347
650 4 346
650 5 345
651 9 340
652 10 338
653 13 334
657 15 328
657 15 328
661 14 325
661 14 325
663 13 324
666 7 327
670 8 322
676 8 316
678 8 314
679 8 313
680 6 314
684 6 310
691 5 304
697 4 299
702 3 295
706 2 292
709 1 290
709 1 290
712 0 288
717 0 283
726 0 274
729 0 271
734 0 266
740 0 260
742 0 258
744 0 256
747 0 253
750 0 250
752 0 248
754 0 246
760 0 240
769 0 231
777 0 223
783 0 217
785 0 215
788 0 212
789 0 211
792 0 208
794 0 206
800 0 200
804 0 196
806 0 194
808 0 192
816 0 184
818 0 182
818 0 182
818 0 182
823 0 177
828 0 172
829 0 171
832 0 168
835 0 165
838 0 162
843 0 157
844 0 156
844 0 156
847 0 153
848 0 152
850 0 150
855 0 145
860 0 140
862 0 138
863 0 137
866 0 134
868 0 132
875 0 125
875 0 125
878 0 122
883 0 117
887 0 113
889 0 111
891 0 109
892 0 108
896 0 104
896 0 104
896 0 104
896 0 104
898 0 102
901 0 99
901 0 99
901 0 99
902 0 98
903 0 97
904 0 96
904 0 96
906 0 94
908 0 92
909 0 91
909 0 91
911 0 89
912 0 88
915 0 85
920 0 80
923 0 77
924 0 76
924 0 76
924 0 76
924 0 76
925 0 75
927 0 73
927 0 73
928 0 72
928 0 72
929 0 71
929 0 71
929 0 71
930 0 70
932 0 68
933 0 67
933 0 67
935 0 65
936 0 64
937 0 63
938 0 62
940 0 60
940 0 60
942 0 58
945 0 55
945 0 55
946 0 54
947 0 53
947 0 53
948 0 52
953 0 47
954 0 46
954 0 46
954 0 46
954 0 46
954 0 46
954 0 46
954 0 46
955 0 45
955 0 45
957 0 43
957 0 43
957 0 43
957 0 43
958 0 42
959 0 41
959 0 41
959 0 41
961 0 39
963 0 37
963 0 37
963 0 37
964 0 36
966 0 34
966 0 34
966 0 34
966 0 34
967 0 33
967 0 33
967 0 33
967 0 33
967 0 33
968 0 32
970 0 30
970 0 30
970 0 30
970 0 30
970 0 30
970 0 30
970 0 30
972 0 28
972 0 28
973 0 27
974 0 26
976 0 24
976 0 24
980 0 20
980 0 20
980 0 20
980 0 20
980 0 20
980 0 20
980 0 20
980 0 20
980 0 20
980 0 20
980 0 20
980 0 20
980 0 20
980 0 20
981 0 19
982 0 18
982 0 18
983 0 17
983 0 17
983 0 17
983 0 17
983 0 17
983 0 17
983 0 17
984 0 16
984 0 16
984 0 16
984 0 16
986 0 14
987 0 13
988 0 12
988 0 12
988 0 12
988 0 12
989 0 11
989 0 11
989 0 11
990 0 10
990 0 10
990 0 10
991 0 9
991 0 9
991 0 9
991 0 9
991 0 9
991 0 9
992 0 8
992 0 8
992 0 8
992 0 8
992 0 8
992 0 8
992 0 8
992 0 8
992 0 8
993 0 7
993 0 7
993 0 7
993 0 7
993 0 7
993 0 7
993 0 7
993 0 7
993 0 7
993 0 7
993 0 7
993 0 7
994 0 6
994 0 6
994 0 6
994 0 6
995 0 5
995 0 5
995 0 5
995 0 5
995 0 5
995 0 5
995 0 5
995 0 5
995 0 5
995 0 5
995 0 5
995 0 5
995 0 5
995 0 5
995 0 5
995 0 5
995 0 5
995 0 5
995 0 5
995 0 5
995 0 5
995 0 5
995 0 5
996 0 4
996 0 4
996 0 4
996 0 4
996 0 4
996 0 4
996 0 4
997 0 3
997 0 3
997 0 3
997 0 3
998 0 2
998 0 2
998 0 2
998 0 2
998 0 2
998 0 2
998 0 2
998 0 2
998 0 2
998 0 2
998 0 2
998 0 2
999 0 1
999 0 1
999 0 1
999 0 1
999 0 1
999 0 1
999 0 1
999 0 1
999 0 1
999 0 1
999 0 1
999 0 1
999 0 1
999 0 1
999 0 1
999 0 1
999 0 1
999 0 1
999 0 1
999 0 1
999 0 1
999 0 1
999 0 1
999 0 1
999 0 1
999 0 1
999 0 1
999 0 1
999 0 1
999 0 1
999 0 1
999 0 1
999 0 1
999 0 1
999 0 1
999 0 1
999 0 1
999 0 1
999 0 1
999 0 1
999 0 1
999 0 1
999 0 1
999 0 1
999 0 1
999 0 1
999 0 1
999 0 1
999 0 1
999 0 1
999 0 1
999 0 1
999 0 1
999 0 1
999 0 1
999 0 1
999 0 1
999 0 1
999 0 1
999 0 1
999 0 1
999 0 1
1000 0 0
1000 0 0
1000 0 0
1000 0 0
1000 0 0
1000 0 0
1000 0 0
1000 0 0
1000 0 0
1000 0 0
1000 0 0
1000 0 0
1000 0 0
1000 0 0
1000 0 0
1000 0 0
1000 0 0
1000 0 0
1000 0 0
1000 0 0
1000 0 0
1000 0 0
1000 0 0
1000 0 0
1000 0 0
1000 0 0
1000 0 0
1000 0 0
1000 0 0
1000 0 0
1000 0 0
1000 0 0
1000 0 0
1000 0 0
1000 0 0
1000 0 0
1000 0 0
1000 0 0
1000 0 0
1000 0 0
1000 0 0
1000 0 0
1000 0 0
1000 0 0
1000 0 0
