1000 0 0
1000 0 0
1000 0 0
1000 0 0
1000 0 0
1000 0 0
1000 0 0
1000 0 0
1000 0 0
999 1 0
998 2 0
993 7 0
977 22 1
960 34 6
941 49 10
918 68 14
892 80 28
871 88 41
844 103 53
813 116 71
781 124 95
754 131 115
739 127 134
724 128 148
710 121 169
698 121 181
686 118 196
675 115 210
664 110 226
645 116 239
636 111 253
628 111 261
622 108 270
608 118 274
595 121 284
580 124 296
571 125 304
563 119 318
555 112 333
556 102 342
558 90 352
559 75 366
556 73 371
557 76 367
554 70 376
556 67 377
560 52 388
562 46 392
565 45 390
568 41 391
572 36 392
575 35 390
582 32 386
590 31 379
593 28 379
595 30 375
600 28 372
601 28 371
611 26 363
613 23 364
612 23 365
614 24 362
619 21 360
624 20 356
625 22 353
626 22 352
629 17 354
635 14 351
641 12 347
649 11 340
654 13 333
658 9 333
657 12 331
665 11 324
669 11 320
674 8 318
679 11 310
678 14 308
678 16 306
680 16 304
685 20 295
686 20 294
684 20 296
683 25 292
678 32 290
669 43 288
664 48 288
657 50 293
653 53 294
642 59 299
632 63 305
622 72 306
618 68 314
613 73 314
598 83 319
586 85 329
578 93 329
578 84 338
569 80 351
561 78 361
560 80 360
544 86 370
532 90 378
526 89 385
523 82 395
514 77 409
510 71 419
507 73 420
506 73 421
511 73 416
506 79 415
502 76 422
496 75 429
486 74 440
489 68 443
491 70 439
498 64 438
497 56 447
504 53 443
506 48 446
509 46 445
511 46 443
519 41 440
526 32 442
523 35 442
521 34 445
526 31 443
538 25 437
546 24 430
552 21 427
561 19 420
565 16 419
569 13 418
575 13 412
579 13 408
583 10 407
588 9 403
597 9 394
608 7 385
615 5 380
618 5 377
624 5 371
630 5 365
635 5 360
644 4 352
648 3 349
652 1 347
659 1 340
665 1 334
671 2 327
674 1 325
679 1 320
686 2 312
693 1 306
694 3 303
699 2 299
702 1 297
705 1 294
708 1 291
713 1 286
720 1 279
725 1 274
728 2 270
732 1 267
735 1 264
737 2 261
741 2 257
748 3 249
748 4 248
747 6 247
753 5 242
757 6 237
755 7 238
760 10 230
761 7 232
761 7 232
762 6 232
761 9 230
761 10 229
763 11 226
761 16 223
756 21 223
753 25 222
747 31 222
742 34 224
743 31 226
736 40 224
727 41 232
723 42 235
723 39 238
717 35 248
719 34 247
717 33 250
719 32 249
723 32 245
725 31 244
725 30 245
725 25 250
728 24 248
728 24 248
731 24 245
733 24 243
730 23 247
737 22 241
739 25 236
742 18 240
743 19 238
745 19 236
747 18 235
749 19 232
752 17 231
760 14 226
762 11 227
764 14 222
766 13 221
765 15 220
767 15 218
765 20 215
765 22 213
761 27 212
759 29 212
759 26 215
758 29 213
754 29 217
751 28 221
748 29 223
746 25 229
747 24 229
745 24 231
745 23 232
745 21 234
750 22 228
751 22 227
752 22 226
755 22 223
754 20 226
756 22 222
755 22 223
759 20 221
762 21 217
761 22 217
763 22 215
763 27 210
764 26 210
758 26 216
757 26 217
761 27 212
761 29 210
761 26 213
755 28 217
745 34 221
731 43 226
729 44 227
724 40 236
720 43 237
716 46 238
703 58 239
696 65 239
691 70 239
678 77 245
665 76 259
655 76 269
648 74 278
641 71 288
634 77 289
621 79 300
618 77 305
613 72 315
618 68 314
615 69 316
618 60 322
617 57 326
617 53 330
619 51 330
621 49 330
620 46 334
618 50 332
614 54 332
615 50 335
615 47 338
614 46 340
612 51 337
612 51 337
612 51 337
613 46 341
615 42 343
616 34 350
615 36 349
618 33 349
621 26 353
629 23 348
635 22 343
637 23 340
642 22 336
641 23 336
640 25 335
643 24 333
641 25 334
647 22 331
643 22 335
643 21 336
650 21 329
655 17 328
664 16 320
665 17 318
663 19 318
668 18 314
670 16 314
676 16 308
679 13 308
680 15 305
689 18 293
691 16 293
691 16 293
691 19 290
691 19 290
693 17 290
700 14 286
704 15 281
704 14 282
706 14 280
709 13 278
713 15 272
716 12 272
721 12 267
726 14 260
728 13 259
730 14 256
737 13 250
742 12 246
744 10 246
743 11 246
745 8 247
749 8 243
748 8 244
748 10 242
749 9 242
750 9 241
754 9 237
756 11 233
756 13 231
756 15 229
754 20 226
752 21 227
744 30 226
739 37 224
729 43 228
718 46 236
710 54 236
697 57 246
694 56 250
685 62 253
676 64 260
665 66 269
662 62 276
665 63 272
661 65 274
657 65 278
654 60 286
648 62 290
638 67 295
630 66 304
626 68 306
615 75 310
609 70 321
603 73 324
597 76 327
582 83 335
575 86 339
572 77 351
570 69 361
568 66 366
568 63 369
560 68 372
560 68 372
553 69 378
551 73 376
547 70 383
540 77 383
539 79 382
531 77 392
525 74 401
519 67 414
520 63 417
521 62 417
524 57 419
529 51 420
526 53 421
525 52 423
523 53 424
522 55 423
530 50 420
540 50 410
539 49 412
543 53 404
541 49 410
541 45 414
545 42 413
544 40 416
550 39 411
554 40 406
561 33 406
565 34 401
567 29 404
569 21 410
570 20 410
575 13 412
580 12 408
583 9 408
592 8 400
595 9 396
607 9 384
611 11 378
613 9 378
619 10 371
622 9 369
628 8 364
636 5 359
639 5 356
641 5 354
648 4 348
653 4 343
657 1 342
661 1 338
664 1 335
669 1 330
674 1 325
681 2 317
685 0 315
687 2 311
689 1 310
691 1 308
697 1 302
704 1 295
704 2 294
710 1 289
714 1 285
716 2 282
722 2 276
723 3 274
728 1 271
731 2 267
732 2 266
733 3 264
736 2 262
741 2 257
746 2 252
749 3 248
752 3 245
757 2 241
757 2 241
761 2 237
766 1 233
770 3 227
774 5 221
772 10 218
769 14 217
760 22 218
750 31 219
731 52 217
720 56 224
712 55 233
705 55 240
696 62 242
682 64 254
668 72 260
650 80 270
641 77 282
637 77 286
636 68 296
625 72 303
625 70 305
626 63 311
623 61 316
621 59 320
627 53 320
627 51 322
624 47 329
621 49 330
621 48 331
620 51 329
617 53 330
617 52 331
619 48 333
615 52 333
610 52 338
617 50 333
621 44 335
619 39 342
621 40 339
623 37 340
629 35 336
625 36 339
622 39 339
624 37 339
632 34 334
632 33 335
633 33 334
637 30 333
645 27 328
649 27 324
652 27 321
652 28 320
649 30 321
647 29 324
649 28 323
650 27 323
651 28 321
652 29 319
658 28 314
663 25 312
662 26 312
660 28 312
662 29 309
667 27 306
668 28 304
671 26 303
673 21 306
675 23 302
679 19 302
684 20 296
685 21 294
689 21 290
690 19 291
692 17 291
695 17 288
695 21 284
693 26 281
688 31 281
686 32 282
685 32 283
685 32 283
679 34 287
685 31 284
687 27 286
687 26 287
686 19 295
683 23 294
673 33 294
675 29 296
671 33 296
664 40 296
670 37 293
668 39 293
661 44 295
658 46 296
657 43 300
651 47 302
647 51 302
637 54 309
635 48 317
633 51 316
626 50 324
627 48 325
624 41 335
624 44 332
624 44 332
623 42 335
621 44 335
616 49 335
615 45 340
609 49 342
609 45 346
604 52 344
608 45 347
608 43 349
606 41 353
609 40 351
612 37 351
609 38 353
611 35 354
604 39 357
602 40 358
603 42 355
593 51 356
590 45 365
589 46 365
595 39 366
594 40 366
587 40 373
588 37 375
592 33 375
590 35 375
594 35 371
599 32 369
601 31 368
604 32 364
604 31 365
614 31 355
620 32 348
615 37 348
617 39 344
614 46 340
619 38 343
620 29 351
623 27 350
619 28 353
622 32 346
620 35 345
620 34 346
618 33 349
617 35 348
621 36 343
621 33 346
621 35 344
623 38 339
627 34 339
626 34 340
629 29 342
629 31 340
631 34 335
633 36 331
627 42 331
631 37 332
630 32 338
626 33 341
623 34 343
627 32 341
625 34 341
620 36 344
621 29 350
622 27 351
623 29 348
627 29 344
626 27 347
630 23 347
634 22 344
636 22 342
639 22 339
638 25 337
636 25 339
634 30 336
639 29 332
642 29 329
643 33 324
645 28 327
649 26 325
646 26 328
649 23 328
653 20 327
653 22 325
657 25 318
661 23 316
661 26 313
663 29 308
659 33 308
656 33 311
652 34 314
651 42 307
651 44 305
648 47 305
650 45 305
652 43 305
656 44 300
658 42 300
658 43 299
655 44 301
650 49 301
647 42 311
645 47 308
645 46 309
646 46 308
646 43 311
643 41 316
638 43 319
642 35 323
646 35 319
648 36 316
648 36 316
651 32 317
654 33 313
658 32 310
656 37 307
657 36 307
661 35 304
661 30 309
658 30 312
657 30 313
658 30 312
660 29 311
665 31 304
667 28 305
667 30 303
670 29 301
666 36 298
660 33 307
662 33 305
652 46 302
651 42 307
646 41 313
639 46 315
636 46 318
634 46 320
636 41 323
633 42 325
630 46 324
627 45 328
622 49 329
622 47 331
619 48 333
613 48 339
607 54 339
608 52 340
605 51 344
606 48 346
606 47 347
612 47 341
615 39 346
614 39 347
610 41 349
609 39 352
606 41 353
610 33 357
613 29 358
615 30 355
619 29 352
627 26 347
626 29 345
630 27 343
630 27 343
630 27 343
632 30 338
630 28 342
633 26 341
633 28 339
637 28 335
642 21 337
649 16 335
653 18 329
658 17 325
660 17 323
663 15 322
665 12 323
669 7 324
670 7 323
674 8 318
682 6 312
685 4 311
691 4 305
696 4 300
700 3 297
705 2 293
709 3 288
714 4 282
713 5 282
716 4 280
718 3 279
720 2 278
724 2 274
729 2 269
730 4 266
736 2 262
739 1 260
743 1 256
742 2 256
745 2 253
747 2 251
753 1 246
760 0 240
762 1 237
769 1 230
773 1 226
774 0 226
778 1 221
781 0 219
784 0 216
791 0 209
794 0 206
797 0 203
803 0 197
805 0 195
810 0 190
815 0 185
818 0 182
821 1 178
824 1 175
825 3 172
829 2 169
830 2 168
834 2 164
833 3 164
835 4 161
837 3 160
839 3 158
835 5 160
835 8 157
827 16 157
827 19 154
829 14 157
829 15 156
829 14 157
830 15 155
825 18 157
825 17 158
826 15 159
822 19 159
822 21 157
823 23 154
820 23 157
814 29 157
808 35 157
802 41 157
785 52 163
774 64 162
757 71 172
743 73 184
732 78 190
723 72 205
722 71 207
709 76 215
700 78 222
686 83 231
677 83 240
661 90 249
645 100 255
630 105 265
617 112 271
600 115 285
589 107 304
583 100 317
574 87 339
572 84 344
569 86 345
568 73 359
564 76 360
563 66 371
558 68 374
557 62 381
553 56 391
551 56 393
551 50 399
550 46 404
548 48 404
549 45 406
557 36 407
560 39 401
561 43 396
571 39 390
567 47 386
567 41 392
563 41 396
564 31 405
567 33 400
573 35 392
587 33 380
589 30 381
591 30 379
592 26 382
597 26 377
596 24 380
597 24 379
595 28 377
600 25 375
605 19 376
610 21 369
615 21 364
621 21 358
622 21 357
620 21 359
626 15 359
626 13 361
632 13 355
637 8 355
642 7 351
649 7 344
650 8 342
656 8 336
657 9 334
658 9 333
663 11 326
671 11 318
677 11 312
682 14 304
683 12 305
687 12 301
691 9 300
693 10 297
694 12 294
697 13 290
702 12 286
699 13 288
699 18 283
695 20 285
697 19 284
699 20 281
695 23 282
699 26 275
700 24 276
696 27 277
691 33 276
682 39 279
675 44 281
674 45 281
673 46 281
673 50 277
672 46 282
670 52 278
671 43 286
674 41 285
669 41 290
662 50 288
648 57 295
646 57 297
641 56 303
641 51 308
634 50 316
634 47 319
630 49 321
620 54 326
616 58 326
613 57 330
604 64 332
601 59 340
599 56 345
593 59 348
592 57 351
586 58 356
583 58 359
577 58 365
577 49 374
576 47 377
580 47 373
582 43 375
585 40 375
585 40 375
588 37 375
593 38 369
592 35 373
593 34 373
598 31 371
604 24 372
607 21 372
608 20 372
618 18 364
623 14 363
625 15 360
633 15 352
642 11 347
649 8 343
653 7 340
661 6 333
665 6 329
673 6 321
683 7 310
689 7 304
694 7 299
699 7 294
702 7 291
708 7 285
709 7 284
716 4 280
717 5 278
725 5 270
726 6 268
728 6 266
733 7 260
729 11 260
731 12 257
732 18 250
731 22 247
725 25 250
721 25 254
719 25 256
716 26 258
709 31 260
707 34 259
703 38 259
691 47 262
684 51 265
673 61 266
662 66 272
654 63 283
647 58 295
653 58 289
652 55 293
652 52 296
651 53 296
647 52 301
644 49 307
646 40 314
647 34 319
642 41 317
638 41 321
637 45 318
631 45 324
626 43 331
625 43 332
615 45 340
616 41 343
614 42 344
606 51 343
606 58 336
602 54 344
594 59 347
591 61 348
589 69 342
575 83 342
570 88 342
563 83 354
554 89 357
541 98 361
