1000 0 0
1000 0 0
1000 0 0
1000 0 0
1000 0 0
1000 0 0
1000 0 0
1000 0 0
1000 0 0
1000 0 0
999 1 0
998 2 0
985 14 1
961 38 1
938 50 12
910 72 18
877 94 29
841 114 45
799 140 61
770 154 76
746 159 95
718 164 118
680 177 143
659 172 169
631 177 192
609 164 227
593 164 243
577 168 255
565 165 270
551 155 294
537 156 307
519 152 329
508 140 352
496 140 364
496 121 383
497 101 402
494 94 412
488 88 424
484 79 437
485 75 440
490 66 444
496 64 440
504 56 440
506 49 445
513 47 440
521 45 434
527 45 428
531 40 429
536 35 429
542 35 423
539 40 421
539 37 424
541 35 424
538 35 427
542 39 419
544 35 421
540 39 421
535 38 427
536 38 426
540 33 427
544 33 423
547 30 423
549 27 424
557 23 420
556 27 417
564 27 409
570 25 405
575 25 400
581 21 398
582 22 396
586 23 391
592 20 388
596 20 384
595 24 381
591 30 379
597 27 376
599 27 374
594 33 373
595 34 371
584 47 369
584 50 366
580 49 371
574 49 377
570 49 381
564 51 385
561 48 391
560 47 393
556 44 400
552 45 403
553 40 407
555 38 407
554 38 408
556 36 408
554 42 404
557 38 405
555 35 410
560 31 409
567 30 403
569 33 398
567 37 396
571 33 396
568 32 400
565 38 397
567 34 399
571 29 400
579 30 391
580 25 395
579 28 393
582 27 391
588 24 388
591 25 384
596 22 382
599 25 376
609 22 369
614 22 364
621 20 359
626 20 354
627 20 353
629 19 352
629 24 347
629 22 349
628 24 348
635 23 342
637 23 340
640 20 340
642 18 340
646 17 337
648 18 334
653 16 331
660 16 324
669 15 316
671 14 315
678 12 310
682 13 305
684 15 301
691 15 294
697 13 290
699 7 294
701 10 289
700 11 289
704 9 287
707 7 286
711 7 282
712 5 283
714 9 277
713 10 277
712 16 272
709 18 273
707 22 271
705 27 268
699 37 264
700 38 262
701 40 259
695 41 264
690 42 268
689 42 269
689 38 273
690 31 279
689 32 279
687 33 280
684 36 280
681 41 278
682 41 277
678 45 277
679 42 279
676 41 283
678 37 285
678 35 287
684 31 285
685 33 282
679 33 288
682 36 282
683 36 281
684 36 280
684 32 284
675 37 288
678 40 282
673 40 287
671 40 289
671 47 282
669 47 284
673 40 287
671 39 290
672 36 292
667 39 294
671 38 291
672 34 294
674 34 292
678 30 292
673 31 296
674 30 296
685 27 288
687 30 283
688 30 282
690 28 282
686 29 285
687 26 287
690 23 287
695 21 284
695 21 284
695 20 285
698 20 282
695 23 282
693 19 288
695 18 287
699 17 284
701 14 285
701 14 285
706 14 280
709 12 279
714 10 276
719 11 270
719 12 269
722 13 265
730 12 258
737 11 252
735 13 252
727 22 251
720 27 253
707 40 253
699 45 256
691 51 258
678 60 262
668 63 269
662 64 274
655 61 284
650 64 286
644 64 292
637 64 299
641 57 302
636 58 306
636 51 313
633 53 314
630 50 320
631 48 321
630 46 324
630 41 329
630 41 329
637 43 320
641 38 321
646 34 320
646 29 325
651 25 324
652 24 324
652 22 326
647 25 328
649 21 330
650 22 328
654 23 323
660 20 320
664 20 316
668 17 315
675 18 307
678 18 304
676 16 308
680 17 303
684 16 300
686 17 297
691 14 295
691 12 297
695 11 294
702 9 289
703 9 288
708 7 285
711 6 283
714 7 279
719 7 274
722 5 273
726 4 270
729 3 268
734 3 263
736 1 263
739 1 260
743 1 256
747 1 252
756 1 243
757 1 242
762 1 237
769 0 231
772 0 228
771 2 227
774 1 225
776 2 222
777 2 221
778 3 219
781 2 217
782 3 215
781 7 212
780 8 212
778 11 211
779 9 212
780 9 211
780 11 209
780 14 206
775 21 204
771 26 203
763 33 204
758 33 209
758 29 213
760 18 222
760 19 221
756 23 221
755 23 222
757 20 223
758 22 220
760 22 218
757 23 220
758 22 220
759 20 221
755 21 224
755 23 222
754 22 224
756 26 218
754 27 219
752 28 220
748 32 220
743 33 224
739 33 228
734 33 233
734 35 231
728 33 239
728 33 239
729 36 235
727 36 237
718 42 240
710 45 245
708 51 241
699 62 239
694 57 249
682 59 259
675 64 261
669 58 273
662 64 274
666 56 278
659 58 283
659 60 281
653 59 288
652 56 292
654 52 294
655 50 295
652 52 296
649 51 300
651 44 305
657 40 303
656 37 307
654 36 310
654 36 310
658 36 306
662 33 305
661 31 308
662 30 308
663 28 309
663 29 308
662 34 304
659 36 305
649 43 308
641 45 314
647 39 314
641 45 314
638 46 316
642 47 311
641 46 313
634 49 317
635 41 324
633 43 324
643 33 324
644 33 323
640 32 328
639 33 328
644 27 329
654 23 323
662 21 317
664 17 319
668 15 317
672 13 315
677 12 311
689 10 301
689 10 301
692 10 298
698 10 292
700 11 289
703 11 286
703 16 281
701 18 281
699 23 278
704 24 272
699 32 269
695 32 273
701 34 265
699 35 266
691 41 268
688 45 267
684 49 267
676 50 274
672 53 275
666 55 279
660 58 282
657 62 281
658 58 284
650 65 285
642 70 288
624 80 296
620 78 302
616 82 302
609 77 314
605 73 322
605 74 321
604 64 332
603 59 338
600 61 339
597 59 344
595 60 345
593 65 342
593 60 347
591 52 357
588 54 358
588 49 363
586 47 367
582 51 367
582 47 371
584 45 371
585 39 376
588 38 374
593 28 379
601 30 369
606 28 366
611 24 365
612 24 364
613 25 362
620 22 358
618 25 357
620 24 356
620 27 353
626 27 347
631 29 340
628 31 341
634 23 343
638 24 338
641 24 335
646 23 331
649 20 331
653 20 327
652 23 325
653 22 325
654 21 325
657 21 322
662 18 320
662 19 319
670 15 315
676 13 311
673 18 309
676 16 308
677 17 306
679 18 303
682 19 299
687 14 299
688 16 296
686 17 297
690 17 293
700 14 286
702 14 284
703 16 281
704 19 277
704 18 278
706 17 277
710 18 272
702 29 269
700 28 272
706 21 273
709 19 272
709 19 272
708 21 271
711 18 271
708 20 272
703 21 276
704 22 274
705 25 270
703 26 271
707 23 270
708 23 269
704 27 269
708 27 265
699 32 269
697 39 264
695 43 262
689 46 265
687 39 274
692 35 273
691 33 276
688 37 275
689 35 276
692 30 278
692 30 278
689 30 281
692 32 276
695 28 277
697 30 273
696 34 270
696 36 268
696 37 267
694 33 273
685 40 275
680 40 280
677 43 280
670 44 286
671 44 285
671 43 286
666 43 291
663 47 290
663 46 291
658 45 297
650 41 309
652 37 311
654 35 311
652 37 311
646 41 313
638 45 317
628 49 323
625 55 320
630 54 316
628 52 320
629 55 316
628 56 316
623 54 323
620 54 326
616 50 334
609 61 330
608 57 335
593 67 340
581 76 343
573 75 352
567 72 361
560 69 371
555 61 384
546 64 390
542 63 395
541 60 399
538 59 403
540 54 406
544 47 409
551 45 404
552 41 407
556 37 407
560 34 406
566 27 407
573 25 402
580 25 395
585 24 391
591 19 390
596 18 386
605 20 375
614 17 369
620 17 363
623 21 356
624 19 357
628 22 350
632 22 346
639 20 341
635 24 341
634 27 339
643 19 338
642 20 338
646 18 336
648 16 336
652 13 335
651 15 334
651 15 334
653 19 328
653 18 329
659 15 326
662 12 326
667 12 321
669 12 319
675 12 313
676 14 310
677 15 308
676 17 307
681 15 304
685 14 301
687 17 296
689 20 291
693 19 288
698 15 287
694 20 286
698 16 286
697 21 282
696 26 278
696 26 278
690 33 277
693 31 276
689 33 278
683 37 280
683 38 279
682 36 282
677 38 285
674 44 282
673 44 283
669 54 277
662 54 284
662 53 285
660 56 284
658 49 293
658 42 300
655 46 299
657 42 301
660 40 300
656 41 303
649 47 304
643 47 310
643 43 314
637 47 316
632 45 323
627 46 327
629 37 334
628 37 335
629 36 335
635 33 332
638 34 328
640 33 327
645 28 327
647 29 324
650 26 324
655 23 322
662 23 315
669 20 311
667 22 311
668 22 310
675 19 306
680 15 305
681 12 307
684 12 304
688 12 300
690 14 296
688 16 296
694 14 292
695 15 290
698 14 288
698 15 287
701 17 282
702 19 279
708 21 271
710 15 275
713 15 272
717 9 274
719 8 273
722 8 270
727 7 266
729 8 263
733 7 260
736 7 257
744 6 250
750 5 245
755 5 240
759 5 236
764 3 233
766 3 231
771 2 227
773 4 223
777 5 218
785 4 211
787 4 209
789 3 208
792 3 205
792 2 206
795 3 202
800 2 198
806 2 192
807 2 191
811 1 188
809 3 188
815 2 183
814 2 184
815 4 181
822 2 176
821 5 174
826 7 167
830 7 163
830 8 162
829 11 160
830 11 159
829 11 160
834 10 156
834 12 154
834 12 154
835 14 151
838 13 149
836 14 150
834 17 149
831 18 151
833 16 151
834 13 153
837 11 152
837 11 152
836 14 150
836 14 150
832 20 148
831 20 149
826 24 150
813 36 151
799 47 154
784 58 158
778 56 166
772 55 173
764 55 181
758 47 195
754 47 199
752 43 205
747 46 207
744 45 211
740 46 214
740 43 217
734 42 224
727 43 230
716 50 234
713 54 233
708 58 234
698 64 238
698 60 242
685 62 253
678 61 261
671 59 270
670 54 276
667 55 278
663 51 286
658 51 291
660 44 296
656 45 299
639 53 308
634 46 320
636 43 321
625 48 327
617 54 329
616 54 330
608 56 336
605 54 341
595 51 354
589 53 358
585 53 362
588 49 363
589 48 363
589 43 368
585 43 372
587 40 373
589 37 374
591 36 373
590 40 370
594 36 370
601 31 368
605 29 366
607 29 364
608 28 364
608 30 362
606 28 366
606 29 365
614 26 360
614 25 361
618 27 355
623 26 351
632 23 345
633 21 346
636 16 348
636 14 350
641 16 343
648 16 336
651 17 332
657 17 326
659 18 323
660 19 321
662 21 317
663 22 315
668 19 313
670 19 311
674 23 303
670 28 302
666 32 302
659 38 303
656 48 296
651 49 300
647 47 306
635 57 308
624 61 315
617 69 314
611 70 319
605 70 325
604 68 328
592 71 337
586 65 349
584 66 350
573 69 358
568 73 359
565 67 368
566 65 369
574 60 366
577 62 361
580 56 364
580 58 362
577 56 367
572 59 369
571 58 371
569 54 377
566 53 381
565 50 385
577 48 375
579 50 371
580 49 371
579 42 379
578 41 381
580 42 378
587 36 377
591 28 381
595 26 379
598 25 377
602 24 374
604 28 368
608 24 368
606 29 365
613 22 365
616 21 363
625 19 356
627 15 358
629 19 352
636 17 347
636 16 348
642 19 339
642 18 340
647 16 337
647 20 333
651 17 332
656 18 326
656 14 330
660 15 325
662 14 324
666 14 320
669 13 318
672 12 316
679 10 311
688 8 304
692 7 301
697 6 297
701 6 293
706 6 288
710 6 284
713 7 280
719 7 274
719 8 273
720 9 271
722 7 271
727 8 265
732 8 260
736 7 257
742 7 251
747 5 248
751 5 244
758 6 236
762 4 234
761 4 235
765 2 233
768 2 230
770 3 227
776 3 221
781 4 215
784 2 214
786 3 211
785 5 210
782 9 209
780 12 208
780 16 204
775 25 200
764 35 201
761 40 199
749 49 202
730 65 205
713 78 209
703 83 214
683 92 225
668 96 236
659 84 257
657 80 263
646 84 270
639 82 279
638 79 283
636 76 288
631 77 292
626 67 307
625 60 315
623 53 324
623 52 325
622 51 327
623 49 328
628 44 328
632 45 323
628 45 327
633 40 327
634 39 327
636 31 333
636 26 338
634 25 341
635 24 341
640 23 337
642 18 340
643 20 337
645 20 335
650 17 333
654 19 327
653 19 328
656 18 326
663 20 317
667 19 314
671 15 314
671 15 314
673 16 311
675 17 308
679 15 306
684 12 304
687 11 302
688 9 303
692 9 299
695 9 296
699 7 294
706 5 289
711 4 285
720 3 277
723 3 274
729 4 267
731 4 265
738 4 258
739 5 256
743 4 253
750 4 246
749 6 245
752 4 244
756 3 241
760 4 236
765 2 233
770 1 229
774 1 225
779 1 220
785 1 214
790 1 209
791 3 206
794 3 203
796 3 201
798 2 200
804 2 194
807 0 193
809 0 191
815 0 185
818 0 182
822 0 178
824 0 176
828 0 172
831 0 169
833 3 164
835 5 160
835 5 160
836 4 160
838 2 160
841 2 157
844 2 154
844 3 153
844 4 152
833 12 155
833 13 154
828 16 156
830 14 156
830 14 156
831 13 156
828 13 159
827 15 158
827 18 155
830 18 152
831 18 151
828 18 154
826 19 155
824 22 154
825 26 149
826 25 149
824 27 149
823 29 148
820 30 150
810 41 149
801 48 151
792 53 155
782 57 161
777 59 164
768 64 168
757 62 181
755 59 186
750 64 186
748 63 189
735 73 192
725 74 201
718 71 211
711 69 220
703 71 226
698 69 233
695 71 234
691 70 239
679 77 244
669 79 252
658 83 259
