995 5 0
993 5 2
989 9 2
982 14 4
977 19 4
967 24 9
951 35 14
927 55 18
902 74 24
870 93 37
832 119 49
795 144 61
766 151 83
735 161 104
694 170 136
669 172 159
644 172 184
619 170 211
599 167 234
582 162 256
564 158 278
548 163 289
544 160 296
529 153 318
515 147 338
511 134 355
512 116 372
507 110 383
510 98 392
507 92 401
509 80 411
513 76 411
517 69 414
516 65 419
517 55 428
522 50 428
524 53 423
529 51 420
528 51 421
535 50 415
535 44 421
538 38 424
543 33 424
546 30 424
545 33 422
544 38 418
549 36 415
555 37 408
557 29 414
558 32 410
561 26 413
562 26 412
566 28 406
572 25 403
574 25 401
576 26 398
583 23 394
590 20 390
598 18 384
601 16 383
603 14 383
607 15 378
608 15 377
607 16 377
610 16 374
615 12 373
620 12 368
627 9 364
628 11 361
637 11 352
641 10 349
647 12 341
650 14 336
652 15 333
655 14 331
658 13 329
663 12 325
668 11 321
669 13 318
672 14 314
669 21 310
672 24 304
668 25 307
664 30 306
662 32 306
664 30 306
663 27 310
657 35 308
650 37 313
646 44 310
643 44 313
635 50 315
640 45 315
645 48 307
640 49 311
639 50 311
640 51 309
646 42 312
646 36 318
646 31 323
645 25 330
650 24 326
653 24 323
659 20 321
660 20 320
662 20 318
665 20 315
669 16 315
676 17 307
677 17 306
676 20 304
681 20 299
685 16 299
689 18 293
688 23 289
691 22 287
697 21 282
700 19 281
702 20 278
706 19 275
710 18 272
718 20 262
718 18 264
717 23 260
714 22 264
713 26 261
715 25 260
721 23 256
717 23 260
715 24 261
723 23 254
722 23 255
719 26 255
719 23 258
718 26 256
715 27 258
709 31 260
710 33 257
705 33 262
697 37 266
701 33 266
700 38 262
700 30 270
699 30 271
696 34 270
691 35 274
689 37 274
690 36 274
697 31 272
701 29 270
708 25 267
706 26 268
710 25 265
716 21 263
716 20 264
715 21 264
715 22 263
711 26 263
706 29 265
697 44 259
688 49 263
683 52 265
680 54 266
677 53 270
672 54 274
668 57 275
662 58 280
657 63 280
657 56 287
650 62 288
645 60 295
641 55 304
641 52 307
639 50 311
642 46 312
644 40 316
649 35 316
650 34 316
656 32 312
652 30 318
651 29 320
650 30 320
651 28 321
647 28 325
649 24 327
651 22 327
647 27 326
649 24 327
654 23 323
658 21 321
669 23 308
672 19 309
676 18 306
680 20 300
685 19 296
688 19 293
690 20 290
694 16 290
698 13 289
704 10 286
707 9 284
709 6 285
713 5 282
716 4 280
723 4 273
728 4 268
731 4 265
734 5 261
737 5 258
739 6 255
741 7 252
744 8 248
745 8 247
750 4 246
754 4 242
759 4 237
762 2 236
764 3 233
765 4 231
765 4 231
765 6 229
765 5 230
765 4 231
768 3 229
769 3 228
769 2 229
777 2 221
782 4 214
784 6 210
787 5 208
785 8 207
786 9 205
787 11 202
788 9 203
791 10 199
794 8 198
796 6 198
800 6 194
806 6 188
812 4 184
814 2 184
815 4 181
815 4 181
819 4 177
820 5 175
822 4 174
824 4 172
830 4 166
830 4 166
829 4 167
828 5 167
831 5 164
832 5 163
836 4 160
839 4 157
840 4 156
844 3 153
845 3 152
846 8 146
840 14 146
838 18 144
831 22 147
819 36 145
812 43 145
793 53 154
766 77 157
745 91 164
721 104 175
702 111 187
678 117 205
665 118 217
649 123 228
631 118 251
612 122 266
596 124 280
578 120 302
566 122 312
555 124 321
557 113 330
553 105 342
547 103 350
546 101 353
543 96 361
544 93 363
542 91 367
543 86 371
542 82 376
542 75 383
541 69 390
539 64 397
540 60 400
543 54 403
538 58 404
540 57 403
540 52 408
543 51 406
544 48 408
547 51 402
547 49 404
550 46 404
555 40 405
564 37 399
568 37 395
564 37 399
566 40 394
573 37 390
569 33 398
574 31 395
579 30 391
582 28 390
584 27 389
584 24 392
588 25 387
589 26 385
587 25 388
593 21 386
600 21 379
603 18 379
606 18 376
613 17 370
623 16 361
629 14 357
633 14 353
639 16 345
641 16 343
649 16 335
649 18 333
650 24 326
647 25 328
645 27 328
640 30 330
639 30 331
638 31 331
639 33 328
638 38 324
640 38 322
634 34 332
631 36 333
631 38 331
629 38 333
624 41 335
628 42 330
623 39 338
620 43 337
617 42 341
613 48 339
606 51 343
607 44 349
608 35 357
609 37 354
605 39 356
603 41 356
601 45 354
603 47 350
603 45 352
606 46 348
609 40 351
611 36 353
602 42 356
598 51 351
604 45 351
606 41 353
608 39 353
608 36 356
613 32 355
615 32 353
620 31 349
621 29 350
623 28 349
624 28 348
628 20 352
636 16 348
642 15 343
647 11 342
651 10 339
658 10 332
666 9 325
668 8 324
674 8 318
677 9 314
686 10 304
691 9 300
695 9 296
698 8 294
702 7 291
703 9 288
704 12 284
704 9 287
702 11 287
702 13 285
703 17 280
704 20 276
698 25 277
696 26 278
694 27 279
694 29 277
692 27 281
691 27 282
693 25 282
696 24 280
698 20 282
700 19 281
706 19 275
707 18 275
711 16 273
713 15 272
717 15 268
723 14 263
728 12 260
730 13 257
733 13 254
736 12 252
743 10 247
745 9 246
744 10 246
745 12 243
745 12 243
751 12 237
752 12 236
750 15 235
750 16 234
752 15 233
756 13 231
754 16 230
761 11 228
760 13 227
765 12 223
767 11 222
767 15 218
761 21 218
760 20 220
756 26 218
752 30 218
747 29 224
748 30 222
739 36 225
740 35 225
739 30 231
741 25 234
741 25 234
740 27 233
738 24 238
745 21 234
743 25 232
741 30 229
740 31 229
737 33 230
732 32 236
731 29 240
731 25 244
735 26 239
737 28 235
740 29 231
741 24 235
739 24 237
739 18 243
743 18 239
742 20 238
739 24 237
735 26 239
735 23 242
730 26 244
732 28 240
732 28 240
732 27 241
730 29 241
729 31 240
723 41 236
720 45 235
709 51 240
701 51 248
700 50 250
698 50 252
690 52 258
680 56 264
680 52 268
674 50 276
669 49 282
667 49 284
662 50 288
658 52 290
659 45 296
656 44 300
652 42 306
653 38 309
650 36 314
649 34 317
649 27 324
655 25 320
662 26 312
665 24 311
674 20 306
676 18 306
682 18 300
686 16 298
690 15 295
698 13 289
701 11 288
705 10 285
710 9 281
715 7 278
720 7 273
726 7 267
730 8 262
733 7 260
737 8 255
737 9 254
733 12 255
735 15 250
733 16 251
735 14 251
735 15 250
737 18 245
739 22 239
738 20 242
739 18 243
738 19 243
740 17 243
743 16 241
742 14 244
748 13 239
749 15 236
745 20 235
737 30 233
732 29 239
729 35 236
731 38 231
736 33 231
737 35 228
727 39 234
723 46 231
718 43 239
714 49 237
704 54 242
695 58 247
689 58 253
675 67 258
674 62 264
667 66 267
665 66 269
664 64 272
662 61 277
659 58 283
667 50 283
666 50 284
663 46 291
668 33 299
670 27 303
676 24 300
678 18 304
684 18 298
690 14 296
698 12 290
699 12 289
701 11 288
702 13 285
709 11 280
713 10 277
716 9 275
719 6 275
725 6 269
725 6 269
728 5 267
731 3 266
737 3 260
737 2 261
742 2 256
750 1 249
753 1 246
755 0 245
760 0 240
768 0 232
771 0 229
771 0 229
778 0 222
782 0 218
786 0 214
792 0 208
794 0 206
797 0 203
799 0 201
801 0 199
806 0 194
810 0 190
811 0 189
813 0 187
815 0 185
820 0 180
824 0 176
826 0 174
829 0 171
832 0 168
836 0 164
842 0 158
844 0 156
844 0 156
847 0 153
852 0 148
853 0 147
855 0 145
859 0 141
861 0 139
863 0 137
866 0 134
868 0 132
869 0 131
869 0 131
872 0 128
876 0 124
877 0 123
878 0 122
881 0 119
884 0 116
888 0 112
889 0 111
891 0 109
892 0 108
895 0 105
896 0 104
896 0 104
898 0 102
899 0 101
902 0 98
903 0 97
906 0 94
907 0 93
907 0 93
909 0 91
911 0 89
913 0 87
915 0 85
917 0 83
919 0 81
921 0 79
924 0 76
925 0 75
929 0 71
931 0 69
933 0 67
933 0 67
935 0 65
937 0 63
938 0 62
938 0 62
939 0 61
940 0 60
940 0 60
940 0 60
941 0 59
941 0 59
943 0 57
943 0 57
944 0 56
944 0 56
946 0 54
948 0 52
948 0 52
948 0 52
948 0 52
949 0 51
951 0 49
951 0 49
953 0 47
954 0 46
954 0 46
955 0 45
956 0 44
958 0 42
958 0 42
958 0 42
960 0 40
961 0 39
963 0 37
966 0 34
966 0 34
966 0 34
967 0 33
967 0 33
969 0 31
970 0 30
970 0 30
970 0 30
972 0 28
972 0 28
973 0 27
973 0 27
973 0 27
973 0 27
973 0 27
973 0 27
974 0 26
974 0 26
975 0 25
975 0 25
975 0 25
975 0 25
975 0 25
975 0 25
975 0 25
975 0 25
975 0 25
976 0 24
977 0 23
977 0 23
977 0 23
977 0 23
977 0 23
977 0 23
978 0 22
978 0 22
978 0 22
978 0 22
979 0 21
979 0 21
980 0 20
980 0 20
980 0 20
982 0 18
982 0 18
982 0 18
982 0 18
983 0 17
983 0 17
983 0 17
983 0 17
984 0 16
984 0 16
984 0 16
984 0 16
984 0 16
984 0 16
984 0 16
984 0 16
984 0 16
985 0 15
985 0 15
985 0 15
986 0 14
986 0 14
986 0 14
986 0 14
986 0 14
986 0 14
987 0 13
987 0 13
987 0 13
987 0 13
987 0 13
987 0 13
987 0 13
987 0 13
988 0 12
989 0 11
989 0 11
989 0 11
989 0 11
989 0 11
989 0 11
989 0 11
989 0 11
989 0 11
989 0 11
989 0 11
989 0 11
989 0 11
989 0 11
989 0 11
989 0 11
990 0 10
990 0 10
990 0 10
990 0 10
990 0 10
990 0 10
990 0 10
990 0 10
990 0 10
990 0 10
990 0 10
991 0 9
991 0 9
992 0 8
992 0 8
992 0 8
992 0 8
992 0 8
992 0 8
992 0 8
993 0 7
993 0 7
994 0 6
994 0 6
994 0 6
994 0 6
994 0 6
994 0 6
995 0 5
995 0 5
995 0 5
996 0 4
996 0 4
996 0 4
996 0 4
996 0 4
996 0 4
996 0 4
996 0 4
996 0 4
996 0 4
996 0 4
997 0 3
997 0 3
997 0 3
997 0 3
997 0 3
997 0 3
997 0 3
997 0 3
997 0 3
997 0 3
997 0 3
997 0 3
997 0 3
997 0 3
997 0 3
997 0 3
997 0 3
997 0 3
997 0 3
997 0 3
997 0 3
997 0 3
997 0 3
997 0 3
997 0 3
997 0 3
997 0 3
997 0 3
997 0 3
997 0 3
997 0 3
997 0 3
997 0 3
997 0 3
997 0 3
997 0 3
997 0 3
997 0 3
997 0 3
997 0 3
997 0 3
997 0 3
997 0 3
997 0 3
997 0 3
997 0 3
997 0 3
998 0 2
998 0 2
998 0 2
998 0 2
998 0 2
998 0 2
998 0 2
998 0 2
998 0 2
999 0 1
999 0 1
999 0 1
999 0 1
999 0 1
999 0 1
999 0 1
999 0 1
999 0 1
999 0 1
999 0 1
999 0 1
999 0 1
999 0 1
999 0 1
999 0 1
999 0 1
999 0 1
999 0 1
999 0 1
999 0 1
999 0 1
999 0 1
999 0 1
999 0 1
999 0 1
999 0 1
999 0 1
999 0 1
999 0 1
999 0 1
999 0 1
999 0 1
999 0 1
999 0 1
999 0 1
999 0 1
999 0 1
999 0 1
999 0 1
999 0 1
999 0 1
999 0 1
999 0 1
999 0 1
1000 0 0
1000 0 0
1000 0 0
1000 0 0
1000 0 0
1000 0 0
1000 0 0
1000 0 0
1000 0 0
1000 0 0
1000 0 0
1000 0 0
1000 0 0
1000 0 0
1000 0 0
1000 0 0
1000 0 0
1000 0 0
1000 0 0
1000 0 0
1000 0 0
1000 0 0
1000 0 0
1000 0 0
1000 0 0
1000 0 0
1000 0 0
1000 0 0
1000 0 0
1000 0 0
1000 0 0
1000 0 0
1000 0 0
1000 0 0
1000 0 0
1000 0 0
1000 0 0
1000 0 0
1000 0 0
1000 0 0
1000 0 0
1000 0 0
1000 0 0
1000 0 0
1000 0 0
1000 0 0
1000 0 0
1000 0 0
1000 0 0
1000 0 0
1000 0 0
1000 0 0
1000 0 0
1000 0 0
1000 0 0
1000 0 0
1000 0 0
1000 0 0
1000 0 0
1000 0 0
1000 0 0
1000 0 0
1000 0 0
1000 0 0
1000 0 0
1000 0 0
1000 0 0
1000 0 0
1000 0 0
1000 0 0
1000 0 0
1000 0 0
1000 0 0
1000 0 0
1000 0 0
1000 0 0
1000 0 0
1000 0 0
1000 0 0
1000 0 0
1000 0 0
1000 0 0
1000 0 0
1000 0 0
1000 0 0
1000 0 0
1000 0 0
1000 0 0
1000 0 0
1000 0 0
