995 5 0
994 4 2
993 4 3
992 5 3
987 8 5
985 9 6
985 9 6
982 11 7
977 15 8
973 16 11
971 13 16
958 23 19
940 37 23
920 52 28
891 77 32
849 111 40
814 126 60
781 136 83
758 139 103
738 132 130
716 143 141
706 144 150
683 143 174
668 138 194
651 135 214
643 122 235
630 115 255
617 118 265
613 104 283
604 95 301
595 97 308
593 91 316
582 98 320
580 96 324
574 95 331
575 89 336
578 90 332
566 93 341
559 86 355
557 82 361
556 79 365
554 76 370
553 70 377
555 63 382
549 66 385
549 60 391
550 65 385
551 59 390
553 54 393
559 51 390
564 51 385
569 47 384
574 38 388
579 34 387
581 34 385
585 32 383
587 31 382
592 29 379
595 32 373
598 29 373
599 28 373
601 31 368
605 30 365
609 20 371
607 24 369
605 27 368
605 33 362
604 37 359
600 39 361
603 38 359
605 38 357
602 37 361
603 36 361
602 33 365
609 34 357
606 38 356
610 34 356
614 36 350
612 36 352
616 33 351
619 31 350
622 33 345
624 31 345
627 30 343
630 29 341
633 27 340
632 28 340
630 28 342
639 25 336
646 20 334
647 17 336
646 20 334
652 21 327
651 18 331
654 18 328
656 18 326
660 18 322
664 20 316
659 24 317
651 31 318
648 32 320
650 35 315
654 32 314
655 30 315
656 26 318
659 22 319
664 19 317
665 19 316
670 24 306
672 24 304
672 26 302
676 24 300
679 28 293
682 31 287
683 28 289
683 29 288
685 32 283
689 33 278
685 36 279
683 35 282
680 38 282
677 40 283
658 56 286
654 51 295
645 57 298
640 54 306
637 56 307
632 49 319
631 45 324
627 53 320
623 55 322
621 52 327
624 49 327
622 47 331
622 46 332
624 47 329
624 43 333
627 41 332
626 40 334
625 42 333
623 40 337
619 44 337
618 43 339
617 38 345
623 41 336
617 42 341
619 37 344
620 34 346
618 39 343
612 46 342
606 52 342
602 52 346
597 56 347
595 53 352
590 52 358
581 60 359
587 59 354
578 67 355
576 64 360
572 69 359
566 69 365
561 70 369
558 69 373
550 69 381
549 64 387
550 64 386
549 61 390
546 62 392
551 59 390
544 62 394
533 65 402
531 66 403
534 62 404
535 61 404
532 63 405
532 52 416
533 52 415
537 45 418
545 42 413
555 37 408
561 35 404
562 38 400
564 33 403
571 30 399
574 29 397
577 32 391
582 28 390
585 25 390
593 22 385
590 27 383
593 27 380
597 26 377
599 30 371
597 33 370
594 35 371
602 35 363
602 38 360
606 40 354
607 42 351
603 49 348
599 52 349
599 52 349
601 51 348
601 54 345
603 51 346
602 52 346
594 55 351
592 53 355
589 54 357
591 56 353
594 52 354
596 47 357
594 51 355
590 42 368
594 42 364
600 39 361
603 40 357
602 44 354
603 42 355
604 44 352
604 42 354
605 41 354
605 40 355
603 39 358
607 38 355
601 39 360
598 33 369
605 29 366
611 26 363
616 23 361
619 22 359
620 19 361
623 14 363
629 13 358
633 14 353
641 13 346
639 16 345
639 18 343
640 21 339
638 22 340
638 27 335
635 32 333
631 36 333
629 38 333
625 43 332
622 45 333
618 52 330
611 61 328
606 64 330
592 72 336
586 71 343
580 68 352
577 68 355
577 67 356
579 63 358
581 62 357
579 59 362
581 58 361
582 55 363
578 56 366
579 52 369
583 44 373
586 38 376
591 36 373
593 30 377
597 28 375
596 28 376
599 28 373
602 26 372
602 25 373
603 27 370
607 24 369
612 23 365
614 25 361
621 24 355
623 26 351
623 28 349
624 31 345
623 30 347
626 23 351
633 18 349
639 17 344
642 17 341
648 15 337
651 15 334
662 15 323
668 14 318
669 15 316
674 13 313
677 12 311
678 13 309
679 13 308
678 16 306
679 16 305
685 15 300
685 17 298
689 13 298
696 12 292
696 12 292
700 11 289
699 11 290
700 13 287
702 10 288
704 8 288
712 6 282
718 5 277
723 5 272
729 4 267
732 5 263
734 5 261
741 4 255
743 3 254
746 3 251
752 3 245
758 1 241
764 2 234
767 2 231
771 2 227
777 1 222
782 2 216
781 3 216
787 2 211
792 4 204
793 5 202
792 9 199
790 10 200
793 8 199
787 18 195
786 21 193
782 25 193
777 26 197
771 31 198
768 31 201
765 34 201
759 36 205
756 39 205
753 32 215
749 33 218
752 27 221
757 23 220
758 20 222
759 18 223
759 20 221
760 21 219
761 16 223
760 18 222
760 16 224
760 15 225
764 15 221
763 16 221
769 17 214
770 17 213
771 16 213
771 15 214
772 16 212
774 16 210
776 13 211
777 16 207
777 17 206
780 17 203
787 17 196
791 14 195
790 16 194
786 21 193
780 25 195
780 25 195
780 24 196
781 26 193
782 23 195
784 24 192
780 27 193
776 30 194
776 27 197
775 30 195
776 29 195
778 25 197
778 25 197
777 25 198
775 27 198
774 24 202
772 23 205
771 21 208
773 19 208
770 22 208
767 22 211
766 24 210
764 30 206
761 28 211
751 34 215
749 35 216
746 37 217
744 38 218
742 39 219
738 37 225
737 41 222
729 45 226
728 38 234
729 34 237
730 32 238
726 35 239
727 33 240
725 34 241
720 35 245
713 43 244
708 45 247
707 43 250
705 42 253
704 37 259
699 43 258
699 41 260
699 42 259
697 38 265
695 39 266
694 40 266
697 38 265
697 44 259
687 50 263
681 57 262
677 59 264
676 54 270
667 60 273
667 53 280
659 55 286
665 47 288
663 49 288
661 47 292
652 51 297
655 45 300
654 42 304
652 41 307
650 43 307
651 43 306
649 41 310
648 41 311
647 40 313
649 34 317
645 36 319
654 30 316
656 28 316
661 25 314
667 23 310
673 21 306
676 20 304
679 23 298
676 29 295
667 36 297
664 39 297
655 43 302
651 44 305
646 47 307
645 48 307
642 51 307
643 53 304
638 56 306
627 65 308
625 63 312
618 70 312
612 63 325
608 66 326
607 69 324
603 73 324
599 72 329
595 70 335
592 67 341
583 75 342
586 69 345
586 70 344
582 68 350
581 68 351
582 60 358
582 56 362
584 53 363
583 49 368
585 46 369
588 43 369
593 44 363
587 43 370
586 40 374
589 44 367
592 41 367
595 42 363
595 44 361
598 40 362
594 41 365
599 40 361
603 37 360
609 35 356
611 30 359
614 33 353
618 29 353
622 25 353
626 24 350
627 23 350
628 23 349
625 23 352
627 23 350
625 29 346
622 31 347
627 23 350
631 23 346
635 19 346
639 20 341
640 20 340
645 17 338
648 17 335
651 14 335
657 11 332
659 9 332
661 6 333
669 6 325
674 4 322
684 5 311
686 6 308
691 6 303
691 6 303
693 8 299
699 6 295
700 6 294
701 8 291
706 11 283
709 11 280
712 9 279
715 8 277
723 8 269
723 10 267
724 10 266
727 11 262
733 12 255
728 17 255
729 20 251
727 21 252
726 26 248
729 24 247
727 24 249
725 25 250
721 28 251
721 31 248
721 30 249
714 37 249
704 45 251
696 46 258
692 47 261
683 52 265
675 57 268
666 63 271
657 71 272
647 74 279
642 71 287
633 65 302
628 62 310
622 67 311
615 69 316
611 74 315
604 69 327
608 57 335
607 56 337
610 54 336
613 50 337
619 48 333
621 45 334
615 46 339
621 37 342
622 33 345
621 36 343
619 38 343
623 39 338
623 38 339
621 34 345
620 36 344
625 33 342
628 28 344
627 28 345
629 28 343
631 30 339
637 26 337
641 27 332
648 27 325
650 26 324
652 24 324
655 25 320
663 22 315
666 21 313
670 18 312
675 15 310
677 14 309
681 13 306
689 12 299
692 11 297
695 9 296
698 9 293
700 8 292
705 8 287
711 8 281
716 7 277
722 6 272
724 4 272
729 5 266
735 5 260
737 4 259
740 4 256
741 4 255
744 6 250
747 8 245
746 10 244
746 11 243
747 9 244
750 6 244
748 7 245
752 7 241
755 8 237
756 7 237
756 8 236
758 8 234
759 7 234
761 9 230
761 8 231
768 7 225
771 8 221
770 13 217
772 14 214
775 12 213
770 17 213
759 27 214
754 28 218
751 26 223
748 29 223
742 33 225
738 36 226
730 41 229
718 47 235
707 52 241
697 57 246
687 62 251
688 59 253
685 56 259
679 58 263
677 59 264
673 63 264
670 57 273
667 60 273
663 60 277
661 55 284
663 49 288
661 45 294
659 44 297
658 45 297
660 41 299
662 30 308
666 27 307
663 28 309
662 26 312
664 27 309
667 26 307
671 24 305
675 24 301
679 23 298
679 26 295
680 22 298
681 23 296
684 22 294
685 23 292
685 22 293
683 20 297
683 20 297
683 22 295
682 23 295
683 22 295
684 18 298
685 17 298
688 19 293
689 16 295
694 18 288
700 18 282
702 20 278
700 21 279
701 23 276
705 20 275
705 18 277
706 17 277
707 16 277
705 18 277
708 17 275
711 18 271
709 23 268
709 27 264
702 33 265
696 40 264
691 40 269
693 34 273
697 32 271
697 33 270
695 33 272
693 34 273
694 31 275
693 32 275
695 32 273
693 31 276
694 31 275
695 28 277
690 29 281
677 41 282
670 45 285
658 52 290
647 55 298
647 56 297
634 62 304
631 60 309
628 60 312
619 64 317
616 64 320
610 66 324
601 66 333
592 63 345
589 63 348
578 71 351
571 75 354
565 78 357
562 73 365
559 66 375
551 67 382
550 68 382
548 64 388
547 68 385
547 61 392
546 53 401
541 53 406
542 52 406
536 58 406
537 52 411
536 51 413
536 44 420
538 39 423
535 39 426
535 40 425
534 32 434
535 32 433
536 34 430
537 36 427
547 34 419
548 33 419
548 36 416
551 31 418
554 33 413
560 33 407
563 30 407
565 28 407
568 27 405
567 30 403
567 28 405
572 23 405
575 17 408
579 18 403
582 19 399
580 19 401
579 19 402
586 19 395
583 25 392
586 26 388
588 24 388
592 25 383
589 28 383
590 28 382
587 31 382
584 33 383
584 36 380
581 39 380
585 45 370
582 45 373
584 43 373
586 45 369
588 37 375
586 39 375
590 36 374
588 40 372
588 38 374
588 41 371
590 45 365
590 46 364
593 42 365
599 42 359
604 40 356
604 33 363
611 30 359
617 24 359
624 20 356
625 21 354
627 19 354
630 16 354
632 18 350
633 21 346
644 20 336
648 21 331
651 21 328
646 26 328
642 29 329
646 35 319
644 37 319
640 41 319
637 40 323
633 46 321
636 45 319
636 47 317
635 50 315
632 52 316
634 55 311
637 53 310
628 58 314
614 64 322
607 63 330
609 61 330
608 58 334
608 53 339
605 53 342
602 48 350
603 47 350
599 49 352
596 49 355
592 49 359
590 49 361
589 50 361
593 47 360
588 49 363
589 42 369
588 46 366
584 42 374
588 42 370
592 39 369
601 39 360
602 40 358
606 36 358
608 37 355
608 38 354
611 35 354
611 33 356
614 32 354
612 33 355
617 32 351
616 32 352
627 28 345
630 25 345
635 26 339
639 29 332
640 31 329
643 28 329
648 26 326
654 21 325
654 24 322
653 26 321
660 21 319
661 18 321
665 15 320
669 16 315
672 14 314
677 16 307
678 15 307
680 17 303
680 18 302
682 18 300
684 18 298
683 16 301
680 18 302
685 19 296
685 19 296
687 22 291
689 22 289
691 21 288
699 16 285
700 18 282
699 19 282
702 14 284
706 11 283
712 8 280
719 9 272
719 8 273
722 7 271
725 7 268
728 5 267
733 6 261
739 5 256
741 6 253
745 5 250
748 4 248
749 5 246
750 5 245
758 3 239
760 3 237
767 3 230
774 3 223
779 2 219
786 3 211
789 4 207
790 5 205
791 5 204
795 3 202
798 3 199
801 3 196
804 1 195
805 1 194
807 1 192
808 1 191
809 1 190
810 1 189
814 1 185
814 1 185
819 1 180
821 2 177
823 2 175
827 2 171
833 2 165
836 2 162
839 1 160
841 1 158
843 1 156
848 1 151
850 1 149
852 1 147
855 1 144
860 1 139
863 1 136
865 1 134
865 1 134
867 1 132
868 1 131
868 1 131
869 1 130
871 0 129
873 0 127
874 0 126
876 0 124
878 0 122
880 0 120
881 0 119
883 0 117
884 0 116
884 0 116
886 0 114
888 0 112
890 0 110
896 0 104
897 0 103
898 0 102
900 0 100
901 0 99
905 0 95
906 0 94
909 0 91
911 0 89
912 0 88
916 0 84
917 0 83
918 0 82
919 0 81
920 0 80
921 0 79
923 0 77
924 0 76
925 0 75
927 0 73
929 0 71
931 0 69
934 0 66
934 0 66
937 0 63
938 0 62
939 0 61
940 0 60
944 0 56
946 0 54
947 0 53
948 0 52
948 0 52
951 0 49
951 0 49
952 0 48
953 0 47
953 0 47
954 0 46
954 0 46
954 0 46
954 0 46
955 0 45
955 0 45
956 0 44
958 0 42
958 0 42
959 0 41
959 0 41
960 0 40
960 0 40
962 0 38
962 0 38
962 0 38
962 0 38
963 0 37
963 0 37
964 0 36
964 0 36
966 0 34
966 0 34
966 0 34
966 0 34
