995 5 0
993 6 1
990 8 2
987 9 4
985 10 5
984 11 5
979 16 5
973 21 6
963 29 8
953 36 11
936 51 13
917 61 22
894 77 29
856 104 40
824 121 55
788 141 71
757 147 96
725 155 120
702 161 137
682 163 155
646 177 177
624 178 198
604 171 225
587 157 256
580 142 278
565 142 293
552 142 306
534 144 322
525 136 339
520 130 350
514 122 364
510 109 381
510 102 388
511 91 398
519 79 402
520 67 413
524 59 417
524 60 416
526 52 422
529 50 421
533 43 424
536 41 423
546 39 415
551 38 411
550 36 414
560 32 408
566 32 402
576 29 395
581 27 392
585 22 393
597 19 384
600 19 381
605 18 377
606 21 373
604 20 376
606 17 377
617 12 371
619 13 368
623 16 361
625 16 359
627 17 356
634 18 348
633 22 345
639 19 342
641 22 337
648 19 333
652 17 331
656 14 330
662 10 328
662 10 328
666 11 323
666 12 322
670 10 320
678 7 315
683 6 311
691 4 305
692 5 303
694 5 301
697 5 298
702 5 293
706 5 289
711 6 283
713 5 282
718 4 278
718 7 275
721 7 272
723 6 271
731 7 262
739 9 252
744 10 246
745 8 247
746 10 244
748 10 242
750 10 240
751 11 238
751 13 236
753 13 234
755 13 232
757 13 230
761 15 224
763 18 219
763 19 218
762 21 217
759 21 220
757 22 221
753 25 222
751 26 223
750 28 222
742 34 224
738 37 225
731 39 230
722 47 231
710 53 237
689 70 241
664 85 251
650 89 261
640 85 275
632 86 282
622 88 290
603 101 296
594 100 306
585 88 327
584 80 336
585 80 335
587 73 340
584 75 341
586 66 348
583 61 356
579 61 360
578 56 366
579 53 368
579 49 372
576 49 375
575 50 375
572 51 377
573 50 377
573 47 380
574 46 380
574 43 383
572 42 386
572 39 389
580 36 384
580 36 384
585 31 384
591 28 381
588 27 385
588 24 388
595 22 383
597 22 381
598 23 379
606 24 370
609 25 366
611 22 367
610 23 367
614 18 368
617 14 369
620 11 369
622 13 365
624 16 360
625 18 357
623 21 356
627 23 350
632 21 347
633 22 345
635 20 345
637 17 346
641 19 340
646 19 335
649 19 332
656 14 330
661 13 326
667 12 321
670 11 319
673 10 317
681 9 310
686 9 305
687 9 304
696 10 294
696 10 294
697 9 294
702 9 289
705 10 285
707 8 285
707 10 283
708 13 279
711 10 279
712 10 278
711 11 278
718 11 271
724 9 267
727 9 264
727 11 262
729 11 260
732 13 255
734 13 253
740 11 249
746 9 245
749 9 242
749 9 242
751 8 241
750 11 239
752 12 236
754 13 233
758 14 228
758 13 229
758 14 228
757 17 226
755 20 225
755 20 225
753 20 227
755 21 224
756 19 225
758 18 224
760 20 220
763 18 219
764 19 217
766 21 213
763 22 215
763 21 216
766 20 214
768 21 211
765 23 212
766 19 215
769 21 210
769 18 213
767 17 216
768 17 215
770 20 210
767 20 213
770 16 214
771 14 215
772 12 216
775 10 215
776 10 214
780 10 210
782 7 211
782 8 210
783 8 209
783 8 209
788 9 203
791 10 199
794 10 196
797 10 193
797 12 191
797 13 190
799 13 188
802 9 189
804 8 188
803 10 187
804 10 186
803 8 189
804 8 188
805 10 185
797 20 183
791 26 183
787 31 182
781 37 182
779 34 187
772 38 190
769 38 193
769 34 197
761 39 200
756 40 204
759 38 203
753 43 204
744 49 207
735 56 209
730 44 226
722 43 235
725 39 236
726 39 235
718 39 243
710 45 245
704 47 249
698 46 256
697 43 260
697 50 253
693 49 258
697 48 255
696 45 259
690 47 263
687 50 263
683 48 269
678 49 273
671 47 282
670 48 282
667 45 288
670 41 289
668 38 294
670 39 291
667 36 297
667 28 305
668 30 302
670 27 303
675 27 298
678 27 295
677 27 296
679 30 291
672 34 294
674 29 297
677 26 297
678 25 297
678 26 296
682 31 287
682 28 290
684 28 288
682 30 288
680 32 288
679 33 288
680 32 288
677 39 284
666 47 287
665 47 288
658 51 291
646 58 296
640 63 297
637 65 298
633 67 300
626 67 307
619 68 313
617 66 317
608 72 320
601 74 325
602 69 329
604 66 330
599 69 332
595 71 334
591 69 340
588 67 345
586 69 345
583 69 348
584 65 351
579 62 359
573 61 366
573 57 370
573 54 373
571 54 375
567 54 379
562 58 380
558 55 387
556 53 391
554 56 390
556 51 393
555 46 399
559 42 399
561 41 398
560 44 396
562 47 391
563 50 387
561 53 386
561 55 384
564 55 381
563 53 384
563 58 379
559 58 383
552 59 389
548 60 392
550 61 389
547 56 397
548 52 400
549 50 401
553 43 404
561 42 397
560 39 401
572 37 391
574 37 389
576 36 388
575 32 393
577 29 394
583 27 390
585 26 389
592 19 389
593 18 389
595 13 392
602 11 387
609 9 382
613 9 378
622 7 371
634 4 362
638 3 359
638 4 358
644 4 352
651 4 345
657 4 339
662 3 335
671 3 326
675 2 323
680 1 319
684 0 316
687 0 313
694 0 306
702 0 298
704 0 296
707 0 293
711 0 289
717 0 283
720 0 280
725 0 275
729 0 271
733 0 267
734 0 266
738 0 262
744 0 256
750 0 250
752 0 248
754 0 246
760 0 240
764 0 236
768 0 232
772 0 228
777 0 223
779 0 221
782 0 218
788 0 212
793 0 207
799 0 201
801 0 199
802 0 198
807 0 193
809 0 191
811 0 189
814 0 186
815 0 185
820 0 180
823 0 177
825 0 175
827 0 173
832 0 168
836 0 164
839 0 161
841 0 159
844 0 156
845 0 155
848 0 152
854 0 146
854 0 146
854 0 146
855 0 145
857 0 143
862 0 138
865 0 135
870 0 130
870 0 130
874 0 126
877 0 123
881 0 119
882 0 118
883 0 117
886 0 114
887 0 113
890 0 110
890 0 110
894 0 106
897 0 103
899 0 101
900 0 100
903 0 97
905 0 95
907 0 93
907 0 93
908 0 92
909 0 91
910 0 90
911 0 89
912 0 88
915 0 85
919 0 81
919 0 81
920 0 80
920 0 80
922 0 78
924 0 76
927 0 73
929 0 71
930 0 70
931 0 69
932 0 68
932 0 68
933 0 67
934 0 66
936 0 64
939 0 61
939 0 61
940 0 60
942 0 58
943 0 57
944 0 56
944 0 56
945 0 55
945 0 55
946 0 54
946 0 54
949 0 51
949 0 51
949 0 51
951 0 49
952 0 48
955 0 45
956 0 44
958 0 42
959 0 41
960 0 40
960 0 40
960 0 40
960 0 40
962 0 38
963 0 37
963 0 37
965 0 35
966 0 34
966 0 34
967 0 33
968 0 32
969 0 31
969 0 31
970 0 30
970 0 30
970 0 30
971 0 29
971 0 29
971 0 29
971 0 29
972 0 28
972 0 28
972 0 28
972 0 28
972 0 28
972 0 28
972 0 28
973 0 27
974 0 26
974 0 26
974 0 26
974 0 26
974 0 26
974 0 26
974 0 26
976 0 24
977 0 23
978 0 22
978 0 22
978 0 22
979 0 21
979 0 21
979 0 21
979 0 21
979 0 21
979 0 21
979 0 21
979 0 21
979 0 21
980 0 20
982 0 18
982 0 18
983 0 17
984 0 16
984 0 16
985 0 15
985 0 15
985 0 15
985 0 15
985 0 15
985 0 15
985 0 15
985 0 15
985 0 15
985 0 15
985 0 15
986 0 14
987 0 13
987 0 13
987 0 13
988 0 12
988 0 12
988 0 12
988 0 12
988 0 12
989 0 11
989 0 11
989 0 11
989 0 11
989 0 11
989 0 11
989 0 11
989 0 11
989 0 11
989 0 11
991 0 9
991 0 9
991 0 9
992 0 8
992 0 8
992 0 8
992 0 8
992 0 8
992 0 8
992 0 8
992 0 8
992 0 8
992 0 8
993 0 7
993 0 7
993 0 7
993 0 7
993 0 7
993 0 7
993 0 7
993 0 7
993 0 7
993 0 7
993 0 7
993 0 7
993 0 7
993 0 7
993 0 7
993 0 7
993 0 7
994 0 6
995 0 5
995 0 5
995 0 5
995 0 5
995 0 5
995 0 5
995 0 5
995 0 5
995 0 5
995 0 5
996 0 4
996 0 4
996 0 4
996 0 4
996 0 4
996 0 4
997 0 3
997 0 3
997 0 3
997 0 3
997 0 3
997 0 3
997 0 3
997 0 3
997 0 3
997 0 3
997 0 3
997 0 3
997 0 3
997 0 3
997 0 3
998 0 2
999 0 1
999 0 1
999 0 1
999 0 1
999 0 1
999 0 1
999 0 1
999 0 1
999 0 1
999 0 1
999 0 1
999 0 1
999 0 1
999 0 1
999 0 1
999 0 1
999 0 1
999 0 1
999 0 1
999 0 1
999 0 1
999 0 1
999 0 1
999 0 1
999 0 1
999 0 1
999 0 1
999 0 1
999 0 1
1000 0 0
1000 0 0
1000 0 0
1000 0 0
1000 0 0
1000 0 0
1000 0 0
1000 0 0
1000 0 0
1000 0 0
1000 0 0
1000 0 0
1000 0 0
1000 0 0
1000 0 0
1000 0 0
1000 0 0
1000 0 0
1000 0 0
1000 0 0
1000 0 0
1000 0 0
1000 0 0
1000 0 0
1000 0 0
1000 0 0
1000 0 0
1000 0 0
1000 0 0
1000 0 0
1000 0 0
1000 0 0
1000 0 0
1000 0 0
1000 0 0
1000 0 0
1000 0 0
1000 0 0
1000 0 0
1000 0 0
1000 0 0
1000 0 0
1000 0 0
1000 0 0
1000 0 0
1000 0 0
1000 0 0
1000 0 0
1000 0 0
1000 0 0
1000 0 0
1000 0 0
1000 0 0
1000 0 0
1000 0 0
1000 0 0
1000 0 0
1000 0 0
1000 0 0
1000 0 0
1000 0 0
1000 0 0
1000 0 0
1000 0 0
1000 0 0
1000 0 0
1000 0 0
1000 0 0
1000 0 0
1000 0 0
1000 0 0
1000 0 0
1000 0 0
1000 0 0
1000 0 0
1000 0 0
1000 0 0
1000 0 0
1000 0 0
1000 0 0
1000 0 0
1000 0 0
1000 0 0
1000 0 0
1000 0 0
1000 0 0
1000 0 0
1000 0 0
1000 0 0
1000 0 0
1000 0 0
1000 0 0
1000 0 0
1000 0 0
1000 0 0
1000 0 0
1000 0 0
1000 0 0
1000 0 0
1000 0 0
1000 0 0
1000 0 0
1000 0 0
1000 0 0
1000 0 0
1000 0 0
1000 0 0
1000 0 0
1000 0 0
1000 0 0
1000 0 0
1000 0 0
1000 0 0
1000 0 0
1000 0 0
1000 0 0
1000 0 0
1000 0 0
1000 0 0
1000 0 0
1000 0 0
1000 0 0
1000 0 0
1000 0 0
1000 0 0
1000 0 0
1000 0 0
1000 0 0
1000 0 0
1000 0 0
1000 0 0
1000 0 0
1000 0 0
1000 0 0
1000 0 0
1000 0 0
1000 0 0
1000 0 0
1000 0 0
1000 0 0
1000 0 0
1000 0 0
1000 0 0
1000 0 0
1000 0 0
1000 0 0
1000 0 0
1000 0 0
1000 0 0
1000 0 0
1000 0 0
1000 0 0
1000 0 0
1000 0 0
1000 0 0
1000 0 0
1000 0 0
1000 0 0
1000 0 0
1000 0 0
1000 0 0
1000 0 0
1000 0 0
1000 0 0
1000 0 0
1000 0 0
1000 0 0
1000 0 0
1000 0 0
1000 0 0
1000 0 0
1000 0 0
1000 0 0
1000 0 0
1000 0 0
1000 0 0
1000 0 0
1000 0 0
1000 0 0
1000 0 0
1000 0 0
1000 0 0
1000 0 0
1000 0 0
1000 0 0
1000 0 0
1000 0 0
1000 0 0
1000 0 0
1000 0 0
1000 0 0
1000 0 0
1000 0 0
1000 0 0
1000 0 0
1000 0 0
1000 0 0
1000 0 0
1000 0 0
1000 0 0
1000 0 0
1000 0 0
1000 0 0
1000 0 0
1000 0 0
1000 0 0
1000 0 0
1000 0 0
1000 0 0
1000 0 0
1000 0 0
1000 0 0
1000 0 0
1000 0 0
1000 0 0
1000 0 0
1000 0 0
1000 0 0
1000 0 0
1000 0 0
1000 0 0
1000 0 0
1000 0 0
1000 0 0
1000 0 0
1000 0 0
1000 0 0
1000 0 0
1000 0 0
1000 0 0
1000 0 0
1000 0 0
1000 0 0
1000 0 0
1000 0 0
1000 0 0
1000 0 0
1000 0 0
1000 0 0
1000 0 0
1000 0 0
1000 0 0
1000 0 0
1000 0 0
1000 0 0
1000 0 0
1000 0 0
1000 0 0
1000 0 0
1000 0 0
1000 0 0
1000 0 0
1000 0 0
1000 0 0
1000 0 0
1000 0 0
1000 0 0
1000 0 0
1000 0 0
1000 0 0
1000 0 0
1000 0 0
1000 0 0
1000 0 0
1000 0 0
1000 0 0
1000 0 0
1000 0 0
1000 0 0
1000 0 0
1000 0 0
1000 0 0
1000 0 0
1000 0 0
1000 0 0
1000 0 0
1000 0 0
1000 0 0
1000 0 0
1000 0 0
1000 0 0
1000 0 0
1000 0 0
1000 0 0
1000 0 0
1000 0 0
1000 0 0
1000 0 0
1000 0 0
1000 0 0
1000 0 0
1000 0 0
1000 0 0
1000 0 0
1000 0 0
1000 0 0
1000 0 0
1000 0 0
1000 0 0
1000 0 0
1000 0 0
1000 0 0
1000 0 0
1000 0 0
1000 0 0
1000 0 0
1000 0 0
1000 0 0
1000 0 0
1000 0 0
1000 0 0
1000 0 0
1000 0 0
1000 0 0
1000 0 0
1000 0 0
1000 0 0
1000 0 0
1000 0 0
1000 0 0
1000 0 0
1000 0 0
