995 5 0
995 5 0
993 7 0
988 12 0
977 21 2
961 32 7
944 42 14
927 50 23
902 70 28
870 93 37
836 118 46
794 147 59
761 167 72
727 181 92
699 189 112
670 199 131
640 200 160
611 207 182
574 215 211
545 215 240
527 205 268
505 188 307
486 173 341
478 156 366
469 143 388
469 134 397
466 124 410
461 119 420
452 117 431
450 107 443
445 109 446
446 106 448
443 94 463
443 77 480
445 71 484
439 70 491
441 64 495
440 62 498
442 56 502
447 54 499
449 51 500
449 51 500
456 47 497
458 44 498
461 37 502
471 32 497
474 38 488
479 39 482
484 39 477
485 39 476
488 36 476
490 37 473
498 34 468
504 31 465
507 31 462
506 32 462
512 31 457
518 30 452
521 29 450
524 26 450
530 25 445
538 22 440
544 20 436
546 16 438
549 12 439
554 13 433
561 13 426
561 17 422
568 19 413
574 18 408
575 19 406
576 17 407
580 15 405
580 17 403
583 16 401
593 14 393
596 16 388
600 21 379
605 20 375
603 25 372
606 26 368
610 22 368
614 23 363
618 22 360
624 21 355
626 23 351
630 18 352
634 15 351
636 13 351
635 15 350
643 14 343
644 13 343
646 18 336
652 16 332
654 16 330
659 16 325
664 16 320
666 18 316
669 16 315
675 15 310
675 16 309
672 17 311
675 19 306
673 21 306
679 19 302
682 21 297
678 27 295
681 24 295
684 28 288
680 33 287
674 35 291
672 32 296
674 31 295
675 33 292
668 39 293
664 41 295
662 41 297
655 42 303
651 45 304
655 42 303
653 43 304
647 46 307
640 51 309
640 53 307
641 48 311
642 44 314
644 43 313
641 42 317
642 37 321
641 35 324
641 34 325
645 35 320
647 30 323
653 28 319
656 23 321
657 23 320
656 23 321
660 23 317
666 23 311
665 21 314
663 20 317
667 21 312
667 26 307
671 22 307
672 21 307
674 22 304
671 23 306
673 21 306
675 23 302
682 20 298
681 20 299
685 20 295
685 22 293
686 20 294
687 19 294
691 18 291
688 20 292
686 23 291
686 19 295
687 19 294
688 20 292
693 18 289
699 19 282
700 17 283
700 18 282
703 14 283
704 11 285
707 9 284
708 10 282
712 11 277
718 9 273
721 5 274
725 5 270
726 4 270
730 4 266
738 4 258
739 5 256
744 6 250
742 7 251
749 7 244
751 6 243
755 7 238
758 8 234
764 8 228
769 8 223
770 11 219
771 12 217
772 12 216
770 17 213
768 20 212
771 18 211
773 13 214
777 12 211
776 13 211
779 11 210
784 11 205
782 13 205
786 13 201
784 18 198
785 18 197
785 16 199
786 19 195
783 23 194
783 20 197
782 22 196
780 23 197
776 22 202
775 28 197
767 27 206
762 33 205
754 41 205
750 40 210
747 44 209
744 47 209
740 48 212
739 49 212
731 54 215
721 55 224
717 57 226
708 67 225
695 74 231
691 76 233
676 86 238
662 89 249
657 82 261
647 85 268
635 90 275
630 82 288
621 80 299
613 80 307
607 73 320
599 74 327
591 78 331
585 84 331
586 75 339
592 72 336
592 72 336
587 70 343
587 59 354
586 62 352
589 59 352
589 50 361
595 42 363
592 43 365
597 43 360
596 42 362
595 43 362
592 45 363
586 49 365
587 50 363
587 52 361
586 55 359
585 52 363
591 53 356
594 48 358
596 47 357
598 47 355
599 40 361
601 36 363
605 31 364
611 27 362
615 24 361
618 22 360
618 21 361
626 16 358
631 15 354
638 14 348
644 14 342
646 17 337
647 14 339
651 11 338
654 12 334
657 10 333
661 8 331
663 9 328
660 11 329
662 13 325
665 11 324
669 12 319
670 9 321
672 10 318
678 6 316
680 5 315
682 7 311
686 9 305
691 9 300
696 10 294
700 7 293
703 9 288
702 12 286
699 17 284
697 26 277
695 31 274
699 29 272
700 31 269
698 30 272
697 30 273
695 33 272
695 38 267
692 38 270
685 43 272
682 41 277
672 49 279
670 50 280
659 57 284
641 68 291
636 69 295
636 70 294
630 73 297
625 73 302
623 70 307
622 68 310
621 66 313
618 59 323
610 62 328
609 61 330
611 58 331
610 59 331
606 59 335
605 48 347
610 41 349
614 42 344
613 44 343
615 47 338
617 45 338
618 40 342
618 41 341
617 43 340
623 41 336
618 46 336
618 41 341
623 40 337
614 47 339
610 45 345
608 48 344
599 53 348
593 52 355
594 49 357
598 47 355
601 44 355
608 36 356
611 36 353
614 36 350
618 37 345
622 33 345
622 33 345
622 31 347
628 27 345
630 26 344
633 20 347
631 17 352
632 20 348
626 26 348
627 22 351
634 19 347
639 17 344
641 16 343
647 12 341
650 13 337
652 15 333
660 15 325
660 14 326
661 12 327
665 13 322
672 11 317
671 13 316
671 13 316
675 12 313
679 13 308
687 10 303
688 14 298
691 13 296
696 13 291
692 18 290
692 18 290
686 21 293
687 21 292
681 20 299
689 19 292
687 20 293
692 21 287
691 21 288
688 25 287
690 27 283
698 26 276
703 18 279
703 19 278
704 17 279
704 19 277
701 21 278
695 27 278
689 31 280
682 44 274
672 53 275
663 56 281
653 56 291
648 61 291
643 61 296
634 62 304
626 69 305
618 68 314
612 68 320
607 68 325
598 71 331
591 71 338
588 69 343
589 68 343
587 69 344
587 64 349
583 59 358
586 55 359
593 45 362
594 42 364
594 41 365
598 39 363
601 36 363
605 34 361
606 37 357
605 37 358
616 29 355
617 28 355
617 28 355
619 28 353
622 26 352
626 20 354
633 16 351
637 12 351
639 12 349
643 9 348
653 9 338
660 9 331
661 11 328
662 14 324
661 16 323
663 13 324
665 13 322
666 14 320
670 15 315
667 17 316
666 23 311
668 21 311
664 24 312
670 24 306
669 24 307
667 30 303
668 24 308
668 23 309
669 21 310
671 24 305
673 22 305
677 19 304
678 23 299
683 27 290
682 28 290
678 26 296
680 29 291
681 33 286
683 32 285
683 33 284
680 38 282
676 38 286
676 33 291
675 32 293
677 32 291
673 34 293
675 38 287
673 36 291
665 41 294
664 39 297
655 43 302
651 44 305
647 42 311
644 42 314
645 36 319
646 34 320
650 29 321
651 23 326
654 24 322
663 20 317
661 24 315
661 26 313
664 25 311
670 25 305
667 23 310
671 20 309
673 19 308
679 17 304
680 17 303
687 15 298
685 18 297
686 18 296
688 18 294
689 20 291
691 20 289
692 22 286
691 22 287
691 21 288
688 22 290
691 20 289
689 23 288
692 23 285
693 21 286
693 24 283
695 24 281
699 22 279
696 20 284
698 22 280
698 26 276
701 23 276
700 21 279
703 21 276
708 18 274
711 20 269
710 22 268
713 28 259
708 30 262
705 31 264
693 39 268
696 33 271
698 33 269
701 30 269
703 32 265
706 31 263
703 29 268
701 26 273
703 20 277
704 21 275
709 23 268
709 22 269
709 18 273
715 14 271
717 13 270
717 14 269
718 15 267
719 14 267
715 17 268
715 17 268
719 15 266
717 21 262
716 22 262
710 25 265
710 27 263
711 31 258
713 32 255
704 37 259
705 33 262
709 26 265
708 28 264
712 22 266
715 20 265
717 17 266
721 16 263
724 13 263
726 12 262
728 12 260
727 12 261
730 6 264
733 6 261
739 6 255
745 7 248
745 7 248
753 8 239
760 8 232
761 7 232
766 6 228
774 3 223
778 3 219
783 3 214
788 3 209
796 3 201
798 3 199
801 2 197
804 2 194
807 2 191
810 2 188
815 1 184
815 1 184
820 2 178
821 2 177
825 2 173
825 2 173
828 2 170
831 3 166
833 3 164
835 3 162
834 4 162
834 6 160
839 5 156
841 6 153
842 6 152
840 7 153
837 9 154
840 9 151
837 13 150
837 14 149
833 18 149
832 19 149
831 22 147
831 23 146
829 23 148
831 18 151
833 16 151
832 19 149
832 16 152
834 15 151
831 19 150
829 19 152
829 17 154
830 17 153
832 14 154
837 11 152
839 8 153
839 7 154
841 8 151
842 7 151
845 6 149
846 5 149
847 5 148
846 8 146
838 17 145
836 22 142
825 33 142
811 44 145
796 56 148
781 66 153
761 75 164
739 90 171
726 94 180
703 113 184
683 118 199
676 112 212
665 112 223
655 101 244
643 102 255
634 100 266
628 94 278
620 92 288
627 77 296
628 61 311
631 60 309
628 60 312
621 61 318
617 58 325
618 61 321
613 61 326
609 60 331
611 51 338
605 53 342
604 52 344
598 54 348
602 46 352
602 44 354
604 47 349
609 44 347
613 39 348
615 38 347
614 44 342
618 41 341
618 41 341
617 36 347
622 32 346
623 29 348
623 31 346
625 29 346
632 25 343
634 22 344
634 22 344
633 22 345
637 22 341
637 18 345
641 21 338
642 21 337
637 25 338
636 21 343
638 26 336
640 26 334
641 23 336
646 23 331
651 23 326
652 26 322
653 23 324
657 23 320
651 26 323
652 23 325
656 25 319
658 25 317
663 24 313
659 27 314
663 27 310
663 29 308
662 29 309
668 30 302
667 31 302
665 34 301
662 34 304
658 38 304
653 39 308
651 41 308
649 40 311
653 39 308
657 36 307
658 38 304
661 33 306
664 31 305
665 27 308
666 28 306
669 22 309
672 18 310
673 18 309
674 17 309
680 14 306
680 13 307
682 14 304
694 12 294
699 8 293
701 7 292
704 5 291
711 4 285
715 4 281
716 5 279
723 5 272
727 4 269
728 4 268
730 5 265
732 6 262
737 4 259
740 4 256
741 4 255
745 5 250
747 4 249
751 4 245
752 3 245
761 2 237
765 2 233
771 2 227
773 2 225
776 2 222
780 2 218
781 1 218
785 0 215
790 0 210
791 0 209
797 0 203
802 0 198
804 0 196
807 0 193
810 0 190
814 0 186
816 0 184
818 0 182
821 0 179
823 0 177
825 0 175
828 0 172
828 0 172
833 0 167
835 0 165
839 0 161
840 0 160
843 0 157
848 0 152
848 0 152
849 0 151
852 0 148
856 0 144
857 0 143
858 0 142
860 0 140
861 0 139
862 0 138
866 0 134
868 0 132
869 0 131
872 0 128
875 0 125
877 0 123
879 0 121
879 0 121
881 0 119
883 0 117
883 0 117
883 0 117
885 0 115
888 0 112
888 0 112
890 0 110
892 0 108
893 0 107
895 0 105
901 0 99
902 0 98
905 0 95
905 0 95
907 0 93
907 0 93
908 0 92
909 0 91
913 0 87
914 0 86
915 0 85
915 0 85
916 0 84
916 0 84
916 0 84
917 0 83
918 0 82
918 0 82
918 0 82
922 0 78
924 0 76
924 0 76
925 0 75
928 0 72
928 0 72
929 0 71
929 0 71
929 0 71
931 0 69
932 0 68
932 0 68
933 0 67
935 0 65
935 0 65
935 0 65
936 0 64
937 0 63
939 0 61
939 0 61
939 0 61
941 0 59
942 0 58
945 0 55
946 0 54
946 0 54
947 0 53
948 0 52
948 0 52
949 0 51
949 0 51
951 0 49
951 0 49
952 0 48
953 0 47
954 0 46
955 0 45
956 0 44
956 0 44
956 0 44
956 0 44
956 0 44
956 0 44
956 0 44
956 0 44
956 0 44
956 0 44
956 0 44
957 0 43
957 0 43
958 0 42
958 0 42
958 0 42
960 0 40
961 0 39
961 0 39
963 0 37
963 0 37
965 0 35
965 0 35
965 0 35
966 0 34
966 0 34
967 0 33
967 0 33
967 0 33
968 0 32
969 0 31
969 0 31
969 0 31
969 0 31
970 0 30
970 0 30
970 0 30
970 0 30
970 0 30
971 0 29
971 0 29
972 0 28
973 0 27
973 0 27
973 0 27
973 0 27
975 0 25
975 0 25
975 0 25
975 0 25
975 0 25
975 0 25
975 0 25
975 0 25
975 0 25
977 0 23
977 0 23
979 0 21
979 0 21
980 0 20
982 0 18
983 0 17
984 0 16
984 0 16
984 0 16
985 0 15
986 0 14
986 0 14
986 0 14
986 0 14
986 0 14
986 0 14
986 0 14
986 0 14
987 0 13
988 0 12
988 0 12
989 0 11
990 0 10
990 0 10
990 0 10
990 0 10
990 0 10
990 0 10
990 0 10
990 0 10
990 0 10
990 0 10
990 0 10
990 0 10
990 0 10
990 0 10
990 0 10
990 0 10
990 0 10
990 0 10
990 0 10
990 0 10
990 0 10
990 0 10
990 0 10
990 0 10
990 0 10
990 0 10
990 0 10
990 0 10
990 0 10
990 0 10
990 0 10
991 0 9
991 0 9
992 0 8
992 0 8
992 0 8
992 0 8
993 0 7
993 0 7
993 0 7
993 0 7
993 0 7
994 0 6
994 0 6
994 0 6
994 0 6
994 0 6
994 0 6
994 0 6
994 0 6
994 0 6
994 0 6
994 0 6
995 0 5
995 0 5
995 0 5
995 0 5
995 0 5
995 0 5
995 0 5
996 0 4
996 0 4
996 0 4
996 0 4
996 0 4
996 0 4
996 0 4
996 0 4
996 0 4
996 0 4
996 0 4
996 0 4
996 0 4
996 0 4
996 0 4
996 0 4
996 0 4
997 0 3
