995 5 0
993 6 1
992 5 3
988 8 4
983 11 6
979 12 9
975 13 12
971 14 15
960 24 16
950 30 20
937 38 25
925 40 35
907 52 41
893 58 49
871 68 61
861 69 70
837 81 82
813 90 97
789 105 106
760 121 119
745 124 131
724 132 144
693 143 164
675 147 178
654 153 193
643 151 206
626 139 235
613 136 251
590 141 269
586 130 284
581 125 294
576 116 308
563 112 325
555 111 334
553 99 348
546 97 357
540 94 366
539 90 371
536 84 380
532 83 385
532 74 394
533 67 400
533 64 403
531 60 409
525 62 413
526 58 416
530 49 421
534 48 418
536 46 418
538 47 415
541 41 418
544 37 419
545 38 417
550 35 415
554 31 415
558 29 413
558 26 416
566 26 408
574 23 403
576 21 403
582 20 398
590 19 391
595 16 389
601 14 385
604 10 386
604 12 384
608 14 378
610 15 375
612 18 370
607 19 374
607 21 372
615 19 366
613 22 365
616 20 364
616 18 366
620 16 364
625 13 362
620 23 357
618 29 353
621 27 352
632 24 344
636 25 339
635 28 337
639 27 334
642 33 325
645 29 326
651 30 319
649 33 318
650 35 315
650 36 314
649 38 313
646 37 317
646 32 322
648 30 322
644 32 324
646 29 325
650 28 322
652 27 321
662 26 312
664 24 312
664 24 312
667 23 310
666 21 313
663 26 311
668 27 305
671 28 301
668 30 302
667 31 302
666 26 308
671 28 301
675 27 298
670 31 299
672 33 295
666 40 294
671 41 288
663 43 294
662 44 294
662 41 297
662 42 296
663 37 300
663 36 301
665 36 299
668 29 303
670 29 301
671 25 304
670 24 306
671 21 308
674 18 308
678 16 306
685 18 297
691 17 292
692 17 291
693 11 296
692 10 298
699 9 292
702 11 287
701 12 287
705 11 284
708 11 281
709 13 278
713 13 274
716 12 272
718 13 269
724 13 263
727 11 262
729 12 259
731 14 255
733 15 252
731 18 251
733 16 251
734 17 249
732 19 249
732 19 249
733 18 249
738 16 246
740 13 247
745 10 245
750 9 241
752 8 240
756 8 236
759 8 233
762 8 230
767 7 226
769 8 223
772 9 219
773 12 215
773 13 214
764 26 210
761 30 209
762 29 209
753 33 214
745 41 214
738 46 216
731 50 219
721 56 223
706 64 230
697 67 236
688 74 238
676 81 243
671 76 253
664 82 254
656 78 266
648 78 274
641 80 279
634 79 287
628 77 295
624 75 301
618 75 307
612 73 315
613 72 315
613 62 325
608 63 329
598 65 337
597 59 344
597 58 345
594 53 353
596 49 355
600 48 352
602 47 351
605 44 351
606 45 349
608 41 351
614 31 355
617 26 357
623 23 354
630 21 349
632 18 350
637 17 346
642 17 341
644 15 341
650 14 336
654 14 332
659 12 329
667 11 322
670 9 321
673 9 318
677 9 314
684 8 308
687 8 305
691 7 302
694 5 301
698 6 296
700 5 295
704 5 291
706 5 289
710 5 285
711 5 284
714 4 282
717 5 278
721 6 273
726 6 268
729 7 264
730 7 263
731 6 263
736 5 259
740 5 255
746 6 248
751 5 244
758 2 240
762 2 236
761 1 238
762 0 238
765 0 235
768 0 232
770 0 230
773 0 227
778 0 222
783 0 217
786 0 214
790 0 210
797 0 203
802 0 198
805 0 195
807 0 193
810 0 190
812 0 188
816 0 184
823 0 177
827 0 173
829 0 171
831 0 169
834 0 166
837 0 163
840 0 160
847 0 153
851 0 149
853 0 147
855 0 145
856 0 144
862 0 138
868 0 132
870 0 130
872 0 128
874 0 126
876 0 124
878 0 122
878 0 122
878 0 122
879 0 121
880 0 120
882 0 118
884 0 116
886 0 114
888 0 112
890 0 110
891 0 109
891 0 109
891 0 109
893 0 107
893 0 107
895 0 105
896 0 104
900 0 100
904 0 96
908 0 92
909 0 91
909 0 91
910 0 90
911 0 89
914 0 86
917 0 83
917 0 83
918 0 82
920 0 80
922 0 78
923 0 77
924 0 76
925 0 75
925 0 75
929 0 71
931 0 69
932 0 68
934 0 66
935 0 65
937 0 63
938 0 62
942 0 58
942 0 58
942 0 58
942 0 58
943 0 57
943 0 57
945 0 55
945 0 55
948 0 52
948 0 52
949 0 51
949 0 51
949 0 51
951 0 49
951 0 49
951 0 49
954 0 46
954 0 46
954 0 46
954 0 46
954 0 46
954 0 46
954 0 46
954 0 46
954 0 46
954 0 46
954 0 46
955 0 45
955 0 45
955 0 45
955 0 45
956 0 44
956 0 44
957 0 43
959 0 41
959 0 41
960 0 40
961 0 39
961 0 39
961 0 39
962 0 38
963 0 37
963 0 37
963 0 37
963 0 37
964 0 36
966 0 34
966 0 34
966 0 34
967 0 33
967 0 33
969 0 31
969 0 31
969 0 31
970 0 30
971 0 29
972 0 28
973 0 27
973 0 27
973 0 27
973 0 27
973 0 27
973 0 27
973 0 27
974 0 26
976 0 24
977 0 23
977 0 23
977 0 23
977 0 23
977 0 23
977 0 23
978 0 22
978 0 22
978 0 22
979 0 21
979 0 21
979 0 21
979 0 21
979 0 21
979 0 21
979 0 21
979 0 21
979 0 21
979 0 21
979 0 21
979 0 21
979 0 21
979 0 21
980 0 20
980 0 20
980 0 20
981 0 19
981 0 19
981 0 19
981 0 19
981 0 19
981 0 19
985 0 15
985 0 15
986 0 14
986 0 14
986 0 14
986 0 14
986 0 14
986 0 14
986 0 14
986 0 14
986 0 14
986 0 14
986 0 14
986 0 14
986 0 14
987 0 13
987 0 13
987 0 13
987 0 13
988 0 12
988 0 12
989 0 11
989 0 11
989 0 11
989 0 11
989 0 11
989 0 11
989 0 11
990 0 10
990 0 10
990 0 10
990 0 10
990 0 10
990 0 10
990 0 10
990 0 10
990 0 10
990 0 10
990 0 10
990 0 10
990 0 10
990 0 10
990 0 10
990 0 10
990 0 10
990 0 10
990 0 10
990 0 10
991 0 9
992 0 8
992 0 8
992 0 8
992 0 8
992 0 8
992 0 8
992 0 8
992 0 8
992 0 8
992 0 8
992 0 8
992 0 8
993 0 7
993 0 7
993 0 7
993 0 7
994 0 6
994 0 6
994 0 6
995 0 5
996 0 4
996 0 4
997 0 3
997 0 3
998 0 2
998 0 2
998 0 2
998 0 2
998 0 2
998 0 2
998 0 2
998 0 2
998 0 2
998 0 2
998 0 2
998 0 2
998 0 2
998 0 2
998 0 2
999 0 1
999 0 1
999 0 1
999 0 1
999 0 1
999 0 1
999 0 1
999 0 1
999 0 1
999 0 1
999 0 1
999 0 1
999 0 1
999 0 1
999 0 1
999 0 1
999 0 1
999 0 1
999 0 1
999 0 1
999 0 1
999 0 1
999 0 1
999 0 1
999 0 1
999 0 1
999 0 1
999 0 1
999 0 1
999 0 1
999 0 1
999 0 1
999 0 1
999 0 1
999 0 1
999 0 1
999 0 1
999 0 1
999 0 1
999 0 1
999 0 1
999 0 1
999 0 1
999 0 1
999 0 1
999 0 1
999 0 1
999 0 1
999 0 1
999 0 1
999 0 1
999 0 1
999 0 1
999 0 1
999 0 1
999 0 1
999 0 1
999 0 1
999 0 1
999 0 1
999 0 1
999 0 1
999 0 1
999 0 1
999 0 1
999 0 1
999 0 1
999 0 1
999 0 1
999 0 1
999 0 1
999 0 1
999 0 1
999 0 1
999 0 1
999 0 1
999 0 1
999 0 1
999 0 1
999 0 1
999 0 1
999 0 1
999 0 1
999 0 1
999 0 1
999 0 1
999 0 1
999 0 1
999 0 1
999 0 1
999 0 1
999 0 1
999 0 1
999 0 1
999 0 1
999 0 1
999 0 1
999 0 1
999 0 1
999 0 1
999 0 1
999 0 1
999 0 1
999 0 1
999 0 1
999 0 1
999 0 1
999 0 1
999 0 1
999 0 1
999 0 1
999 0 1
999 0 1
999 0 1
1000 0 0
1000 0 0
1000 0 0
1000 0 0
1000 0 0
1000 0 0
1000 0 0
1000 0 0
1000 0 0
1000 0 0
1000 0 0
1000 0 0
1000 0 0
1000 0 0
1000 0 0
1000 0 0
1000 0 0
1000 0 0
1000 0 0
1000 0 0
1000 0 0
1000 0 0
1000 0 0
1000 0 0
1000 0 0
1000 0 0
1000 0 0
1000 0 0
1000 0 0
1000 0 0
1000 0 0
1000 0 0
1000 0 0
1000 0 0
1000 0 0
1000 0 0
1000 0 0
1000 0 0
1000 0 0
1000 0 0
1000 0 0
1000 0 0
1000 0 0
1000 0 0
1000 0 0
1000 0 0
1000 0 0
1000 0 0
1000 0 0
1000 0 0
1000 0 0
1000 0 0
1000 0 0
1000 0 0
1000 0 0
1000 0 0
1000 0 0
1000 0 0
1000 0 0
1000 0 0
1000 0 0
1000 0 0
1000 0 0
1000 0 0
1000 0 0
1000 0 0
1000 0 0
1000 0 0
1000 0 0
1000 0 0
1000 0 0
1000 0 0
1000 0 0
1000 0 0
1000 0 0
1000 0 0
1000 0 0
1000 0 0
1000 0 0
1000 0 0
1000 0 0
1000 0 0
1000 0 0
1000 0 0
1000 0 0
1000 0 0
1000 0 0
1000 0 0
1000 0 0
1000 0 0
1000 0 0
1000 0 0
1000 0 0
1000 0 0
1000 0 0
1000 0 0
1000 0 0
1000 0 0
1000 0 0
1000 0 0
1000 0 0
1000 0 0
1000 0 0
1000 0 0
1000 0 0
1000 0 0
1000 0 0
1000 0 0
1000 0 0
1000 0 0
1000 0 0
1000 0 0
1000 0 0
1000 0 0
1000 0 0
1000 0 0
1000 0 0
1000 0 0
1000 0 0
1000 0 0
1000 0 0
1000 0 0
1000 0 0
1000 0 0
1000 0 0
1000 0 0
1000 0 0
1000 0 0
1000 0 0
1000 0 0
1000 0 0
1000 0 0
1000 0 0
1000 0 0
1000 0 0
1000 0 0
1000 0 0
1000 0 0
1000 0 0
1000 0 0
1000 0 0
1000 0 0
1000 0 0
1000 0 0
1000 0 0
1000 0 0
1000 0 0
1000 0 0
1000 0 0
1000 0 0
1000 0 0
1000 0 0
1000 0 0
1000 0 0
1000 0 0
1000 0 0
1000 0 0
1000 0 0
1000 0 0
1000 0 0
1000 0 0
1000 0 0
1000 0 0
1000 0 0
1000 0 0
1000 0 0
1000 0 0
1000 0 0
1000 0 0
1000 0 0
1000 0 0
1000 0 0
1000 0 0
1000 0 0
1000 0 0
1000 0 0
1000 0 0
1000 0 0
1000 0 0
1000 0 0
1000 0 0
1000 0 0
1000 0 0
1000 0 0
1000 0 0
1000 0 0
1000 0 0
1000 0 0
1000 0 0
1000 0 0
1000 0 0
1000 0 0
1000 0 0
1000 0 0
1000 0 0
1000 0 0
1000 0 0
1000 0 0
1000 0 0
1000 0 0
1000 0 0
1000 0 0
1000 0 0
1000 0 0
1000 0 0
1000 0 0
1000 0 0
1000 0 0
1000 0 0
1000 0 0
1000 0 0
1000 0 0
1000 0 0
1000 0 0
1000 0 0
1000 0 0
1000 0 0
1000 0 0
1000 0 0
1000 0 0
1000 0 0
1000 0 0
1000 0 0
1000 0 0
1000 0 0
1000 0 0
1000 0 0
1000 0 0
1000 0 0
1000 0 0
1000 0 0
1000 0 0
1000 0 0
1000 0 0
1000 0 0
1000 0 0
1000 0 0
1000 0 0
1000 0 0
1000 0 0
1000 0 0
1000 0 0
1000 0 0
1000 0 0
1000 0 0
1000 0 0
1000 0 0
1000 0 0
1000 0 0
1000 0 0
1000 0 0
1000 0 0
1000 0 0
1000 0 0
1000 0 0
1000 0 0
1000 0 0
1000 0 0
1000 0 0
1000 0 0
1000 0 0
1000 0 0
1000 0 0
1000 0 0
1000 0 0
1000 0 0
1000 0 0
1000 0 0
1000 0 0
1000 0 0
1000 0 0
1000 0 0
1000 0 0
1000 0 0
1000 0 0
1000 0 0
1000 0 0
1000 0 0
1000 0 0
1000 0 0
1000 0 0
1000 0 0
1000 0 0
1000 0 0
1000 0 0
1000 0 0
1000 0 0
1000 0 0
1000 0 0
1000 0 0
1000 0 0
1000 0 0
1000 0 0
1000 0 0
1000 0 0
1000 0 0
1000 0 0
1000 0 0
1000 0 0
1000 0 0
1000 0 0
1000 0 0
1000 0 0
1000 0 0
1000 0 0
1000 0 0
1000 0 0
1000 0 0
1000 0 0
1000 0 0
1000 0 0
1000 0 0
1000 0 0
1000 0 0
1000 0 0
1000 0 0
1000 0 0
1000 0 0
1000 0 0
1000 0 0
1000 0 0
1000 0 0
1000 0 0
1000 0 0
1000 0 0
1000 0 0
1000 0 0
1000 0 0
1000 0 0
1000 0 0
1000 0 0
1000 0 0
1000 0 0
1000 0 0
1000 0 0
1000 0 0
1000 0 0
1000 0 0
1000 0 0
1000 0 0
1000 0 0
1000 0 0
1000 0 0
1000 0 0
1000 0 0
1000 0 0
1000 0 0
1000 0 0
1000 0 0
1000 0 0
1000 0 0
1000 0 0
1000 0 0
1000 0 0
1000 0 0
1000 0 0
1000 0 0
1000 0 0
1000 0 0
1000 0 0
1000 0 0
1000 0 0
1000 0 0
1000 0 0
1000 0 0
1000 0 0
1000 0 0
1000 0 0
1000 0 0
1000 0 0
1000 0 0
1000 0 0
1000 0 0
1000 0 0
1000 0 0
1000 0 0
1000 0 0
1000 0 0
1000 0 0
1000 0 0
1000 0 0
1000 0 0
1000 0 0
1000 0 0
1000 0 0
