995 5 0
994 6 0
992 7 1
987 11 2
981 16 3
976 20 4
968 25 7
959 33 8
934 53 13
909 73 18
886 87 27
854 111 35
824 121 55
804 122 74
772 135 93
757 136 107
736 141 123
719 140 141
696 148 156
666 158 176
639 159 202
618 163 219
611 150 239
600 143 257
589 137 274
579 129 292
569 131 300
551 137 312
542 134 324
530 136 334
520 127 353
512 118 370
509 115 376
505 106 389
500 103 397
493 100 407
495 95 410
488 95 417
486 79 435
483 72 445
487 67 446
492 52 456
498 44 458
499 42 459
504 36 460
505 37 458
510 36 454
517 36 447
520 31 449
524 26 450
528 24 448
533 23 444
539 20 441
543 20 437
547 22 431
551 25 424
548 25 427
557 23 420
556 25 419
566 25 409
567 20 413
572 19 409
574 19 407
570 21 409
573 18 409
581 19 400
580 23 397
578 26 396
587 24 389
587 25 388
591 24 385
592 24 384
593 25 382
593 20 387
596 16 388
600 12 388
604 11 385
604 14 382
608 14 378
616 13 371
620 14 366
625 15 360
627 14 359
630 14 356
635 12 353
641 12 347
648 10 342
655 10 335
659 8 333
666 6 328
670 5 325
673 4 323
678 3 319
683 4 313
689 4 307
695 4 301
701 3 296
703 2 295
705 2 293
714 2 284
717 2 281
720 2 278
725 2 273
730 2 268
733 1 266
739 1 260
743 1 256
744 1 255
744 2 254
746 2 252
750 2 248
752 2 246
759 3 238
760 2 238
767 2 231
775 2 223
779 2 219
782 2 216
788 2 210
792 1 207
793 2 205
802 1 197
804 1 195
809 2 189
811 2 187
813 2 185
816 2 182
819 4 177
823 4 173
829 4 167
828 4 168
833 3 164
837 2 161
843 2 155
846 3 151
848 3 149
853 3 144
855 3 142
857 4 139
857 3 140
864 3 133
866 3 131
869 3 128
870 5 125
873 6 121
874 7 119
873 9 118
869 15 116
862 25 113
856 20 124
852 24 124
851 20 129
850 21 129
849 19 132
845 21 134
843 22 135
840 25 135
837 23 140
837 23 140
838 21 141
836 24 140
825 30 145
820 32 148
818 31 151
814 27 159
812 26 162
809 22 169
807 20 173
810 18 172
814 18 168
813 20 167
814 21 165
812 22 166
807 26 167
801 28 171
798 24 178
798 24 178
797 25 178
792 28 180
790 28 182
787 32 181
785 37 178
779 35 186
770 41 189
768 39 193
761 44 195
762 39 199
762 38 200
762 37 201
766 33 201
763 34 203
760 36 204
756 38 206
752 39 209
748 42 210
748 39 213
753 39 208
748 41 211
743 41 216
743 40 217
741 41 218
736 44 220
727 49 224
723 50 227
717 50 233
713 55 232
709 55 236
706 56 238
702 54 244
696 54 250
695 47 258
690 50 260
693 49 258
690 48 262
690 48 262
690 42 268
689 41 270
688 38 274
685 36 279
680 36 284
680 34 286
679 34 287
684 36 280
683 34 283
678 38 284
674 38 288
670 39 291
670 38 292
666 40 294
659 41 300
656 41 303
652 44 304
646 43 311
644 43 313
647 40 313
648 32 320
650 32 318
647 32 321
646 33 321
648 37 315
647 40 313
642 44 314
639 49 312
636 49 315
630 53 317
626 60 314
621 65 314
610 66 324
612 62 326
604 63 333
600 68 332
592 65 343
586 67 347
581 67 352
581 67 352
578 66 356
571 68 361
566 66 368
563 63 374
556 66 378
557 67 376
558 62 380
558 61 381
557 64 379
553 69 378
552 62 386
554 58 388
558 51 391
554 50 396
550 50 400
546 53 401
548 46 406
553 42 405
549 46 405
544 48 408
545 46 409
547 38 415
550 39 411
551 34 415
555 30 415
560 25 415
567 25 408
568 25 407
569 27 404
572 25 403
577 22 401
588 19 393
592 19 389
601 16 383
606 14 380
613 13 374
619 12 369
622 12 366
627 10 363
635 11 354
641 9 350
644 10 346
653 10 337
659 8 333
663 8 329
667 6 327
676 6 318
685 5 310
685 6 309
688 6 306
691 7 302
700 6 294
701 7 292
699 9 292
700 10 290
701 8 291
702 8 290
702 9 289
703 10 287
710 12 278
712 11 277
716 8 276
719 6 275
723 3 274
728 4 268
736 3 261
740 2 258
751 2 247
755 1 244
761 1 238
767 1 232
772 1 227
776 1 223
779 1 220
784 1 215
790 0 210
794 0 206
797 0 203
802 0 198
806 0 194
810 0 190
817 0 183
821 0 179
821 0 179
825 0 175
829 0 171
831 0 169
831 0 169
832 0 168
835 0 165
836 0 164
836 0 164
837 0 163
840 0 160
842 0 158
845 0 155
846 0 154
850 0 150
850 0 150
851 0 149
856 0 144
857 0 143
857 0 143
859 0 141
859 0 141
862 0 138
864 0 136
866 0 134
867 0 133
869 0 131
875 0 125
877 0 123
883 0 117
883 0 117
884 0 116
884 0 116
889 0 111
889 0 111
890 0 110
893 0 107
897 0 103
898 0 102
899 0 101
901 0 99
904 0 96
904 0 96
906 0 94
907 0 93
907 0 93
909 0 91
911 0 89
911 0 89
912 0 88
913 0 87
915 0 85
915 0 85
915 0 85
915 0 85
916 0 84
917 0 83
919 0 81
919 0 81
920 0 80
920 0 80
921 0 79
922 0 78
924 0 76
924 0 76
924 0 76
926 0 74
926 0 74
926 0 74
926 0 74
927 0 73
928 0 72
931 0 69
932 0 68
932 0 68
934 0 66
937 0 63
939 0 61
940 0 60
942 0 58
942 0 58
944 0 56
944 0 56
944 0 56
944 0 56
946 0 54
946 0 54
946 0 54
946 0 54
947 0 53
947 0 53
947 0 53
949 0 51
949 0 51
950 0 50
955 0 45
955 0 45
955 0 45
955 0 45
956 0 44
957 0 43
958 0 42
958 0 42
960 0 40
961 0 39
962 0 38
962 0 38
963 0 37
963 0 37
965 0 35
965 0 35
965 0 35
967 0 33
967 0 33
967 0 33
967 0 33
968 0 32
968 0 32
968 0 32
968 0 32
968 0 32
968 0 32
968 0 32
968 0 32
969 0 31
969 0 31
969 0 31
969 0 31
970 0 30
971 0 29
971 0 29
971 0 29
972 0 28
973 0 27
973 0 27
974 0 26
976 0 24
976 0 24
977 0 23
977 0 23
977 0 23
977 0 23
977 0 23
978 0 22
979 0 21
979 0 21
979 0 21
979 0 21
980 0 20
980 0 20
980 0 20
980 0 20
980 0 20
980 0 20
981 0 19
981 0 19
982 0 18
982 0 18
982 0 18
983 0 17
983 0 17
985 0 15
985 0 15
986 0 14
986 0 14
988 0 12
988 0 12
989 0 11
989 0 11
989 0 11
989 0 11
989 0 11
989 0 11
990 0 10
990 0 10
990 0 10
990 0 10
990 0 10
990 0 10
990 0 10
990 0 10
990 0 10
990 0 10
990 0 10
990 0 10
990 0 10
990 0 10
990 0 10
990 0 10
991 0 9
991 0 9
992 0 8
992 0 8
992 0 8
992 0 8
992 0 8
992 0 8
993 0 7
994 0 6
994 0 6
994 0 6
994 0 6
994 0 6
994 0 6
994 0 6
994 0 6
994 0 6
994 0 6
994 0 6
994 0 6
994 0 6
994 0 6
994 0 6
994 0 6
994 0 6
994 0 6
994 0 6
994 0 6
995 0 5
995 0 5
996 0 4
996 0 4
996 0 4
996 0 4
996 0 4
996 0 4
996 0 4
996 0 4
996 0 4
996 0 4
996 0 4
996 0 4
996 0 4
996 0 4
996 0 4
996 0 4
996 0 4
996 0 4
996 0 4
996 0 4
996 0 4
996 0 4
996 0 4
996 0 4
996 0 4
996 0 4
996 0 4
996 0 4
996 0 4
996 0 4
996 0 4
996 0 4
996 0 4
996 0 4
996 0 4
996 0 4
996 0 4
996 0 4
996 0 4
996 0 4
996 0 4
997 0 3
997 0 3
997 0 3
997 0 3
997 0 3
997 0 3
997 0 3
997 0 3
997 0 3
997 0 3
997 0 3
997 0 3
997 0 3
997 0 3
997 0 3
997 0 3
997 0 3
997 0 3
997 0 3
997 0 3
997 0 3
997 0 3
997 0 3
997 0 3
997 0 3
997 0 3
997 0 3
997 0 3
997 0 3
997 0 3
997 0 3
997 0 3
997 0 3
997 0 3
997 0 3
997 0 3
997 0 3
997 0 3
997 0 3
998 0 2
998 0 2
998 0 2
998 0 2
998 0 2
998 0 2
998 0 2
998 0 2
998 0 2
998 0 2
998 0 2
998 0 2
998 0 2
998 0 2
998 0 2
998 0 2
998 0 2
999 0 1
999 0 1
999 0 1
999 0 1
999 0 1
999 0 1
999 0 1
999 0 1
999 0 1
999 0 1
999 0 1
999 0 1
999 0 1
999 0 1
999 0 1
999 0 1
999 0 1
999 0 1
1000 0 0
1000 0 0
1000 0 0
1000 0 0
1000 0 0
1000 0 0
1000 0 0
1000 0 0
1000 0 0
1000 0 0
1000 0 0
1000 0 0
1000 0 0
1000 0 0
1000 0 0
1000 0 0
1000 0 0
1000 0 0
1000 0 0
1000 0 0
1000 0 0
1000 0 0
1000 0 0
1000 0 0
1000 0 0
1000 0 0
1000 0 0
1000 0 0
1000 0 0
1000 0 0
1000 0 0
1000 0 0
1000 0 0
1000 0 0
1000 0 0
1000 0 0
1000 0 0
1000 0 0
1000 0 0
1000 0 0
1000 0 0
1000 0 0
1000 0 0
1000 0 0
1000 0 0
1000 0 0
1000 0 0
1000 0 0
1000 0 0
1000 0 0
1000 0 0
1000 0 0
1000 0 0
1000 0 0
1000 0 0
1000 0 0
1000 0 0
1000 0 0
1000 0 0
1000 0 0
1000 0 0
1000 0 0
1000 0 0
1000 0 0
1000 0 0
1000 0 0
1000 0 0
1000 0 0
1000 0 0
1000 0 0
1000 0 0
1000 0 0
1000 0 0
1000 0 0
1000 0 0
1000 0 0
1000 0 0
1000 0 0
1000 0 0
1000 0 0
1000 0 0
1000 0 0
1000 0 0
1000 0 0
1000 0 0
1000 0 0
1000 0 0
1000 0 0
1000 0 0
1000 0 0
1000 0 0
1000 0 0
1000 0 0
1000 0 0
1000 0 0
1000 0 0
1000 0 0
1000 0 0
1000 0 0
1000 0 0
1000 0 0
1000 0 0
1000 0 0
1000 0 0
1000 0 0
1000 0 0
1000 0 0
1000 0 0
1000 0 0
1000 0 0
1000 0 0
1000 0 0
1000 0 0
1000 0 0
1000 0 0
1000 0 0
1000 0 0
1000 0 0
1000 0 0
1000 0 0
1000 0 0
1000 0 0
1000 0 0
1000 0 0
1000 0 0
1000 0 0
1000 0 0
1000 0 0
1000 0 0
1000 0 0
1000 0 0
1000 0 0
1000 0 0
1000 0 0
1000 0 0
1000 0 0
1000 0 0
1000 0 0
1000 0 0
1000 0 0
1000 0 0
1000 0 0
1000 0 0
1000 0 0
1000 0 0
1000 0 0
1000 0 0
1000 0 0
1000 0 0
1000 0 0
1000 0 0
1000 0 0
1000 0 0
1000 0 0
1000 0 0
1000 0 0
1000 0 0
1000 0 0
1000 0 0
1000 0 0
1000 0 0
1000 0 0
1000 0 0
1000 0 0
1000 0 0
1000 0 0
1000 0 0
1000 0 0
1000 0 0
1000 0 0
1000 0 0
1000 0 0
1000 0 0
1000 0 0
1000 0 0
1000 0 0
1000 0 0
1000 0 0
1000 0 0
1000 0 0
1000 0 0
1000 0 0
1000 0 0
1000 0 0
1000 0 0
1000 0 0
1000 0 0
1000 0 0
1000 0 0
1000 0 0
1000 0 0
1000 0 0
1000 0 0
1000 0 0
1000 0 0
1000 0 0
1000 0 0
1000 0 0
1000 0 0
1000 0 0
1000 0 0
1000 0 0
1000 0 0
1000 0 0
1000 0 0
1000 0 0
1000 0 0
1000 0 0
1000 0 0
1000 0 0
1000 0 0
1000 0 0
1000 0 0
1000 0 0
1000 0 0
1000 0 0
1000 0 0
1000 0 0
1000 0 0
1000 0 0
1000 0 0
1000 0 0
1000 0 0
1000 0 0
1000 0 0
1000 0 0
1000 0 0
1000 0 0
1000 0 0
1000 0 0
1000 0 0
1000 0 0
1000 0 0
1000 0 0
1000 0 0
1000 0 0
1000 0 0
1000 0 0
1000 0 0
1000 0 0
1000 0 0
1000 0 0
1000 0 0
1000 0 0
1000 0 0
1000 0 0
1000 0 0
1000 0 0
1000 0 0
1000 0 0
1000 0 0
1000 0 0
1000 0 0
1000 0 0
1000 0 0
1000 0 0
1000 0 0
1000 0 0
1000 0 0
1000 0 0
1000 0 0
1000 0 0
1000 0 0
1000 0 0
1000 0 0
1000 0 0
1000 0 0
1000 0 0
1000 0 0
1000 0 0
1000 0 0
1000 0 0
1000 0 0
1000 0 0
1000 0 0
1000 0 0
1000 0 0
1000 0 0
1000 0 0
1000 0 0
1000 0 0
1000 0 0
1000 0 0
1000 0 0
1000 0 0
1000 0 0
1000 0 0
1000 0 0
1000 0 0
1000 0 0
1000 0 0
1000 0 0
1000 0 0
1000 0 0
1000 0 0
1000 0 0
1000 0 0
1000 0 0
1000 0 0
1000 0 0
1000 0 0
1000 0 0
1000 0 0
1000 0 0
1000 0 0
1000 0 0
1000 0 0
1000 0 0
1000 0 0
1000 0 0
1000 0 0
1000 0 0
1000 0 0
1000 0 0
1000 0 0
1000 0 0
1000 0 0
1000 0 0
1000 0 0
1000 0 0
1000 0 0
1000 0 0
1000 0 0
1000 0 0
1000 0 0
1000 0 0
1000 0 0
1000 0 0
