995 5 0
994 3 3
994 3 3
993 3 4
994 3 3
993 4 3
992 4 4
990 6 4
988 8 4
984 11 5
980 14 6
970 22 8
949 39 12
923 58 19
888 86 26
855 100 45
825 114 61
790 132 78
744 148 108
718 159 123
677 178 145
640 187 173
615 184 201
585 187 228
572 177 251
550 167 283
538 160 302
524 146 330
511 142 347
503 129 368
488 124 388
480 127 393
470 116 414
469 110 421
459 105 436
463 91 446
468 87 445
467 81 452
460 81 459
460 86 454
467 75 458
460 75 465
466 65 469
470 60 470
478 56 466
482 55 463
484 49 467
489 47 464
498 40 462
504 33 463
509 32 459
516 31 453
521 30 449
519 32 449
521 31 448
526 29 445
532 27 441
542 20 438
550 21 429
554 20 426
558 20 422
564 21 415
569 22 409
569 21 410
570 26 404
570 28 402
572 29 399
571 31 398
570 29 401
568 27 405
573 21 406
579 24 397
581 24 395
592 19 389
595 20 385
595 22 383
593 22 385
595 20 385
597 20 383
600 19 381
606 17 377
608 16 376
614 13 373
616 16 368
627 12 361
629 11 360
628 11 361
630 11 359
637 9 354
640 10 350
641 14 345
644 13 343
648 12 340
653 13 334
662 12 326
660 12 328
664 8 328
666 9 325
668 10 322
674 13 313
682 9 309
680 13 307
684 12 304
686 12 302
691 13 296
695 15 290
696 17 287
695 21 284
698 22 280
699 21 280
694 28 278
689 36 275
683 41 276
673 45 282
673 41 286
675 34 291
670 40 290
673 42 285
669 52 279
662 55 283
654 61 285
649 56 295
647 52 301
641 58 301
635 55 310
636 48 316
632 53 315
630 57 313
632 59 309
630 54 316
636 47 317
633 46 321
626 48 326
628 44 328
630 42 328
627 40 333
624 40 336
622 42 336
618 40 342
621 33 346
628 25 347
636 21 343
632 25 343
631 26 343
633 22 345
636 17 347
643 19 338
640 23 337
639 27 334
645 25 330
642 30 328
640 29 331
634 34 332
635 34 331
632 36 332
630 28 342
632 24 344
635 23 342
638 28 334
647 27 326
649 21 330
649 23 328
652 22 326
658 20 322
663 17 320
669 18 313
667 18 315
664 21 315
669 19 312
670 22 308
670 23 307
673 20 307
671 26 303
676 25 299
682 27 291
688 28 284
684 32 284
683 30 287
679 34 287
676 32 292
683 32 285
683 29 288
681 29 290
681 26 293
685 22 293
688 22 290
690 20 290
700 16 284
704 16 280
704 12 284
706 12 282
709 11 280
709 13 278
709 16 275
714 15 271
718 15 267
725 13 262
726 15 259
732 15 253
736 15 249
743 14 243
741 17 242
742 16 242
743 17 240
740 19 241
743 19 238
747 21 232
750 15 235
754 14 232
754 18 228
756 16 228
751 22 227
753 19 228
754 16 230
754 18 228
753 19 228
756 19 225
755 26 219
751 28 221
749 29 222
751 32 217
740 38 222
731 44 225
727 45 228
722 48 230
716 51 233
710 57 233
702 58 240
696 58 246
695 53 252
692 50 258
691 52 257
688 50 262
681 51 268
677 51 272
678 53 269
666 60 274
662 60 278
656 64 280
650 61 289
648 52 300
638 60 302
628 60 312
624 61 315
621 61 318
621 59 320
618 59 323
618 54 328
615 57 328
617 48 335
618 44 338
625 42 333
622 41 337
613 45 342
618 44 338
620 36 344
621 31 348
625 28 347
619 28 353
614 35 351
618 33 349
617 32 351
619 32 349
623 31 346
622 34 344
624 29 347
625 29 346
628 25 347
631 24 345
635 23 342
639 19 342
641 16 343
637 16 347
642 14 344
644 18 338
646 17 337
653 18 329
654 16 330
654 14 332
658 16 326
665 19 316
668 22 310
673 20 307
678 22 300
675 25 300
674 32 294
676 30 294
684 28 288
688 28 284
693 25 282
697 26 277
698 25 277
695 30 275
691 31 278
692 31 277
694 28 278
697 23 280
702 21 277
706 15 279
709 11 280
709 13 278
705 19 276
705 17 278
700 20 280
700 18 282
703 19 278
699 25 276
696 27 277
695 33 272
693 34 273
689 36 275
688 36 276
682 38 280
681 43 276
682 39 279
681 39 280
679 37 284
678 38 284
673 41 286
669 45 286
667 53 280
667 53 280
657 54 289
653 54 293
648 57 295
645 54 301
640 51 309
639 52 309
640 46 314
638 47 315
631 50 319
632 43 325
635 42 323
637 43 320
637 38 325
633 41 326
631 41 328
633 40 327
632 43 325
635 43 322
638 39 323
632 51 317
625 54 321
626 54 320
618 64 318
607 71 322
594 77 329
593 82 325
587 78 335
582 71 347
581 61 358
579 60 361
580 56 364
588 50 362
590 50 360
590 47 363
588 40 372
598 35 367
596 40 364
600 33 367
599 37 364
601 33 366
610 28 362
613 33 354
617 35 348
620 32 348
621 30 349
623 30 347
618 32 350
626 25 349
634 23 343
639 19 342
645 19 336
647 20 333
660 22 318
664 22 314
665 21 314
667 19 314
672 14 314
674 14 312
677 13 310
681 15 304
686 14 300
690 13 297
694 14 292
695 12 293
700 11 289
707 12 281
709 13 278
707 18 275
704 20 276
702 24 274
699 28 273
695 30 275
696 31 273
694 34 272
691 35 274
686 39 275
686 35 279
685 38 277
690 27 283
690 30 280
692 30 278
693 25 282
691 27 282
688 34 278
686 37 277
688 33 279
684 33 283
681 34 285
679 32 289
683 33 284
682 35 283
679 34 287
670 41 289
667 41 292
663 45 292
660 45 295
664 41 295
657 47 296
653 48 299
652 42 306
645 44 311
639 48 313
639 46 315
637 47 316
640 46 314
635 46 319
640 46 314
632 48 320
630 48 322
628 47 325
622 47 331
621 45 334
623 38 339
622 38 340
627 34 339
628 34 338
627 32 341
633 29 338
636 26 338
638 26 336
643 25 332
644 22 334
650 19 331
652 24 324
646 28 326
642 31 327
641 30 329
636 32 332
640 30 330
641 25 334
640 27 333
647 24 329
648 27 325
654 30 316
662 30 308
658 38 304
663 34 303
666 32 302
672 32 296
671 30 299
673 24 303
674 25 301
678 27 295
681 30 289
680 33 287
683 30 287
687 30 283
683 34 283
686 32 282
685 30 285
688 29 283
691 25 284
690 23 287
693 21 286
700 19 281
702 17 281
707 15 278
714 17 269
714 14 272
711 21 268
716 22 262
717 20 263
717 21 262
718 19 263
719 21 260
719 21 260
720 20 260
719 22 259
720 23 257
728 19 253
730 18 252
730 20 250
730 27 243
732 29 239
727 30 243
721 33 246
725 32 243
725 32 243
726 29 245
728 27 245
725 27 248
715 36 249
712 40 248
705 47 248
687 63 250
676 59 265
665 62 273
661 56 283
660 56 284
660 50 290
658 46 296
655 51 294
652 48 300
646 48 306
647 46 307
648 43 309
650 41 309
655 38 307
659 36 305
664 32 304
663 32 305
661 35 304
661 32 307
659 31 310
658 30 312
657 31 312
652 34 314
655 32 313
656 33 311
656 27 317
653 35 312
647 40 313
644 43 313
640 44 316
645 38 317
650 34 316
648 36 316
644 36 320
637 41 322
634 44 322
629 47 324
631 43 326
633 44 323
634 44 322
634 43 323
631 36 333
633 38 329
633 39 328
630 40 330
631 43 326
634 44 322
629 46 325
618 57 325
605 63 332
594 69 337
594 64 342
595 56 349
598 46 356
600 39 361
603 33 364
605 34 361
606 30 364
611 28 361
617 29 354
623 24 353
628 21 351
633 16 351
636 12 352
641 13 346
645 10 345
650 11 339
657 9 334
660 9 331
666 9 325
671 10 319
680 7 313
684 6 310
694 3 303
700 1 299
708 1 291
715 1 284
715 5 280
716 11 273
714 18 268
718 16 266
717 18 265
714 26 260
706 35 259
699 40 261
692 44 264
688 40 272
681 43 276
682 41 277
681 47 272
677 45 278
679 41 280
678 38 284
679 39 282
677 39 284
680 38 282
677 42 281
677 48 275
667 54 279
660 60 280
664 65 271
660 72 268
651 74 275
644 75 281
629 77 294
628 69 303
618 77 305
614 79 307
606 75 319
601 69 330
600 66 334
594 67 339
585 74 341
576 73 351
573 69 358
572 58 370
569 58 373
565 65 370
561 64 375
565 62 373
561 59 380
561 57 382
565 53 382
572 42 386
578 35 387
582 27 391
585 27 388
590 26 384
596 26 378
599 25 376
597 26 377
603 20 377
604 18 378
608 14 378
609 14 377
618 11 371
626 11 363
630 7 363
637 4 359
641 5 354
648 6 346
654 5 341
666 4 330
672 4 324
675 3 322
679 2 319
683 5 312
683 9 308
685 10 305
680 14 306
678 18 304
681 17 302
681 17 302
680 18 302
680 22 298
680 24 296
676 26 298
672 24 304
672 19 309
669 22 309
667 26 307
668 25 307
672 23 305
680 21 299
686 17 297
690 15 295
700 15 285
702 15 283
702 15 283
706 15 279
712 13 275
716 12 272
713 16 271
716 16 268
719 17 264
721 17 262
722 14 264
726 13 261
731 11 258
732 10 258
741 10 249
737 19 244
734 24 242
735 22 243
733 23 244
732 24 244
735 23 242
735 24 241
735 22 243
730 24 246
731 21 248
727 23 250
726 26 248
729 23 248
735 22 243
735 22 243
734 25 241
728 32 240
725 32 243
717 43 240
717 43 240
709 43 248
707 48 245
702 47 251
694 48 258
688 50 262
678 53 269
665 57 278
652 62 286
637 63 300
640 58 302
635 56 309
626 56 318
629 54 317
626 53 321
627 53 320
630 53 317
621 59 320
623 57 320
625 56 319
622 55 323
615 61 324
606 67 327
612 53 335
613 52 335
612 46 342
611 47 342
615 39 346
616 42 342
616 40 344
612 41 347
616 35 349
622 32 346
617 37 346
614 37 349
614 37 349
611 43 346
614 38 348
615 37 348
616 33 351
618 30 352
624 23 353
631 18 351
638 14 348
640 13 347
640 13 347
651 11 338
657 9 334
669 7 324
680 6 314
681 6 313
687 6 307
689 8 303
691 7 302
697 5 298
699 4 297
701 2 297
702 2 296
710 2 288
715 3 282
715 6 279
723 5 272
722 5 273
721 9 270
723 11 266
718 15 267
718 21 261
708 29 263
702 41 257
697 44 259
693 49 258
679 57 264
671 57 272
663 58 279
641 80 279
633 81 286
627 84 289
613 89 298
598 97 305
589 99 312
584 91 325
579 87 334
573 83 344
563 81 356
562 78 360
562 70 368
558 67 375
562 57 381
560 65 375
559 64 377
548 65 387
550 61 389
545 63 392
540 68 392
533 69 398
532 62 406
533 68 399
533 64 403
534 55 411
531 54 415
526 51 423
526 49 425
527 41 432
523 47 430
522 41 437
516 46 438
511 46 443
506 54 440
503 51 446
510 47 443
515 40 445
520 39 441
522 39 439
521 39 440
530 34 436
537 36 427
539 36 425
544 33 423
542 35 423
541 38 421
542 37 421
549 35 416
552 32 416
556 32 412
558 35 407
564 27 409
559 30 411
562 26 412
571 24 405
569 20 411
574 21 405
580 21 399
586 23 391
585 23 392
590 21 389
597 23 380
602 26 372
608 24 368
612 22 366
616 19 365
619 19 362
628 15 357
628 14 358
630 16 354
632 16 352
637 14 349
637 16 347
644 15 341
647 17 336
646 19 335
641 29 330
634 35 331
631 31 338
628 36 336
622 43 335
620 42 338
621 39 340
622 32 346
619 32 349
614 35 351
614 37 349
617 32 351
613 31 356
609 35 356
609 38 353
606 39 355
598 44 358
595 47 358
589 44 367
589 46 365
590 47 363
591 46 363
590 49 361
590 49 361
591 44 365
591 37 372
590 40 370
588 40 372
595 38 367
597 34 369
601 29 370
608 28 364
612 27 361
613 29 358
614 26 360
618 24 358
624 22 354
633 23 344
634 21 345
634 23 343
638 18 344
641 16 343
648 15 337
648 15 337
654 14 332
660 12 328
664 13 323
667 9 324
672 9 319
674 15 311
674 18 308
681 16 303
679 21 300
677 27 296
678 29 293
666 42 292
660 42 298
653 43 304
640 56 304
633 60 307
631 61 308
625 66 309
623 64 313
623 64 313
623 55 322
617 58 325
618 55 327
620 54 326
613 58 329
614 59 327
612 58 330
605 58 337
608 53 339
605 49 346
604 54 342
605 51 344
605 54 341
602 58 340
599 62 339
597 61 342
584 76 340
576 74 350
578 61 361
581 58 361
576 56 368
578 53 369
578 53 369
583 50 367
590 46 364
587 41 372
593 37 370
597 34 369
602 27 371
606 28 366
611 23 366
619 23 358
627 20 353
637 15 348
640 15 345
642 13 345
645 13 342
650 15 335
655 14 331
662 11 327
662 11 327
668 8 324
670 9 321
675 9 316
673 11 316
674 16 310
667 21 312
666 23 311
672 25 303
675 20 305
676 22 302
682 18 300
682 21 297
684 22 294
683 22 295
685 21 294
687 25 288
689 26 285
685 34 281
678 39 283
673 46 281
663 57 280
651 66 283
638 72 290
632 74 294
625 73 302
610 74 316
602 73 325
597 73 330
592 81 327
587 77 336
586 71 343
582 67 351
583 67 350
575 68 357
567 77 356
563 75 362
566 67 367
563 59 378
561 61 378
562 54 384
