1000 0 0
1000 0 0
1000 0 0
1000 0 0
1000 0 0
1000 0 0
997 3 0
995 3 2
995 3 2
994 4 2
994 3 3
993 2 5
991 4 5
987 7 6
982 7 11
975 11 14
967 17 16
953 28 19
943 38 19
933 41 26
918 44 38
891 63 46
868 74 58
846 85 69
821 97 82
773 123 104
733 139 128
695 155 150
671 164 165
647 166 187
617 169 214
593 177 230
575 176 249
560 174 266
541 164 295
521 164 315
524 152 324
521 142 337
513 134 353
515 126 359
518 106 376
513 97 390
514 78 408
510 73 417
510 65 425
514 54 432
516 48 436
518 48 434
523 43 434
529 43 428
540 37 423
538 35 427
528 47 425
519 53 428
516 54 430
508 55 437
510 47 443
520 43 437
525 39 436
528 40 432
528 41 431
535 36 429
541 35 424
539 38 423
544 37 419
539 43 418
536 41 423
546 38 416
552 35 413
556 32 412
562 32 406
563 34 403
564 32 404
566 33 401
570 31 399
572 31 397
573 29 398
579 26 395
582 25 393
589 22 389
596 21 383
595 20 385
603 18 379
608 15 377
611 13 376
614 15 371
614 18 368
620 17 363
624 13 363
628 12 360
636 11 353
636 12 352
641 11 348
645 9 346
644 12 344
647 16 337
652 16 332
651 15 334
653 13 334
658 14 328
662 15 323
661 14 325
665 15 320
667 13 320
669 15 316
671 15 314
669 20 311
673 18 309
677 19 304
685 19 296
688 22 290
691 22 287
690 21 289
691 22 287
692 27 281
689 33 278
685 32 283
685 32 283
692 27 281
698 23 279
698 23 279
697 27 276
697 26 277
697 27 276
704 25 271
701 29 270
702 30 268
700 28 272
699 28 273
703 29 268
710 27 263
714 24 262
717 22 261
720 21 259
727 17 256
730 16 254
734 15 251
735 16 249
741 13 246
745 12 243
744 14 242
749 13 238
749 14 237
753 13 234
750 20 230
746 26 228
741 30 229
737 33 230
733 30 237
731 29 240
719 39 242
717 37 246
711 44 245
709 45 246
701 48 251
704 42 254
705 40 255
702 40 258
695 41 264
688 41 271
685 43 272
684 38 278
688 33 279
691 24 285
692 23 285
696 19 285
695 17 288
697 14 289
702 15 283
709 13 278
712 11 277
717 10 273
718 10 272
721 13 266
725 13 262
725 18 257
725 20 255
721 22 257
718 26 256
713 30 257
705 39 256
698 40 262
698 38 264
698 37 265
696 33 271
694 29 277
693 25 282
694 26 280
698 21 281
694 24 282
696 23 281
694 30 276
693 30 277
695 32 273
700 31 269
698 34 268
696 39 265
694 39 267
695 38 267
694 43 263
693 48 259
683 60 257
676 59 265
667 57 276
663 55 282
662 58 280
654 64 282
648 65 287
633 70 297
625 71 304
623 65 312
619 64 317
616 63 321
617 53 330
618 49 333
615 47 338
615 42 343
606 48 346
607 49 344
604 52 344
600 54 346
602 54 344
605 52 343
604 51 345
606 46 348
603 43 354
608 44 348
610 43 347
615 38 347
615 40 345
613 40 347
615 31 354
616 30 354
617 31 352
625 26 349
630 24 346
630 24 346
626 26 348
634 24 342
639 20 341
642 18 340
649 19 332
654 15 331
655 18 327
657 17 326
658 18 324
665 14 321
663 12 325
668 11 321
669 14 317
675 14 311
677 15 308
679 13 308
683 14 303
683 12 305
683 13 304
680 16 304
683 18 299
685 17 298
687 21 292
693 17 290
699 15 286
697 18 285
697 18 285
691 24 285
691 20 289
688 21 291
686 21 293
686 21 293
685 25 290
685 21 294
679 24 297
684 19 297
686 16 298
693 15 292
694 17 289
696 16 288
700 15 285
702 14 284
705 12 283
701 21 278
701 22 277
700 25 275
694 36 270
687 44 269
681 45 274
671 46 283
665 55 280
654 60 286
647 65 288
641 66 293
629 68 303
626 69 305
629 59 312
620 60 320
618 55 327
619 52 329
617 49 334
613 53 334
607 53 340
604 51 345
601 44 355
600 41 359
598 43 359
595 42 363
596 41 363
595 42 363
597 42 361
598 39 363
599 37 364
604 40 356
604 33 363
610 30 360
612 31 357
614 31 355
619 31 350
625 32 343
632 29 339
629 36 335
632 34 334
632 32 336
631 33 336
636 34 330
636 32 332
635 39 326
631 46 323
632 48 320
632 51 317
626 51 323
623 55 322
617 51 332
615 51 334
607 48 345
606 43 351
615 34 351
621 29 350
626 29 345
621 30 349
623 28 349
621 34 345
619 39 342
616 40 344
620 36 344
623 37 340
626 39 335
625 36 339
631 36 333
634 34 332
630 40 330
632 38 330
631 37 332
629 41 330
634 39 327
632 43 325
630 38 332
629 38 333
630 37 333
631 35 334
628 36 336
624 42 334
623 41 336
622 36 342
629 31 340
627 33 340
632 30 338
633 36 331
635 36 329
628 35 337
626 38 336
627 39 334
624 38 338
622 39 339
624 37 339
619 40 341
628 37 335
630 34 336
626 36 338
624 36 340
625 34 341
633 30 337
637 26 337
636 29 335
637 30 333
633 32 335
630 32 338
627 35 338
625 33 342
628 31 341
629 29 342
631 30 339
633 29 338
634 26 340
642 26 332
642 26 332
645 26 329
649 27 324
648 31 321
652 27 321
652 31 317
648 36 316
647 33 320
645 39 316
636 41 323
639 37 324
643 33 324
639 38 323
633 35 332
634 33 333
630 34 336
627 37 336
631 31 338
627 35 338
630 33 337
619 43 338
610 48 342
602 50 348
595 58 347
588 59 353
583 60 357
576 62 362
575 58 367
570 64 366
562 59 379
563 61 376
556 66 378
553 61 386
554 57 389
557 59 384
561 52 387
564 49 387
561 48 391
562 44 394
561 41 398
563 37 400
567 36 397
569 39 392
573 39 388
580 37 383
583 36 381
581 35 384
588 29 383
590 30 380
596 27 377
601 25 374
607 25 368
613 27 360
615 22 363
625 19 356
626 21 353
632 23 345
634 23 343
636 24 340
635 25 340
644 22 334
648 21 331
653 17 330
652 21 327
655 23 322
658 22 320
662 14 324
664 15 321
664 14 322
667 14 319
672 16 312
670 19 311
674 21 305
682 19 299
677 23 300
685 19 296
686 19 295
690 19 291
690 19 291
685 21 294
678 26 296
679 24 297
676 24 300
677 25 298
676 22 302
674 19 307
671 23 306
672 25 303
669 29 302
667 29 304
671 25 304
661 34 305
659 33 308
662 31 307
654 39 307
646 45 309
631 58 311
629 55 316
611 71 318
607 75 318
601 69 330
599 69 332
591 69 340
587 72 341
586 75 339
585 70 345
582 65 353
577 73 350
572 75 353
562 77 361
556 79 365
552 78 370
553 73 374
558 74 368
564 70 366
565 58 377
566 50 384
568 49 383
568 47 385
575 41 384
579 38 383
580 39 381
580 35 385
585 29 386
588 25 387
591 27 382
598 21 381
601 21 378
608 12 380
612 10 378
621 9 370
625 6 369
635 7 358
637 9 354
639 9 352
641 8 351
642 10 348
642 12 346
643 14 343
652 9 339
660 9 331
670 6 324
676 6 318
678 7 315
684 7 309
694 8 298
694 8 298
695 10 295
703 10 287
703 13 284
706 11 283
709 12 279
707 14 279
710 14 276
715 12 273
720 14 266
723 18 259
720 20 260
718 23 259
719 21 260
716 21 263
711 22 267
713 22 265
712 19 269
716 15 269
718 13 269
713 23 264
717 19 264
706 32 262
706 34 260
706 32 262
708 30 262
711 27 262
712 26 262
713 26 261
713 30 257
711 29 260
706 31 263
697 40 263
689 41 270
682 45 273
678 45 277
677 44 279
677 47 276
666 54 280
662 50 288
654 54 292
649 55 296
641 62 297
628 69 303
620 63 317
612 66 322
606 66 328
601 64 335
601 57 342
600 54 346
598 46 356
596 44 360
596 39 365
596 36 368
600 30 370
604 30 366
605 28 367
604 26 370
605 27 368
605 28 367
606 24 370
605 27 368
594 40 366
593 37 370
599 32 369
598 37 365
596 33 371
603 27 370
610 24 366
615 17 368
610 19 371
613 18 369
612 18 370
612 21 367
616 21 363
617 23 360
619 19 362
628 13 359
633 12 355
637 11 352
639 10 351
644 11 345
648 11 341
653 7 340
650 11 339
653 10 337
657 8 335
662 7 331
668 8 324
674 11 315
675 14 311
669 21 310
671 22 307
673 17 310
675 13 312
679 14 307
686 13 301
691 13 296
696 15 289
699 9 292
702 8 290
708 8 284
712 10 278
715 13 272
720 10 270
721 10 269
718 16 266
719 16 265
722 13 265
722 16 262
721 20 259
720 20 260
726 19 255
724 22 254
722 27 251
720 24 256
721 23 256
720 22 258
722 22 256
723 22 255
727 21 252
727 20 253
732 15 253
734 16 250
733 17 250
736 16 248
737 17 246
742 17 241
743 16 241
747 14 239
752 11 237
752 13 235
756 13 231
759 12 229
761 15 224
762 17 221
762 23 215
757 27 216
757 24 219
752 24 224
752 26 222
752 25 223
752 22 226
756 21 223
759 22 219
756 23 221
758 24 218
765 23 212
758 24 218
751 24 225
752 24 224
746 31 223
741 36 223
740 34 226
734 30 236
721 44 235
711 50 239
696 53 251
685 59 256
684 55 261
678 57 265
675 56 269
669 60 271
658 63 279
649 61 290
648 62 290
645 56 299
647 55 298
637 56 307
630 59 311
623 57 320
617 61 322
615 62 323
613 63 324
610 63 327
600 67 333
600 59 341
601 58 341
599 60 341
598 54 348
600 53 347
605 41 354
608 36 356
608 35 357
614 28 358
625 27 348
622 31 347
627 24 349
632 22 346
636 24 340
638 25 337
645 24 331
648 23 329
652 16 332
657 11 332
661 12 327
667 10 323
672 8 320
677 8 315
681 8 311
684 6 310
689 5 306
696 3 301
700 6 294
704 7 289
711 9 280
712 8 280
716 6 278
718 6 276
722 8 270
727 10 263
729 9 262
728 9 263
725 11 264
725 17 258
727 17 256
731 20 249
731 19 250
733 21 246
732 20 248
736 17 247
738 17 245
741 13 246
744 11 245
750 8 242
753 8 239
754 8 238
757 7 236
762 8 230
765 6 229
767 7 226
766 9 225
766 8 226
770 12 218
765 16 219
768 18 214
767 25 208
760 34 206
753 39 208
751 37 212
748 36 216
752 38 210
745 43 212
738 42 220
729 43 228
724 43 233
718 46 236
709 52 239
700 57 243
686 60 254
673 65 262
657 73 270
650 72 278
649 59 292
645 54 301
642 51 307
642 50 308
640 49 311
637 43 320
634 44 322
632 41 327
629 42 329
624 38 338
628 38 334
622 40 338
628 37 335
628 39 333
625 42 333
630 40 330
635 32 333
630 37 333
635 33 332
639 33 328
639 35 326
643 34 323
649 33 318
647 36 317
654 32 314
656 30 314
654 29 317
651 33 316
643 40 317
638 45 317
632 51 317
627 45 328
625 43 332
623 43 334
620 46 334
621 46 333
621 45 334
623 44 333
620 47 333
624 47 329
629 47 324
634 45 321
639 40 321
644 44 312
645 48 307
642 48 310
641 44 315
647 39 314
645 39 316
644 32 324
652 30 318
659 28 313
657 26 317
659 24 317
663 20 317
662 21 317
661 22 317
664 26 310
662 23 315
663 19 318
662 20 318
659 23 318
661 24 315
661 25 314
658 32 310
659 31 310
659 26 315
661 26 313
661 29 310
662 29 309
662 32 306
664 28 308
666 26 308
670 25 305
675 26 299
682 26 292
688 20 292
688 18 294
690 17 293
690 20 290
690 18 292
695 19 286
696 22 282
691 26 283
700 20 280
704 20 276
706 21 273
705 24 271
712 21 267
712 21 267
713 19 268
713 20 267
716 25 259
715 29 256
714 25 261
705 33 262
701 36 263
696 40 264
696 37 267
697 34 269
692 35 273
689 37 274
687 39 274
691 41 268
691 41 268
684 51 265
680 55 265
673 59 268
672 60 268
671 49 280
665 52 283
664 45 291
665 42 293
667 36 297
668 34 298
672 31 297
671 30 299
667 33 300
670 31 299
674 27 299
672 30 298
673 30 297
672 31 297
666 39 295
664 40 296
665 35 300
667 28 305
663 31 306
670 25 305
674 21 305
677 20 303
679 17 304
681 22 297
685 18 297
684 23 293
683 26 291
683 31 286
677 35 288
677 35 288
675 39 286
670 40 290
668 39 293
666 39 295
665 36 299
666 36 298
666 39 295
669 30 301
674 26 300
672 29 299
671 27 302
675 29 296
677 25 298
676 25 299
677 25 298
681 21 298
686 19 295
683 22 295
686 25 289
690 27 283
682 38 280
676 43 281
680 38 282
684 37 279
681 38 281
680 35 285
684 34 282
678 36 286
681 30 289
680 29 291
679 30 291
676 32 292
675 36 289
676 34 290
677 34 289
675 37 288
668 37 295
666 34 300
664 39 297
661 36 303
659 40 301
656 43 301
659 40 301
650 50 300
642 51 307
638 52 310
628 56 316
624 51 325
625 49 326
618 49 333
610 59 331
604 58 338
595 59 346
596 57 347
588 57 355
586 57 357
579 55 366
577 62 361
577 60 363
576 58 366
573 56 371
571 57 372
572 58 370
573 55 372
577 47 376
579 44 377
576 47 377
578 46 376
580 45 375
586 41 373
