699
381
919
525
954
467
774
62
706
870
616
555
778
762
435
526
516
541
103
192
374
472
217
35
464
505
517
827
916
236
965
44
152
2
213
424
215
135
923
13
558
938
758
79
814
298
887
781
714
531
551
301
749
576
415
912
801
597
318
984
153
206
652
838
835
671
80
681
396
69
108
582
997
937
779
497
38
657
651
770
423
654
42
669
673
99
685
248
378
53
356
732
261
688
704
194
294
987
350
588
849
436
51
146
223
24
761
775
142
676
104
265
296
815
668
803
151
159
755
693
163
67
110
918
739
742
92
552
556
603
431
953
130
970
846
514
187
462
463
985
189
519
139
624
196
321
850
12
302
249
388
322
43
148
36
780
943
432
879
336
972
696
839
729
198
314
385
962
829
389
535
513
903
