872
295
357
57
514
703
539
555
604
948
673
209
18
847
257
901
984
566
889
459
986
969
677
519
596
831
729
26
391
471
47
661
876
993
530
789
863
303
381
65
531
824
254
394
528
849
161
60
135
779
618
408
962
988
949
81
8
585
586
46
334
567
148
721
407
694
808
378
432
489
225
878
95
885
464
522
395
374
848
129
469
823
552
803
120
919
521
463
239
326
750
438
731
191
331
310
603
690
328
903
869
323
354
909
171
615
216
437
743
284
502
626
569
154
128
692
886
939
372
386
612
915
747
133
773
448
740
190
617
929
205
597
56
319
941
782
439
150
920
746
313
107
211
119
443
911
676
963
367
283
637
930
926
841
356
132
466
752
203
671
791
136
272
208
276
100
273
775
893
123
67
873
880
