308
842
468
897
361
195
925
761
355
982
379
748
363
420
951
920
754
637
321
408
249
451
693
70
267
970
719
87
996
725
843
145
458
139
189
697
689
226
654
2
642
823
631
763
606
51
609
35
203
710
107
775
774
623
762
790
156
622
300
202
791
356
975
677
290
29
112
256
213
325
165
3
324
477
752
783
787
686
467
201
196
755
836
865
826
974
179
597
615
792
812
939
801
164
859
154
866
66
543
564
169
434
688
58
34
109
611
922
469
516
227
980
841
383
274
560
306
366
126
36
253
858
988
731
359
309
875
551
644
651
211
39
365
396
956
212
180
839
941
136
319
187
880
345
588
532
285
30
250
649
753
310
138
891
709
910
852
362
354
346
205
119
410
793
210
684
973
535
938
462
284
463
718
