997 3 0
997 3 0
995 3 2
987 10 3
974 21 5
952 39 9
940 44 16
918 63 19
880 86 34
847 108 45
816 121 63
778 131 91
753 131 116
727 145 128
704 148 148
685 150 165
665 150 185
639 150 211
619 152 229
598 150 252
579 146 275
568 139 293
561 136 303
550 125 325
535 124 341
519 123 358
507 114 379
502 106 392
499 101 400
491 100 409
491 90 419
493 79 428
492 77 431
495 70 435
493 69 438
494 71 435
492 72 436
491 73 436
493 74 433
488 79 433
479 78 443
484 68 448
483 61 456
490 57 453
487 49 464
492 39 469
496 37 467
498 30 472
504 28 468
510 27 463
514 23 463
522 24 454
522 26 452
520 29 451
525 29 446
536 27 437
541 26 433
546 29 425
545 30 425
549 29 422
549 35 416
550 39 411
554 38 408
554 38 408
555 31 414
561 33 406
559 33 408
565 30 405
567 34 399
575 36 389
576 35 389
576 34 390
584 29 387
584 29 387
584 27 389
586 27 387
593 19 388
597 13 390
601 11 388
609 9 382
616 10 374
618 7 375
623 7 370
627 9 364
628 13 359
629 14 357
635 15 350
638 13 349
643 10 347
651 9 340
656 8 336
657 10 333
661 10 329
661 11 328
663 9 328
666 13 321
667 16 317
666 16 318
669 18 313
672 14 314
675 14 311
673 18 309
679 19 302
678 17 305
677 17 306
679 17 304
681 15 304
679 19 302
682 22 296
684 24 292
683 27 290
679 29 292
676 27 297
678 26 296
677 27 296
677 26 297
680 24 296
687 22 291
680 31 289
680 27 293
678 31 291
676 33 291
680 33 287
678 35 287
667 43 290
659 52 289
661 52 287
661 55 284
653 56 291
654 48 298
648 53 299
649 50 301
639 48 313
639 48 313
635 56 309
636 53 311
630 52 318
628 55 317
624 58 318
614 61 325
610 60 330
601 61 338
600 53 347
605 44 351
605 41 354
606 38 356
606 32 362
613 31 356
618 29 353
619 30 351
615 38 347
612 42 346
607 45 348
610 39 351
604 39 357
598 38 364
606 37 357
606 39 355
605 38 357
603 32 365
607 30 363
608 28 364
614 25 361
618 21 361
624 16 360
623 18 359
624 15 361
620 25 355
612 35 353
603 44 353
608 44 348
613 41 346
620 39 341
621 40 339
619 41 340
615 44 341
612 44 344
605 50 345
604 43 353
605 40 355
607 43 350
605 47 348
600 50 350
604 43 353
607 38 355
612 35 353
616 35 349
623 32 345
632 30 338
634 28 338
631 30 339
623 36 341
624 37 339
618 42 340
621 41 338
623 40 337
625 39 336
627 35 338
629 33 338
634 32 334
637 31 332
641 32 327
638 40 322
639 44 317
637 43 320
630 55 315
625 51 324
608 62 330
606 60 334
608 51 341
609 41 350
617 41 342
623 39 338
627 29 344
630 26 344
636 22 342
643 22 335
644 21 335
653 23 324
654 21 325
657 18 325
660 20 320
660 18 322
662 18 320
663 19 318
662 16 322
662 19 319
665 14 321
665 17 318
672 16 312
670 19 311
675 21 304
674 22 304
676 23 301
680 20 300
677 28 295
675 31 294
674 33 293
673 29 298
675 28 297
674 28 298
675 22 303
682 15 303
683 15 302
690 12 298
698 13 289
702 13 285
700 15 285
699 16 285
708 16 276
712 12 276
713 14 273
714 14 272
727 13 260
730 13 257
732 16 252
730 19 251
724 23 253
711 38 251
702 44 254
682 63 255
669 71 260
657 72 271
644 78 278
640 77 283
629 76 295
619 74 307
607 81 312
594 80 326
583 84 333
579 78 343
577 73 350
575 70 355
572 68 360
572 64 364
569 70 361
573 59 368
567 54 379
567 49 384
569 49 382
575 49 376
576 43 381
579 38 383
581 40 379
580 40 380
577 44 379
578 40 382
577 39 384
575 39 386
582 35 383
582 38 380
587 31 382
589 32 379
593 30 377
597 30 373
602 25 373
605 24 371
607 23 370
607 25 368
609 27 364
608 31 361
607 28 365
605 32 363
609 32 359
607 28 365
610 32 358
607 37 356
611 32 357
613 26 361
619 25 356
626 19 355
630 14 356
634 13 353
636 12 352
640 11 349
642 10 348
646 10 344
646 8 346
648 8 344
656 6 338
662 4 334
669 4 327
676 3 321
672 10 318
676 10 314
678 11 311
682 11 307
684 14 302
687 15 298
691 17 292
691 16 293
687 17 296
688 17 295
681 25 294
674 32 294
667 35 298
659 45 296
652 54 294
647 54 299
648 48 304
649 46 305
650 41 309
645 44 311
647 40 313
644 44 312
641 46 313
639 46 315
638 40 322
639 41 320
640 32 328
643 29 328
645 31 324
644 33 323
639 36 325
637 35 328
635 31 334
638 31 331
641 26 333
647 25 328
651 27 322
652 25 323
651 28 321
649 33 318
649 35 316
644 36 320
639 39 322
638 40 322
638 44 318
637 42 321
637 42 321
638 35 327
638 33 329
640 32 328
644 29 327
644 31 325
645 32 323
647 31 322
650 30 320
649 37 314
652 39 309
645 42 313
636 47 317
630 51 319
627 53 320
611 57 332
614 60 326
607 62 331
599 61 340
591 65 344
588 60 352
576 60 364
569 62 369
571 53 376
574 46 380
575 44 381
577 43 380
583 42 375
579 39 382
583 35 382
590 32 378
598 27 375
598 28 374
605 26 369
609 27 364
613 21 366
616 22 362
615 22 363
616 21 363
620 20 360
623 22 355
627 19 354
632 13 355
635 16 349
636 17 347
638 14 348
649 13 338
652 13 335
655 14 331
660 13 327
663 7 330
663 10 327
666 13 321
674 11 315
677 11 312
677 14 309
675 18 307
677 18 305
682 17 301
688 20 292
688 23 289
690 24 286
691 29 280
687 34 279
683 41 276
678 43 279
673 43 284
669 47 284
667 44 289
664 40 296
658 36 306
656 41 303
653 38 309
658 36 306
658 36 306
655 42 303
653 38 309
653 35 312
650 36 314
648 35 317
646 38 316
645 39 316
646 39 315
655 34 311
660 32 308
667 28 305
669 30 301
670 30 300
667 32 301
670 24 306
671 24 305
670 25 305
677 26 297
678 27 295
675 26 299
673 26 301
676 22 302
680 20 300
680 20 300
680 22 298
679 15 306
681 15 304
680 15 305
684 11 305
691 9 300
690 14 296
689 16 295
690 21 289
694 20 286
695 23 282
692 22 286
689 26 285
692 23 285
695 23 282
697 22 281
698 25 277
698 24 278
700 22 278
705 20 275
710 18 272
710 16 274
713 11 276
718 12 270
713 16 271
711 14 275
711 14 275
710 12 278
712 13 275
716 12 272
726 10 264
727 12 261
728 11 261
732 15 253
734 13 253
732 15 253
735 11 254
738 9 253
740 8 252
740 9 251
736 9 255
740 9 251
740 12 248
735 14 251
736 11 253
740 10 250
742 7 251
744 7 249
744 8 248
748 7 245
753 6 241
759 5 236
762 5 233
768 3 229
771 4 225
775 4 221
780 4 216
781 5 214
779 8 213
782 10 208
778 17 205
775 21 204
776 18 206
772 22 206
773 23 204
765 31 204
756 36 208
750 35 215
745 36 219
740 39 221
736 40 224
733 47 220
728 40 232
728 39 233
731 40 229
728 43 229
728 41 231
721 42 237
715 43 242
708 50 242
705 50 245
707 46 247
704 49 247
699 52 249
697 54 249
697 54 249
691 56 253
689 51 260
686 51 263
679 51 270
677 48 275
678 40 282
680 39 281
678 35 287
674 39 287
669 44 287
671 42 287
662 44 294
656 44 300
653 43 304
649 43 308
653 43 304
655 45 300
654 41 305
649 42 309
647 37 316
640 41 319
631 48 321
625 47 328
627 41 332
628 36 336
626 35 339
622 39 339
622 39 339
621 44 335
610 51 339
608 55 337
601 63 336
597 64 339
584 74 342
574 87 339
565 87 348
550 94 356
545 79 376
542 77 381
546 74 380
544 78 378
539 84 377
543 77 380
543 76 381
539 71 390
535 71 394
536 66 398
533 64 403
523 68 409
520 62 418
527 64 409
525 64 411
520 65 415
527 53 420
532 49 419
534 43 423
537 40 423
538 36 426
542 35 423
545 33 422
544 35 421
556 28 416
562 25 413
564 23 413
566 23 411
565 26 409
570 25 405
576 24 400
579 24 397
583 26 391
592 25 383
596 26 378
605 23 372
607 23 370
608 24 368
617 20 363
617 21 362
622 19 359
627 16 357
638 15 347
641 19 340
646 14 340
647 16 337
651 13 336
660 12 328
671 14 315
679 11 310
687 10 303
688 9 303
692 8 300
696 9 295
700 9 291
703 11 286
704 13 283
709 12 279
712 15 273
716 14 270
711 18 271
712 17 271
711 20 269
708 23 269
702 27 271
696 30 274
695 34 271
688 35 277
686 37 277
685 34 281
679 33 288
680 32 288
678 36 286
676 36 288
669 38 293
669 40 291
666 41 293
669 40 291
665 43 292
660 44 296
656 42 302
655 39 306
658 38 304
652 48 300
647 49 304
649 49 302
648 48 304
643 47 310
636 47 317
636 46 318
634 48 318
638 38 324
642 33 325
644 32 324
643 31 326
653 28 319
653 25 322
657 22 321
656 28 316
654 32 314
653 28 319
663 28 309
667 27 306
674 25 301
668 33 299
668 31 301
671 26 303
680 24 296
682 22 296
681 22 297
676 22 302
676 21 303
678 20 302
683 17 300
682 18 300
682 19 299
676 28 296
683 24 293
688 22 290
690 21 289
691 16 293
694 12 294
698 11 291
705 8 287
710 8 282
716 5 279
722 5 273
725 6 269
727 8 265
729 6 265
731 6 263
734 9 257
733 13 254
732 15 253
731 16 253
739 14 247
737 16 247
740 18 242
739 18 243
742 20 238
738 22 240
734 27 239
728 33 239
723 34 243
721 33 246
718 35 247
710 37 253
697 42 261
694 37 269
682 45 273
680 43 277
676 43 281
677 43 280
678 40 282
674 42 284
677 43 280
676 51 273
681 44 275
686 37 277
692 35 273
684 34 282
681 40 279
679 40 281
675 43 282
680 43 277
675 43 282
655 64 281
649 70 281
644 75 281
635 79 286
633 78 289
628 73 299
620 73 307
626 69 305
622 69 309
623 66 311
617 62 321
616 58 326
620 54 326
619 47 334
615 50 335
616 49 335
610 51 339
615 44 341
611 46 343
605 45 350
609 39 352
609 40 351
605 42 353
598 47 355
605 42 353
609 36 355
611 38 351
608 38 354
611 37 352
614 35 351
619 32 349
626 31 343
626 32 342
630 31 339
635 25 340
640 26 334
639 27 334
643 24 333
646 23 331
649 25 326
656 26 318
662 26 312
660 32 308
656 37 307
649 41 310
651 38 311
653 33 314
648 37 315
647 24 329
654 24 322
657 21 322
659 20 321
665 18 317
663 20 317
666 21 313
666 21 313
665 23 312
668 19 313
671 19 310
676 22 302
678 24 298
684 23 293
682 26 292
686 20 294
683 21 296
682 27 291
675 29 296
675 29 296
679 28 293
681 23 296
678 25 297
675 30 295
672 25 303
670 29 301
668 28 304
669 27 304
670 26 304
669 31 300
668 31 301
659 36 305
662 39 299
661 39 300
662 39 299
655 45 300
660 39 301
660 39 301
661 40 299
658 41 301
660 42 298
660 43 297
657 44 299
657 38 305
658 43 299
653 46 301
653 45 302
655 44 301
657 40 303
661 39 300
655 45 300
653 40 307
656 40 304
655 37 308
657 35 308
657 33 310
659 29 312
657 32 311
656 35 309
661 36 303
665 35 300
662 34 304
663 33 304
659 35 306
660 38 302
657 31 312
655 29 316
663 26 311
663 28 309
664 25 311
667 20 313
668 18 314
668 24 308
666 23 311
665 29 306
667 33 300
662 37 301
661 41 298
656 41 303
660 40 300
657 43 300
652 49 299
647 54 299
645 45 310
636 54 310
627 61 312
620 64 316
620 59 321
613 62 325
609 61 330
603 56 341
597 50 353
597 52 351
595 50 355
591 47 362
594 41 365
597 40 363
594 41 365
595 40 365
599 41 360
597 36 367
600 29 371
595 34 371
597 29 374
588 35 377
592 32 376
599 30 371
604 29 367
614 23 363
620 19 361
624 16 360
628 16 356
631 17 352
636 15 349
640 14 346
645 14 341
648 14 338
652 14 334
655 13 332
656 13 331
661 10 329
668 11 321
670 10 320
671 10 319
675 11 314
677 13 310
674 19 307
675 17 308
673 20 307
672 17 311
678 19 303
681 18 301
686 17 297
685 16 299
685 16 299
687 18 295
692 15 293
697 13 290
701 14 285
703 13 284
703 15 282
709 15 276
709 15 276
713 10 277
715 9 276
717 8 275
720 7 273
722 7 271
731 4 265
736 4 260
742 4 254
747 1 252
755 1 244
763 1 236
767 1 232
771 0 229
772 0 228
773 0 227
777 0 223
783 0 217
786 0 214
787 0 213
790 0 210
791 0 209
793 0 207
797 0 203
800 0 200
805 0 195
809 0 191
815 0 185
820 0 180
823 0 177
830 0 170
834 0 166
836 0 164
839 0 161
839 0 161
842 0 158
843 0 157
846 0 154
851 0 149
854 0 146
857 0 143
860 0 140
861 0 139
862 0 138
865 0 135
870 0 130
872 0 128
874 0 126
876 0 124
878 0 122
884 0 116
886 0 114
889 0 111
894 0 106
