998 2 0
996 4 0
994 6 0
991 9 0
990 6 4
990 6 4
990 5 5
988 6 6
984 8 8
980 10 10
981 7 12
980 6 14
980 5 15
980 5 15
980 4 16
982 3 15
981 4 15
980 4 16
980 4 16
979 5 16
978 6 16
975 7 18
971 11 18
969 9 22
968 12 20
962 17 21
962 14 24
956 20 24
936 35 29
920 44 36
897 67 36
864 87 49
843 97 60
812 118 70
771 146 83
743 141 116
691 173 136
642 200 158
606 205 189
569 205 226
553 197 250
529 194 277
510 190 300
498 178 324
480 163 357
471 149 380
466 138 396
462 124 414
466 115 419
466 117 417
458 115 427
452 119 429
455 110 435
459 96 445
461 92 447
459 84 457
461 70 469
469 62 469
473 50 477
476 48 476
480 43 477
485 37 478
492 33 475
499 33 468
499 31 470
504 34 462
511 37 452
515 39 446
517 32 451
517 35 448
527 27 446
538 22 440
544 20 436
550 17 433
557 18 425
563 18 419
573 15 412
581 10 409
593 8 399
597 6 397
606 5 389
614 5 381
621 5 374
627 5 368
633 6 361
635 5 360
643 6 351
650 5 345
660 5 335
666 5 329
676 4 320
687 3 310
694 3 303
701 2 297
706 2 292
712 2 286
713 4 283
717 3 280
721 3 276
725 4 271
726 6 268
730 5 265
737 3 260
734 7 259
741 10 249
738 14 248
739 12 249
743 12 245
747 11 242
749 12 239
746 18 236
749 21 230
751 19 230
746 30 224
739 34 227
727 47 226
714 54 232
708 53 239
703 55 242
695 59 246
699 51 250
689 54 257
684 56 260
680 54 266
678 47 275
674 43 283
668 46 286
664 49 287
660 46 294
657 48 295
657 43 300
658 39 303
660 36 304
661 37 302
664 34 302
660 37 303
649 44 307
648 40 312
643 45 312
636 48 316
634 51 315
633 44 323
631 45 324
628 48 324
626 45 329
619 48 333
615 49 336
606 54 340
599 60 341
601 59 340
601 54 345
593 57 350
590 61 349
593 54 353
594 47 359
596 43 361
596 47 357
597 44 359
595 43 362
599 36 365
601 36 363
600 34 366
607 29 364
608 22 370
611 22 367
611 25 364
614 24 362
615 28 357
615 30 355
615 28 357
617 26 357
627 29 344
627 28 345
627 26 347
627 29 344
629 27 344
628 28 344
636 25 339
633 25 342
637 24 339
640 24 336
640 24 336
630 33 337
629 40 331
626 46 328
626 49 325
620 47 333
619 43 338
617 40 343
617 39 344
609 39 352
610 37 353
615 32 353
615 33 352
622 32 346
626 28 346
630 24 346
637 22 341
643 17 340
651 15 334
655 18 327
655 23 322
660 23 317
664 23 313
668 24 308
668 24 308
667 27 306
662 32 306
665 31 304
670 27 303
668 24 308
668 24 308
666 26 308
667 26 307
662 30 308
663 30 307
663 27 310
658 32 310
656 28 316
657 30 313
654 33 313
646 41 313
648 41 311
638 43 319
636 43 321
630 44 326
628 45 327
632 44 324
631 35 334
630 31 339
633 30 337
635 33 332
637 31 332
644 32 324
646 38 316
645 35 320
646 32 322
641 34 325
640 35 325
643 30 327
641 29 330
635 42 323
639 38 323
633 44 323
632 47 321
634 39 327
641 30 329
647 28 325
645 29 326
645 28 327
645 24 331
646 23 331
643 26 331
642 27 331
641 32 327
639 37 324
632 40 328
628 42 330
624 45 331
623 36 341
627 32 341
630 28 342
628 34 338
635 31 334
641 28 331
644 32 324
645 26 329
644 26 330
641 27 332
639 29 332
641 26 333
646 23 331
647 24 329
650 28 322
652 30 318
656 29 315
655 31 314
656 31 313
661 29 310
661 30 309
660 28 312
659 27 314
663 29 308
665 26 309
667 24 309
675 22 303
678 21 301
679 19 302
686 16 298
687 18 295
686 18 296
687 21 292
680 31 289
675 32 293
666 40 294
661 44 295
654 55 291
651 51 298
645 58 297
632 71 297
617 69 314
609 72 319
606 72 322
598 75 327
592 74 334
585 68 347
573 71 356
571 66 363
567 71 362
564 66 370
562 60 378
552 69 379
551 68 381
549 67 384
546 62 392
546 58 396
541 58 401
546 44 410
547 37 416
548 33 419
551 35 414
552 36 412
549 41 410
548 42 410
545 43 412
544 40 416
546 37 417
548 35 417
551 27 422
556 22 422
567 16 417
569 15 416
571 17 412
576 19 405
581 22 397
588 20 392
590 22 388
599 20 381
608 19 373
607 22 371
611 23 366
613 23 364
619 22 359
623 24 353
626 23 351
626 24 350
619 31 350
618 30 352
620 33 347
616 38 346
617 41 342
614 43 343
609 46 345
604 46 350
607 44 349
614 41 345
611 43 346
606 45 349
601 41 358
598 41 361
599 38 363
600 35 365
603 34 363
613 26 361
619 28 353
627 28 345
632 22 346
638 20 342
639 20 341
642 20 338
647 16 337
650 14 336
654 14 332
659 14 327
662 12 326
666 9 325
669 8 323
675 8 317
680 6 314
686 6 308
690 5 305
695 5 300
701 3 296
708 3 289
714 5 281
711 7 282
710 15 275
708 20 272
712 24 264
710 29 261
702 34 264
698 33 269
692 37 271
681 45 274
677 36 287
669 36 295
661 41 298
655 45 300
655 44 301
648 47 305
638 48 314
632 50 318
626 55 319
622 50 328
617 52 331
614 53 333
610 49 341
608 45 347
607 43 350
602 43 355
604 39 357
600 37 363
604 35 361
605 33 362
604 34 362
606 30 364
610 28 362
616 24 360
612 28 360
615 24 361
618 25 357
616 26 358
611 27 362
613 28 359
617 24 359
632 21 347
633 20 347
637 18 345
633 21 346
634 22 344
636 22 342
633 27 340
634 29 337
636 28 336
635 31 334
631 30 339
631 33 336
629 35 336
626 35 339
634 34 332
636 29 335
636 31 333
638 32 330
642 31 327
648 27 325
640 41 319
630 46 324
637 37 326
636 36 328
638 37 325
639 34 327
641 34 325
641 33 326
639 34 327
641 29 330
641 31 328
637 33 330
643 30 327
652 28 320
652 27 321
657 22 321
658 22 320
654 28 318
657 26 317
660 27 313
660 25 315
663 22 315
675 18 307
684 18 298
687 17 296
690 19 291
695 20 285
697 26 277
692 30 278
686 33 281
684 33 283
683 31 286
678 31 291
677 32 291
671 38 291
672 37 291
668 39 293
669 40 291
667 40 293
662 42 296
653 50 297
651 51 298
654 45 301
655 35 310
653 33 314
652 34 314
650 34 316
653 29 318
653 28 319
648 38 314
640 42 318
641 35 324
636 37 327
634 35 331
634 36 330
633 35 332
632 37 331
637 28 335
637 28 335
637 29 334
634 34 332
632 36 332
631 36 333
629 33 338
632 38 330
630 37 333
626 40 334
625 37 338
627 35 338
630 34 336
625 39 336
620 44 336
621 42 337
624 40 336
623 42 335
624 44 332
626 42 332
629 37 334
626 42 332
631 37 332
624 36 340
626 35 339
625 37 338
627 30 343
627 30 343
627 30 343
629 22 349
633 21 346
639 19 342
642 18 340
649 16 335
651 18 331
654 19 327
664 14 322
669 13 318
673 16 311
677 20 303
674 28 298
669 29 302
669 28 303
672 25 303
677 24 299
681 22 297
681 24 295
679 24 297
681 25 294
683 20 297
679 26 295
680 25 295
686 27 287
683 31 286
678 34 288
679 35 286
683 31 286
686 29 285
686 29 285
687 29 284
691 30 279
693 28 279
702 26 272
701 22 277
701 20 279
701 17 282
701 18 281
699 16 285
703 18 279
703 19 278
702 17 281
706 18 276
709 17 274
713 15 272
717 16 267
718 16 266
724 15 261
728 16 256
730 16 254
732 15 253
732 15 253
738 13 249
741 13 246
743 11 246
749 9 242
754 6 240
755 8 237
755 8 237
758 10 232
753 14 233
752 14 234
755 9 236
755 10 235
755 11 234
752 15 233
747 19 234
749 22 229
747 28 225
739 37 224
738 30 232
730 34 236
719 37 244
716 41 243
715 42 243
709 41 250
708 45 247
706 44 250
702 43 255
701 45 254
697 41 262
694 45 261
691 44 265
689 45 266
687 50 263
683 52 265
671 62 267
666 64 270
660 66 274
657 65 278
654 61 285
649 53 298
653 49 298
654 51 295
655 47 298
655 48 297
651 52 297
659 44 297
662 41 297
662 40 298
660 37 303
650 48 302
645 53 302
635 54 311
629 60 311
625 56 319
626 56 318
623 57 320
627 50 323
618 51 331
619 52 329
620 55 325
623 51 326
621 50 329
619 48 333
618 50 332
614 52 334
616 47 337
611 47 342
615 50 335
614 43 343
613 44 343
615 40 345
619 34 347
626 30 344
629 30 341
635 24 341
644 18 338
645 24 331
645 26 329
648 25 327
647 30 323
654 33 313
654 36 310
659 35 306
662 28 310
666 27 307
668 25 307
670 23 307
676 19 305
676 19 305
681 20 299
682 21 297
684 24 292
680 28 292
676 34 290
674 30 296
672 35 293
663 42 295
654 47 299
647 46 307
646 43 311
655 36 309
655 36 309
654 40 306
650 39 311
648 42 310
644 44 312
643 36 321
643 35 322
643 32 325
644 33 323
644 32 324
646 31 323
654 31 315
657 26 317
659 26 315
662 25 313
657 26 317
661 24 315
663 21 316
670 17 313
674 16 310
682 16 302
683 18 299
681 16 303
680 17 303
679 18 303
674 22 304
677 21 302
681 20 299
686 17 297
692 14 294
687 19 294
688 19 293
691 17 292
690 18 292
690 18 292
690 18 292
689 18 293
688 23 289
690 22 288
693 20 287
695 23 282
689 31 280
682 36 282
679 38 283
679 36 285
672 39 289
672 43 285
675 38 287
671 41 288
669 42 289
663 42 295
662 43 295
653 44 303
657 42 301
650 47 303
644 46 310
638 49 313
627 54 319
625 54 321
622 47 331
613 52 335
602 61 337
602 62 336
594 58 348
587 59 354
581 57 362
571 68 361
572 60 368
569 56 375
565 56 379
563 55 382
561 53 386
554 59 387
552 49 399
551 51 398
546 50 404
532 63 405
529 66 405
528 64 408
526 60 414
525 62 413
525 60 415
525 54 421
524 54 422
528 50 422
534 47 419
542 45 413
555 42 403
561 33 406
563 26 411
573 20 407
573 23 404
576 20 404
581 21 398
589 24 387
596 17 387
600 15 385
606 16 378
605 22 373
610 19 371
611 23 366
609 25 366
613 25 362
611 29 360
610 37 353
614 38 348
615 35 350
617 33 350
621 33 346
622 31 347
624 28 348
621 31 348
623 26 351
624 26 350
634 22 344
634 22 344
644 22 334
653 19 328
660 16 324
664 18 318
667 20 313
668 20 312
667 20 313
669 20 311
668 20 312
672 19 309
674 22 304
674 24 302
664 29 307
666 29 305
668 23 309
673 18 309
661 31 308
664 24 312
658 27 315
663 27 310
662 25 313
657 28 315
658 26 316
661 26 313
662 22 316
667 20 313
670 17 313
673 19 308
678 19 303
681 13 306
688 12 300
690 8 302
692 8 300
695 7 298
702 3 295
711 3 286
713 3 284
716 7 277
721 5 274
726 6 268
729 5 266
736 5 259
738 4 258
739 5 256
741 3 256
744 3 253
752 3 245
756 4 240
764 2 234
766 0 234
768 0 232
771 1 228
772 1 227
778 1 221
780 1 219
784 2 214
787 2 211
791 0 209
797 3 200
799 2 199
799 2 199
798 5 197
799 6 195
802 7 191
801 10 189
803 8 189
802 11 187
799 14 187
798 14 188
797 19 184
789 28 183
784 35 181
775 40 185
771 40 189
763 45 192
760 40 200
751 43 206
746 43 211
742 38 220
738 44 218
734 43 223
731 43 226
727 43 230
721 49 230
722 46 232
718 50 232
712 50 238
704 54 242
698 52 250
693 54 253
692 49 259
686 54 260
675 62 263
669 58 273
667 58 275
669 50 281
670 52 278
672 50 278
667 54 279
669 50 281
662 48 290
661 41 298
663 43 294
666 40 294
669 40 291
673 35 292
670 38 292
675 31 294
680 25 295
676 25 299
675 26 299
674 28 298
675 33 292
667 42 291
663 49 288
661 48 291
655 55 290
648 55 297
649 55 296
639 64 297
627 65 308
624 63 313
620 68 312
614 63 323
617 60 323
613 58 329
608 62 330
598 65 337
595 65 340
594 66 340
594 62 344
598 52 350
599 46 355
608 40 352
612 42 346
616 41 343
622 39 339
623 39 338
624 38 338
622 38 340
622 43 335
622 40 338
627 33 340
624 38 338
618 41 341
622 34 344
620 29 351
623 28 349
623 22 355
625 18 357
625 23 352
627 26 347
626 31 343
627 28 345
622 28 350
620 34 346
620 36 344
612 44 344
608 50 342
610 48 342
602 45 353
595 53 352
597 48 355
594 52 354
587 57 356
590 50 360
588 52 360
590 48 362
593 48 359
594 40 366
595 41 364
597 45 358
591 44 365
595 39 366
597 37 366
602 36 362
606 36 358
608 35 357
612 34 354
616 34 350
621 35 344
620 33 347
621 34 345
629 35 336
624 35 341
624 31 345
617 38 345
612 40 348
602 44 354
594 54 352
587 60 353
582 58 360
575 58 367
577 58 365
574 56 370
574 57 369
578 44 378
579 43 378
586 41 373
593 39 368
592 39 369
