997 3 0
997 3 0
996 3 1
986 11 3
983 12 5
979 14 7
979 8 13
976 6 18
975 7 18
973 10 17
964 16 20
961 17 22
957 16 27
943 27 30
935 30 35
924 33 43
912 42 46
900 45 55
883 57 60
863 64 73
841 76 83
812 97 91
779 115 106
750 127 123
721 133 146
695 143 162
671 140 189
654 142 204
633 146 221
616 144 240
598 148 254
571 159 270
546 153 301
533 149 318
524 146 330
508 146 346
501 135 364
496 129 375
494 123 383
490 111 399
488 106 406
485 98 417
481 88 431
481 83 436
483 86 431
479 89 432
480 78 442
484 75 441
489 71 440
490 63 447
496 58 446
493 55 452
498 52 450
501 49 450
504 47 449
508 40 452
510 41 449
517 36 447
515 36 449
518 36 446
526 33 441
534 33 433
538 33 429
536 37 427
537 39 424
540 40 420
542 38 420
548 31 421
553 32 415
561 32 407
567 29 404
571 30 399
573 34 393
579 29 392
585 32 383
585 34 381
587 34 379
593 28 379
603 24 373
607 21 372
609 20 371
616 17 367
622 15 363
623 15 362
627 12 361
631 13 356
633 11 356
633 10 357
641 8 351
645 7 348
647 7 346
650 4 346
654 5 341
661 5 334
662 6 332
664 8 328
666 7 327
671 5 324
676 7 317
681 10 309
687 10 303
688 8 304
697 10 293
701 14 285
702 13 285
708 12 280
713 12 275
713 14 273
714 11 275
711 14 275
712 12 276
714 12 274
719 13 268
726 13 261
726 13 261
726 12 262
723 14 263
728 16 256
722 22 256
716 25 259
717 27 256
709 32 259
701 35 264
694 39 267
690 43 267
690 42 268
683 41 276
681 42 277
669 42 289
672 39 289
678 35 287
673 35 292
672 30 298
671 32 297
673 29 298
675 27 298
674 22 304
673 19 308
670 22 308
668 26 306
677 24 299
678 27 295
681 25 294
678 23 299
681 19 300
684 19 297
682 19 299
679 22 299
687 20 293
682 26 292
689 25 286
685 24 291
689 20 291
690 17 293
688 20 292
681 28 291
681 27 292
680 22 298
676 24 300
675 26 299
675 26 299
678 26 296
680 24 296
685 24 291
686 22 292
687 16 297
692 14 294
702 12 286
705 13 282
709 13 278
709 13 278
711 17 272
712 16 272
715 16 269
716 18 266
722 17 261
724 15 261
727 14 259
727 14 259
727 16 257
725 17 258
727 22 251
729 25 246
728 25 247
726 25 249
721 31 248
716 33 251
718 32 250
720 30 250
724 28 248
721 30 249
714 36 250
710 40 250
708 42 250
704 37 259
701 39 260
698 39 263
701 38 261
697 37 266
696 38 266
693 41 266
688 46 266
682 50 268
675 49 276
667 49 284
664 37 299
664 28 308
670 25 305
676 25 299
682 22 296
683 19 298
681 24 295
685 21 294
687 19 294
692 22 286
695 22 283
695 23 282
694 28 278
695 33 272
689 35 276
687 40 273
687 42 271
685 41 274
682 44 274
674 45 281
663 51 286
650 57 293
640 56 304
632 56 312
625 58 317
617 64 319
606 70 324
598 74 328
591 72 337
588 70 342
591 70 339
594 66 340
594 60 346
600 58 342
600 51 349
602 46 352
599 45 356
606 40 354
616 34 350
620 31 349
616 39 345
618 40 342
614 46 340
619 43 338
616 40 344
607 42 351
599 45 356
601 44 355
602 42 356
609 42 349
604 45 351
605 39 356
606 35 359
608 36 356
612 37 351
607 38 355
604 36 360
608 37 355
608 40 352
604 43 353
603 44 353
606 40 354
604 41 355
606 35 359
608 37 355
611 34 355
610 31 359
608 28 364
611 23 366
610 29 361
607 29 364
613 28 359
616 27 357
619 24 357
624 22 354
633 19 348
635 16 349
637 15 348
637 19 344
639 22 339
647 22 331
648 19 333
651 22 327
655 21 324
658 21 321
662 19 319
663 19 318
668 18 314
673 15 312
680 14 306
686 10 304
688 7 305
693 8 299
696 10 294
698 10 292
706 12 282
709 11 280
713 10 277
714 14 272
721 15 264
716 20 264
717 16 267
723 16 261
732 17 251
733 17 250
735 18 247
734 16 250
730 19 251
726 19 255
725 21 254
725 17 258
726 19 255
725 22 253
727 28 245
727 29 244
718 39 243
709 40 251
695 47 258
697 47 256
689 50 261
677 56 267
675 54 271
669 53 278
667 55 278
661 55 284
648 65 287
642 63 295
636 66 298
632 64 304
629 59 312
626 57 317
618 62 320
613 61 326
608 63 329
610 64 326
613 58 329
618 53 329
621 50 329
623 48 329
622 44 334
625 39 336
630 33 337
627 37 336
623 41 336
608 48 344
605 50 345
611 50 339
615 44 341
620 29 351
623 32 345
630 32 338
633 30 337
630 32 338
631 29 340
625 34 341
625 34 341
622 35 343
621 38 341
616 43 341
618 40 342
615 45 340
609 46 345
599 52 349
602 48 350
604 42 354
603 45 352
602 44 354
602 42 356
600 47 353
593 48 359
596 44 360
597 42 361
603 39 358
600 41 359
598 40 362
603 34 363
605 32 363
602 39 359
600 42 358
598 43 359
591 46 363
589 43 368
589 43 368
591 38 371
588 44 368
586 45 369
588 38 374
594 42 364
593 38 369
588 39 373
589 36 375
580 43 377
573 49 378
566 52 382
563 50 387
559 54 387
559 50 391
560 51 389
549 54 397
554 52 394
554 49 397
551 47 402
559 46 395
554 48 398
550 53 397
557 47 396
554 49 397
556 48 396
554 46 400
553 48 399
549 51 400
545 48 407
542 54 404
538 57 405
535 57 408
537 55 408
529 64 407
531 66 403
530 68 402
530 61 409
527 63 410
529 55 416
527 54 419
526 48 426
526 51 423
528 50 422
531 49 420
534 42 424
535 41 424
539 31 430
542 32 426
546 29 425
555 27 418
559 25 416
558 30 412
554 36 410
560 42 398
567 37 396
568 40 392
574 37 389
576 38 386
572 39 389
568 41 391
563 43 394
567 44 389
577 36 387
581 27 392
584 28 388
583 28 389
583 25 392
596 22 382
600 23 377
606 22 372
601 22 377
603 23 374
609 19 372
608 21 371
612 25 363
610 26 364
617 21 362
621 21 358
624 15 361
627 11 362
631 10 359
633 14 353
637 15 348
637 18 345
632 25 343
636 24 340
631 28 341
628 32 340
625 37 338
617 41 342
618 39 343
619 40 341
618 43 339
612 47 341
610 37 353
621 39 340
618 41 341
614 42 344
610 40 350
609 42 349
608 44 348
605 38 357
609 35 356
611 31 358
612 29 359
623 28 349
625 27 348
633 25 342
638 23 339
640 24 336
643 25 332
646 23 331
648 21 331
650 18 332
650 22 328
651 25 324
656 21 323
660 20 320
663 20 317
667 19 314
675 14 311
682 14 304
685 12 303
688 13 299
688 16 296
689 16 295
694 12 294
699 9 292
704 8 288
706 9 285
711 8 281
717 7 276
723 5 272
727 5 268
731 5 264
736 5 259
741 5 254
743 7 250
741 9 250
741 10 249
741 14 245
740 16 244
740 17 243
735 22 243
731 24 245
728 25 247
729 26 245
726 28 246
725 29 246
725 32 243
725 34 241
725 36 239
724 39 237
730 39 231
719 47 234
716 50 234
707 56 237
691 64 245
681 74 245
673 73 254
660 78 262
649 75 276
647 73 280
643 76 281
643 59 298
642 59 299
635 57 308
629 63 308
626 63 311
621 59 320
618 62 320
624 53 323
610 61 329
598 64 338
597 57 346
604 50 346
605 52 343
600 57 343
600 62 338
600 64 336
601 65 334
598 59 343
589 58 353
592 53 355
589 51 360
596 50 354
594 50 356
592 47 361
590 48 362
585 52 363
584 48 368
587 50 363
581 53 366
583 46 371
579 51 370
583 48 369
582 47 371
581 46 373
586 43 371
584 48 368
586 49 365
583 44 373
582 40 378
585 40 375
586 41 373
591 38 371
590 35 375
592 36 372
592 38 370
592 37 371
596 35 369
596 26 378
603 25 372
608 26 366
612 28 360
614 28 358
618 29 353
623 27 350
630 23 347
634 21 345
637 21 342
635 23 342
637 22 341
644 22 334
645 24 331
642 25 333
645 22 333
644 24 332
645 23 332
649 20 331
650 22 328
660 14 326
662 12 326
667 8 325
672 8 320
678 8 314
683 11 306
686 9 305
691 9 300
695 9 296
703 8 289
707 7 286
712 8 280
714 7 279
718 6 276
721 7 272
722 8 270
718 13 269
723 13 264
728 14 258
731 15 254
731 12 257
733 10 257
737 12 251
737 14 249
739 14 247
744 13 243
744 16 240
742 22 236
741 22 237
731 31 238
723 35 242
718 44 238
708 56 236
696 63 241
690 63 247
683 63 254
677 63 260
671 60 269
667 62 271
654 67 279
645 72 283
634 76 290
630 72 298
626 70 304
617 72 311
614 66 320
614 64 322
610 63 327
600 69 331
598 68 334
591 74 335
590 65 345
584 63 353
583 57 360
578 61 361
584 54 362
584 47 369
590 45 365
595 47 358
588 52 360
588 49 363
583 52 365
576 54 370
577 54 369
582 52 366
584 45 371
592 39 369
591 37 372
592 35 373
595 36 369
599 34 367
600 29 371
597 33 370
595 33 372
597 25 378
600 20 380
601 21 378
606 17 377
610 19 371
619 16 365
626 13 361
630 12 358
631 11 358
636 9 355
640 12 348
645 12 343
652 8 340
652 11 337
658 11 331
661 10 329
663 10 327
667 10 323
672 10 318
675 9 316
682 10 308
687 7 306
694 7 299
700 8 292
702 10 288
705 7 288
706 7 287
714 6 280
719 6 275
725 4 271
735 3 262
740 3 257
744 3 253
749 5 246
756 5 239
762 3 235
764 4 232
767 3 230
771 4 225
779 4 217
781 4 215
782 4 214
783 4 213
786 7 207
788 5 207
791 5 204
797 4 199
802 5 193
806 7 187
805 9 186
807 10 183
809 10 181
804 13 183
797 18 185
797 18 185
788 24 188
788 29 183
781 35 184
774 34 192
770 36 194
766 37 197
761 39 200
756 37 207
757 35 208
750 37 213
750 33 217
749 28 223
741 31 228
736 34 230
732 33 235
727 35 238
721 36 243
719 37 244
716 40 244
710 40 250
713 34 253
708 39 253
703 42 255
682 52 266
667 66 267
658 63 279
649 66 285
640 67 293
633 63 304
619 76 305
615 74 311
614 68 318
611 72 317
604 71 325
596 71 333
598 63 339
598 60 342
601 54 345
606 53 341
609 48 343
608 44 348
602 45 353
596 52 352
595 54 351
578 66 356
578 66 356
569 73 358
563 70 367
563 67 370
564 61 375
559 63 378
556 62 382
555 55 390
557 50 393
565 46 389
564 50 386
562 50 388
564 47 389
570 44 386
576 48 376
573 51 376
568 51 381
569 52 379
573 43 384
578 42 380
579 43 378
588 37 375
595 35 370
597 37 366
595 41 364
595 38 367
597 38 365
591 44 365
597 37 366
599 38 363
598 39 363
602 37 361
599 42 359
597 42 361
595 46 359
593 50 357
596 44 360
598 37 365
598 41 361
599 32 369
603 31 366
612 28 360
619 28 353
622 27 351
625 23 352
624 21 355
627 21 352
631 20 349
640 20 340
640 21 339
638 23 339
641 23 336
644 24 332
646 23 331
642 24 334
638 28 334
640 27 333
637 32 331
632 34 334
629 39 332
621 40 339
618 41 341
613 44 343
609 45 346
605 42 353
606 38 356
600 41 359
602 41 357
607 31 362
608 32 360
607 31 362
611 29 360
614 29 357
619 22 359
625 20 355
629 18 353
632 17 351
633 18 349
634 17 349
641 16 343
644 16 340
648 13 339
657 12 331
668 12 320
674 9 317
682 8 310
686 10 304
693 10 297
701 8 291
706 8 286
709 8 283
712 8 280
719 7 274
729 7 264
730 7 263
733 5 262
738 6 256
741 7 252
749 6 245
748 7 245
752 7 241
755 8 237
758 11 231
765 10 225
765 11 224
763 13 224
764 14 222
763 12 225
761 18 221
757 25 218
752 31 217
744 36 220
742 32 226
743 28 229
738 31 231
733 38 229
729 39 232
722 47 231
718 49 233
710 56 234
707 53 240
703 46 251
694 53 253
692 50 258
696 43 261
690 46 264
685 46 269
679 49 272
673 51 276
673 48 279
671 41 288
671 39 290
671 36 293
673 37 290
678 34 288
681 34 285
675 34 291
671 31 298
665 35 300
662 34 304
662 32 306
658 32 310
657 35 308
661 35 304
659 37 304
657 36 307
652 41 307
647 40 313
649 36 315
643 41 316
640 38 322
638 34 328
628 43 329
615 46 339
609 49 342
615 45 340
618 40 342
617 41 342
618 37 345
619 37 344
621 38 341
617 37 346
616 32 352
613 36 351
612 37 351
612 40 348
612 37 351
603 44 353
595 48 357
596 46 358
587 50 363
585 47 368
593 44 363
590 45 365
591 46 363
590 44 366
597 44 359
599 42 359
596 47 357
597 48 355
595 48 357
595 48 357
601 42 357
606 37 357
609 38 353
608 40 352
608 37 355
604 36 360
608 31 361
611 33 356
615 33 352
620 28 352
622 26 352
626 24 350
634 22 344
641 18 341
644 18 338
648 15 337
643 18 339
648 19 333
647 21 332
650 25 325
656 21 323
659 21 320
664 20 316
670 21 309
671 22 307
667 26 307
