997 3 0
997 1 2
995 3 2
992 4 4
990 5 5
985 10 5
977 15 8
972 17 11
965 21 14
948 35 17
936 37 27
922 43 35
902 55 43
879 70 51
859 81 60
837 87 76
808 100 92
787 111 102
750 130 120
722 127 151
704 130 166
691 130 179
674 131 195
641 140 219
630 138 232
605 152 243
589 152 259
567 149 284
552 147 301
534 153 313
523 150 327
510 133 357
509 121 370
510 115 375
507 110 383
501 108 391
491 104 405
483 103 414
478 87 435
476 80 444
476 79 445
471 76 453
476 76 448
474 77 449
468 75 457
462 70 468
465 65 470
465 60 475
467 60 473
473 53 474
480 53 467
485 51 464
497 49 454
496 53 451
502 47 451
503 44 453
508 41 451
512 37 451
516 34 450
515 35 450
517 35 448
526 34 440
533 31 436
537 25 438
544 19 437
549 18 433
556 20 424
555 21 424
557 20 423
564 16 420
564 18 418
563 18 419
558 24 418
561 24 415
562 26 412
562 24 414
567 24 409
569 20 411
573 21 406
579 19 402
583 22 395
584 21 395
585 22 393
594 19 387
598 17 385
606 17 377
604 16 380
608 15 377
610 17 373
615 17 368
618 19 363
620 21 359
622 24 354
626 23 351
631 22 347
631 21 348
637 16 347
643 11 346
647 12 341
649 15 336
654 13 333
655 9 336
659 9 332
659 13 328
664 14 322
667 14 319
668 18 314
672 14 314
674 13 313
677 17 306
675 21 304
673 26 301
671 30 299
670 27 303
666 29 305
664 29 307
661 27 312
665 24 311
661 28 311
654 33 313
647 35 318
644 37 319
636 44 320
633 47 320
636 44 320
630 44 326
626 46 328
622 50 328
617 53 330
607 53 340
602 51 347
598 55 347
601 48 351
602 51 347
602 48 350
602 50 348
597 54 349
588 54 358
582 62 356
580 55 365
579 54 367
573 57 370
575 49 376
574 49 377
575 51 374
581 50 369
583 49 368
582 46 372
586 39 375
588 34 378
595 31 374
599 28 373
604 23 373
605 24 371
608 22 370
613 26 361
621 28 351
622 30 348
623 31 346
617 36 347
617 34 349
617 31 352
619 29 352
620 31 349
616 34 350
619 35 346
620 33 347
623 35 342
635 27 338
636 21 343
643 16 341
649 15 336
651 14 335
655 16 329
655 20 325
655 21 324
660 17 323
662 17 321
667 15 318
671 14 315
672 17 311
674 19 307
678 24 298
679 25 296
676 29 295
679 27 294
676 31 293
681 29 290
681 31 288
682 28 290
683 28 289
684 28 288
687 27 286
685 28 287
688 28 284
694 26 280
701 23 276
703 16 281
700 18 282
704 20 276
704 22 274
698 27 275
695 22 283
697 22 281
700 21 279
701 23 276
702 20 278
704 23 273
699 24 277
698 25 277
702 25 273
706 25 269
703 29 268
703 24 273
706 22 272
699 29 272
696 33 271
692 36 272
685 37 278
681 39 280
682 39 279
683 37 280
680 43 277
676 42 282
672 42 286
675 41 284
671 43 286
661 47 292
652 48 300
647 47 306
642 42 316
643 41 316
643 44 313
635 46 319
623 55 322
619 56 325
616 55 329
613 60 327
603 58 339
599 59 342
588 61 351
590 59 351
586 59 355
592 51 357
593 45 362
599 35 366
604 29 367
600 30 370
603 25 372
610 19 371
615 16 369
621 12 367
628 7 365
631 8 361
631 12 357
632 15 353
633 18 349
639 17 344
642 15 343
644 13 343
643 13 344
649 11 340
658 8 334
665 8 327
669 9 322
675 6 319
680 6 314
687 4 309
695 4 301
700 3 297
705 3 292
709 5 286
714 3 283
717 3 280
720 2 278
724 2 274
727 3 270
728 5 267
721 11 268
722 11 267
731 10 259
736 8 256
740 10 250
742 9 249
744 6 250
744 9 247
743 12 245
748 7 245
747 11 242
746 11 243
749 12 239
747 14 239
745 18 237
741 22 237
742 25 233
743 23 234
745 22 233
743 22 235
745 17 238
744 17 239
748 15 237
747 18 235
748 16 236
748 16 236
749 19 232
746 27 227
740 30 230
736 33 231
728 42 230
723 42 235
714 42 244
705 51 244
704 48 248
696 49 255
691 52 257
690 49 261
681 50 269
680 47 273
669 55 276
665 59 276
658 60 282
652 54 294
647 54 299
640 51 309
630 58 312
626 54 320
607 62 331
605 59 336
601 58 341
593 66 341
581 71 348
568 77 355
555 83 362
545 88 367
537 86 377
526 91 383
523 86 391
513 88 399
511 87 402
504 90 406
500 90 410
501 86 413
502 75 423
505 73 422
504 67 429
500 69 431
500 59 441
506 44 450
513 39 448
524 35 441
528 32 440
533 30 437
540 30 430
548 30 422
552 28 420
553 30 417
560 26 414
564 25 411
569 20 411
582 17 401
581 21 398
584 20 396
589 23 388
591 22 387
596 23 381
594 22 384
594 26 380
595 29 376
597 28 375
603 25 372
607 22 371
611 23 366
616 17 367
619 16 365
623 14 363
629 15 356
633 15 352
637 17 346
633 20 347
641 17 342
637 21 342
639 26 335
636 30 334
630 39 331
623 41 336
618 45 337
614 43 343
611 40 349
613 40 347
614 32 354
618 29 353
615 31 354
613 35 352
613 35 352
613 35 352
614 32 354
612 34 354
613 37 350
615 30 355
616 32 352
615 32 353
616 34 350
620 34 346
620 32 348
628 23 349
628 24 348
634 26 340
632 24 344
633 24 343
639 24 337
644 17 339
646 21 333
652 21 327
648 25 327
655 28 317
660 23 317
661 16 323
659 18 323
660 20 320
660 19 321
661 20 319
664 18 318
667 21 312
672 23 305
674 20 306
677 20 303
682 22 296
675 28 297
678 29 293
679 31 290
677 32 291
678 32 290
675 38 287
676 41 283
676 36 288
680 28 292
681 25 294
683 28 289
682 28 290
687 25 288
687 26 287
687 27 286
682 28 290
679 28 293
667 39 294
662 45 293
659 44 297
655 46 299
648 51 301
649 47 304
648 49 303
647 43 310
645 48 307
638 52 310
635 50 315
627 54 319
629 48 323
630 46 324
624 47 329
625 44 331
621 50 329
624 45 331
626 43 331
623 36 341
621 34 345
622 33 345
620 31 349
624 27 349
624 24 352
627 21 352
630 25 345
631 23 346
630 27 343
633 26 341
638 28 334
641 29 330
639 31 330
642 31 327
643 29 328
643 29 328
649 29 322
647 34 319
640 34 326
640 34 326
642 31 327
644 30 326
642 28 330
642 27 331
647 26 327
654 29 317
658 27 315
659 24 317
663 22 315
665 21 314
669 16 315
677 13 310
681 13 306
686 13 301
687 11 302
690 10 300
696 13 291
698 15 287
703 12 285
711 12 277
719 11 270
725 12 263
728 10 262
731 6 263
734 4 262
741 5 254
747 5 248
751 5 244
758 5 237
764 4 232
770 3 227
773 3 224
776 2 222
780 2 218
781 2 217
786 3 211
794 3 203
796 4 200
792 8 200
789 10 201
795 7 198
798 7 195
800 7 193
804 5 191
807 5 188
811 2 187
815 3 182
816 3 181
814 4 182
820 3 177
823 4 173
825 3 172
825 4 171
828 4 168
829 4 167
830 4 166
832 4 164
831 8 161
836 6 158
830 11 159
835 11 154
825 17 158
815 24 161
802 36 162
788 41 171
779 42 179
768 51 181
757 54 189
745 61 194
738 58 204
730 61 209
724 64 212
718 59 223
711 62 227
706 60 234
703 59 238
695 60 245
686 61 253
689 55 256
691 50 259
689 47 264
687 50 263
688 44 268
680 44 276
678 45 277
667 56 277
660 54 286
659 52 289
654 50 296
654 51 295
647 58 295
645 55 300
646 53 301
640 56 304
634 56 310
631 51 318
633 45 322
635 43 322
626 46 328
626 43 331
630 40 330
634 40 326
627 40 333
621 42 337
622 43 335
621 46 333
620 45 335
612 49 339
611 49 340
610 52 338
608 49 343
609 44 347
604 46 350
606 37 357
604 39 357
611 37 352
609 33 358
610 31 359
616 28 356
615 29 356
620 22 358
627 18 355
630 19 351
632 19 349
634 17 349
640 20 340
642 24 334
641 26 333
641 31 328
633 39 328
633 39 328
627 49 324
617 58 325
605 66 329
603 64 333
590 75 335
592 76 332
589 76 335
584 73 343
578 70 352
574 69 357
567 70 363
563 70 367
561 68 371
555 68 377
558 62 380
559 58 383
568 54 378
569 45 386
563 43 394
564 38 398
561 41 398
564 43 393
564 44 392
569 43 388
569 44 387
569 41 390
570 38 392
567 40 393
570 39 391
570 37 393
572 39 389
578 37 385
584 35 381
590 31 379
592 33 375
591 32 377
593 32 375
595 35 370
601 34 365
603 33 364
604 32 364
606 31 363
608 30 362
611 26 363
617 28 355
618 29 353
614 31 355
611 33 356
613 34 353
606 40 354
596 48 356
596 45 359
595 46 359
591 48 361
590 48 362
591 46 363
588 49 363
587 48 365
584 46 370
585 47 368
585 42 373
587 39 374
591 36 373
595 28 377
593 34 373
596 32 372
601 28 371
600 31 369
601 34 365
606 29 365
601 27 372
603 26 371
605 21 374
609 20 371
607 21 372
612 22 366
614 28 358
617 23 360
622 24 354
623 29 348
631 28 341
628 31 341
631 27 342
631 30 339
631 30 339
636 34 330
636 36 328
634 32 334
632 34 334
634 33 333
636 34 330
638 31 331
638 33 329
637 32 331
625 38 337
619 41 340
616 47 337
614 46 340
612 48 340
605 51 344
597 56 347
585 61 354
590 48 362
585 47 368
580 47 373
583 41 376
587 41 372
592 37 371
593 34 373
591 33 376
594 31 375
597 29 374
597 30 373
594 31 375
595 30 375
595 29 376
600 29 371
607 24 369
614 20 366
619 22 359
625 21 354
629 22 349
636 21 343
639 19 342
642 17 341
640 14 346
643 13 344
649 13 338
653 12 335
657 10 333
661 9 330
669 8 323
668 10 322
675 11 314
683 11 306
689 11 300
687 12 301
694 10 296
697 10 293
700 7 293
700 9 291
702 9 289
704 10 286
710 7 283
714 8 278
715 9 276
720 7 273
726 8 266
729 7 264
732 9 259
729 11 260
728 15 257
729 13 258
735 11 254
737 14 249
740 15 245
740 18 242
744 19 237
739 23 238
733 27 240
731 26 243
734 23 243
734 20 246
734 20 246
737 20 243
738 19 243
744 24 232
749 22 229
749 21 230
749 21 230
747 23 230
747 24 229
745 24 231
737 27 236
734 26 240
732 26 242
725 30 245
722 29 249
724 33 243
723 29 248
717 31 252
711 35 254
711 34 255
705 38 257
702 42 256
704 39 257
704 35 261
700 35 265
695 37 268
694 35 271
687 41 272
690 38 272
694 37 269
694 36 270
690 41 269
689 41 270
690 43 267
692 41 267
686 43 271
678 48 274
671 52 277
670 50 280
668 53 279
665 46 289
668 38 294
668 37 295
668 37 295
671 33 296
671 35 294
670 33 297
668 35 297
673 28 299
675 26 299
683 25 292
686 26 288
689 26 285
691 24 285
690 25 285
691 24 285
693 22 285
695 18 287
695 22 283
692 29 279
689 31 280
681 40 279
679 41 280
677 48 275
677 47 276
675 50 275
673 50 277
674 51 275
675 49 276
675 49 276
667 56 277
653 70 277
644 66 290
624 76 300
622 69 309
614 70 316
608 66 326
601 69 330
593 72 335
587 71 342
576 76 348
566 88 346
559 90 351
552 79 369
552 75 373
555 65 380
565 60 375
567 58 375
564 59 377
557 64 379
544 72 384
543 68 389
546 63 391
536 73 391
531 71 398
533 68 399
531 58 411
528 60 412
536 48 416
538 47 415
539 45 416
535 43 422
536 38 426
533 37 430
537 37 426
539 37 424
549 34 417
547 32 421
553 34 413
555 31 414
553 35 412
554 36 410
555 37 408
562 35 403
566 36 398
569 33 398
574 30 396
576 31 393
570 34 396
570 32 398
574 27 399
577 25 398
582 20 398
580 22 398
586 20 394
585 22 393
579 28 393
586 28 386
584 30 386
584 32 384
584 36 380
582 33 385
579 32 389
587 33 380
592 29 379
596 27 377
596 34 370
599 32 369
598 32 370
599 35 366
602 37 361
600 38 362
602 37 361
601 41 358
605 33 362
612 31 357
616 31 353
610 34 356
611 36 353
610 40 350
608 37 355
608 39 353
602 45 353
601 46 353
599 43 358
599 41 360
604 42 354
598 49 353
602 50 348
601 49 350
600 48 352
603 47 350
604 47 349
596 48 356
589 54 357
593 48 359
595 45 360
597 48 355
597 49 354
594 45 361
600 41 359
600 42 358
602 38 360
605 34 361
607 26 367
607 27 366
607 24 369
614 24 362
615 27 358
616 26 358
619 24 357
622 21 357
626 17 357
633 16 351
632 16 352
639 13 348
647 12 341
650 12 338
652 15 333
659 18 323
659 19 322
654 26 320
656 29 315
659 33 308
651 35 314
645 43 312
651 41 308
645 48 307
640 48 312
634 55 311
622 61 317
611 67 322
613 59 328
605 62 333
600 58 342
604 57 339
602 61 337
599 63 338
590 60 350
590 62 348
587 60 353
581 58 361
581 55 364
580 45 375
576 51 373
572 54 374
573 48 379
575 44 381
575 37 388
581 36 383
586 30 384
589 27 384
592 30 378
