998 2 0
997 3 0
996 1 3
996 0 4
996 0 4
993 2 5
989 7 4
981 9 10
976 13 11
973 12 15
970 12 18
966 11 23
966 12 22
961 16 23
953 27 20
941 35 24
925 46 29
904 59 37
884 61 55
860 76 64
840 86 74
817 101 82
778 127 95
753 126 121
715 136 149
689 146 165
665 150 185
647 143 210
633 137 230
617 138 245
597 142 261
581 147 272
571 137 292
563 133 304
554 122 324
543 113 344
543 108 349
543 100 357
536 90 374
528 81 391
528 73 399
531 72 397
526 75 399
521 73 406
527 65 408
527 58 415
529 48 423
532 48 420
532 46 422
537 45 418
545 37 418
548 36 416
548 30 422
544 36 420
550 25 425
554 26 420
561 24 415
567 21 412
573 19 408
577 19 404
587 19 394
588 20 392
591 20 389
594 19 387
598 18 384
602 17 381
605 18 377
611 19 370
612 21 367
611 23 366
609 26 365
610 26 364
618 20 362
624 20 356
623 24 353
633 20 347
636 22 342
639 19 342
639 21 340
639 20 341
637 18 345
636 18 346
639 16 345
639 20 341
642 16 342
647 15 338
652 12 336
655 12 333
654 15 331
658 15 327
659 16 325
657 19 324
655 23 322
656 26 318
663 25 312
669 25 306
665 30 305
665 32 303
664 36 300
671 29 300
676 25 299
673 24 303
669 27 304
666 29 305
675 26 299
672 26 302
670 28 302
665 33 302
670 34 296
666 40 294
667 41 292
662 38 300
660 39 301
657 39 304
655 46 299
645 51 304
642 53 305
646 53 301
643 50 307
639 54 307
636 53 311
631 54 315
628 57 315
628 52 320
621 55 324
615 53 332
616 51 333
612 50 338
605 48 347
604 46 350
609 41 350
615 34 351
620 33 347
620 33 347
616 31 353
618 33 349
618 34 348
615 35 350
615 31 354
615 32 353
616 31 353
619 27 354
617 26 357
620 26 354
616 30 354
613 38 349
610 36 354
610 36 354
617 35 348
619 35 346
621 37 342
623 33 344
618 40 342
612 43 345
613 39 348
614 38 348
613 37 350
614 43 343
613 46 341
616 39 345
619 40 341
618 41 341
619 40 341
620 41 339
623 32 345
621 30 349
625 29 346
630 23 347
641 18 341
639 20 341
643 19 338
644 15 341
645 16 339
644 16 340
647 16 337
650 17 333
656 18 326
660 14 326
667 12 321
671 11 318
674 11 315
677 12 311
679 15 306
681 17 302
682 16 302
685 16 299
685 13 302
683 16 301
682 15 303
691 18 291
690 20 290
685 24 291
681 27 292
678 25 297
674 29 297
673 33 294
673 31 296
672 32 296
669 33 298
662 39 299
665 36 299
670 30 300
670 33 297
664 35 301
667 34 299
671 34 295
675 30 295
676 32 292
679 32 289
674 39 287
671 39 290
670 39 291
666 40 294
668 39 293
668 42 290
668 39 293
665 41 294
658 44 298
653 46 301
652 44 304
657 42 301
660 40 300
661 41 298
655 45 300
649 49 302
651 47 302
647 46 307
639 52 309
633 53 314
634 53 313
628 58 314
629 50 321
626 51 323
622 52 326
622 55 323
615 60 325
608 61 331
607 56 337
610 55 335
615 49 336
619 42 339
616 48 336
612 46 342
615 47 338
617 39 344
623 35 342
624 36 340
630 32 338
628 37 335
630 30 340
632 36 332
634 38 328
631 39 330
630 38 332
633 32 335
627 37 336
624 41 335
622 40 338
617 41 342
618 42 340
624 40 336
622 41 337
621 37 342
630 36 334
635 34 331
630 33 337
628 36 336
630 37 333
626 40 334
629 33 338
629 33 338
630 36 334
628 35 337
632 33 335
632 37 331
631 33 336
634 28 338
639 27 334
638 33 329
639 37 324
637 31 332
633 33 334
635 28 337
634 29 337
635 27 338
633 27 340
637 29 334
638 28 334
636 27 337
640 26 334
647 22 331
647 23 330
649 27 324
657 25 318
660 20 320
665 16 319
667 17 316
670 16 314
676 17 307
674 20 306
676 21 303
674 20 306
675 21 304
676 21 303
680 23 297
680 20 300
683 17 300
684 10 306
687 10 303
689 8 303
690 9 301
695 11 294
691 14 295
692 13 295
691 16 293
689 19 292
701 16 283
696 22 282
693 20 287
696 19 285
693 25 282
692 30 278
694 30 276
690 32 278
688 30 282
686 33 281
684 36 280
684 38 278
685 34 281
684 33 283
685 29 286
686 28 286
679 32 289
672 36 292
668 37 295
665 42 293
659 50 291
647 57 296
649 50 301
646 45 309
644 44 312
636 46 318
634 48 318
636 46 318
638 45 317
643 45 312
639 50 311
632 54 314
631 52 317
628 44 328
624 49 327
620 50 330
619 49 332
615 50 335
618 45 337
619 46 335
621 47 332
618 45 337
622 40 338
626 38 336
633 31 336
624 37 339
624 39 337
625 39 336
626 43 331
617 49 334
611 55 334
610 52 338
611 48 341
616 38 346
619 35 346
622 34 344
626 31 343
623 32 345
629 33 338
632 33 335
633 34 333
632 36 332
633 32 335
635 31 334
635 30 335
637 30 333
635 25 340
633 28 339
634 31 335
636 29 335
640 28 332
636 31 333
638 34 328
639 35 326
637 38 325
642 34 324
644 32 324
641 30 329
642 23 335
649 22 329
654 22 324
649 23 328
654 18 328
654 15 331
651 18 331
653 17 330
656 22 322
655 24 321
658 26 316
662 25 313
664 23 313
665 25 310
664 28 308
668 26 306
668 30 302
672 25 303
673 28 299
675 33 292
672 36 292
666 41 293
663 42 295
654 46 300
649 50 301
645 49 306
642 50 308
639 49 312
635 53 312
623 59 318
615 64 321
610 64 326
601 66 333
599 63 338
591 71 338
590 66 344
586 68 346
584 67 349
582 71 347
574 64 362
574 63 363
577 55 368
576 54 370
577 58 365
579 55 366
586 50 364
587 50 363
583 51 366
590 44 366
596 38 366
596 37 367
604 33 363
604 36 360
610 38 352
604 39 357
604 41 355
600 45 355
601 41 358
606 35 359
607 31 362
609 31 360
615 29 356
613 29 358
610 33 357
616 28 356
615 33 352
614 30 356
610 34 356
608 37 355
603 38 359
597 42 361
590 52 358
589 51 360
584 58 358
576 64 360
569 62 369
559 67 374
556 62 382
558 58 384
556 61 383
552 65 383
561 54 385
560 51 389
558 48 394
557 46 397
562 43 395
565 36 399
562 38 400
565 39 396
564 42 394
564 38 398
565 38 397
565 40 395
564 38 398
562 36 402
566 32 402
575 30 395
578 28 394
576 31 393
578 25 397
584 24 392
588 22 390
599 21 380
610 23 367
613 22 365
613 24 363
611 28 361
615 22 363
628 20 352
637 17 346
642 13 345
644 14 342
644 15 341
648 15 337
655 14 331
657 13 330
668 11 321
672 7 321
672 6 322
674 7 319
681 6 313
686 6 308
694 3 303
701 2 297
707 1 292
714 1 285
722 1 277
729 1 270
735 1 264
741 2 257
747 2 251
752 3 245
754 2 244
759 2 239
762 2 236
765 2 233
769 1 230
770 3 227
772 3 225
778 4 218
781 4 215
785 2 213
790 2 208
791 4 205
793 4 203
797 3 200
794 9 197
795 11 194
801 7 192
805 8 187
807 11 182
794 23 183
785 30 185
777 35 188
771 32 197
767 29 204
769 26 205
773 23 204
769 24 207
767 27 206
762 38 200
751 47 202
748 41 211
732 56 212
721 60 219
706 65 229
694 70 236
688 71 241
672 73 255
666 75 259
664 73 263
651 75 274
642 77 281
633 79 288
628 75 297
623 77 300
611 70 319
608 65 327
602 72 326
598 78 324
592 72 336
587 71 342
591 71 338
586 71 343
585 74 341
584 70 346
585 70 345
583 67 350
585 64 351
579 67 354
578 67 355
579 61 360
577 56 367
574 62 364
566 68 366
564 68 368
564 62 374
564 57 379
570 58 372
578 48 374
585 40 375
595 33 372
596 29 375
605 22 373
606 22 372
612 18 370
617 16 367
616 20 364
616 20 364
618 16 366
621 14 365
625 17 358
628 15 357
628 17 355
629 21 350
638 20 342
640 22 338
640 25 335
641 26 333
645 24 331
646 24 330
643 26 331
643 28 329
650 29 321
651 30 319
658 28 314
663 22 315
669 23 308
669 21 310
668 23 309
670 21 309
676 20 304
677 22 301
679 22 299
682 24 294
681 26 293
679 27 294
672 33 295
669 33 298
671 35 294
673 37 290
670 40 290
670 39 291
667 42 291
663 43 294
670 40 290
667 36 297
670 32 298
670 32 298
674 28 298
683 24 293
685 26 289
687 25 288
691 20 289
697 18 285
699 17 284
701 20 279
701 20 279
698 19 283
692 27 281
686 34 280
678 38 284
676 34 290
676 35 289
670 39 291
668 37 295
663 42 295
655 43 302
647 54 299
643 53 304
637 62 301
623 68 309
621 61 318
610 73 317
602 79 319
594 76 330
586 70 344
584 69 347
582 69 349
577 65 358
574 64 362
574 56 370
573 50 377
570 53 377
572 48 380
573 47 380
569 51 380
568 42 390
562 47 391
563 52 385
565 54 381
560 54 386
554 57 389
554 61 385
558 57 385
557 58 385
553 57 390
553 63 384
542 59 399
533 65 402
531 61 408
526 65 409
529 54 417
529 53 418
532 43 425
539 42 419
544 40 416
547 38 415
550 38 412
550 40 410
559 32 409
566 28 406
573 24 403
579 22 399
585 19 396
589 17 394
594 16 390
601 9 390
611 8 381
617 7 376
616 12 372
619 12 369
625 10 365
628 9 363
639 10 351
644 8 348
648 10 342
653 10 337
656 6 338
661 6 333
663 6 331
671 5 324
678 3 319
684 2 314
689 3 308
695 5 300
698 7 295
701 12 287
704 14 282
697 19 284
703 17 280
704 17 279
707 18 275
711 18 271
715 17 268
716 14 270
717 13 270
714 16 270
717 14 269
714 17 269
713 19 268
712 20 268
714 19 267
712 23 265
710 26 264
707 30 263
700 35 265
699 32 269
701 28 271
691 38 271
690 36 274
693 32 275
687 35 278
680 36 284
686 35 279
682 39 279
682 39 279
683 38 279
676 43 281
671 42 287
670 37 293
668 35 297
665 35 300
664 33 303
658 40 302
646 48 306
636 55 309
634 56 310
634 57 309
626 58 316
616 59 325
606 60 334
605 54 341
600 53 347
597 49 354
594 45 361
596 43 361
594 38 368
597 38 365
595 40 365
595 40 365
594 42 364
589 44 367
588 44 368
587 40 373
586 37 377
587 34 379
589 33 378
590 30 380
593 26 381
598 18 384
609 18 373
608 20 372
611 19 370
614 19 367
616 17 367
622 13 365
625 13 362
623 20 357
625 21 354
625 25 350
628 24 348
630 21 349
631 22 347
636 21 343
641 15 344
641 13 346
645 14 341
649 14 337
652 14 334
650 15 335
651 19 330
649 20 331
651 25 324
651 25 324
653 23 324
655 23 322
659 24 317
657 23 320
660 22 318
664 24 312
662 27 311
665 27 308
668 27 305
665 28 307
669 25 306
666 31 303
666 32 302
659 40 301
657 38 305
662 37 301
664 32 304
661 33 306
654 38 308
652 35 313
659 35 306
655 38 307
649 43 308
647 43 310
648 46 306
646 51 303
646 53 301
634 61 305
629 66 305
626 61 313
616 60 324
611 60 329
611 60 329
608 64 328
599 68 333
597 68 335
592 62 346
593 60 347
595 56 349
589 59 352
586 56 358
583 45 372
584 40 376
585 36 379
584 38 378
593 37 370
599 35 366
596 36 368
602 33 365
607 33 360
613 33 354
614 33 353
619 27 354
628 22 350
629 11 360
632 11 357
638 12 350
639 13 348
646 15 339
650 12 338
651 11 338
656 11 333
656 13 331
660 13 327
663 13 324
667 13 320
663 18 319
661 22 317
660 25 315
661 30 309
661 27 312
654 33 313
653 37 310
651 38 311
652 38 310
655 38 307
657 37 306
656 35 309
662 35 303
663 32 305
664 31 305
660 37 303
662 35 303
665 34 301
662 41 297
659 41 300
654 40 306
654 34 312
648 34 318
648 37 315
644 44 312
641 43 316
634 40 326
642 39 319
635 44 321
633 46 321
632 47 321
627 48 325
629 41 330
627 39 334
626 40 334
623 38 339
622 41 337
623 37 340
628 33 339
634 27 339
635 24 341
638 28 334
643 23 334
645 26 329
644 28 328
648 24 328
652 24 324
652 23 325
660 21 319
659 24 317
659 27 314
656 31 313
656 32 312
656 32 312
652 33 315
661 33 306
662 30 308
659 33 308
657 36 307
656 33 311
654 37 309
649 47 304
640 55 305
627 60 313
613 68 319
603 74 323
595 80 325
585 80 335
577 80 343
564 82 354
556 86 358
544 94 362
537 92 371
530 90 380
534 84 382
531 86 383
530 69 401
530 68 402
529 65 406
526 56 418
524 53 423
528 47 425
526 44 430
533 39 428
540 38 422
540 38 422
540 39 421
548 36 416
551 37 412
548 41 411
550 43 407
544 44 412
546 44 410
538 45 417
538 45 417
542 34 424
547 31 422
548 30 422
557 28 415
559 31 410
568 25 407
574 23 403
580 20 400
582 16 402
593 12 395
594 14 392
598 14 388
597 15 388
597 17 386
601 14 385
602 14 384
603 12 385
611 10 379
617 8 375
623 5 372
629 4 367
