997 3 0
996 2 2
995 3 2
994 4 2
989 7 4
988 5 7
983 9 8
974 16 10
967 21 12
945 39 16
920 55 25
879 87 34
846 100 54
809 125 66
768 139 93
734 152 114
699 172 129
664 183 153
646 174 180
612 185 203
591 177 232
582 169 249
562 169 269
553 160 287
544 138 318
522 139 339
513 129 358
503 122 375
499 116 385
496 110 394
499 103 398
497 97 406
487 93 420
483 89 428
486 79 435
489 72 439
497 65 438
493 64 443
493 61 446
498 50 452
496 47 457
502 48 450
500 53 447
504 43 453
511 39 450
511 34 455
512 35 453
520 32 448
515 35 450
508 38 454
513 37 450
521 37 442
521 34 445
526 33 441
528 33 439
533 32 435
536 34 430
544 35 421
545 30 425
549 33 418
550 35 415
554 32 414
562 30 408
562 29 409
568 27 405
577 24 399
577 24 399
584 22 394
587 27 386
591 22 387
591 21 388
597 21 382
601 19 380
609 20 371
608 23 369
610 24 366
609 26 365
613 28 359
617 23 360
621 22 357
626 20 354
630 20 350
624 25 351
618 28 354
624 30 346
626 31 343
628 33 339
627 38 335
628 39 333
622 43 335
613 47 340
616 41 343
606 46 348
604 43 353
591 50 359
594 45 361
594 44 362
593 43 364
593 51 356
592 45 363
586 52 362
578 52 370
575 49 376
577 46 377
578 47 375
576 45 379
577 47 376
573 53 374
568 53 379
572 51 377
571 56 373
575 56 369
572 48 380
574 47 379
579 48 373
586 40 374
589 41 370
591 41 368
597 34 369
606 30 364
606 33 361
603 32 365
607 30 363
613 28 359
612 27 361
611 27 362
614 26 360
619 24 357
618 25 357
619 27 354
621 30 349
616 36 348
613 42 345
606 47 347
598 54 348
594 54 352
586 58 356
585 58 357
576 61 363
575 54 371
567 55 378
566 58 376
559 58 383
562 53 385
561 54 385
558 47 395
557 45 398
562 43 395
568 35 397
569 34 397
573 32 395
577 32 391
583 33 384
590 30 380
589 32 379
589 33 378
588 33 379
591 27 382
593 27 380
598 24 378
602 23 375
603 21 376
604 20 376
604 19 377
609 17 374
605 18 377
612 13 375
618 15 367
618 15 367
627 15 358
632 11 357
638 7 355
647 6 347
655 5 340
659 5 336
662 10 328
665 9 326
668 9 323
673 7 320
679 8 313
688 9 303
687 8 305
691 7 302
692 8 300
691 12 297
695 13 292
691 19 290
694 20 286
694 20 286
698 19 283
699 23 278
695 27 278
697 27 276
696 25 279
699 23 278
699 21 280
704 22 274
701 31 268
695 31 274
691 28 281
694 30 276
694 30 276
694 30 276
695 26 279
690 32 278
692 30 278
693 33 274
694 38 268
693 42 265
683 47 270
673 48 279
673 50 277
671 53 276
668 52 280
660 51 289
653 56 291
645 58 297
633 66 301
625 71 304
616 78 306
606 78 316
595 80 325
583 77 340
569 79 352
564 75 361
562 66 372
558 69 373
549 66 385
542 63 395
540 66 394
538 63 399
537 57 406
531 62 407
531 62 407
540 53 407
543 46 411
549 47 404
548 40 412
553 43 404
557 40 403
557 38 405
557 36 407
561 36 403
568 30 402
573 30 397
578 27 395
584 26 390
582 25 393
582 27 391
586 27 387
589 27 384
588 27 385
595 31 374
596 37 367
604 33 363
600 34 366
600 38 362
599 41 360
601 35 364
602 38 360
601 41 358
596 46 358
590 46 364
588 45 367
582 49 369
585 48 367
582 48 370
581 45 374
574 51 375
572 49 379
570 45 385
568 50 382
569 51 380
564 50 386
564 48 388
559 46 395
554 49 397
554 44 402
556 40 404
562 41 397
573 37 390
579 31 390
585 26 389
587 22 391
592 23 385
601 19 380
606 19 375
609 16 375
617 14 369
620 13 367
624 12 364
624 10 366
628 8 364
635 8 357
638 12 350
642 14 344
644 16 340
649 14 337
654 11 335
655 14 331
658 12 330
666 9 325
664 15 321
664 18 318
669 14 317
675 12 313
673 12 315
675 16 309
680 13 307
678 20 302
673 25 302
674 23 303
674 24 302
673 23 304
678 20 302
679 24 297
676 21 303
682 17 301
688 18 294
689 19 292
693 17 290
696 13 291
701 15 284
704 14 282
713 15 272
717 14 269
721 16 263
720 19 261
717 18 265
715 24 261
718 26 256
710 32 258
705 36 259
702 46 252
696 46 258
691 50 259
682 58 260
671 67 262
664 70 266
659 68 273
649 68 283
644 64 292
634 67 299
623 72 305
613 73 314
609 74 317
606 69 325
592 75 333
589 73 338
582 73 345
580 72 348
583 65 352
571 75 354
568 72 360
569 68 363
567 65 368
566 63 371
571 57 372
573 51 376
576 52 372
580 51 369
578 52 370
578 47 375
569 52 379
571 43 386
569 44 387
574 37 389
575 36 389
578 34 388
574 41 385
573 42 385
577 37 386
584 36 380
589 33 378
593 26 381
594 31 375
597 26 377
593 32 375
597 32 371
596 33 371
597 33 370
592 44 364
592 43 365
592 45 363
588 41 371
587 36 377
580 44 376
582 42 376
584 35 381
582 40 378
581 43 376
584 42 374
585 40 375
580 46 374
584 41 375
587 37 376
593 39 368
594 34 372
598 27 375
604 24 372
611 26 363
615 24 361
624 24 352
631 22 347
631 22 347
633 27 340
637 27 336
650 26 324
654 27 319
657 29 314
660 32 308
662 32 306
664 30 306
669 24 307
675 24 301
675 24 301
678 24 298
679 19 302
680 18 302
682 17 301
689 16 295
688 21 291
686 28 286
681 35 284
675 41 284
668 50 282
668 46 286
661 50 289
657 47 296
654 49 297
646 56 298
643 57 300
630 56 314
629 60 311
618 58 324
612 55 333
616 52 332
616 52 332
616 49 335
623 46 331
618 50 332
617 48 335
607 54 339
605 55 340
603 58 339
599 54 347
601 46 353
597 45 358
596 42 362
592 48 360
587 48 365
587 44 369
591 39 370
587 44 369
586 45 369
590 40 370
590 40 370
584 42 374
583 41 376
579 41 380
574 43 383
574 42 384
572 44 384
574 46 380
577 44 379
569 52 379
572 50 378
569 45 386
575 43 382
572 42 386
574 43 383
573 46 381
569 44 387
569 42 389
582 40 378
580 41 379
581 38 381
579 38 383
591 35 374
593 37 370
596 40 364
600 40 360
605 41 354
603 41 356
604 36 360
604 34 362
598 41 361
598 41 361
601 38 361
597 41 362
596 40 364
604 37 359
607 32 361
606 32 362
607 29 364
621 23 356
622 22 356
624 21 355
626 18 356
631 18 351
636 16 348
640 15 345
644 16 340
646 20 334
644 23 333
647 25 328
643 28 329
642 28 330
638 34 328
643 35 322
646 28 326
652 24 324
653 21 326
656 24 320
654 24 322
657 27 316
661 28 311
662 26 312
669 22 309
672 18 310
672 23 305
668 27 305
669 34 297
670 29 301
669 30 301
674 31 295
675 31 294
677 32 291
679 33 288
683 35 282
682 35 283
683 37 280
681 38 281
674 40 286
671 40 289
671 41 288
673 42 285
672 48 280
665 52 283
657 57 286
648 65 287
644 61 295
642 62 296
641 60 299
639 53 308
641 48 311
638 46 316
637 48 315
629 49 322
621 50 329
625 52 323
623 53 324
615 57 328
613 57 330
607 59 334
606 58 336
606 47 347
609 48 343
608 45 347
604 46 350
604 40 356
606 37 357
610 32 358
616 29 355
617 25 358
621 21 358
630 23 347
633 24 343
635 25 340
636 28 336
637 24 339
637 24 339
639 27 334
635 29 336
640 28 332
641 26 333
647 26 327
647 23 330
650 22 328
654 18 328
657 21 322
662 21 317
658 23 319
651 28 321
646 32 322
641 29 330
640 28 332
639 29 332
647 27 326
650 21 329
654 18 328
650 20 330
654 20 326
652 23 325
654 19 327
662 17 321
662 17 321
668 15 317
665 19 316
665 18 317
669 17 314
666 20 314
674 19 307
677 18 305
676 17 307
680 15 305
683 16 301
680 25 295
669 31 300
668 29 303
660 35 305
661 31 308
665 25 310
665 25 310
666 25 309
661 34 305
662 36 302
667 37 296
672 39 289
661 43 296
648 53 299
638 60 302
631 61 308
630 55 315
625 58 317
621 56 323
616 53 331
609 54 337
613 54 333
609 55 336
603 55 342
595 61 344
589 64 347
588 64 348
582 68 350
577 59 364
571 59 370
572 55 373
574 50 376
571 50 379
570 55 375
571 56 373
571 52 377
567 52 381
567 53 380
569 52 379
566 50 384
566 53 381
566 40 394
565 39 396
564 38 398
559 39 402
563 33 404
562 34 404
554 38 408
555 41 404
551 43 406
553 39 408
556 36 408
551 41 408
556 39 405
560 34 406
560 29 411
563 27 410
559 31 410
560 36 404
568 33 399
576 26 398
582 21 397
588 18 394
595 15 390
597 12 391
605 9 386
609 11 380
615 9 376
619 12 369
628 9 363
636 8 356
639 10 351
644 10 346
652 9 339
661 6 333
662 7 331
665 11 324
670 12 318
665 17 318
664 18 318
663 21 316
660 29 311
660 27 313
657 28 315
650 35 315
642 39 319
630 49 321
626 50 324
626 52 322
618 54 328
614 52 334
612 48 340
608 44 348
602 50 348
596 49 355
599 44 357
593 48 359
589 48 363
590 47 363
592 41 367
593 42 365
595 43 362
590 43 367
585 43 372
587 34 379
586 35 379
583 40 377
586 38 376
587 37 376
593 29 378
597 30 373
605 28 367
608 27 365
609 27 364
611 25 364
617 21 362
620 24 356
629 20 351
632 19 349
635 17 348
635 18 347
638 17 345
645 13 342
646 15 339
649 14 337
652 15 333
660 12 328
666 11 323
668 12 320
670 12 318
680 10 310
683 11 306
686 12 302
687 12 301
686 13 301
690 14 296
696 13 291
699 11 290
705 11 284
706 11 283
710 9 281
714 8 278
718 6 276
719 7 274
722 11 267
725 12 263
729 12 259
731 14 255
727 16 257
730 15 255
738 14 248
740 15 245
737 15 248
735 21 244
737 22 241
734 21 245
726 26 248
723 28 249
723 24 253
721 26 253
720 25 255
725 21 254
724 24 252
726 27 247
719 32 249
719 33 248
716 35 249
714 36 250
709 42 249
702 45 253
692 56 252
686 57 257
676 63 261
665 69 266
656 74 270
646 77 277
634 82 284
634 77 289
634 74 292
624 80 296
616 72 312
609 72 319
604 61 335
603 62 335
600 60 340
598 63 339
591 60 349
592 63 345
596 60 344
590 55 355
592 52 356
594 46 360
591 43 366
588 41 371
591 39 370
593 32 375
590 37 373
592 34 374
591 35 374
593 37 370
596 39 365
589 48 363
589 44 367
589 44 367
592 43 365
582 50 368
583 44 373
587 35 378
588 40 372
586 44 370
580 48 372
582 45 373
587 39 374
578 43 379
572 51 377
561 61 378
559 57 384
560 56 384
562 58 380
558 53 389
560 47 393
566 46 388
569 45 386
571 41 388
569 34 397
575 33 392
576 34 390
573 39 388
586 29 385
581 32 387
581 31 388
584 35 381
581 40 379
587 44 369
582 46 372
580 48 372
582 50 368
577 54 369
573 57 370
573 58 369
575 50 375
566 55 379
565 53 382
562 51 387
556 56 388
547 58 395
553 56 391
548 59 393
546 59 395
547 57 396
549 57 394
555 47 398
554 44 402
557 41 402
559 32 409
557 35 408
551 44 405
551 42 407
548 35 417
550 31 419
554 32 414
550 33 417
555 30 415
552 38 410
551 42 407
547 44 409
547 45 408
541 45 414
540 47 413
543 44 413
542 41 417
544 37 419
544 40 416
544 47 409
548 40 412
553 38 409
549 41 410
546 38 416
548 37 415
548 36 416
549 33 418
553 33 414
553 37 410
559 39 402
558 40 402
565 36 399
572 33 395
578 32 390
575 34 391
581 31 388
579 33 388
578 32 390
574 32 394
568 37 395
572 38 390
574 36 390
571 38 391
567 36 397
571 34 395
569 37 394
573 35 392
566 35 399
564 39 397
563 39 398
570 32 398
571 32 397
569 28 403
571 26 403
578 27 395
578 26 396
576 29 395
580 30 390
579 27 394
578 29 393
585 27 388
590 22 388
596 18 386
595 19 386
604 18 378
609 19 372
608 22 370
612 17 371
612 21 367
613 21 366
618 20 362
625 18 357
630 14 356
637 11 352
643 11 346
649 7 344
655 7 338
660 5 335
666 7 327
672 8 320
682 7 311
686 7 307
688 6 306
689 6 305
694 8 298
697 8 295
697 11 292
696 12 292
695 18 287
692 22 286
696 23 281
700 25 275
702 19 279
705 19 276
706 20 274
709 22 269
711 25 264
708 32 260
702 36 262
703 40 257
696 45 259
693 39 268
696 32 272
694 27 279
686 30 284
686 28 286
677 37 286
670 35 295
667 34 299
669 29 302
666 27 307
669 27 304
672 24 304
682 22 296
686 21 293
683 20 297
689 14 297
691 14 295
694 15 291
697 13 290
696 10 294
700 12 288
703 12 285
704 15 281
704 18 278
701 19 280
697 25 278
699 25 276
696 28 276
691 32 277
689 35 276
683 37 280
682 42 276
675 42 283
663 50 287
661 55 284
647 58 295
647 56 297
641 53 306
638 50 312
