997 3 0
996 4 0
991 9 0
986 10 4
981 14 5
976 16 8
961 29 10
938 46 16
908 66 26
874 91 35
833 112 55
792 133 75
756 147 97
718 153 129
682 174 144
643 197 160
615 198 187
583 204 213
567 190 243
549 184 267
534 170 296
528 156 316
525 148 327
518 139 343
517 131 352
513 119 368
511 104 385
502 104 394
496 92 412
495 78 427
495 70 435
499 66 435
499 56 445
495 55 450
508 44 448
515 40 445
522 39 439
531 36 433
541 36 423
549 37 414
551 34 415
553 32 415
556 31 413
557 32 411
561 29 410
563 31 406
565 25 410
572 18 410
572 14 414
577 16 407
582 16 402
591 13 396
588 16 396
596 17 387
597 17 386
598 19 383
595 19 386
604 16 380
607 17 376
612 16 372
618 14 368
621 14 365
627 13 360
636 14 350
633 17 350
636 16 348
640 21 339
640 22 338
644 21 335
647 23 330
652 20 328
656 21 323
657 19 324
662 18 320
663 21 316
663 21 316
667 21 312
670 19 311
675 15 310
679 15 306
680 15 305
681 19 300
683 18 299
679 20 301
679 22 299
682 24 294
677 29 294
675 29 296
677 28 295
675 31 294
678 28 294
684 25 291
683 20 297
686 17 297
687 17 296
693 14 293
698 14 288
698 13 289
701 13 286
703 17 280
704 18 278
708 18 274
708 17 275
712 14 274
715 15 270
717 17 266
720 15 265
720 18 262
721 18 261
724 15 261
729 12 259
733 12 255
737 13 250
735 14 251
737 11 252
737 8 255
737 10 253
738 11 251
740 10 250
743 10 247
745 8 247
749 11 240
748 13 239
751 14 235
757 13 230
765 13 222
766 15 219
769 17 214
764 19 217
761 23 216
759 22 219
762 21 217
763 20 217
750 29 221
740 36 224
740 38 222
737 43 220
733 47 220
728 52 220
713 61 226
703 63 234
699 64 237
692 61 247
681 63 256
670 64 266
668 63 269
665 60 275
662 56 282
662 52 286
660 54 286
661 49 290
667 37 296
670 31 299
681 29 290
683 23 294
688 21 291
692 21 287
695 18 287
705 15 280
706 18 276
708 18 274
706 18 276
710 21 269
709 23 268
713 22 265
710 24 266
712 23 265
714 26 260
715 31 254
715 30 255
710 30 260
712 26 262
716 23 261
719 21 260
717 20 263
718 21 261
719 20 261
713 25 262
707 29 264
713 19 268
716 20 264
714 23 263
716 22 262
714 23 263
719 15 266
713 18 269
713 20 267
716 22 262
718 21 261
717 26 257
721 25 254
719 23 258
714 28 258
712 27 261
713 27 260
715 28 257
722 25 253
715 26 259
722 22 256
721 24 255
720 24 256
728 23 249
728 23 249
731 23 246
729 26 245
731 28 241
731 25 244
733 23 244
732 29 239
730 29 241
726 30 244
721 35 244
719 34 247
718 28 254
710 33 257
700 40 260
698 39 263
696 39 265
690 46 264
684 46 270
686 40 274
687 34 279
686 36 278
683 38 279
681 40 279
677 46 277
677 45 278
675 41 284
675 40 285
672 38 290
671 39 290
668 40 292
663 42 295
664 42 294
656 51 293
654 49 297
651 55 294
645 54 301
640 56 304
638 54 308
637 52 311
640 58 302
641 55 304
634 61 305
630 57 313
633 52 315
631 51 318
629 51 320
635 55 310
636 54 310
637 46 317
638 41 321
644 34 322
647 33 320
647 34 319
651 33 316
657 32 311
656 29 315
661 26 313
664 25 311
668 31 301
667 34 299
668 31 301
667 30 303
670 28 302
671 26 303
677 25 298
677 25 298
677 26 297
675 25 300
673 28 299
669 31 300
667 33 300
666 38 296
667 34 299
666 36 298
664 37 299
665 36 299
668 30 302
667 28 305
670 24 306
673 21 306
672 20 308
675 19 306
685 15 300
685 22 293
685 20 295
683 23 294
686 20 294
688 22 290
686 21 293
685 22 293
692 19 289
693 18 289
701 18 281
699 21 280
704 18 278
706 16 278
712 18 270
715 19 266
708 27 265
710 21 269
713 21 266
712 19 269
714 15 271
712 15 273
713 13 274
719 13 268
722 13 265
723 14 263
733 13 254
736 14 250
741 15 244
746 12 242
751 14 235
751 15 234
750 17 233
754 14 232
752 17 231
750 18 232
748 18 234
749 21 230
749 19 232
750 19 231
755 15 230
756 15 229
757 18 225
755 20 225
753 21 226
755 24 221
756 20 224
758 17 225
755 19 226
756 19 225
750 25 225
748 24 228
737 34 229
735 33 232
732 36 232
732 35 233
727 35 238
727 38 235
718 42 240
714 43 243
709 46 245
701 52 247
699 51 250
693 55 252
689 55 256
681 57 262
676 55 269
676 54 270
676 51 273
673 52 275
675 49 276
673 47 280
670 46 284
663 50 287
662 49 289
666 48 286
668 45 287
668 38 294
667 39 294
670 34 296
677 30 293
677 27 296
681 29 290
684 22 294
689 20 291
690 18 292
695 16 289
700 16 284
699 20 281
704 18 278
700 18 282
698 26 276
702 24 274
705 24 271
707 24 269
710 28 262
712 31 257
702 36 262
701 41 258
694 43 263
691 41 268
695 38 267
694 41 265
694 33 273
694 32 274
693 32 275
694 31 275
697 27 276
701 27 272
702 27 271
699 27 274
693 35 272
689 34 277
692 32 276
695 26 279
695 28 277
693 27 280
689 33 278
691 31 278
690 30 280
687 32 281
683 38 279
685 33 282
686 34 280
689 27 284
690 29 281
691 30 279
694 29 277
699 30 271
703 30 267
702 28 270
703 26 271
708 21 271
702 24 274
701 24 275
706 25 269
701 28 271
700 25 275
697 25 278
698 26 276
693 29 278
694 29 277
695 29 276
696 29 275
696 32 272
697 32 271
695 35 270
693 29 278
697 26 277
697 28 275
702 26 272
703 24 273
705 24 271
708 22 270
707 22 271
707 22 271
707 20 273
702 24 274
694 34 272
694 34 272
682 46 272
678 49 273
677 49 274
680 49 271
668 51 281
669 55 276
664 55 281
659 61 280
645 74 281
641 70 289
638 62 300
640 54 306
645 48 307
641 49 310
643 44 313
644 44 312
642 46 312
646 42 312
642 45 313
641 48 311
636 51 313
626 59 315
615 66 319
606 66 328
594 75 331
591 62 347
585 65 350
576 69 355
571 64 365
570 60 370
574 58 368
570 49 381
566 49 385
564 51 385
562 52 386
562 51 387
559 52 389
560 54 386
557 53 390
556 52 392
558 50 392
556 49 395
550 50 400
551 41 408
550 42 408
554 40 406
555 39 406
561 40 399
564 43 393
569 36 395
573 38 389
581 40 379
579 39 382
583 35 382
584 32 384
583 35 382
585 32 383
589 28 383
594 27 379
599 29 372
594 29 377
597 24 379
602 24 374
608 24 368
613 18 369
617 17 366
623 19 358
617 23 360
619 24 357
623 22 355
625 25 350
619 29 352
616 31 353
623 23 354
627 27 346
625 27 348
622 32 346
625 35 340
624 33 343
622 36 342
614 39 347
616 33 351
623 34 343
623 33 344
613 41 346
610 36 354
601 42 357
599 46 355
595 46 359
600 48 352
603 47 350
601 46 353
606 44 350
611 36 353
615 34 351
620 29 351
628 24 348
626 27 347
624 28 348
631 23 346
630 23 347
632 23 345
630 21 349
633 17 350
640 16 344
648 18 334
656 15 329
660 14 326
664 16 320
669 14 317
672 13 315
676 10 314
684 9 307
685 7 308
687 8 305
694 7 299
696 6 298
698 6 296
700 7 293
706 7 287
709 8 283
710 8 282
708 12 280
706 14 280
708 13 279
714 9 277
717 11 272
725 11 264
728 10 262
731 10 259
734 10 256
735 11 254
735 15 250
735 16 249
731 17 252
724 21 255
724 19 257
730 18 252
734 18 248
734 22 244
728 27 245
715 38 247
714 40 246
705 43 252
698 48 254
694 51 255
693 52 255
688 53 259
678 56 266
669 62 269
663 62 275
651 72 277
639 74 287
638 70 292
629 65 306
631 59 310
635 52 313
635 51 314
631 53 316
634 42 324
636 42 322
628 49 323
624 50 326
622 49 329
625 45 330
630 43 327
633 40 327
636 37 327
639 33 328
643 31 326
642 30 328
640 32 328
646 33 321
648 32 320
649 34 317
646 37 317
646 39 315
647 37 316
648 33 319
653 29 318
655 28 317
657 26 317
662 24 314
659 26 315
663 23 314
669 19 312
669 20 311
665 26 309
664 27 309
658 33 309
652 37 311
652 38 310
650 43 307
644 43 313
638 50 312
633 56 311
620 65 315
612 68 320
597 77 326
574 89 337
559 101 340
550 105 345
536 110 354
520 113 367
519 102 379
515 95 390
517 92 391
508 84 408
507 80 413
509 85 406
504 78 418
503 81 416
495 79 426
489 82 429
487 73 440
486 79 435
483 78 439
490 61 449
488 61 451
494 56 450
496 49 455
497 51 452
500 49 451
495 52 453
496 51 453
500 50 450
501 45 454
504 48 448
505 41 454
505 45 450
503 43 454
506 46 448
516 44 440
517 43 440
521 39 440
522 36 442
530 31 439
543 31 426
545 30 425
547 25 428
549 28 423
541 42 417
538 49 413
536 46 418
529 57 414
524 58 418
518 60 422
511 66 423
507 67 426
499 71 430
489 71 440
488 64 448
489 62 449
493 63 444
489 62 449
486 67 447
490 62 448
489 68 443
486 67 447
490 58 452
494 54 452
497 46 457
504 42 454
507 40 453
511 37 452
520 34 446
522 33 445
524 29 447
534 26 440
540 27 433
542 24 434
549 23 428
551 26 423
558 25 417
565 18 417
571 15 414
579 14 407
585 11 404
592 13 395
599 10 391
605 8 387
613 8 379
619 8 373
625 6 369
632 7 361
635 11 354
637 11 352
638 13 349
641 15 344
648 18 334
655 18 327
657 21 322
659 21 320
661 19 320
666 14 320
676 15 309
683 13 304
684 12 304
686 11 303
690 9 301
693 14 293
695 15 290
697 14 289
704 11 285
705 13 282
707 12 281
709 14 277
703 14 283
703 17 280
698 25 277
698 24 278
693 27 280
690 29 281
694 32 274
694 31 275
692 25 283
689 33 278
681 37 282
669 50 281
658 50 292
654 53 293
639 67 294
634 61 305
627 63 310
622 60 318
618 61 321
619 61 320
616 59 325
614 64 322
609 67 324
595 73 332
588 72 340
581 69 350
569 78 353
555 89 356
538 88 374
529 86 385
527 86 387
524 89 387
523 84 393
523 70 407
518 69 413
516 67 417
511 64 425
509 59 432
520 52 428
523 50 427
529 50 421
523 50 427
526 48 426
530 44 426
530 41 429
528 41 431
530 41 429
531 38 431
539 31 430
547 24 429
553 24 423
556 27 417
558 27 415
558 31 411
561 31 408
563 33 404
570 36 394
571 35 394
572 30 398
576 27 397
582 24 394
589 21 390
593 25 382
601 26 373
602 27 371
612 27 361
621 29 350
624 23 353
627 24 349
631 23 346
636 22 342
643 19 338
642 19 339
647 17 336
654 17 329
660 13 327
662 13 325
666 12 322
669 11 320
676 13 311
676 13 311
679 12 309
683 13 304
684 13 303
687 10 303
688 10 302
695 9 296
698 9 293
708 10 282
713 9 278
715 10 275
725 9 266
728 9 263
729 12 259
728 16 256
729 19 252
729 21 250
732 20 248
730 24 246
730 21 249
729 23 248
729 25 246
720 33 247
706 46 248
685 59 256
683 59 258
668 64 268
649 72 279
644 75 281
631 83 286
623 83 294
613 78 309
605 77 318
597 79 324
598 80 322
594 79 327
587 80 333
584 87 329
587 76 337
584 71 345
583 68 349
569 74 357
569 69 362
560 70 370
562 62 376
559 64 377
562 59 379
563 57 380
560 58 382
562 50 388
564 44 392
566 43 391
568 43 389
566 46 388
571 42 387
570 46 384
575 46 379
568 44 388
561 44 395
564 38 398
562 35 403
558 33 409
560 34 406
566 27 407
565 30 405
557 36 407
564 31 405
568 33 399
573 27 400
577 22 401
580 21 399
590 18 392
595 17 388
599 20 381
608 18 374
615 16 369
621 15 364
622 19 359
626 12 362
629 16 355
632 21 347
623 30 347
626 30 344
632 30 338
630 32 338
631 28 341
636 30 334
641 28 331
642 30 328
640 26 334
638 23 339
641 20 339
641 24 335
646 19 335
654 18 328
661 16 323
664 14 322
661 15 324
667 14 319
669 17 314
667 18 315
671 18 311
672 20 308
666 24 310
672 21 307
673 19 308
676 19 305
681 16 303
683 16 301
689 14 297
686 15 299
692 11 297
690 16 294
694 16 290
694 18 288
698 17 285
701 17 282
701 16 283
701 17 282
702 18 280
700 19 281
702 16 282
701 18 281
696 24 280
698 20 282
695 22 283
686 32 282
688 31 281
687 30 283
691 22 287
696 20 284
703 17 280
702 20 278
705 23 272
705 22 273
709 22 269
708 22 270
703 30 267
699 33 268
694 41 265
690 44 266
681 48 271
676 43 281
673 43 284
674 37 289
660 46 294
657 42 301
660 34 306
658 34 308
658 38 304
664 36 300
662 41 297
662 37 301
654 40 306
656 38 306
658 36 306
649 44 307
651 45 304
653 42 305
645 47 308
642 49 309
635 55 310
629 54 317
628 53 319
627 52 321
619 56 325
622 53 325
618 54 328
619 53 328
614 51 335
