998 2 0
998 2 0
998 1 1
998 1 1
998 1 1
998 1 1
997 2 1
997 1 2
997 1 2
997 1 2
997 1 2
997 0 3
997 0 3
997 0 3
997 0 3
998 1 1
997 1 2
995 2 3
982 13 5
971 20 9
966 21 13
959 26 15
950 29 21
937 32 31
930 34 36
915 41 44
889 60 51
863 81 56
833 95 72
804 102 94
775 120 105
743 130 127
708 149 143
686 143 171
663 140 197
646 138 216
630 133 237
614 127 259
602 122 276
595 117 288
591 107 302
589 101 310
579 93 328
575 89 336
570 86 344
570 78 352
566 76 358
554 80 366
558 74 368
556 63 381
549 58 393
549 56 395
545 58 397
549 52 399
547 46 407
551 44 405
556 44 400
562 39 399
568 33 399
573 28 399
575 31 394
581 28 391
584 29 387
586 31 383
582 29 389
587 25 388
585 26 389
580 36 384
578 33 389
575 38 387
581 31 388
580 34 386
576 39 385
581 43 376
582 42 376
582 40 378
579 42 379
584 42 374
585 46 369
588 40 372
588 45 367
586 40 374
591 39 370
585 45 370
585 47 368
585 44 371
587 36 377
591 38 371
597 34 369
602 26 372
606 24 370
612 22 366
620 19 361
626 17 357
628 15 357
634 13 353
641 12 347
640 17 343
646 20 334
648 21 331
649 26 325
653 21 326
656 23 321
656 23 321
656 24 320
661 19 320
663 21 316
669 16 315
666 22 312
666 23 311
665 24 311
663 29 308
658 35 307
660 33 307
657 38 305
659 36 305
656 36 308
658 37 305
656 42 302
657 44 299
651 44 305
649 34 317
653 32 315
642 41 317
639 48 313
638 47 315
634 46 320
637 42 321
637 43 320
633 40 327
638 36 326
639 38 323
641 34 325
642 31 327
638 33 329
639 27 334
641 24 335
647 19 334
653 18 329
665 14 321
662 17 321
666 18 316
660 22 318
661 23 316
667 21 312
669 16 315
673 13 314
667 21 312
667 20 313
664 25 311
661 27 312
660 25 315
667 23 310
671 25 304
676 23 301
677 28 295
676 29 295
673 31 296
666 36 298
666 37 297
667 38 295
666 38 296
669 35 296
671 33 296
683 31 286
687 29 284
684 28 288
685 25 290
687 21 292
690 17 293
690 20 290
689 20 291
687 25 288
686 24 290
686 26 288
682 24 294
679 24 297
686 18 296
685 20 295
694 17 289
699 20 281
700 21 279
700 25 275
695 32 273
694 35 271
684 42 274
679 48 273
674 52 274
660 53 287
652 57 291
646 64 290
637 65 298
628 67 305
623 67 310
617 65 318
621 57 322
618 58 324
608 68 324
604 64 332
606 58 336
606 59 335
602 55 343
602 56 342
600 54 346
601 50 349
598 47 355
600 41 359
599 38 363
598 34 368
601 33 366
603 35 362
608 31 361
604 34 362
602 36 362
607 37 356
606 36 358
606 35 359
612 36 352
614 38 348
606 45 349
604 47 349
604 47 349
603 57 340
600 56 344
591 57 352
589 54 357
590 56 354
589 53 358
591 45 364
594 47 359
597 43 360
599 40 361
597 41 362
595 38 367
592 39 369
590 41 369
594 42 364
593 38 369
595 37 368
608 35 357
607 37 356
608 37 355
611 37 352
609 37 354
612 32 356
612 34 354
611 31 358
612 27 361
609 30 361
612 28 360
613 29 358
617 26 357
618 28 354
623 26 351
622 24 354
630 20 350
635 18 347
640 18 342
642 19 339
648 19 333
642 20 338
639 25 336
634 34 332
627 44 329
623 46 331
617 43 340
615 44 341
618 45 337
616 47 337
607 42 351
604 49 347
602 54 344
599 56 345
608 50 342
612 48 340
612 52 336
611 52 337
610 49 341
608 53 339
609 49 342
608 47 345
612 36 352
615 35 350
618 33 349
621 32 347
624 31 345
622 34 344
625 26 349
631 25 344
636 22 342
642 19 339
642 19 339
648 14 338
642 22 336
641 24 335
645 24 331
647 30 323
661 26 313
661 24 315
661 21 318
666 20 314
662 24 314
656 26 318
649 37 314
646 41 313
639 45 316
639 41 320
637 49 314
640 46 314
642 43 315
642 45 313
641 42 317
643 46 311
642 52 306
632 59 309
633 57 310
635 50 315
632 46 322
627 49 324
624 49 327
625 40 335
631 32 337
629 32 339
636 27 337
639 29 332
641 29 330
645 27 328
647 29 324
653 24 323
651 28 321
652 30 318
654 27 319
654 27 319
653 28 319
650 27 323
647 28 325
647 23 330
650 21 329
653 18 329
656 16 328
653 17 330
655 18 327
658 17 325
661 13 326
663 14 323
668 15 317
670 14 316
669 14 317
673 16 311
677 17 306
682 19 299
681 21 298
683 23 294
682 22 296
682 22 296
680 23 297
687 22 291
689 23 288
686 24 290
678 24 298
679 24 297
682 19 299
685 22 293
688 21 291
686 22 292
690 19 291
691 19 290
697 17 286
707 13 280
705 15 280
707 16 277
705 19 276
708 18 274
709 19 272
716 14 270
726 12 262
727 13 260
727 15 258
728 17 255
730 20 250
725 24 251
724 25 251
723 27 250
720 28 252
718 27 255
715 34 251
707 39 254
703 38 259
697 39 264
697 39 264
698 31 271
694 36 270
699 33 268
696 32 272
701 22 277
701 22 277
702 22 276
704 20 276
706 19 275
712 19 269
714 16 270
719 16 265
721 17 262
717 17 266
714 19 267
715 20 265
714 22 264
707 32 261
700 38 262
700 33 267
687 45 268
695 42 263
688 42 270
682 44 274
676 47 277
663 55 282
654 57 289
647 52 301
644 46 310
642 46 312
636 46 318
638 42 320
639 39 322
637 41 322
639 39 322
638 35 327
641 36 323
647 38 315
645 38 317
645 36 319
649 29 322
649 28 323
658 23 319
661 21 318
664 20 316
668 21 311
672 16 312
677 12 311
680 12 308
687 9 304
694 8 298
701 7 292
708 6 286
714 3 283
722 4 274
723 4 273
730 6 264
736 6 258
739 8 253
743 10 247
743 11 246
746 11 243
750 8 242
755 10 235
764 8 228
770 6 224
771 9 220
771 8 221
770 8 222
771 9 220
773 8 219
779 6 215
785 5 210
788 5 207
792 5 203
795 4 201
801 3 196
802 4 194
806 4 190
811 4 185
810 6 184
809 6 185
811 7 182
819 6 175
823 6 171
825 6 169
814 16 170
811 22 167
797 32 171
783 42 175
772 45 183
762 51 187
759 52 189
750 55 195
744 56 200
733 66 201
731 59 210
724 64 212
716 66 218
706 71 223
700 72 228
689 71 240
679 78 243
666 82 252
656 88 256
654 83 263
641 88 271
634 83 283
624 91 285
617 93 290
612 91 297
599 92 309
593 85 322
582 72 346
579 70 351
582 69 349
576 68 356
574 67 359
575 58 367
567 62 371
564 62 374
557 70 373
548 73 379
547 69 384
545 67 388
549 62 389
543 63 394
542 58 400
541 52 407
546 46 408
545 45 410
551 35 414
557 35 408
551 36 413
556 36 408
556 40 404
552 40 408
555 37 408
555 36 409
562 37 401
559 40 401
554 40 406
557 41 402
559 38 403
562 34 404
563 30 407
566 32 402
571 34 395
571 36 393
574 30 396
578 24 398
582 21 397
586 15 399
587 14 399
596 12 392
603 13 384
613 16 371
614 18 368
617 17 366
617 20 363
628 17 355
630 15 355
636 15 349
638 16 346
641 19 340
640 21 339
642 17 341
644 19 337
642 23 335
641 24 335
642 27 331
644 29 327
640 31 329
632 38 330
634 36 330
630 36 334
628 36 336
620 42 338
619 42 339
620 41 339
620 37 343
627 37 336
626 38 336
625 41 334
624 44 332
628 39 333
636 33 331
636 32 332
640 29 331
643 28 329
644 24 332
649 21 330
658 16 326
663 20 317
660 24 316
658 30 312
658 29 313
660 26 314
654 30 316
648 35 317
648 40 312
644 45 311
639 45 316
633 48 319
628 54 318
619 59 322
612 61 327
603 62 335
595 65 340
591 66 343
584 67 349
578 64 358
580 61 359
578 61 361
583 61 356
584 59 357
580 61 359
579 50 371
578 51 371
580 53 367
585 49 366
583 47 370
581 43 376
585 42 373
591 31 378
598 32 370
600 35 365
604 33 363
604 40 356
601 40 359
605 39 356
604 37 359
599 42 359
596 42 362
596 45 359
597 41 362
593 37 370
594 31 375
597 33 370
597 36 367
598 36 366
604 33 363
610 27 363
613 25 362
615 26 359
621 23 356
625 25 350
627 22 351
626 27 347
630 23 347
631 22 347
640 21 339
641 19 340
643 23 334
646 23 331
650 26 324
653 25 322
651 26 323
656 25 319
655 27 318
653 29 318
652 30 318
650 36 314
650 39 311
643 48 309
638 53 309
633 57 310
629 56 315
634 54 312
627 57 316
630 54 316
634 52 314
633 48 319
642 43 315
639 45 316
641 44 315
639 42 319
637 43 320
633 46 321
634 44 322
630 41 329
628 43 329
628 44 328
629 44 327
630 39 331
626 38 336
621 45 334
616 45 339
613 42 345
608 48 344
610 48 342
612 50 338
613 49 338
610 53 337
603 60 337
600 59 341
595 61 344
591 55 354
597 56 347
607 53 340
603 56 341
598 62 340
591 59 350
588 63 349
591 54 355
598 53 349
601 49 350
594 44 362
592 46 362
592 39 369
591 36 373
591 37 372
594 34 372
600 31 369
600 32 368
603 34 363
602 33 365
609 34 357
606 37 357
612 36 352
613 39 348
617 33 350
618 28 354
613 30 357
617 27 356
620 24 356
627 26 347
627 27 346
627 27 346
633 24 343
638 23 339
643 21 336
648 20 332
652 21 327
654 24 322
655 30 315
651 28 321
648 32 320
651 28 321
648 34 318
643 34 323
639 40 321
635 41 324
632 49 319
628 55 317
627 55 318
626 55 319
617 65 318
615 59 326
609 53 338
611 53 336
605 50 345
605 46 349
602 42 356
603 40 357
610 34 356
612 27 361
612 29 359
617 27 356
616 29 355
619 26 355
626 25 349
631 23 346
637 23 340
638 22 340
638 23 339
630 28 342
634 27 339
636 21 343
645 20 335
644 22 334
642 23 335
648 25 327
641 32 327
638 36 326
635 41 324
631 42 327
620 48 332
614 53 333
615 46 339
617 49 334
615 46 339
614 45 341
617 45 338
618 42 340
615 45 340
609 52 339
603 53 344
600 57 343
603 51 346
598 51 351
597 50 353
606 50 344
607 43 350
606 36 358
611 36 353
616 33 351
625 32 343
631 29 340
634 27 339
634 25 341
637 25 338
643 25 332
639 31 330
639 29 332
645 29 326
641 29 330
643 32 325
648 31 321
651 26 323
653 24 323
658 26 316
666 23 311
665 24 311
674 19 307
678 16 306
680 17 303
684 15 301
689 14 297
691 16 293
694 15 291
697 15 288
700 11 289
705 11 284
710 13 277
712 13 275
716 13 271
721 14 265
727 14 259
735 12 253
739 13 248
743 10 247
744 11 245
743 14 243
737 16 247
740 18 242
738 21 241
738 23 239
743 23 234
740 25 235
738 28 234
742 23 235
744 21 235
745 21 234
744 21 235
747 22 231
751 21 228
748 24 228
750 24 226
741 35 224
734 44 222
727 45 228
709 61 230
694 69 237
680 68 252
669 70 261
656 77 267
641 79 280
628 88 284
612 100 288
605 102 293
587 106 307
578 102 320
566 99 335
562 85 353
562 84 354
556 86 358
555 73 372
551 72 377
557 67 376
549 60 391
551 57 392
554 53 393
560 49 391
563 41 396
567 40 393
574 37 389
576 42 382
575 37 388
575 40 385
576 39 385
572 36 392
574 33 393
575 32 393
577 35 388
582 32 386
587 29 384
590 25 385
594 23 383
602 22 376
606 21 373
611 19 370
617 17 366
623 17 360
627 13 360
627 14 359
631 16 353
631 18 351
627 21 352
632 18 350
626 24 350
624 20 356
626 24 350
624 31 345
616 41 343
612 42 346
612 45 343
611 42 347
614 36 350
613 39 348
610 43 347
618 40 342
616 36 348
609 42 349
610 39 351
611 42 347
610 38 352
615 37 348
619 37 344
622 37 341
622 36 342
625 32 343
624 28 348
626 25 349
626 22 352
635 22 343
638 21 341
641 19 340
645 17 338
652 14 334
661 12 327
670 11 319
674 10 316
675 7 318
682 6 312
688 7 305
697 7 296
704 7 289
710 5 285
716 6 278
719 7 274
728 6 266
732 4 264
733 3 264
738 3 259
741 2 257
743 2 255
747 3 250
751 3 246
753 3 244
756 2 242
757 4 239
761 4 235
760 6 234
764 6 230
765 9 226
765 8 227
766 11 223
770 12 218
772 11 217
774 10 216
774 8 218
772 11 217
770 13 217
774 14 212
778 11 211
774 14 212
773 15 212
777 14 209
783 11 206
784 8 208
785 9 206
786 9 205
785 10 205
786 9 205
790 7 203
792 6 202
797 3 200
801 3 196
807 2 191
810 2 188
812 2 186
813 1 186
816 1 183
818 1 181
820 2 178
824 2 174
827 1 172
833 1 166
836 1 163
835 4 161
836 4 160
836 5 159
833 9 158
831 9 160
833 9 158
832 11 157
829 15 156
829 15 156
828 17 155
825 15 160
820 19 161
815 28 157
814 30 156
812 29 159
808 35 157
794 45 161
782 52 166
768 61 171
752 73 175
750 71 179
