998 2 0
996 3 1
996 3 1
996 3 1
995 3 2
994 4 2
994 2 4
994 2 4
994 2 4
994 2 4
993 3 4
992 4 4
989 7 4
984 10 6
976 15 9
967 21 12
954 27 19
937 39 24
922 44 34
900 54 46
862 84 54
832 103 65
799 116 85
765 131 104
718 163 119
680 179 141
648 185 167
627 173 200
603 165 232
591 151 258
570 148 282
557 142 301
551 132 317
537 130 333
522 126 352
515 117 368
510 114 376
510 103 387
503 94 403
501 87 412
502 73 425
504 68 428
518 62 420
529 51 420
538 49 413
547 47 406
561 42 397
566 40 394
565 44 391
566 43 391
568 46 386
571 46 383
570 45 385
571 44 385
573 43 384
572 42 386
574 42 384
578 39 383
581 34 385
584 37 379
586 37 377
587 35 378
588 32 380
591 31 378
594 27 379
595 28 377
600 28 372
603 28 369
610 30 360
610 31 359
616 32 352
619 30 351
614 36 350
612 42 346
612 44 344
615 41 344
620 35 345
623 32 345
621 37 342
628 33 339
630 33 337
628 29 343
629 24 347
632 25 343
629 30 341
630 30 340
632 29 339
632 34 334
629 32 339
627 32 341
630 32 338
627 30 343
628 30 342
629 33 338
627 34 339
631 34 335
635 29 336
636 25 339
632 31 337
629 35 336
631 35 334
635 34 331
638 34 328
641 34 325
641 41 318
644 33 323
644 30 326
652 26 322
653 25 322
656 24 320
661 20 319
666 19 315
673 18 309
673 18 309
674 23 303
681 19 300
683 18 299
688 16 296
688 15 297
693 13 294
693 16 291
688 22 290
688 21 291
687 22 291
691 19 290
695 16 289
696 14 290
697 18 285
698 18 284
708 14 278
709 10 281
712 7 281
713 9 278
717 12 271
720 11 269
718 14 268
715 17 268
718 15 267
720 14 266
721 12 267
727 13 260
729 15 256
729 16 255
727 19 254
728 19 253
729 23 248
725 27 248
722 33 245
718 33 249
710 39 251
704 37 259
702 40 258
708 32 260
707 34 259
707 28 265
707 26 267
704 29 267
704 24 272
699 29 272
691 34 275
693 34 273
694 34 272
695 35 270
691 42 267
686 49 265
676 51 273
673 45 282
661 51 288
651 54 295
634 62 304
623 69 308
608 78 314
591 84 325
588 84 328
589 74 337
588 76 336
581 69 350
583 67 350
580 69 351
577 67 356
573 70 357
565 73 362
561 68 371
558 71 371
555 72 373
548 77 375
551 73 376
552 74 374
548 73 379
538 73 389
534 64 402
531 63 406
526 66 408
518 67 415
508 67 425
504 68 428
504 67 429
508 59 433
513 58 429
515 52 433
511 59 430
507 63 430
507 57 436
509 58 433
513 62 425
511 59 430
508 61 431
513 53 434
517 54 429
517 47 436
517 47 436
519 45 436
518 40 442
519 38 443
519 41 440
523 38 439
531 37 432
533 33 434
536 29 435
547 27 426
552 31 417
558 26 416
562 21 417
564 18 418
568 17 415
568 17 415
571 18 411
580 18 402
581 20 399
590 23 387
592 27 381
599 25 376
598 31 371
602 24 374
606 21 373
608 26 366
606 29 365
606 34 360
606 31 363
610 31 359
610 37 353
613 37 350
611 39 350
613 31 356
612 34 354
614 31 355
614 32 354
610 36 354
609 39 352
609 35 356
606 40 354
602 45 353
598 44 358
595 47 358
595 45 360
597 38 365
592 46 362
590 48 362
589 47 364
581 53 366
582 51 367
587 47 366
587 42 371
592 38 370
595 33 372
600 30 370
604 29 367
610 29 361
615 27 358
614 30 356
611 28 361
610 25 365
617 19 364
620 17 363
624 13 363
625 13 362
632 13 355
637 10 353
643 10 347
647 8 345
652 8 340
659 8 333
664 10 326
670 10 320
674 8 318
680 8 312
682 8 310
685 5 310
688 4 308
693 6 301
696 9 295
694 14 292
695 12 293
696 13 291
697 13 290
694 20 286
701 18 281
703 20 277
710 18 272
708 19 273
711 19 270
717 18 265
715 20 265
708 31 261
704 30 266
694 35 271
696 36 268
694 34 272
692 32 276
684 39 277
679 40 281
675 43 282
666 50 284
662 55 283
663 51 286
652 60 288
648 61 291
637 62 301
631 58 311
630 58 312
629 61 310
624 58 318
619 54 327
612 61 327
614 60 326
613 62 325
606 67 327
598 74 328
593 71 336
588 64 348
589 62 349
590 62 348
588 61 351
580 66 354
573 66 361
571 66 363
569 60 371
571 57 372
571 54 375
570 50 380
567 46 387
575 42 383
572 46 382
572 49 379
568 46 386
568 49 383
568 41 391
579 40 381
580 35 385
589 36 375
593 31 376
592 34 374
589 37 374
590 30 380
594 31 375
600 22 378
600 23 377
607 23 370
610 20 370
613 22 365
612 28 360
607 30 363
608 29 363
604 31 365
606 35 359
605 37 358
600 39 361
597 42 361
593 48 359
594 49 357
593 46 361
596 41 363
598 41 361
604 39 357
606 37 357
615 36 349
624 34 342
628 34 338
627 33 340
626 32 342
633 32 335
638 30 332
638 33 329
640 36 324
638 43 319
640 36 324
640 39 321
642 38 320
649 33 318
651 35 314
650 31 319
645 29 326
646 30 324
643 35 322
640 36 324
640 41 319
633 44 323
626 44 330
621 49 330
614 51 335
617 41 342
616 42 342
617 38 345
622 36 342
622 33 345
623 32 345
623 36 341
625 34 341
626 34 340
627 28 345
630 22 348
632 21 347
636 21 343
647 21 332
649 18 333
654 13 333
655 15 330
662 13 325
666 12 322
665 15 320
669 17 314
673 17 310
675 15 310
679 13 308
682 16 302
686 17 297
680 22 298
685 20 295
686 17 297
686 18 296
688 17 295
688 20 292
693 21 286
697 19 284
698 18 284
702 14 284
708 15 277
705 16 279
700 19 281
697 22 281
700 23 277
700 22 278
698 24 278
699 26 275
694 33 273
691 32 277
690 36 274
685 40 275
684 36 280
679 40 281
671 47 282
666 45 289
666 41 293
661 39 300
657 43 300
654 44 302
648 47 305
647 46 307
646 45 309
646 44 310
642 42 316
641 36 323
636 37 327
638 40 322
636 42 322
636 44 320
636 39 325
638 38 324
642 39 319
639 38 323
643 37 320
644 38 318
643 37 320
638 42 320
637 46 317
638 41 321
643 39 318
645 39 316
648 34 318
650 34 316
657 33 310
647 36 317
643 39 318
637 46 317
634 50 316
636 48 316
632 44 324
629 43 328
627 46 327
622 46 332
615 52 333
606 62 332
605 62 333
604 61 335
598 63 339
592 57 351
593 59 348
596 49 355
592 47 361
596 45 359
601 37 362
602 38 360
597 35 368
597 30 373
597 28 375
598 27 375
603 22 375
608 22 370
616 21 363
624 20 356
622 19 359
634 18 348
642 18 340
638 20 342
640 21 339
643 19 338
643 24 333
647 23 330
652 23 325
650 26 324
650 28 322
648 31 321
646 31 323
643 33 324
647 30 323
652 31 317
651 34 315
650 31 319
652 34 314
655 35 310
659 35 306
657 38 305
657 40 303
661 37 302
657 41 302
657 39 304
651 41 308
652 41 307
650 40 310
648 39 313
645 45 310
636 53 311
634 55 311
632 50 318
626 52 322
626 55 319
621 54 325
611 58 331
606 53 341
609 52 339
613 55 332
616 52 332
620 43 337
614 41 345
614 42 344
617 37 346
620 31 349
622 26 352
628 24 348
635 25 340
639 22 339
642 21 337
644 21 335
646 17 337
649 16 335
651 17 332
654 14 332
660 16 324
660 19 321
659 18 323
661 18 321
661 17 322
669 22 309
668 23 309
662 32 306
660 37 303
654 43 303
654 42 304
653 39 308
655 38 307
655 34 311
662 34 304
662 34 304
662 30 308
660 29 311
658 32 310
651 33 316
648 34 318
649 34 317
649 36 315
648 32 320
645 37 318
652 33 315
650 32 318
647 30 323
646 31 323
653 28 319
651 32 317
653 31 316
655 29 316
656 31 313
659 28 313
656 31 313
658 30 312
659 28 313
659 24 317
657 26 317
659 24 317
661 27 312
658 31 311
659 31 310
659 31 310
659 29 312
659 32 309
665 27 308
667 25 308
671 21 308
671 20 309
676 17 307
678 15 307
681 12 307
684 12 304
687 11 302
685 17 298
689 19 292
688 20 292
693 22 285
695 24 281
699 21 280
696 28 276
695 32 273
700 27 273
698 28 274
690 40 270
687 40 273
681 38 281
681 37 282
681 43 276
676 48 276
671 50 279
673 50 277
673 42 285
671 43 286
667 43 290
667 40 293
664 38 298
659 39 302
661 38 301
659 40 301
664 33 303
659 35 306
657 33 310
652 36 312
654 30 316
664 25 311
665 28 307
666 24 310
666 25 309
663 29 308
666 29 305
669 31 300
670 32 298
667 38 295
670 36 294
671 31 298
666 35 299
668 33 299
669 31 300
670 29 301
678 27 295
678 29 293
679 34 287
675 35 290
673 29 298
665 33 302
665 34 301
661 33 306
654 33 313
659 32 309
654 34 312
650 30 320
649 31 320
649 31 320
651 27 322
656 27 317
657 27 316
663 25 312
660 24 316
659 27 314
663 27 310
659 31 310
662 25 313
664 27 309
663 26 311
658 32 310
663 27 310
664 27 309
655 32 313
654 34 312
651 31 318
650 32 318
652 35 313
647 38 315
649 33 318
642 37 321
639 38 323
634 42 324
629 46 325
627 50 323
619 54 327
607 61 332
599 71 330
601 61 338
597 58 345
598 56 346
595 52 353
595 49 356
593 49 358
595 48 357
590 50 360
586 51 363
585 45 370
582 49 369
578 49 373
576 51 373
576 50 374
571 55 374
568 46 386
569 37 394
574 37 389
576 38 386
579 31 390
581 31 388
580 33 387
582 29 389
587 26 387
587 25 388
582 23 395
582 21 397
576 26 398
579 27 394
573 31 396
573 28 399
578 30 392
582 27 391
586 26 388
594 27 379
591 29 380
594 27 379
596 24 380
597 28 375
595 34 371
598 35 367
595 35 370
588 38 374
587 40 373
587 42 371
586 42 372
587 43 370
587 40 373
593 39 368
594 33 373
595 32 373
593 31 376
599 32 369
599 36 365
602 37 361
604 39 357
606 33 361
606 33 361
611 34 355
613 32 355
608 34 358
607 40 353
609 33 358
610 32 358
613 29 358
615 33 352
611 34 355
613 29 358
616 28 356
624 23 353
629 20 351
634 20 346
636 22 342
637 19 344
644 17 339
650 13 337
656 11 333
658 9 333
661 9 330
666 9 325
671 8 321
675 6 319
684 6 310
692 5 303
698 4 298
701 3 296
708 3 289
711 4 285
717 3 280
723 1 276
732 1 267
734 1 265
741 1 258
748 0 252
753 0 247
758 0 242
763 0 237
768 0 232
773 0 227
778 0 222
781 0 219
782 0 218
788 0 212
791 0 209
796 0 204
798 0 202
802 0 198
807 0 193
811 0 189
811 0 189
814 0 186
815 0 185
820 0 180
823 0 177
825 0 175
828 0 172
831 0 169
835 0 165
841 0 159
843 0 157
845 0 155
846 0 154
852 0 148
852 0 148
855 0 145
856 0 144
857 0 143
859 0 141
865 0 135
865 0 135
868 0 132
869 0 131
871 0 129
875 0 125
879 0 121
881 0 119
886 0 114
887 0 113
887 0 113
890 0 110
892 0 108
892 0 108
893 0 107
898 0 102
898 0 102
901 0 99
904 0 96
904 0 96
905 0 95
906 0 94
906 0 94
907 0 93
907 0 93
907 0 93
909 0 91
910 0 90
911 0 89
912 0 88
913 0 87
913 0 87
914 0 86
916 0 84
917 0 83
920 0 80
924 0 76
925 0 75
928 0 72
929 0 71
930 0 70
933 0 67
934 0 66
934 0 66
934 0 66
936 0 64
940 0 60
941 0 59
942 0 58
942 0 58
943 0 57
944 0 56
944 0 56
944 0 56
945 0 55
945 0 55
946 0 54
947 0 53
948 0 52
949 0 51
950 0 50
954 0 46
954 0 46
955 0 45
956 0 44
957 0 43
958 0 42
960 0 40
960 0 40
961 0 39
962 0 38
963 0 37
964 0 36
964 0 36
965 0 35
967 0 33
968 0 32
969 0 31
970 0 30
970 0 30
971 0 29
973 0 27
974 0 26
974 0 26
974 0 26
975 0 25
976 0 24
976 0 24
976 0 24
977 0 23
977 0 23
977 0 23
977 0 23
977 0 23
977 0 23
978 0 22
978 0 22
978 0 22
978 0 22
978 0 22
978 0 22
978 0 22
979 0 21
979 0 21
981 0 19
981 0 19
981 0 19
982 0 18
982 0 18
982 0 18
982 0 18
982 0 18
983 0 17
983 0 17
983 0 17
984 0 16
984 0 16
984 0 16
985 0 15
987 0 13
987 0 13
987 0 13
987 0 13
987 0 13
987 0 13
987 0 13
987 0 13
987 0 13
987 0 13
987 0 13
989 0 11
989 0 11
989 0 11
989 0 11
990 0 10
990 0 10
991 0 9
991 0 9
992 0 8
992 0 8
992 0 8
992 0 8
993 0 7
993 0 7
993 0 7
993 0 7
993 0 7
993 0 7
993 0 7
994 0 6
994 0 6
994 0 6
994 0 6
995 0 5
995 0 5
995 0 5
995 0 5
996 0 4
996 0 4
996 0 4
996 0 4
