998 2 0
996 4 0
993 6 1
984 14 2
971 26 3
956 37 7
936 49 15
919 55 26
896 69 35
871 76 53
856 75 69
833 84 83
800 103 97
767 120 113
733 135 132
714 136 150
694 129 177
675 135 190
656 131 213
643 118 239
621 130 249
607 125 268
596 117 287
585 110 305
570 112 318
565 102 333
559 95 346
551 92 357
546 86 368
545 72 383
539 75 386
540 68 392
533 74 393
532 71 397
539 61 400
532 68 400
539 61 400
544 52 404
552 43 405
549 39 412
549 37 414
557 27 416
558 23 419
561 27 412
561 25 414
563 27 410
560 34 406
563 36 401
565 35 400
566 36 398
562 40 398
560 45 395
556 46 398
556 44 400
548 42 410
549 46 405
551 46 403
557 46 397
561 46 393
557 49 394
560 45 395
567 40 393
561 42 397
566 36 398
577 32 391
576 32 392
578 32 390
578 31 391
580 30 390
584 27 389
591 26 383
594 22 384
593 25 382
599 25 376
604 22 374
609 15 376
610 15 375
621 14 365
625 12 363
632 12 356
639 11 350
641 12 347
648 10 342
656 10 334
661 11 328
666 13 321
670 12 318
677 11 312
678 13 309
678 13 309
684 11 305
685 15 300
688 15 297
691 14 295
692 15 293
690 18 292
691 17 292
693 15 292
689 19 292
689 19 292
687 22 291
688 25 287
687 24 289
680 26 294
679 28 293
676 24 300
679 23 298
674 29 297
670 34 296
667 37 296
668 38 294
667 42 291
661 44 295
658 44 298
656 43 301
652 42 306
651 40 309
642 48 310
639 52 309
620 57 323
619 54 327
619 49 332
618 45 337
624 37 339
622 40 338
619 44 337
617 43 340
612 46 342
615 44 341
613 44 343
611 46 343
612 42 346
610 36 354
611 35 354
617 34 349
618 31 351
617 27 356
623 24 353
625 29 346
627 29 344
629 28 343
633 27 340
630 25 345
635 26 339
638 26 336
640 33 327
636 37 327
641 34 325
643 32 325
641 33 326
645 38 317
638 41 321
640 38 322
645 32 323
649 27 324
647 24 329
650 26 324
652 24 324
652 26 322
652 22 326
656 19 325
658 19 323
663 22 315
660 23 317
660 22 318
667 23 310
666 26 308
664 28 308
668 21 311
669 23 308
672 22 306
672 27 301
668 31 301
667 35 298
667 32 301
672 27 301
674 23 303
680 22 298
682 21 297
678 24 298
679 23 298
681 24 295
682 20 298
682 24 294
687 27 286
681 30 289
677 39 284
677 42 281
675 45 280
667 40 293
660 42 298
650 48 302
652 54 294
651 48 301
650 45 305
647 44 309
643 50 307
640 56 304
635 55 310
634 55 311
628 58 314
629 53 318
632 46 322
625 48 327
619 53 328
615 56 329
614 54 332
611 54 335
619 49 332
622 45 333
619 49 332
623 43 334
621 42 337
625 39 336
630 37 333
633 35 332
633 33 334
632 29 339
634 28 338
635 24 341
642 22 336
647 20 333
650 21 329
653 19 328
654 16 330
658 17 325
662 16 322
661 19 320
661 18 321
660 20 320
664 21 315
669 20 311
675 20 305
678 20 302
682 16 302
682 18 300
685 12 303
687 15 298
689 17 294
690 21 289
687 27 286
680 33 287
676 36 288
670 41 289
666 37 297
662 42 296
658 41 301
652 42 306
648 42 310
648 41 311
650 37 313
650 41 309
646 41 313
649 39 312
647 37 316
642 41 317
646 39 315
652 35 313
652 34 314
653 35 312
645 40 315
640 42 318
639 40 321
638 36 326
638 34 328
637 39 324
637 43 320
637 38 325
634 38 328
631 35 334
633 31 336
631 28 341
625 32 343
625 35 340
624 34 342
625 36 339
629 34 337
632 35 333
629 33 338
627 30 343
631 24 345
634 22 344
640 21 339
643 19 338
648 17 335
654 15 331
661 15 324
665 15 320
669 15 316
677 14 309
676 16 308
674 20 306
670 23 307
671 22 307
673 19 308
673 23 304
676 21 303
674 21 305
674 20 306
676 18 306
672 19 309
670 25 305
666 31 303
665 33 302
661 33 306
664 30 306
666 32 302
663 30 307
659 33 308
659 34 307
660 33 307
664 30 306
662 34 304
660 32 308
657 34 309
652 35 313
648 37 315
650 36 314
650 34 316
649 32 319
652 28 320
655 27 318
653 29 318
651 30 319
652 29 319
661 29 310
664 20 316
664 21 315
666 18 316
673 17 310
676 15 309
679 15 306
685 12 303
692 13 295
698 13 289
701 15 284
704 14 282
709 15 276
707 19 274
707 22 271
704 24 272
710 26 264
711 27 262
718 23 259
717 23 260
714 24 262
713 25 262
709 28 263
718 29 253
716 33 251
717 28 255
720 23 257
722 23 255
724 17 259
726 17 257
726 18 256
725 19 256
719 26 255
713 35 252
709 33 258
704 36 260
708 30 262
704 35 261
706 31 263
706 32 262
711 29 260
704 31 265
708 29 263
704 31 265
708 26 266
701 28 271
701 30 269
703 24 273
708 23 269
705 27 268
704 27 269
706 26 268
709 27 264
707 31 262
705 33 262
699 35 266
696 41 263
690 49 261
681 57 262
683 52 265
676 59 265
667 60 273
666 47 287
659 49 292
657 53 290
651 56 293
650 52 298
646 55 299
645 53 302
640 55 305
638 53 309
637 53 310
633 53 314
634 48 318
629 48 323
630 49 321
627 48 325
628 49 323
622 49 329
623 43 334
623 46 331
623 39 338
629 36 335
633 37 330
640 33 327
642 32 326
643 29 328
648 25 327
657 21 322
661 21 318
657 26 317
660 25 315
662 24 314
668 23 309
677 20 303
683 20 297
685 20 295
687 19 294
691 18 291
690 19 291
692 15 293
692 17 291
693 18 289
700 17 283
702 19 279
704 18 278
705 23 272
707 22 271
706 22 272
703 22 275
700 27 273
700 26 274
697 27 276
698 28 274
697 29 274
691 37 272
690 33 277
684 40 276
688 36 276
688 35 277
691 30 279
695 30 275
692 25 283
696 17 287
696 20 284
699 21 280
694 19 287
695 18 287
703 18 279
698 22 280
701 20 279
707 19 274
709 19 272
712 17 271
711 22 267
711 23 266
710 27 263
708 24 268
706 28 266
704 30 266
696 32 272
693 32 275
690 36 274
690 38 272
692 38 270
695 37 268
693 35 272
693 36 271
692 32 276
690 34 276
691 36 273
693 34 273
692 36 272
694 36 270
686 37 277
687 37 276
689 37 274
683 39 278
681 39 280
666 52 282
657 58 285
651 56 293
650 57 293
642 64 294
639 59 302
637 59 304
623 66 311
616 67 317
613 67 320
613 67 320
610 67 323
611 61 328
602 61 337
597 60 343
596 62 342
599 58 343
600 54 346
600 52 348
597 47 356
600 45 355
603 36 361
598 39 363
599 38 363
602 37 361
600 39 361
600 39 361
603 39 358
602 36 362
600 33 367
601 37 362
597 36 367
597 38 365
600 38 362
596 39 365
598 36 366
591 39 370
590 34 376
591 34 375
595 30 375
602 31 367
609 29 362
613 30 357
614 31 355
619 29 352
624 24 352
626 24 350
619 29 352
625 26 349
627 29 344
627 26 347
639 26 335
643 23 334
647 20 333
644 23 333
639 27 334
641 30 329
635 35 330
636 31 333
642 29 329
637 34 329
640 33 327
644 29 327
646 32 322
644 36 320
642 38 320
635 46 319
630 51 319
630 51 319
629 51 320
622 54 324
615 58 327
613 57 330
606 58 336
602 53 345
600 54 346
595 53 352
602 50 348
607 47 346
602 52 346
599 49 352
606 46 348
606 42 352
613 45 342
614 45 341
618 42 340
615 41 344
617 43 340
619 44 337
618 36 346
614 41 345
619 36 345
626 34 340
625 36 339
628 32 340
627 30 343
626 31 343
627 31 342
632 28 340
631 31 338
636 26 338
641 23 336
640 25 335
649 21 330
650 21 329
649 22 329
647 27 326
645 30 325
640 32 328
639 28 333
645 27 328
649 22 329
650 22 328
652 21 327
650 21 329
654 18 328
653 22 325
656 23 321
659 24 317
657 25 318
660 22 318
668 16 316
673 19 308
671 18 311
671 16 313
670 19 311
671 22 307
680 19 301
678 17 305
678 13 309
679 15 306
684 14 302
686 14 300
685 18 297
687 12 301
687 12 301
692 10 298
698 9 293
701 7 292
699 11 290
702 12 286
703 14 283
705 16 279
704 18 278
708 16 276
711 18 271
710 21 269
712 22 266
716 21 263
712 27 261
712 29 259
707 33 260
701 35 264
704 28 268
706 26 268
705 29 266
702 30 268
697 33 270
689 37 274
686 43 271
685 41 274
681 41 278
680 41 279
679 41 280
674 47 279
671 47 282
672 38 290
676 32 292
676 31 293
678 28 294
684 25 291
687 25 288
689 24 287
690 25 285
695 26 279
699 22 279
695 30 275
699 26 275
699 21 280
698 24 278
699 25 276
703 26 271
697 30 273
686 34 280
681 37 282
686 38 276
677 38 285
674 37 289
661 48 291
665 47 288
659 55 286
652 52 296
647 57 296
641 59 300
639 56 305
637 52 311
637 48 315
637 45 318
630 47 323
624 50 326
617 49 334
616 50 334
615 49 336
615 45 340
616 41 343
614 44 342
613 43 344
610 43 347
610 41 349
614 40 346
614 40 346
616 41 343
610 44 346
609 44 347
611 50 339
609 48 343
608 49 343
600 50 350
606 45 349
605 43 352
600 46 354
597 49 354
598 43 359
599 47 354
600 45 355
595 45 360
599 43 358
600 44 356
598 46 356
599 43 358
597 43 360
589 46 365
590 44 366
589 42 369
594 37 369
597 35 368
597 30 373
594 32 374
600 25 375
600 24 376
605 24 371
607 25 368
615 23 362
615 24 361
623 19 358
622 21 357
630 19 351
635 17 348
638 21 341
637 21 342
638 21 341
639 19 342
634 23 343
632 25 343
633 28 339
630 33 337
631 34 335
629 33 338
634 28 338
637 31 332
640 30 330
640 27 333
640 27 333
643 25 332
649 25 326
649 28 323
652 32 316
654 34 312
654 33 313
654 30 316
650 35 315
647 37 316
646 38 316
641 36 323
645 35 320
642 34 324
646 35 319
643 37 320
647 36 317
648 36 316
649 39 312
652 36 312
656 37 307
652 40 308
650 44 306
651 40 309
652 30 318
649 31 320
644 34 322
646 32 322
646 33 321
651 29 320
650 29 321
655 27 318
653 28 319
648 27 325
653 23 324
657 24 319
657 24 319
653 29 318
660 29 311
665 28 307
657 25 318
660 17 323
664 15 321
664 18 318
667 18 315
666 15 319
668 17 315
675 18 307
676 22 302
678 24 298
680 25 295
674 28 298
674 25 301
672 29 299
674 29 297
673 33 294
673 34 293
669 38 293
668 40 292
672 37 291
664 40 296
664 40 296
662 38 300
661 40 299
666 35 299
669 28 303
670 26 304
668 30 302
668 30 302
664 30 306
663 28 309
667 26 307
675 21 304
676 21 303
672 28 300
670 29 301
669 32 299
665 33 302
661 32 307
665 29 306
671 30 299
671 29 300
673 34 293
670 38 292
665 39 296
662 39 299
658 37 305
657 33 310
658 33 309
659 36 305
653 41 306
650 43 307
654 42 304
651 41 308
653 40 307
653 39 308
652 41 307
652 42 306
646 36 318
642 40 318
642 39 319
643 39 318
648 41 311
649 44 307
648 45 307
648 42 310
649 37 314
649 34 317
650 35 315
645 37 318
641 43 316
642 41 317
637 45 318
636 44 320
632 47 321
628 47 325
629 44 327
629 44 327
629 41 330
630 40 330
631 33 336
635 34 331
633 37 330
630 38 332
632 34 334
637 30 333
639 32 329
638 31 331
634 36 330
635 34 331
637 35 328
632 37 331
633 36 331
635 36 329
637 33 330
640 30 330
641 32 327
643 36 321
642 36 322
641 40 319
637 38 325
637 39 324
632 39 329
622 47 331
618 36 346
622 34 344
618 37 345
616 36 348
611 39 350
614 34 352
616 32 352
622 32 346
620 34 346
626 33 341
622 30 348
621 30 349
624 28 348
627 29 344
625 33 342
625 31 344
625 32 343
623 38 339
628 37 335
629 36 335
626 39 335
624 39 337
618 44 338
614 47 339
617 46 337
612 47 341
616 38 346
620 35 345
620 36 344
627 29 344
627 28 345
634 30 336
634 30 336
635 33 332
635 35 330
637 38 325
641 31 328
640 29 331
644 32 324
645 31 324
653 30 317
656 25 319
660 24 316
656 28 316
659 25 316
661 19 320
668 15 317
664 20 316
663 19 318
667 18 315
673 11 316
679 10 311
687 12 301
695 11 294
695 10 295
699 11 290
706 8 286
705 9 286
711 8 281
714 5 281
718 7 275
725 10 265
728 9 263
724 14 262
721 18 261
726 19 255
723 22 255
729 20 251
731 20 249
728 23 249
733 20 247
736 18 246
734 23 243
732 20 248
736 17 247
736 16 248
738 14 248
741 13 246
745 12 243
744 16 240
748 12 240
750 11 239
752 12 236
746 19 235
749 25 226
744 29 227
742 29 229
734 37 229
723 48 229
719 52 229
722 52 226
719 51 230
707 55 238
696 61 243
685 60 255
676 65 259
670 62 268
664 61 275
658 63 279
655 65 280
654 63 283
651 61 288
654 54 292
647 60 293
636 55 309
637 54 309
625 56 319
622 56 322
613 63 324
606 61 333
605 63 332
