600
654
473
773
620
840
746
891
27
436
161
286
553
902
263
909
57
722
517
76
390
1
21
541
294
20
317
975
581
147
50
543
392
289
697
92
476
982
356
609
90
854
870
353
647
934
949
38
646
599
251
237
685
435
427
601
723
367
149
739
577
443
821
483
709
597
884
219
171
168
49
274
387
655
631
116
175
43
644
926
883
511
271
236
826
159
222
712
726
760
905
160
967
613
971
911
408
626
827
156
265
7
977
108
716
753
783
592
421
180
497
924
29
178
688
257
818
754
583
526
228
44
114
708
181
834
105
215
280
842
730
881
493
677
889
329
718
585
40
60
91
292
772
824
508
441
