967
264
851
871
328
553
413
366
501
836
749
943
949
536
682
992
580
284
560
893
697
642
51
208
48
712
834
213
791
92
10
235
24
807
786
55
479
843
40
158
83
159
684
150
813
348
743
464
548
296
970
143
277
490
417
872
945
60
881
710
770
109
592
351
153
71
448
939
480
742
860
387
988
801
193
515
62
554
322
188
938
579
228
475
928
493
234
891
350
694
764
751
181
570
587
356
800
856
426
857
211
586
34
772
370
720
769
625
550
262
641
978
962
70
215
294
768
516
411
534
486
218
171
814
756
552
85
681
140
719
934
980
115
102
898
289
760
230
846
531
473
199
936
316
80
635
