481
80
404
261
127
549
322
362
6
681
143
724
644
757
709
514
342
354
414
675
201
759
764
534
611
861
174
632
289
897
260
140
594
50
84
683
505
739
489
786
956
772
627
625
205
49
698
67
910
666
535
948
659
116
490
219
503
331
950
684
813
851
378
17
732
595
855
908
570
845
149
292
291
448
81
838
141
512
623
466
186
346
612
347
142
852
955
121
647
452
272
670
609
386
360
350
796
132
847
405
872
152
922
171
373
371
420
506
797
351
896
687
325
104
558
566
20
899
986
356
849
509
954
423
841
473
777
770
428
144
885
79
553
762
827
228
712
337
658
654
729
981
711
377
103
38
