1000 0 0
1000 0 0
1000 0 0
1000 0 0
1000 0 0
998 2 0
998 2 0
998 2 0
997 3 0
997 1 2
997 1 2
993 5 2
985 11 4
971 23 6
949 37 14
935 41 24
911 58 31
891 67 42
861 85 54
831 97 72
801 108 91
773 113 114
758 109 133
730 118 152
718 110 172
702 113 185
679 121 200
665 118 217
651 120 229
631 120 249
620 117 263
606 119 275
600 104 296
595 93 312
592 85 323
588 80 332
585 77 338
579 83 338
576 81 343
579 76 345
578 73 349
580 72 348
586 59 355
585 62 353
584 59 357
588 50 362
585 47 368
579 44 377
582 44 374
581 49 370
577 55 368
584 42 374
586 35 379
589 36 375
593 37 370
594 37 369
593 34 373
600 36 364
605 34 361
609 29 362
614 25 361
613 26 361
609 28 363
611 32 357
614 31 355
621 30 349
622 30 348
626 27 347
629 27 344
630 30 340
630 32 338
632 29 339
640 25 335
642 22 336
644 23 333
647 23 330
650 20 330
653 21 326
658 18 324
659 19 322
661 18 321
665 19 316
667 18 315
674 15 311
679 13 308
683 11 306
686 12 302
692 12 296
697 12 291
701 11 288
708 10 282
708 10 282
713 8 279
715 8 277
719 11 270
717 17 266
708 23 269
708 20 272
709 27 264
703 30 267
696 34 270
699 33 268
698 38 264
695 41 264
690 38 272
696 40 264
688 37 275
692 33 275
694 29 277
688 40 272
682 43 275
679 43 278
679 47 274
679 48 273
675 45 280
669 44 287
666 37 297
668 32 300
670 32 298
670 30 300
670 30 300
671 30 299
663 38 299
657 43 300
658 46 296
661 33 306
669 33 298
673 31 296
673 28 299
674 27 299
671 31 298
673 34 293
672 31 297
678 31 291
681 28 291
683 26 291
686 22 292
694 20 286
695 21 284
697 20 283
697 19 284
697 18 285
704 18 278
702 23 275
701 24 275
700 22 278
701 22 277
697 25 278
700 25 275
705 30 265
708 25 267
710 23 267
720 20 260
723 18 259
725 11 264
730 10 260
732 9 259
738 9 253
742 9 249
746 9 245
753 10 237
756 6 238
762 6 232
761 10 229
763 9 228
763 12 225
759 15 226
754 20 226
748 29 223
748 26 226
742 31 227
738 34 228
727 38 235
712 50 238
710 46 244
710 49 241
708 51 241
701 52 247
692 56 252
690 53 257
690 53 257
687 49 264
678 54 268
673 55 272
667 58 275
666 52 282
672 47 281
671 43 286
666 46 288
665 43 292
669 35 296
670 28 302
671 25 304
674 22 304
681 17 302
682 13 305
683 14 303
684 14 302
690 13 297
698 11 291
699 8 293
701 10 289
704 9 287
711 9 280
711 9 280
714 11 275
715 14 271
714 18 268
714 16 270
714 18 268
711 21 268
700 32 268
694 36 270
686 42 272
680 47 273
673 57 270
673 53 274
664 58 278
658 59 283
656 54 290
656 48 296
657 43 300
660 40 300
659 37 304
662 35 303
664 30 306
660 36 304
661 36 303
664 36 300
664 31 305
675 29 296
684 27 289
678 30 292
679 31 290
678 32 290
674 36 290
670 35 295
672 38 290
670 38 292
664 42 294
664 41 295
659 43 298
660 42 298
660 35 305
657 34 309
658 31 311
655 33 312
657 27 316
659 27 314
660 27 313
660 25 315
660 26 314
664 22 314
666 21 313
671 20 309
677 18 305
681 16 303
687 16 297
689 18 293
693 15 292
701 15 284
703 15 282
710 17 273
712 17 271
717 12 271
719 11 270
722 11 267
730 9 261
729 10 261
731 10 259
737 7 256
740 5 255
743 5 252
742 7 251
743 8 249
745 7 248
746 8 246
742 12 246
748 14 238
749 20 231
746 26 228
743 27 230
744 24 232
741 22 237
742 26 232
739 29 232
736 30 234
736 29 235
735 29 236
738 31 231
735 29 236
738 32 230
747 28 225
746 32 222
742 35 223
738 34 228
739 32 229
738 34 228
734 33 233
733 27 240
735 31 234
732 35 233
734 31 235
726 37 237
717 45 238
707 51 242
697 62 241
691 59 250
682 65 253
675 69 256
673 66 261
670 52 278
662 52 286
653 52 295
654 48 298
657 45 298
652 45 303
653 47 300
655 48 297
655 46 299
652 47 301
655 36 309
665 34 301
667 34 299
665 38 297
661 40 299
656 45 299
656 42 302
659 40 301
659 41 300
655 37 308
655 38 307
656 37 307
653 40 307
649 40 311
655 34 311
656 33 311
655 34 311
657 27 316
659 21 320
657 23 320
662 24 314
661 25 314
664 23 313
662 25 313
662 32 306
660 31 309
658 33 309
661 32 307
662 35 303
661 36 303
657 29 314
658 26 316
661 23 316
663 23 314
668 20 312
671 17 312
678 19 303
674 26 300
676 28 296
678 28 294
676 27 297
673 31 296
670 35 295
666 39 295
666 36 298
665 37 298
666 41 293
663 39 298
664 37 299
659 41 300
654 46 300
654 43 303
652 43 305
649 42 309
643 43 314
643 42 315
643 40 317
644 42 314
642 40 318
645 39 316
642 39 319
648 35 317
648 31 321
649 33 318
648 32 320
644 39 317
640 42 318
637 39 324
641 36 323
649 30 321
651 28 321
653 31 316
651 32 317
646 37 317
647 39 314
645 35 320
649 32 319
648 31 321
648 25 327
647 25 328
650 21 329
659 20 321
661 19 320
666 17 317
666 18 316
669 17 314
674 15 311
678 14 308
684 13 303
690 14 296
691 16 293
699 12 289
705 11 284
708 13 279
714 8 278
718 8 274
720 7 273
725 8 267
729 4 267
733 2 265
736 3 261
744 3 253
745 4 251
754 2 244
759 3 238
762 3 235
765 3 232
771 3 226
780 3 217
781 1 218
783 1 216
790 0 210
797 0 203
799 0 201
800 0 200
803 0 197
807 0 193
810 0 190
812 0 188
814 0 186
815 0 185
819 0 181
821 0 179
826 0 174
829 0 171
829 0 171
830 3 167
830 5 165
832 3 165
835 4 161
838 1 161
840 1 159
844 1 155
844 0 156
845 0 155
848 0 152
850 0 150
856 0 144
856 0 144
860 0 140
863 2 135
868 4 128
869 6 125
866 9 125
867 13 120
858 22 120
855 23 122
852 21 127
848 25 127
846 25 129
844 26 130
846 23 131
845 21 134
847 17 136
848 13 139
849 14 137
848 15 137
847 12 141
849 9 142
843 18 139
834 27 139
823 36 141
817 41 142
801 53 146
788 61 151
782 59 159
766 72 162
754 78 168
744 78 178
721 89 190
705 98 197
694 110 196
672 126 202
650 132 218
637 117 246
623 112 265
609 115 276
610 104 286
601 103 296
590 102 308
582 97 321
578 86 336
576 78 346
575 71 354
579 59 362
582 52 366
581 47 372
575 51 374
582 44 374
585 43 372
588 43 369
587 41 372
591 37 372
591 30 379
593 26 381
595 24 381
605 23 372
612 22 366
619 20 361
622 18 360
628 17 355
637 12 351
645 11 344
649 11 340
655 11 334
657 12 331
664 11 325
665 10 325
669 12 319
677 10 313
681 10 309
686 8 306
690 8 302
695 6 299
696 5 299
700 7 293
703 6 291
710 6 284
715 6 279
719 7 274
719 12 269
717 17 266
719 17 264
715 24 261
708 31 261
701 38 261
705 40 255
706 38 256
702 38 260
700 42 258
701 37 262
693 45 262
686 52 262
684 53 263
677 53 270
671 55 274
668 56 276
660 58 282
660 50 290
659 52 289
655 51 294
644 62 294
642 58 300
643 50 307
636 55 309
632 60 308
635 57 308
630 52 318
619 61 320
617 61 322
620 58 322
617 56 327
613 55 332
606 52 342
598 59 343
598 58 344
601 59 340
601 54 345
596 56 348
593 51 356
596 48 356
597 47 356
596 47 357
591 49 360
597 51 352
598 46 356
602 43 355
599 48 353
603 44 353
603 39 358
611 30 359
620 28 352
627 22 351
632 21 347
642 16 342
643 18 339
644 19 337
645 21 334
645 25 330
644 30 326
643 32 325
641 38 321
636 42 322
629 43 328
632 42 326
635 41 324
639 37 324
638 36 326
643 33 324
639 32 329
636 34 330
639 32 329
634 38 328
641 34 325
641 33 326
643 30 327
641 28 331
645 30 325
648 31 321
646 33 321
649 27 324
650 24 326
653 23 324
655 22 323
649 31 320
649 29 322
653 27 320
653 28 319
655 28 317
657 25 318
662 25 313
669 21 310
670 22 308
677 20 303
678 19 303
678 21 301
684 18 298
681 24 295
672 29 299
670 28 302
666 31 303
666 27 307
668 27 305
667 31 302
660 40 300
659 35 306
659 36 305
663 41 296
656 49 295
655 45 300
648 54 298
645 55 300
644 53 303
645 51 304
636 47 317
642 42 316
636 45 319
628 44 328
625 47 328
614 52 334
607 61 332
605 65 330
603 62 335
600 60 340
598 60 342
592 61 347
583 60 357
572 63 365
574 61 365
577 57 366
572 58 370
570 54 376
569 51 380
565 54 381
563 55 382
562 52 386
558 51 391
555 57 388
553 59 388
553 64 383
553 65 382
547 64 389
542 62 396
543 58 399
542 59 399
544 54 402
539 49 412
539 50 411
536 56 408
536 48 416
539 49 412
543 51 406
543 51 406
542 54 404
543 54 403
545 49 406
547 44 409
550 38 412
554 40 406
556 34 410
559 33 408
557 35 408
557 31 412
564 28 408
572 28 400
578 26 396
583 27 390
583 29 388
587 33 380
585 39 376
585 42 373
581 47 372
575 56 369
571 65 364
561 75 364
555 71 374
541 81 378
538 79 383
540 72 388
540 68 392
536 62 402
536 56 408
536 54 410
537 54 409
540 56 404
539 54 407
542 49 409
550 42 408
549 37 414
550 37 413
552 36 412
556 34 410
552 40 408
557 39 404
554 41 405
558 44 398
562 40 398
566 38 396
567 40 393
570 38 392
563 42 395
569 40 391
573 36 391
575 37 388
575 35 390
571 38 391
568 41 391
567 44 389
566 46 388
574 42 384
581 41 378
591 39 370
588 41 371
580 40 380
578 40 382
581 35 384
586 32 382
584 32 384
593 27 380
598 26 376
597 26 377
605 26 369
603 27 370
606 30 364
611 27 362
617 23 360
625 21 354
628 23 349
634 22 344
644 21 335
644 18 338
651 15 334
650 16 334
649 19 332
648 23 329
645 27 328
651 21 328
658 18 324
661 18 321
653 27 320
654 30 316
658 29 313
657 34 309
648 46 306
638 50 312
642 41 317
645 40 315
637 41 322
637 41 322
634 44 322
634 41 325
642 38 320
646 32 322
648 30 322
647 30 323
646 31 323
649 26 325
650 28 322
651 23 326
652 25 323
651 28 321
648 30 322
648 27 325
651 26 323
654 26 320
659 25 316
661 23 316
671 27 302
674 26 300
669 28 303
660 34 306
649 46 305
651 47 302
648 47 305
641 53 306
639 57 304
630 54 316
627 61 312
622 61 317
613 64 323
601 69 330
594 76 330
586 82 332
584 77 339
578 82 340
573 81 346
569 80 351
562 76 362
556 76 368
557 69 374
556 67 377
552 63 385
543 67 390
541 68 391
544 61 395
550 56 394
561 51 388
559 53 388
559 51 390
565 44 391
557 48 395
564 46 390
566 44 390
566 46 388
574 44 382
583 40 377
584 37 379
580 40 380
577 41 382
575 41 384
572 49 379
574 52 374
572 45 383
575 49 376
576 44 380
577 36 387
583 34 383
588 33 379
593 29 378
600 28 372
599 29 372
600 28 372
605 22 373
610 19 371
617 16 367
618 21 361
621 22 357
622 19 359
626 12 362
631 13 356
640 13 347
643 9 348
649 11 340
647 15 338
648 14 338
657 11 332
660 12 328
667 14 319
667 19 314
667 17 316
668 14 318
674 11 315
679 12 309
682 10 308
681 12 307
682 13 305
681 17 302
683 13 304
687 13 300
692 11 297
694 8 298
693 9 298
696 10 294
697 11 292
700 12 288
703 13 284
708 14 278
710 12 278
713 11 276
717 11 272
720 10 270
720 12 268
726 10 264
728 8 264
729 7 264
735 6 259
737 6 257
738 8 254
741 8 251
748 7 245
752 10 238
754 10 236
753 13 234
751 15 234
753 17 230
756 18 226
756 16 228
763 13 224
760 15 225
758 13 229
761 11 228
761 14 225
763 14 223
768 13 219
765 10 225
764 12 224
764 14 222
769 13 218
773 12 215
767 16 217
765 20 215
762 25 213
754 30 216
752 30 218
739 42 219
731 47 222
716 55 229
710 55 235
698 62 240
692 56 252
679 56 265
665 68 267
657 72 271
650 75 275
651 65 284
645 58 297
641 53 306
638 50 312
633 44 323
636 42 322
634 38 328
635 37 328
641 35 324
646 33 321
650 32 318
650 35 315
649 39 312
653 38 309
650 38 312
644 42 314
645 39 316
638 39 323
634 36 330
627 37 336
627 36 337
626 36 338
621 43 336
628 42 330
631 35 334
633 31 336
631 31 338
635 26 339
637 25 338
636 27 337
634 29 337
635 30 335
633 34 333
637 35 328
639 30 331
638 30 332
637 28 335
638 25 337
641 24 335
643 23 334
642 23 335
642 27 331
647 22 331
654 21 325
657 18 325
662 15 323
666 16 318
669 16 315
672 16 312
680 14 306
691 17 292
696 15 289
701 14 285
708 11 281
713 13 274
715 10 275
