1000 0 0
999 1 0
999 1 0
998 2 0
997 3 0
991 5 4
987 6 7
976 16 8
966 23 11
956 26 18
937 41 22
916 53 31
894 62 44
863 86 51
833 111 56
790 130 80
759 130 111
721 147 132
693 151 156
671 154 175
635 169 196
610 166 224
593 156 251
568 156 276
550 149 301
539 129 332
531 128 341
518 117 365
511 108 381
514 98 388
515 90 395
510 87 403
513 76 411
515 61 424
520 54 426
516 59 425
511 62 427
516 54 430
527 46 427
527 38 435
525 38 437
524 34 442
526 41 433
534 42 424
537 46 417
539 45 416
548 40 412
549 40 411
555 36 409
557 34 409
562 33 405
563 34 403
565 34 401
568 29 403
570 31 399
564 37 399
567 33 400
566 33 401
574 36 390
578 36 386
578 37 385
586 29 385
588 24 388
590 27 383
598 25 377
607 22 371
609 18 373
610 20 370
610 22 368
615 21 364
619 20 361
626 18 356
629 21 350
636 17 347
638 15 347
643 15 342
640 18 342
638 20 342
640 20 340
644 23 333
638 28 334
640 29 331
641 30 329
636 28 336
637 32 331
636 33 331
641 31 328
646 27 327
649 27 324
652 24 324
652 23 325
656 21 323
659 16 325
658 15 327
664 14 322
666 13 321
671 12 317
678 10 312
684 10 306
687 10 303
691 8 301
697 4 299
707 3 290
711 4 285
716 3 281
722 4 274
727 3 270
729 5 266
730 7 263
733 6 261
735 5 260
740 2 258
747 1 252
748 2 250
750 2 248
756 1 243
757 1 242
760 1 239
767 1 232
770 1 229
774 1 225
778 1 221
780 1 219
786 1 213
790 1 209
798 1 201
799 1 200
804 0 196
807 0 193
808 1 191
808 1 191
812 2 186
820 2 178
822 2 176
823 3 174
825 2 173
825 3 172
827 4 169
829 2 169
837 2 161
840 2 158
843 2 155
843 4 153
840 7 153
841 9 150
841 10 149
843 7 150
841 9 150
841 8 151
842 7 151
843 8 149
841 10 149
842 9 149
835 17 148
831 18 151
828 24 148
825 27 148
821 32 147
818 32 150
823 29 148
816 27 157
814 28 158
807 32 161
787 48 165
780 45 175
773 47 180
773 42 185
766 46 188
764 44 192
758 45 197
748 49 203
734 63 203
720 68 212
707 73 220
697 73 230
689 73 238
680 71 249
678 71 251
675 63 262
675 63 262
671 53 276
668 59 273
665 61 274
656 64 280
650 68 282
647 65 288
641 62 297
633 59 308
621 69 310
611 69 320
606 68 326
602 67 331
603 67 330
600 64 336
598 65 337
595 66 339
590 66 344
589 64 347
584 70 346
577 66 357
573 66 361
576 63 361
576 55 369
577 54 369
580 54 366
582 51 367
579 48 373
581 44 375
584 39 377
587 38 375
589 40 371
590 48 362
582 54 364
572 56 372
567 52 381
558 58 384
555 51 394
555 49 396
550 54 396
555 50 395
556 48 396
560 41 399
558 41 401
560 37 403
560 36 404
561 41 398
565 43 392
566 40 394
568 37 395
568 41 391
568 39 393
577 34 389
582 28 390
588 23 389
598 21 381
601 17 382
605 13 382
607 11 382
614 10 376
618 12 370
624 9 367
629 7 364
634 6 360
642 7 351
649 9 342
656 7 337
667 7 326
672 11 317
673 11 316
671 13 316
678 11 311
681 16 303
682 14 304
683 15 302
682 18 300
679 21 300
687 23 290
685 26 289
685 25 290
686 25 289
683 31 286
679 32 289
678 36 286
672 36 292
668 40 292
676 32 292
673 32 295
675 31 294
676 34 290
670 37 293
660 42 298
651 48 301
646 51 303
640 51 309
636 50 314
630 56 314
630 54 316
624 52 324
619 54 327
618 51 331
619 45 336
612 46 342
611 46 343
608 43 349
607 47 346
609 46 345
610 44 346
607 47 346
610 49 341
612 49 339
604 50 346
603 47 350
597 52 351
599 45 356
603 40 357
608 37 355
614 33 353
620 29 351
619 33 348
629 30 341
631 32 337
635 34 331
641 28 331
647 27 326
649 25 326
654 19 327
655 19 326
659 15 326
661 17 322
667 17 316
673 16 311
676 18 306
678 19 303
681 19 300
684 18 298
686 20 294
690 20 290
691 17 292
692 16 292
692 17 291
691 21 288
696 19 285
695 21 284
695 23 282
698 26 276
701 25 274
703 23 274
705 18 277
707 18 275
711 16 273
713 14 273
716 10 274
720 11 269
723 11 266
726 12 262
728 12 260
729 12 259
731 13 256
737 13 250
739 14 247
742 13 245
742 12 246
745 9 246
749 8 243
750 7 243
755 4 241
759 3 238
763 2 235
765 2 233
768 3 229
767 8 225
769 8 223
768 10 222
767 10 223
773 10 217
775 10 215
775 12 213
769 14 217
769 14 217
768 13 219
770 14 216
773 14 213
772 15 213
773 13 214
776 13 211
777 16 207
778 15 207
782 16 202
785 21 194
786 22 192
784 22 194
783 22 195
784 21 195
787 23 190
788 26 186
786 27 187
788 24 188
782 26 192
770 41 189
764 43 193
762 40 198
751 47 202
749 45 206
747 45 208
743 47 210
728 51 221
722 51 227
718 53 229
714 57 229
709 53 238
705 53 242
704 58 238
699 57 244
694 54 252
687 50 263
676 53 271
665 62 273
656 65 279
656 67 277
644 73 283
640 69 291
632 69 299
627 65 308
624 69 307
617 68 315
615 64 321
613 59 328
613 57 330
605 62 333
609 53 338
605 53 342
607 53 340
606 51 343
607 48 345
604 48 348
608 50 342
612 48 340
613 47 340
614 43 343
611 47 342
608 50 342
606 48 346
604 49 347
599 55 346
598 50 352
600 49 351
596 47 357
592 47 361
591 40 369
595 32 373
600 27 373
600 27 373
604 29 367
609 25 366
618 27 355
614 29 357
614 30 356
613 34 353
614 29 357
619 27 354
626 27 347
629 21 350
637 20 343
644 21 335
649 18 333
652 15 333
657 12 331
665 10 325
666 13 321
669 12 319
676 11 313
679 12 309
685 12 303
690 12 298
698 12 290
701 8 291
708 8 284
714 7 279
715 8 277
721 7 272
726 8 266
726 9 265
727 11 262
726 14 260
729 12 259
727 14 259
729 12 259
731 15 254
732 18 250
734 17 249
732 19 249
732 21 247
736 19 245
737 19 244
736 17 247
737 14 249
740 15 245
740 14 246
743 18 239
749 16 235
751 17 232
755 15 230
751 21 228
750 23 227
746 29 225
744 34 222
742 33 225
738 33 229
735 37 228
730 42 228
711 56 233
701 63 236
686 75 239
672 86 242
665 89 246
655 85 260
647 84 269
639 83 278
627 88 285
613 100 287
608 94 298
598 92 310
588 92 320
581 87 332
577 82 341
577 71 352
572 71 357
580 63 357
585 64 351
590 58 352
588 51 361
588 46 366
584 48 368
582 47 371
584 36 380
588 36 376
591 30 379
595 31 374
600 24 376
603 23 374
605 24 371
602 24 374
606 27 367
607 24 369
610 24 366
611 28 361
616 30 354
617 33 350
620 30 350
623 31 346
624 30 346
629 24 347
632 24 344
633 22 345
636 24 340
642 26 332
646 28 326
641 32 327
638 38 324
639 39 322
646 40 314
639 43 318
639 43 318
638 40 322
642 36 322
639 40 321
645 38 317
638 44 318
633 43 324
632 42 326
633 37 330
635 30 335
643 28 329
647 34 319
647 36 317
646 32 322
645 30 325
643 24 333
641 26 333
646 24 330
645 24 331
640 31 329
637 32 331
635 31 334
634 35 331
626 39 335
624 37 339
625 41 334
625 41 334
620 44 336
618 42 340
624 42 334
623 39 338
623 38 339
622 41 337
621 42 337
614 46 340
612 40 348
609 44 347
606 46 348
608 42 350
616 38 346
624 32 344
630 26 344
634 25 341
638 22 340
638 22 340
641 22 337
643 22 335
644 23 333
646 20 334
654 22 324
656 23 321
656 25 319
651 30 319
646 34 320
641 35 324
638 34 328
643 34 323
640 32 328
645 30 325
652 23 325
655 24 321
655 27 318
655 27 318
648 31 321
649 28 323
645 34 321
644 38 318
640 41 319
637 41 322
633 45 322
641 38 321
647 34 319
650 30 320
646 34 320
647 31 322
646 31 323
649 29 322
645 32 323
636 41 323
633 43 324
637 45 318
636 46 318
640 43 317
642 40 318
647 42 311
646 36 318
649 41 310
646 39 315
649 38 313
650 39 311
649 41 310
650 35 315
650 39 311
646 39 315
636 47 317
638 51 311
630 51 319
633 46 321
629 47 324
625 50 325
629 45 326
624 42 334
623 43 334
625 29 346
629 23 348
633 24 343
637 24 339
636 18 346
638 18 344
642 20 338
644 21 335
645 22 333
647 24 329
651 23 326
653 25 322
655 27 318
659 30 311
654 35 311
653 33 314
657 29 314
661 31 308
660 28 312
662 29 309
661 31 308
659 29 312
652 35 313
656 36 308
663 34 303
657 39 304
657 36 307
658 35 307
663 37 300
664 31 305
671 32 297
675 27 298
674 25 301
677 23 300
684 23 293
682 21 297
682 26 292
683 23 294
684 21 295
691 18 291
693 15 292
689 17 294
699 16 285
700 15 285
703 14 283
698 19 283
704 15 281
707 13 280
714 13 273
713 15 272
713 12 275
716 12 272
717 15 268
718 13 269
721 10 269
726 9 265
732 10 258
736 10 254
739 12 249
746 13 241
747 14 239
748 14 238
749 12 239
747 14 239
747 11 242
749 13 238
749 15 236
749 18 233
752 13 235
754 10 236
757 11 232
758 12 230
765 9 226
765 9 226
768 8 224
771 7 222
772 6 222
775 5 220
779 5 216
780 5 215
784 5 211
790 5 205
794 5 201
795 5 200
795 6 199
801 5 194
801 5 194
800 9 191
798 11 191
802 7 191
804 6 190
803 5 192
802 7 191
803 8 189
805 8 187
808 9 183
804 9 187
805 7 188
804 8 188
804 7 189
805 10 185
805 11 184
804 12 184
805 12 183
808 12 180
810 7 183
807 12 181
808 12 180
811 12 177
817 12 171
820 13 167
821 13 166
818 17 165
818 18 164
819 17 164
821 14 165
825 11 164
825 11 164
828 9 163
826 13 161
827 15 158
826 16 158
828 15 157
829 13 158
825 13 162
825 12 163
825 12 163
826 12 162
824 13 163
822 14 164
823 12 165
828 9 163
834 7 159
837 5 158
841 4 155
848 4 148
850 5 145
857 4 139
860 4 136
863 4 133
865 4 131
866 1 133
869 2 129
866 7 127
864 11 125
862 14 124
863 13 124
860 18 122
860 17 123
852 20 128
850 22 128
847 24 129
843 27 130
842 29 129
834 34 132
819 44 137
797 64 139
777 74 149
750 87 163
725 95 180
713 93 194
700 97 203
686 97 217
667 101 232
659 99 242
644 100 256
639 103 258
631 95 274
614 100 286
606 91 303
607 82 311
599 77 324
593 71 336
598 62 340
593 60 347
591 60 349
590 55 355
594 47 359
597 44 359
595 45 360
589 45 366
594 41 365
592 44 364
596 42 362
594 42 364
589 42 369
588 46 366
585 42 373
584 42 374
584 41 375
591 36 373
592 35 373
590 38 372
591 35 374
591 32 377
595 24 381
598 23 379
603 23 374
604 22 374
607 25 368
610 24 366
614 21 365
625 22 353
627 24 349
628 24 348
633 25 342
637 21 342
641 23 336
637 24 339
637 27 336
643 26 331
649 26 325
647 27 326
647 25 328
649 25 326
649 28 323
646 33 321
647 31 322
641 36 323
636 40 324
639 37 324
632 46 322
630 45 325
637 45 318
639 45 316
636 48 316
633 47 320
632 49 319
637 47 316
634 48 318
634 44 322
630 49 321
632 43 325
637 40 323
637 40 323
637 40 323
636 43 321
634 40 326
633 38 329
636 38 326
633 35 332
636 35 329
637 31 332
645 27 328
646 28 326
653 25 322
652 20 328
656 19 325
657 16 327
662 15 323
665 18 317
667 17 316
667 18 315
671 14 315
669 16 315
670 20 310
673 23 304
672 28 300
671 26 303
678 26 296
680 27 293
684 25 291
681 28 291
684 26 290
688 25 287
684 28 288
687 30 283
689 30 281
688 30 282
691 29 280
691 23 286
694 19 287
696 18 286
698 18 284
708 17 275
713 21 266
716 21 263
713 22 265
710 25 265
710 21 269
709 29 262
710 31 259
709 32 259
711 28 261
711 26 263
709 21 270
709 20 271
712 19 269
707 23 270
699 32 269
692 38 270
682 41 277
682 46 272
673 57 270
674 53 273
667 57 276
657 57 286
654 52 294
653 45 302
653 39 308
648 39 313
653 32 315
653 34 313
653 35 312
647 37 316
640 42 318
632 51 317
632 47 321
635 42 323
638 40 322
635 39 326
634 36 330
635 38 327
635 33 332
633 39 328
633 39 328
635 38 327
634 37 329
638 37 325
643 28 329
644 29 327
641 37 322
635 38 327
637 32 331
637 32 331
638 39 323
635 37 328
624 45 331
619 46 335
619 43 338
617 45 338
623 44 333
625 45 330
626 38 336
627 38 335
625 41 334
627 40 333
621 40 339
621 41 338
622 43 335
621 41 338
619 40 341
619 37 344
618 36 346
618 33 349
622 28 350
631 25 344
634 22 344
633 25 342
638 26 336
637 28 335
640 24 336
641 22 337
646 26 328
639 33 328
639 34 327
