995 5 0
990 10 0
988 10 2
986 10 4
976 17 7
973 18 9
967 20 13
956 31 13
936 44 20
924 49 27
899 68 33
870 84 46
845 96 59
815 113 72
784 134 82
753 149 98
716 164 120
676 180 144
641 188 171
618 176 206
595 182 223
558 191 251
543 178 279
533 172 295
521 160 319
507 151 342
502 138 360
499 122 379
486 118 396
485 116 399
482 107 411
482 94 424
486 79 435
489 72 439
493 65 442
500 57 443
503 57 440
508 50 442
518 44 438
525 34 441
530 32 438
529 28 443
532 31 437
540 29 431
549 27 424
546 28 426
548 28 424
550 29 421
554 30 416
559 29 412
552 36 412
553 31 416
553 33 414
552 25 423
559 24 417
569 20 411
571 22 407
568 27 405
578 24 398
582 26 392
581 29 390
586 28 386
595 27 378
599 27 374
600 28 372
605 22 373
611 18 371
617 16 367
617 19 364
625 17 358
637 14 349
639 13 348
643 11 346
645 11 344
645 13 342
648 13 339
652 15 333
653 14 333
656 9 335
656 13 331
657 18 325
659 21 320
658 19 323
661 21 318
662 20 318
663 19 318
661 24 315
654 29 317
652 30 318
651 28 321
650 27 323
648 26 326
652 24 324
661 19 320
670 20 310
672 18 310
672 19 309
675 22 303
677 29 294
674 28 298
671 34 295
672 32 296
677 30 293
679 29 292
683 25 292
687 26 287
689 25 286
690 26 284
692 26 282
688 24 288
688 25 287
689 20 291
691 17 292
693 19 288
690 25 285
696 26 278
697 25 278
699 25 276
696 27 277
697 26 277
695 29 276
700 27 273
694 37 269
695 39 266
692 47 261
685 51 264
683 50 267
684 46 270
681 42 277
676 45 279
675 45 280
665 53 282
655 58 287
653 57 290
641 60 299
635 62 303
633 57 310
626 57 317
621 56 323
614 56 330
608 51 341
610 40 350
610 38 352
609 38 353
601 40 359
603 42 355
598 38 364
594 40 366
592 38 370
587 40 373
580 39 381
578 38 384
575 38 387
570 49 381
566 48 386
565 46 389
568 42 390
573 37 390
574 37 389
573 33 394
572 36 392
581 32 387
581 37 382
585 38 377
584 37 379
584 36 380
588 29 383
595 23 382
595 23 382
599 22 379
599 22 379
602 22 376
608 21 371
611 19 370
615 16 369
617 19 364
621 17 362
634 15 351
638 14 348
640 13 347
648 10 342
650 10 340
658 6 336
664 7 329
671 7 322
679 5 316
690 6 304
694 7 299
698 9 293
703 10 287
708 10 282
713 10 277
720 11 269
721 9 270
725 9 266
729 7 264
732 7 261
735 6 259
737 5 258
742 2 256
743 2 255
750 2 248
759 2 239
765 1 234
773 1 226
780 1 219
783 1 216
787 0 213
790 0 210
793 0 207
793 0 207
797 0 203
801 0 199
806 0 194
808 0 192
810 0 190
814 0 186
816 0 184
823 0 177
828 0 172
831 0 169
833 0 167
835 0 165
838 0 162
840 0 160
842 0 158
842 0 158
844 0 156
844 0 156
846 0 154
851 0 149
853 0 147
856 0 144
860 0 140
862 0 138
864 0 136
870 0 130
871 0 129
872 0 128
872 0 128
875 0 125
878 0 122
881 0 119
887 0 113
890 0 110
894 0 106
895 0 105
898 0 102
899 0 101
901 0 99
901 0 99
902 0 98
904 0 96
905 0 95
906 0 94
907 0 93
909 0 91
909 0 91
912 0 88
916 0 84
918 0 82
918 0 82
921 0 79
922 0 78
923 0 77
924 0 76
926 0 74
929 0 71
931 0 69
933 0 67
935 0 65
935 0 65
935 0 65
936 0 64
938 0 62
938 0 62
939 0 61
939 0 61
941 0 59
941 0 59
941 0 59
942 0 58
942 0 58
944 0 56
945 0 55
946 0 54
946 0 54
948 0 52
948 0 52
949 0 51
949 0 51
951 0 49
951 0 49
953 0 47
953 0 47
955 0 45
955 0 45
957 0 43
957 0 43
957 0 43
957 0 43
960 0 40
960 0 40
960 0 40
960 0 40
961 0 39
963 0 37
965 0 35
965 0 35
966 0 34
966 0 34
967 0 33
967 0 33
967 0 33
967 0 33
967 0 33
968 0 32
968 0 32
968 0 32
968 0 32
968 0 32
968 0 32
968 0 32
968 0 32
969 0 31
970 0 30
970 0 30
971 0 29
973 0 27
973 0 27
974 0 26
974 0 26
974 0 26
974 0 26
975 0 25
976 0 24
976 0 24
976 0 24
976 0 24
976 0 24
977 0 23
977 0 23
977 0 23
977 0 23
978 0 22
978 0 22
979 0 21
980 0 20
980 0 20
980 0 20
981 0 19
982 0 18
982 0 18
982 0 18
982 0 18
983 0 17
983 0 17
983 0 17
984 0 16
984 0 16
986 0 14
986 0 14
986 0 14
986 0 14
987 0 13
987 0 13
987 0 13
987 0 13
988 0 12
988 0 12
988 0 12
988 0 12
988 0 12
988 0 12
989 0 11
989 0 11
989 0 11
989 0 11
989 0 11
989 0 11
990 0 10
991 0 9
991 0 9
991 0 9
991 0 9
991 0 9
991 0 9
991 0 9
991 0 9
991 0 9
992 0 8
992 0 8
992 0 8
992 0 8
992 0 8
992 0 8
992 0 8
992 0 8
992 0 8
992 0 8
992 0 8
992 0 8
992 0 8
992 0 8
992 0 8
992 0 8
993 0 7
993 0 7
993 0 7
993 0 7
993 0 7
993 0 7
993 0 7
993 0 7
993 0 7
993 0 7
993 0 7
993 0 7
993 0 7
993 0 7
994 0 6
995 0 5
995 0 5
995 0 5
995 0 5
995 0 5
995 0 5
995 0 5
995 0 5
995 0 5
995 0 5
995 0 5
995 0 5
995 0 5
995 0 5
995 0 5
995 0 5
995 0 5
996 0 4
996 0 4
997 0 3
997 0 3
997 0 3
997 0 3
998 0 2
998 0 2
998 0 2
998 0 2
998 0 2
998 0 2
998 0 2
999 0 1
999 0 1
999 0 1
999 0 1
999 0 1
999 0 1
999 0 1
999 0 1
999 0 1
999 0 1
999 0 1
999 0 1
999 0 1
999 0 1
999 0 1
999 0 1
999 0 1
999 0 1
999 0 1
999 0 1
999 0 1
999 0 1
999 0 1
999 0 1
999 0 1
999 0 1
999 0 1
999 0 1
999 0 1
999 0 1
999 0 1
999 0 1
999 0 1
999 0 1
999 0 1
999 0 1
999 0 1
999 0 1
999 0 1
999 0 1
999 0 1
999 0 1
999 0 1
999 0 1
999 0 1
999 0 1
999 0 1
999 0 1
999 0 1
999 0 1
999 0 1
999 0 1
999 0 1
999 0 1
999 0 1
999 0 1
999 0 1
999 0 1
999 0 1
999 0 1
999 0 1
999 0 1
999 0 1
999 0 1
999 0 1
999 0 1
999 0 1
999 0 1
999 0 1
999 0 1
999 0 1
999 0 1
999 0 1
999 0 1
999 0 1
999 0 1
999 0 1
999 0 1
999 0 1
999 0 1
999 0 1
999 0 1
999 0 1
999 0 1
999 0 1
999 0 1
999 0 1
999 0 1
999 0 1
999 0 1
999 0 1
999 0 1
999 0 1
999 0 1
999 0 1
999 0 1
999 0 1
999 0 1
999 0 1
999 0 1
999 0 1
999 0 1
999 0 1
999 0 1
999 0 1
999 0 1
999 0 1
999 0 1
999 0 1
999 0 1
999 0 1
999 0 1
999 0 1
999 0 1
999 0 1
999 0 1
999 0 1
999 0 1
999 0 1
999 0 1
999 0 1
999 0 1
999 0 1
999 0 1
999 0 1
999 0 1
999 0 1
999 0 1
999 0 1
999 0 1
999 0 1
999 0 1
999 0 1
999 0 1
999 0 1
999 0 1
999 0 1
999 0 1
999 0 1
999 0 1
999 0 1
999 0 1
999 0 1
999 0 1
999 0 1
999 0 1
999 0 1
999 0 1
999 0 1
999 0 1
999 0 1
999 0 1
999 0 1
999 0 1
999 0 1
999 0 1
999 0 1
999 0 1
999 0 1
999 0 1
999 0 1
999 0 1
999 0 1
999 0 1
999 0 1
999 0 1
999 0 1
999 0 1
999 0 1
999 0 1
999 0 1
999 0 1
999 0 1
999 0 1
999 0 1
999 0 1
1000 0 0
1000 0 0
1000 0 0
1000 0 0
1000 0 0
1000 0 0
1000 0 0
1000 0 0
1000 0 0
1000 0 0
1000 0 0
1000 0 0
1000 0 0
1000 0 0
1000 0 0
1000 0 0
1000 0 0
1000 0 0
1000 0 0
1000 0 0
1000 0 0
1000 0 0
1000 0 0
1000 0 0
1000 0 0
1000 0 0
1000 0 0
1000 0 0
1000 0 0
1000 0 0
1000 0 0
1000 0 0
1000 0 0
1000 0 0
1000 0 0
1000 0 0
1000 0 0
1000 0 0
1000 0 0
1000 0 0
1000 0 0
1000 0 0
1000 0 0
1000 0 0
1000 0 0
1000 0 0
1000 0 0
1000 0 0
1000 0 0
1000 0 0
1000 0 0
1000 0 0
1000 0 0
1000 0 0
1000 0 0
1000 0 0
1000 0 0
1000 0 0
1000 0 0
1000 0 0
1000 0 0
1000 0 0
1000 0 0
1000 0 0
1000 0 0
1000 0 0
1000 0 0
1000 0 0
1000 0 0
1000 0 0
1000 0 0
1000 0 0
1000 0 0
1000 0 0
1000 0 0
1000 0 0
1000 0 0
1000 0 0
1000 0 0
1000 0 0
1000 0 0
1000 0 0
1000 0 0
1000 0 0
1000 0 0
1000 0 0
1000 0 0
1000 0 0
1000 0 0
1000 0 0
1000 0 0
1000 0 0
1000 0 0
1000 0 0
1000 0 0
1000 0 0
1000 0 0
1000 0 0
1000 0 0
1000 0 0
1000 0 0
1000 0 0
1000 0 0
1000 0 0
1000 0 0
1000 0 0
1000 0 0
1000 0 0
1000 0 0
1000 0 0
1000 0 0
1000 0 0
1000 0 0
1000 0 0
1000 0 0
1000 0 0
1000 0 0
1000 0 0
1000 0 0
1000 0 0
1000 0 0
1000 0 0
1000 0 0
1000 0 0
1000 0 0
1000 0 0
1000 0 0
1000 0 0
1000 0 0
1000 0 0
1000 0 0
1000 0 0
1000 0 0
1000 0 0
1000 0 0
1000 0 0
1000 0 0
1000 0 0
1000 0 0
1000 0 0
1000 0 0
1000 0 0
1000 0 0
1000 0 0
1000 0 0
1000 0 0
1000 0 0
1000 0 0
1000 0 0
1000 0 0
1000 0 0
1000 0 0
1000 0 0
1000 0 0
1000 0 0
1000 0 0
1000 0 0
1000 0 0
1000 0 0
1000 0 0
1000 0 0
1000 0 0
1000 0 0
1000 0 0
1000 0 0
1000 0 0
1000 0 0
1000 0 0
1000 0 0
1000 0 0
1000 0 0
1000 0 0
1000 0 0
1000 0 0
1000 0 0
1000 0 0
1000 0 0
1000 0 0
1000 0 0
1000 0 0
1000 0 0
1000 0 0
1000 0 0
1000 0 0
1000 0 0
1000 0 0
1000 0 0
1000 0 0
1000 0 0
1000 0 0
1000 0 0
1000 0 0
1000 0 0
1000 0 0
1000 0 0
1000 0 0
1000 0 0
1000 0 0
1000 0 0
1000 0 0
1000 0 0
1000 0 0
1000 0 0
1000 0 0
1000 0 0
1000 0 0
1000 0 0
1000 0 0
1000 0 0
1000 0 0
1000 0 0
1000 0 0
1000 0 0
1000 0 0
1000 0 0
1000 0 0
1000 0 0
1000 0 0
1000 0 0
1000 0 0
1000 0 0
1000 0 0
1000 0 0
1000 0 0
1000 0 0
1000 0 0
1000 0 0
1000 0 0
1000 0 0
1000 0 0
1000 0 0
1000 0 0
1000 0 0
1000 0 0
1000 0 0
1000 0 0
1000 0 0
1000 0 0
1000 0 0
1000 0 0
1000 0 0
1000 0 0
1000 0 0
1000 0 0
1000 0 0
1000 0 0
1000 0 0
1000 0 0
1000 0 0
1000 0 0
1000 0 0
1000 0 0
1000 0 0
1000 0 0
1000 0 0
1000 0 0
1000 0 0
1000 0 0
1000 0 0
1000 0 0
1000 0 0
1000 0 0
1000 0 0
1000 0 0
1000 0 0
1000 0 0
1000 0 0
1000 0 0
1000 0 0
1000 0 0
1000 0 0
1000 0 0
1000 0 0
1000 0 0
1000 0 0
1000 0 0
1000 0 0
1000 0 0
1000 0 0
1000 0 0
1000 0 0
1000 0 0
1000 0 0
1000 0 0
1000 0 0
1000 0 0
1000 0 0
1000 0 0
1000 0 0
1000 0 0
1000 0 0
1000 0 0
1000 0 0
1000 0 0
1000 0 0
1000 0 0
1000 0 0
1000 0 0
1000 0 0
1000 0 0
1000 0 0
1000 0 0
1000 0 0
1000 0 0
1000 0 0
1000 0 0
1000 0 0
1000 0 0
1000 0 0
1000 0 0
1000 0 0
1000 0 0
1000 0 0
1000 0 0
1000 0 0
1000 0 0
1000 0 0
1000 0 0
1000 0 0
1000 0 0
1000 0 0
1000 0 0
1000 0 0
1000 0 0
1000 0 0
1000 0 0
1000 0 0
1000 0 0
1000 0 0
1000 0 0
1000 0 0
1000 0 0
1000 0 0
1000 0 0
1000 0 0
1000 0 0
1000 0 0
1000 0 0
1000 0 0
1000 0 0
1000 0 0
1000 0 0
1000 0 0
1000 0 0
1000 0 0
1000 0 0
1000 0 0
1000 0 0
1000 0 0
1000 0 0
1000 0 0
1000 0 0
1000 0 0
1000 0 0
1000 0 0
1000 0 0
1000 0 0
1000 0 0
1000 0 0
1000 0 0
1000 0 0
1000 0 0
1000 0 0
1000 0 0
1000 0 0
1000 0 0
1000 0 0
1000 0 0
1000 0 0
1000 0 0
1000 0 0
1000 0 0
1000 0 0
1000 0 0
