995 5 0
991 9 0
984 14 2
978 17 5
960 32 8
935 55 10
907 73 20
864 108 28
827 126 47
792 131 77
750 146 104
701 176 123
655 196 149
623 204 173
597 192 211
576 188 236
560 182 258
539 178 283
512 184 304
493 180 327
482 170 348
473 158 369
471 141 388
471 122 407
469 114 417
466 105 429
464 95 441
463 79 458
471 70 459
474 71 455
479 68 453
481 62 457
485 54 461
490 50 460
493 44 463
490 45 465
486 48 466
489 46 465
488 43 469
492 36 472
496 30 474
504 30 466
509 29 462
520 26 454
525 26 449
531 18 451
539 16 445
551 16 433
557 14 429
564 14 422
570 10 420
577 8 415
581 9 410
590 8 402
591 11 398
600 10 390
602 12 386
602 16 382
601 20 379
607 17 376
614 15 371
616 14 370
618 16 366
620 15 365
627 12 361
631 11 358
636 11 353
637 15 348
642 18 340
639 24 337
640 22 338
639 24 337
636 27 337
635 31 334
633 29 338
633 29 338
636 26 338
641 24 335
643 21 336
648 18 334
651 17 332
652 19 329
661 15 324
665 16 319
668 18 314
673 19 308
673 21 306
678 23 299
663 35 302
651 44 305
638 48 314
632 51 317
628 52 320
630 53 317
622 55 323
623 50 327
620 46 334
622 44 334
617 47 336
619 44 337
623 39 338
622 40 338
622 39 339
623 36 341
622 36 342
623 33 344
629 31 340
633 33 334
638 32 330
636 32 332
636 34 330
639 34 327
640 30 330
645 30 325
636 35 329
634 37 329
635 35 330
637 32 331
639 31 330
640 30 330
635 32 333
638 32 330
639 33 328
635 31 334
642 27 331
643 25 332
644 27 329
650 23 327
657 21 322
662 18 320
663 20 317
666 17 317
665 21 314
667 22 311
669 24 307
669 25 306
667 23 310
671 24 305
672 21 307
669 22 309
671 21 308
675 18 307
673 19 308
684 14 302
687 14 299
691 13 296
694 12 294
696 10 294
697 14 289
702 11 287
707 9 284
709 8 283
708 9 283
714 10 276
718 9 273
722 10 268
722 11 267
723 11 266
725 10 265
728 9 263
730 10 260
733 11 256
740 9 251
744 10 246
744 14 242
740 21 239
734 26 240
732 27 241
724 37 239
721 34 245
720 31 249
718 33 249
723 28 249
725 25 250
726 23 251
726 23 251
727 23 250
725 23 252
723 26 251
724 26 250
721 29 250
719 31 250
721 32 247
717 35 248
719 32 249
719 31 250
719 29 252
714 34 252
714 34 252
707 36 257
709 34 257
708 34 258
709 34 257
703 35 262
707 29 264
710 29 261
709 25 266
699 32 269
694 38 268
687 40 273
679 44 277
673 47 280
671 47 282
667 47 286
662 48 290
656 51 293
653 50 297
652 51 297
641 54 305
632 57 311
627 57 316
629 56 315
627 60 313
632 57 311
627 58 315
621 55 324
620 56 324
617 57 326
613 56 331
614 53 333
617 50 333
611 48 341
611 40 349
613 35 352
625 29 346
626 25 349
628 25 347
627 24 349
629 23 348
630 24 346
633 25 342
635 25 340
636 24 340
632 26 342
632 26 342
627 32 341
625 37 338
620 40 340
614 44 342
604 50 346
597 57 346
593 54 353
588 51 361
592 42 366
596 34 370
600 32 368
607 26 367
607 26 367
607 25 368
615 26 359
615 26 359
620 28 352
620 30 350
621 31 348
621 32 347
625 27 348
633 27 340
634 24 342
638 25 337
641 27 332
645 27 328
640 27 333
641 28 331
646 25 329
645 29 326
649 27 324
653 28 319
655 25 320
657 26 317
655 28 317
657 26 317
652 32 316
651 35 314
653 34 313
652 32 316
655 28 317
652 29 319
648 30 322
650 24 326
648 28 324
649 27 324
649 22 329
648 23 329
650 24 326
651 20 329
652 14 334
655 18 327
657 15 328
655 17 328
662 14 324
667 14 319
672 13 315
679 11 310
688 11 301
690 10 300
691 12 297
698 11 291
703 13 284
701 16 283
699 14 287
697 17 286
698 16 286
700 15 285
701 16 283
703 17 280
701 18 281
701 20 279
707 22 271
709 20 271
711 18 271
713 13 274
717 11 272
723 13 264
722 19 259
710 30 260
705 33 262
699 35 266
703 37 260
694 41 265
688 45 267
684 45 271
679 49 272
665 58 277
658 58 284
650 61 289
646 64 290
640 64 296
626 69 305
617 74 309
615 72 313
616 67 317
611 68 321
608 65 327
601 66 333
597 63 340
589 70 341
585 74 341
583 70 347
576 72 352
574 67 359
573 66 361
572 67 361
569 70 361
564 76 360
559 74 367
560 74 366
562 68 370
565 62 373
565 66 369
569 61 370
565 62 373
569 57 374
566 60 374
566 60 374
568 57 375
568 53 379
565 50 385
569 47 384
572 51 377
576 52 372
580 46 374
577 48 375
576 48 376
576 44 380
574 44 382
572 45 383
575 37 388
581 38 381
583 39 378
580 35 385
578 36 386
585 29 386
591 23 386
597 21 382
604 17 379
608 14 378
615 11 374
617 13 370
628 13 359
634 11 355
637 11 352
637 12 351
643 12 345
646 12 342
646 11 343
648 10 342
647 13 340
648 17 335
653 15 332
658 16 326
661 11 328
664 10 326
666 9 325
671 11 318
666 17 317
671 17 312
671 17 312
672 16 312
676 14 310
675 16 309
679 14 307
676 13 311
674 17 309
674 21 305
683 19 298
683 20 297
683 17 300
679 21 300
683 17 300
680 20 300
680 24 296
685 24 291
690 20 290
690 22 288
687 23 290
685 25 290
680 27 293
669 40 291
667 46 287
664 46 290
657 49 294
649 50 301
645 46 309
645 41 314
645 42 313
652 37 311
648 39 313
643 36 321
646 37 317
644 37 319
644 34 322
634 42 324
624 47 329
622 38 340
622 37 341
620 35 345
622 36 342
626 33 341
626 35 339
626 32 342
631 24 345
629 24 347
640 23 337
643 20 337
649 20 331
651 21 328
654 25 321
652 25 323
643 28 329
643 25 332
645 26 329
647 30 323
651 27 322
657 24 319
662 25 313
666 30 304
669 24 307
661 30 309
661 29 310
660 31 309
657 30 313
661 31 308
657 33 310
663 30 307
663 32 305
664 28 308
664 32 304
665 26 309
665 27 308
664 33 303
665 31 304
664 30 306
662 31 307
661 30 309
651 37 312
648 34 318
653 31 316
651 37 312
653 31 316
653 27 320
657 27 316
657 27 316
661 26 313
664 21 315
666 21 313
667 23 310
674 21 305
677 21 302
680 20 300
679 19 302
684 17 299
693 13 294
694 13 293
696 13 291
694 17 289
690 23 287
686 25 289
683 25 292
682 28 290
676 30 294
666 38 296
663 42 295
661 41 298
652 47 301
640 50 310
633 52 315
629 51 320
626 49 325
625 45 330
629 40 331
632 39 329
626 41 333
623 41 336
625 38 337
629 41 330
630 41 329
633 41 326
636 34 330
639 33 328
647 33 320
653 32 315
655 28 317
655 29 316
660 27 313
659 27 314
660 31 309
652 39 309
645 43 312
642 48 310
632 51 317
629 54 317
627 55 318
629 49 322
630 50 320
628 49 323
631 44 325
632 43 325
628 44 328
629 42 329
635 37 328
638 31 331
640 32 328
651 29 320
651 30 319
652 27 321
648 35 317
653 30 317
652 33 315
644 39 317
642 42 316
638 43 319
642 38 320
641 37 322
642 41 317
642 40 318
642 38 320
636 42 322
635 40 325
638 30 332
639 26 335
641 26 333
651 24 325
655 25 320
656 25 319
657 27 316
656 35 309
657 36 307
654 42 304
652 43 305
653 37 310
652 33 315
653 31 316
652 33 315
653 32 315
656 31 313
655 27 318
659 31 310
661 34 305
663 37 300
662 36 302
669 30 301
665 34 301
670 31 299
668 30 302
670 31 299
668 32 300
665 35 300
668 37 295
662 32 306
660 32 308
666 31 303
671 29 300
667 34 299
666 33 301
664 33 303
666 27 307
667 30 303
663 36 301
656 45 299
653 46 301
642 59 299
636 60 304
631 65 304
620 74 306
604 90 306
597 95 308
594 81 325
585 82 333
583 75 342
576 67 357
574 69 357
574 65 361
576 60 364
578 51 371
580 47 373
582 38 380
595 32 373
604 27 369
612 23 365
616 21 363
621 21 358
622 20 358
627 18 355
626 21 353
631 20 349
640 17 343
647 18 335
648 25 327
653 21 326
652 21 327
649 22 329
653 20 327
653 20 327
656 17 327
657 14 329
659 18 323
666 15 319
670 16 314
669 16 315
675 13 312
675 17 308
679 16 305
680 13 307
685 14 301
689 14 297
692 17 291
696 16 288
693 20 287
696 22 282
700 17 283
700 15 285
699 20 281
702 20 278
703 20 277
701 22 277
701 25 274
702 24 274
704 25 271
703 25 272
702 26 272
704 22 274
707 22 271
709 15 276
720 13 267
725 11 264
726 15 259
725 19 256
727 20 253
731 16 253
729 18 253
731 19 250
738 17 245
733 21 246
732 28 240
725 35 240
727 37 236
719 37 244
718 35 247
712 39 249
709 42 249
709 38 253
706 39 255
700 44 256
695 45 260
684 50 266
679 56 265
667 62 271
660 61 279
652 66 282
645 64 291
637 63 300
632 63 305
621 64 315
617 62 321
609 61 330
605 64 331
602 60 338
603 52 345
610 49 341
604 51 345
606 48 346
610 44 346
609 45 346
604 49 347
608 45 347
608 42 350
618 36 346
614 42 344
607 49 344
602 52 346
600 52 348
600 49 351
604 47 349
603 53 344
595 54 351
593 55 352
576 70 354
571 72 357
570 68 362
570 66 364
571 65 364
565 70 365
566 64 370
567 53 380
565 50 385
575 43 382
576 41 383
580 40 380
585 34 381
587 35 378
590 33 377
595 35 370
599 31 370
598 30 372
597 27 376
597 31 372
593 39 368
590 38 372
589 45 366
583 44 373
584 44 372
579 45 376
577 43 380
576 44 380
580 49 371
579 44 377
578 45 377
582 38 380
582 36 382
583 35 382
581 38 381
581 30 389
585 30 385
588 26 386
590 32 378
587 31 382
585 38 377
580 41 379
582 44 374
579 43 378
577 47 376
570 53 377
565 55 380
567 51 382
566 51 383
566 53 381
566 47 387
566 43 391
565 42 393
563 42 395
562 46 392
562 47 391
559 50 391
555 47 398
548 49 403
550 46 404
555 43 402
553 48 399
553 43 404
553 45 402
551 39 410
554 35 411
553 34 413
552 30 418
557 26 417
561 26 413
561 28 411
563 29 408
562 29 409
562 27 411
571 25 404
576 25 399
576 27 397
579 23 398
583 22 395
589 20 391
598 19 383
602 17 381
607 15 378
612 15 373
614 13 373
623 10 367
626 11 363
626 11 363
631 13 356
632 12 356
639 11 350
638 16 346
638 16 346
645 14 341
647 11 342
654 7 339
658 9 333
658 7 335
661 6 333
670 6 324
674 6 320
679 4 317
686 4 310
695 1 304
701 1 298
704 1 295
709 1 290
713 1 286
721 0 279
728 0 272
731 0 269
735 0 265
739 1 260
745 2 253
751 1 248
756 1 243
761 0 239
763 0 237
765 0 235
767 0 233
771 0 229
773 0 227
778 0 222
783 0 217
786 0 214
791 0 209
796 0 204
799 0 201
808 0 192
811 0 189
812 0 188
817 0 183
818 0 182
821 0 179
824 0 176
827 0 173
826 2 172
824 4 172
826 3 171
827 4 169
830 2 168
834 4 162
836 6 158
834 9 157
836 11 153
834 12 154
831 15 154
832 14 154
832 14 154
832 13 155
829 17 154
825 21 154
825 22 153
821 23 156
815 26 159
798 36 166
784 44 172
772 54 174
757 61 182
742 72 186
731 70 199
711 78 211
702 76 222
686 83 231
679 78 243
670 73 257
665 71 264
656 66 278
651 60 289
652 64 284
652 60 288
649 60 291
645 62 293
639 61 300
634 63 303
632 60 308
634 52 314
628 54 318
624 55 321
632 48 320
630 50 320
627 55 318
630 46 324
628 46 326
630 47 323
635 41 324
642 38 320
649 36 315
648 38 314
646 35 319
648 35 317
652 31 317
658 28 314
660 30 310
657 34 309
661 34 305
655 38 307
654 43 303
656 44 300
649 54 297
645 47 308
641 45 314
633 50 317
630 43 327
627 46 327
620 50 330
613 49 338
611 46 343
602 53 345
598 54 348
601 49 350
596 56 348
600 47 353
599 49 352
597 49 354
592 54 354
598 50 352
598 55 347
595 52 353
598 47 355
599 43 358
595 40 365
600 35 365
598 35 367
599 29 372
606 31 363
609 28 363
603 30 367
600 39 361
599 36 365
605 30 365
608 28 364
618 26 356
619 24 357
628 22 350
630 21 349
633 21 346
636 19 345
634 20 346
636 22 342
630 28 342
630 28 342
631 25 344
635 23 342
634 22 344
628 30 342
619 37 344
610 45 345
601 52 347
591 51 358
588 49 363
595 49 356
589 56 355
590 54 356
586 55 359
586 49 365
582 50 368
580 53 367
580 52 368
581 51 368
580 48 372
583 47 370
575 53 372
570 50 380
569 42 389
569 42 389
568 42 390
570 43 387
573 37 390
581 37 382
580 37 383
583 35 382
585 36 379
583 33 384
585 35 380
592 27 381
600 25 375
602 23 375
605 19 376
609 20 371
609 18 373
609 24 367
617 18 365
618 18 364
622 17 361
