1000 0 0
999 1 0
999 0 1
999 0 1
998 1 1
997 1 2
995 3 2
994 4 2
988 8 4
978 16 6
952 38 10
932 52 16
905 69 26
869 96 35
838 112 50
801 134 65
757 156 87
716 169 115
683 177 140
642 190 168
615 198 187
589 190 221
569 185 246
546 188 266
536 185 279
519 174 307
498 172 330
483 157 360
476 156 368
472 140 388
472 125 403
470 110 420
472 97 431
473 89 438
472 88 440
469 82 449
470 76 454
476 70 454
479 59 462
481 54 465
485 50 465
496 42 462
500 41 459
502 36 462
506 36 458
508 29 463
515 22 463
528 17 455
532 19 449
544 19 437
555 14 431
560 12 428
564 18 418
567 20 413
570 19 411
572 20 408
572 22 406
573 26 401
584 26 390
584 31 385
582 29 389
583 26 391
585 24 391
590 22 388
592 23 385
597 19 384
598 21 381
599 20 381
603 20 377
610 23 367
612 29 359
616 31 353
618 27 355
614 31 355
615 27 358
620 27 353
627 28 345
631 26 343
638 24 338
641 21 338
645 18 337
649 16 335
648 17 335
655 17 328
655 18 327
659 18 323
659 20 321
666 18 316
666 22 312
668 22 310
675 21 304
678 24 298
678 28 294
677 31 292
676 32 292
681 30 289
684 27 289
679 31 290
678 30 292
675 32 293
672 34 294
676 32 292
677 33 290
672 39 289
675 33 292
677 30 293
681 26 293
683 25 292
683 28 289
680 26 294
678 27 295
680 27 293
676 31 293
673 33 294
673 28 299
671 25 304
669 21 310
669 23 308
664 30 306
660 33 307
650 41 309
633 55 312
637 59 304
626 57 317
621 60 319
611 69 320
598 75 327
591 75 334
579 79 342
572 82 346
568 74 358
560 74 366
555 73 372
555 69 376
555 68 377
555 64 381
559 58 383
562 54 384
563 51 386
568 45 387
570 46 384
571 39 390
572 40 388
576 33 391
586 29 385
587 28 385
588 28 384
589 23 388
596 20 384
598 22 380
602 23 375
606 23 371
617 21 362
620 20 360
626 18 356
631 16 353
637 17 346
639 16 345
636 20 344
643 17 340
648 18 334
649 22 329
647 26 327
645 27 328
645 25 330
646 25 329
645 25 330
649 25 326
650 21 329
651 25 324
661 19 320
663 21 316
670 22 308
669 24 307
669 20 311
674 19 307
671 24 305
667 29 304
675 27 298
673 30 297
665 38 297
664 42 294
662 44 294
659 45 296
660 44 296
653 49 298
641 55 304
635 60 305
631 65 304
632 65 303
623 69 308
612 73 315
606 84 310
600 82 318
596 86 318
591 83 326
592 78 330
585 80 335
576 69 355
576 66 358
575 67 358
574 66 360
570 61 369
565 60 375
564 58 378
562 50 388
557 53 390
560 46 394
561 47 392
563 43 394
565 43 392
561 50 389
566 48 386
566 41 393
563 47 390
560 47 393
565 42 393
561 46 393
560 42 398
562 40 398
570 36 394
569 37 394
567 42 391
561 42 397
558 51 391
556 51 393
558 53 389
561 53 386
565 52 383
563 47 390
559 44 397
557 44 399
559 44 397
557 44 399
554 49 397
552 49 399
552 44 404
555 41 404
556 43 401
559 38 403
558 40 402
555 47 398
555 49 396
557 50 393
560 48 392
563 48 389
561 49 390
564 40 396
566 42 392
570 36 394
577 36 387
585 36 379
588 36 376
597 32 371
599 30 371
601 31 368
605 31 364
611 33 356
615 30 355
617 24 359
620 23 357
619 21 360
626 19 355
625 20 355
628 18 354
636 16 348
641 18 341
643 20 337
642 22 336
640 26 334
642 24 334
642 18 340
645 16 339
646 15 339
652 14 334
655 12 333
661 12 327
662 14 324
661 19 320
657 23 320
662 23 315
664 28 308
664 29 307
670 24 306
665 25 310
664 25 311
661 28 311
664 26 310
668 21 311
669 22 309
679 23 298
679 24 297
675 30 295
676 27 297
672 29 299
675 28 297
679 20 301
681 17 302
679 18 303
677 17 306
683 13 304
686 13 301
687 12 301
689 11 300
694 12 294
697 11 292
708 7 285
716 7 277
718 6 276
727 8 265
729 12 259
733 12 255
736 14 250
736 15 249
731 19 250
728 25 247
731 20 249
729 23 248
724 28 248
720 30 250
718 30 252
717 32 251
711 35 254
697 45 258
691 49 260
679 56 265
675 53 272
660 62 278
649 66 285
641 69 290
631 72 297
628 65 307
624 60 316
615 65 320
605 70 325
606 58 336
603 59 338
596 68 336
592 72 336
591 73 336
581 78 341
575 80 345
566 83 351
560 82 358
561 76 363
557 74 369
554 70 376
552 64 384
552 63 385
560 60 380
565 56 379
569 52 379
564 54 382
566 54 380
563 54 383
563 51 386
566 50 384
575 49 376
580 41 379
582 39 379
580 37 383
579 39 382
587 35 378
584 36 380
582 41 377
582 46 372
576 45 379
581 41 378
586 35 379
585 32 383
587 30 383
589 29 382
589 28 383
592 27 381
599 20 381
607 20 373
608 20 372
612 23 365
613 23 364
616 24 360
624 21 355
628 22 350
633 19 348
639 19 342
646 21 333
646 21 333
654 17 329
657 16 327
659 15 326
661 14 325
664 17 319
670 14 316
673 15 312
679 13 308
678 18 304
678 18 304
680 14 306
679 14 307
681 12 307
688 9 303
696 8 296
697 10 293
699 15 286
696 17 287
701 17 282
700 19 281
699 17 284
699 16 285
703 15 282
708 13 279
712 11 277
716 11 273
716 13 271
720 13 267
725 12 263
728 15 257
732 13 255
734 13 253
737 13 250
737 15 248
739 14 247
743 12 245
747 12 241
751 9 240
751 8 241
753 8 239
758 9 233
760 8 232
766 8 226
766 10 224
769 7 224
771 7 222
771 9 220
766 14 220
764 17 219
765 15 220
762 20 218
760 21 219
745 33 222
740 34 226
737 33 230
730 36 234
725 40 235
721 43 236
717 45 238
712 44 244
705 45 250
707 39 254
704 38 258
697 43 260
694 43 263
692 44 264
688 38 274
687 34 279
687 31 282
687 29 284
685 31 284
688 33 279
682 37 281
682 36 282
681 36 283
680 34 286
679 35 286
686 32 282
688 24 288
693 23 284
695 20 285
698 18 284
702 12 286
710 10 280
715 10 275
718 6 276
722 7 271
724 9 267
727 8 265
733 11 256
736 11 253
736 9 255
744 8 248
752 8 240
753 9 238
755 7 238
756 8 236
758 10 232
762 8 230
764 8 228
769 7 224
770 5 225
773 3 224
777 3 220
783 2 215
786 2 212
794 2 204
798 1 201
801 1 198
804 1 195
811 1 188
813 0 187
817 0 183
820 1 179
826 1 173
831 1 168
833 1 166
835 0 165
838 0 162
840 0 160
842 0 158
845 0 155
848 0 152
851 0 149
853 0 147
855 0 145
857 0 143
859 0 141
864 0 136
865 0 135
868 0 132
872 0 128
872 0 128
874 0 126
875 0 125
876 0 124
878 0 122
878 0 122
879 0 121
882 0 118
884 0 116
886 0 114
888 0 112
891 0 109
892 0 108
892 0 108
898 0 102
899 0 101
903 0 97
905 0 95
909 0 91
909 0 91
910 0 90
910 0 90
911 0 89
911 0 89
914 0 86
914 0 86
915 0 85
917 0 83
920 0 80
920 0 80
922 0 78
926 0 74
926 0 74
929 0 71
930 0 70
931 0 69
932 0 68
936 0 64
936 0 64
936 0 64
937 0 63
938 0 62
938 0 62
939 0 61
941 0 59
942 0 58
942 0 58
945 0 55
946 0 54
946 0 54
946 0 54
946 0 54
947 0 53
948 0 52
949 0 51
950 0 50
950 0 50
952 0 48
954 0 46
955 0 45
956 0 44
958 0 42
959 0 41
959 0 41
961 0 39
961 0 39
961 0 39
963 0 37
963 0 37
964 0 36
965 0 35
966 0 34
966 0 34
966 0 34
967 0 33
968 0 32
968 0 32
968 0 32
968 0 32
970 0 30
970 0 30
971 0 29
971 0 29
971 0 29
971 0 29
971 0 29
971 0 29
972 0 28
974 0 26
975 0 25
976 0 24
976 0 24
977 0 23
977 0 23
977 0 23
979 0 21
980 0 20
980 0 20
980 0 20
980 0 20
981 0 19
981 0 19
982 0 18
982 0 18
982 0 18
983 0 17
983 0 17
983 0 17
984 0 16
984 0 16
984 0 16
984 0 16
984 0 16
985 0 15
985 0 15
986 0 14
986 0 14
986 0 14
987 0 13
987 0 13
987 0 13
987 0 13
988 0 12
988 0 12
988 0 12
988 0 12
989 0 11
990 0 10
990 0 10
990 0 10
991 0 9
991 0 9
991 0 9
993 0 7
994 0 6
994 0 6
994 0 6
994 0 6
994 0 6
994 0 6
994 0 6
994 0 6
994 0 6
994 0 6
994 0 6
995 0 5
996 0 4
997 0 3
997 0 3
997 0 3
997 0 3
997 0 3
997 0 3
997 0 3
998 0 2
998 0 2
998 0 2
998 0 2
998 0 2
998 0 2
998 0 2
998 0 2
998 0 2
998 0 2
998 0 2
998 0 2
998 0 2
998 0 2
998 0 2
998 0 2
998 0 2
998 0 2
998 0 2
998 0 2
998 0 2
998 0 2
998 0 2
998 0 2
998 0 2
998 0 2
998 0 2
998 0 2
998 0 2
998 0 2
998 0 2
998 0 2
998 0 2
998 0 2
998 0 2
998 0 2
998 0 2
998 0 2
998 0 2
998 0 2
998 0 2
998 0 2
998 0 2
998 0 2
999 0 1
999 0 1
999 0 1
999 0 1
999 0 1
999 0 1
999 0 1
999 0 1
999 0 1
999 0 1
999 0 1
999 0 1
999 0 1
999 0 1
999 0 1
999 0 1
999 0 1
999 0 1
999 0 1
999 0 1
999 0 1
999 0 1
999 0 1
999 0 1
999 0 1
999 0 1
999 0 1
999 0 1
999 0 1
999 0 1
999 0 1
999 0 1
999 0 1
999 0 1
999 0 1
999 0 1
999 0 1
999 0 1
999 0 1
999 0 1
999 0 1
999 0 1
999 0 1
999 0 1
999 0 1
1000 0 0
1000 0 0
1000 0 0
1000 0 0
1000 0 0
1000 0 0
1000 0 0
1000 0 0
1000 0 0
1000 0 0
1000 0 0
1000 0 0
1000 0 0
1000 0 0
1000 0 0
1000 0 0
1000 0 0
1000 0 0
1000 0 0
1000 0 0
1000 0 0
1000 0 0
1000 0 0
1000 0 0
1000 0 0
1000 0 0
1000 0 0
1000 0 0
1000 0 0
1000 0 0
1000 0 0
1000 0 0
1000 0 0
1000 0 0
1000 0 0
1000 0 0
1000 0 0
1000 0 0
1000 0 0
1000 0 0
1000 0 0
1000 0 0
1000 0 0
1000 0 0
1000 0 0
1000 0 0
1000 0 0
1000 0 0
1000 0 0
1000 0 0
1000 0 0
1000 0 0
1000 0 0
1000 0 0
1000 0 0
1000 0 0
1000 0 0
1000 0 0
1000 0 0
1000 0 0
1000 0 0
1000 0 0
1000 0 0
1000 0 0
1000 0 0
1000 0 0
1000 0 0
1000 0 0
1000 0 0
1000 0 0
1000 0 0
1000 0 0
1000 0 0
1000 0 0
1000 0 0
1000 0 0
1000 0 0
1000 0 0
1000 0 0
1000 0 0
1000 0 0
1000 0 0
1000 0 0
1000 0 0
1000 0 0
1000 0 0
1000 0 0
1000 0 0
1000 0 0
1000 0 0
1000 0 0
1000 0 0
1000 0 0
1000 0 0
1000 0 0
1000 0 0
1000 0 0
1000 0 0
1000 0 0
1000 0 0
1000 0 0
1000 0 0
1000 0 0
1000 0 0
1000 0 0
1000 0 0
1000 0 0
1000 0 0
1000 0 0
1000 0 0
1000 0 0
1000 0 0
1000 0 0
1000 0 0
1000 0 0
1000 0 0
1000 0 0
1000 0 0
1000 0 0
1000 0 0
1000 0 0
1000 0 0
1000 0 0
1000 0 0
1000 0 0
1000 0 0
1000 0 0
1000 0 0
1000 0 0
1000 0 0
1000 0 0
1000 0 0
1000 0 0
1000 0 0
1000 0 0
1000 0 0
1000 0 0
1000 0 0
1000 0 0
1000 0 0
1000 0 0
1000 0 0
1000 0 0
1000 0 0
1000 0 0
1000 0 0
1000 0 0
1000 0 0
1000 0 0
1000 0 0
1000 0 0
1000 0 0
1000 0 0
1000 0 0
1000 0 0
1000 0 0
1000 0 0
1000 0 0
1000 0 0
1000 0 0
1000 0 0
1000 0 0
1000 0 0
1000 0 0
1000 0 0
1000 0 0
1000 0 0
1000 0 0
1000 0 0
1000 0 0
1000 0 0
1000 0 0
1000 0 0
1000 0 0
1000 0 0
1000 0 0
1000 0 0
1000 0 0
1000 0 0
1000 0 0
1000 0 0
1000 0 0
1000 0 0
1000 0 0
1000 0 0
1000 0 0
1000 0 0
1000 0 0
1000 0 0
1000 0 0
1000 0 0
1000 0 0
1000 0 0
1000 0 0
1000 0 0
1000 0 0
1000 0 0
1000 0 0
1000 0 0
1000 0 0
1000 0 0
1000 0 0
1000 0 0
1000 0 0
1000 0 0
1000 0 0
1000 0 0
1000 0 0
1000 0 0
1000 0 0
1000 0 0
1000 0 0
1000 0 0
1000 0 0
1000 0 0
1000 0 0
1000 0 0
1000 0 0
1000 0 0
1000 0 0
1000 0 0
1000 0 0
1000 0 0
1000 0 0
1000 0 0
1000 0 0
1000 0 0
1000 0 0
1000 0 0
1000 0 0
1000 0 0
1000 0 0
1000 0 0
1000 0 0
1000 0 0
1000 0 0
1000 0 0
1000 0 0
1000 0 0
1000 0 0
