882
575
56
106
393
765
361
46
499
964
382
396
797
115
196
565
510
479
186
508
273
930
661
65
100
841
180
170
772
473
221
837
369
163
563
987
819
32
187
879
131
843
734
78
976
694
466
374
370
892
614
610
437
363
915
767
957
47
432
341
597
982
66
253
824
875
582
237
208
355
172
503
605
602
862
933
379
588
282
568
290
515
676
972
500
119
406
583
683
390
156
130
229
167
685
73
205
10
199
979
469
534
997
502
261
781
419
280
959
495
896
623
400
247
552
401
985
414
138
448
968
87
462
235
977
18
107
704
365
617
846
435
546
146
366
641
348
31
44
642
659
755
514
854
230
630
