109
813
353
349
510
498
554
443
300
587
180
447
53
647
12
542
735
160
555
921
375
648
187
211
475
182
538
411
119
890
67
987
898
448
376
135
112
514
345
1
405
390
292
377
539
137
313
983
924
254
520
792
773
605
173
915
154
410
155
378
420
971
620
700
850
79
179
371
917
114
931
134
77
171
950
276
897
499
144
343
683
715
583
697
936
744
938
684
645
688
113
708
815
573
841
419
261
546
356
220
709
586
986
40
288
427
27
125
311
903
383
511
953
202
748
150
804
597
911
257
329
372
352
174
478
871
56
357
844
982
386
494
22
99
949
968
588
794
525
50
604
233
633
323
178
775
