995 5 0
995 4 1
994 4 2
992 6 2
991 7 2
983 14 3
975 19 6
971 21 8
970 19 11
966 18 16
960 20 20
954 25 21
941 34 25
933 37 30
923 43 34
907 51 42
893 59 48
881 59 60
860 72 68
835 78 87
804 97 99
789 96 115
771 96 133
748 104 148
731 109 160
708 116 176
684 131 185
664 144 192
645 145 210
626 149 225
607 148 245
588 140 272
576 140 284
558 139 303
538 139 323
536 118 346
532 116 352
521 115 364
520 105 375
513 104 383
511 97 392
509 92 399
496 91 413
494 88 418
495 82 423
493 77 430
491 75 434
493 70 437
492 68 440
496 70 434
490 67 443
494 59 447
495 53 452
493 51 456
486 55 459
484 53 463
490 49 461
499 42 459
505 43 452
508 41 451
514 38 448
516 36 448
521 37 442
523 36 441
525 35 440
523 33 444
526 33 441
528 38 434
534 31 435
537 32 431
544 29 427
544 28 428
547 25 428
551 25 424
556 24 420
564 20 416
570 19 411
577 17 406
582 17 401
586 17 397
590 12 398
593 13 394
599 8 393
608 7 385
613 6 381
618 7 375
620 9 371
624 14 362
626 11 363
632 8 360
639 9 352
643 7 350
646 7 347
652 8 340
656 5 339
661 6 333
664 5 331
669 6 325
675 6 319
677 5 318
685 4 311
692 3 305
700 4 296
703 6 291
705 7 288
707 6 287
711 5 284
715 4 281
717 3 280
719 4 277
724 3 273
734 3 263
741 3 256
743 4 253
745 5 250
745 6 249
741 12 247
741 14 245
739 19 242
737 24 239
733 31 236
733 31 236
736 29 235
736 29 235
733 31 236
736 28 236
735 25 240
736 24 240
737 25 238
743 25 232
741 24 235
738 25 237
734 26 240
737 20 243
739 17 244
742 16 242
742 16 242
744 16 240
748 17 235
753 19 228
750 22 228
752 25 223
754 25 221
756 24 220
756 26 218
751 22 227
749 24 227
746 28 226
743 27 230
739 31 230
733 38 229
735 36 229
732 36 232
727 39 234
726 39 235
726 31 243
723 35 242
719 39 242
719 31 250
718 34 248
715 33 252
716 33 251
714 32 254
714 34 252
712 36 252
709 37 254
705 41 254
703 40 257
705 35 260
700 33 267
697 39 264
692 43 265
693 40 267
693 37 270
681 48 271
679 48 273
680 42 278
680 39 281
680 36 284
686 38 276
692 31 277
694 28 278
694 31 275
701 30 269
702 34 264
700 36 264
700 35 265
698 29 273
694 34 272
690 39 271
689 39 272
684 41 275
676 44 280
669 42 289
667 41 292
664 40 296
663 34 303
661 40 299
662 36 302
662 34 304
662 33 305
663 31 306
662 31 307
661 29 310
664 29 307
661 31 308
665 28 307
669 28 303
667 31 302
668 30 302
673 26 301
669 30 301
669 33 298
666 36 298
661 38 301
655 40 305
659 40 301
662 37 301
662 32 306
661 32 307
665 30 305
668 36 296
670 32 298
668 29 303
668 33 299
666 33 301
663 41 296
665 40 295
662 43 295
650 54 296
648 54 298
643 60 297
636 58 306
630 57 313
634 52 314
635 47 318
630 50 320
633 48 319
635 46 319
634 43 323
641 39 320
643 37 320
647 35 318
646 36 318
641 38 321
639 38 323
638 33 329
643 36 321
642 33 325
643 33 324
645 32 323
646 34 320
644 34 322
644 32 324
646 29 325
647 31 322
652 29 319
652 30 318
650 32 318
651 30 319
652 28 320
654 30 316
657 23 320
664 20 316
663 25 312
660 24 316
668 21 311
673 20 307
674 15 311
676 14 310
678 14 308
684 13 303
690 11 299
691 11 298
695 11 294
700 10 290
700 12 288
704 12 284
709 11 280
711 9 280
714 10 276
715 13 272
711 13 276
710 16 274
713 15 272
716 17 267
715 22 263
713 23 264
713 28 259
714 30 256
713 34 253
710 32 258
708 33 259
704 31 265
699 33 268
694 37 269
697 37 266
693 36 271
687 40 273
687 41 272
686 41 273
681 45 274
679 43 278
681 44 275
677 39 284
677 42 281
677 35 288
676 34 290
678 30 292
683 30 287
686 29 285
678 33 289
679 31 290
679 30 291
676 29 295
676 28 296
673 32 295
669 35 296
668 31 301
670 30 300
671 33 296
676 30 294
682 32 286
685 33 282
688 33 279
691 30 279
691 31 278
690 31 279
682 34 284
679 39 282
676 41 283
669 38 293
667 37 296
668 39 293
672 37 291
669 37 294
667 38 295
667 37 296
661 38 301
653 48 299
646 49 305
641 46 313
637 49 314
626 54 320
613 62 325
594 77 329
580 80 340
576 75 349
565 74 361
560 71 369
555 71 374
563 62 375
558 62 380
562 50 388
562 49 389
566 46 388
565 47 388
564 46 390
571 39 390
575 33 392
575 29 396
576 28 396
583 25 392
589 22 389
600 21 379
603 17 380
602 17 381
606 16 378
610 12 378
614 11 375
621 8 371
625 6 369
633 5 362
639 4 357
646 2 352
652 2 346
658 2 340
663 2 335
664 2 334
670 3 327
677 4 319
682 3 315
686 3 311
688 3 309
694 1 305
699 0 301
705 0 295
709 0 291
713 0 287
715 0 285
717 0 283
720 0 280
724 0 276
727 0 273
736 0 264
740 0 260
745 0 255
752 0 248
753 0 247
756 0 244
764 0 236
767 0 233
769 0 231
774 0 226
777 0 223
782 0 218
784 0 216
788 0 212
793 0 207
793 0 207
795 0 205
799 0 201
804 0 196
808 0 192
812 0 188
813 0 187
814 0 186
820 0 180
827 0 173
832 0 168
834 0 166
834 0 166
835 0 165
840 0 160
843 0 157
846 1 153
850 1 149
855 2 143
853 4 143
855 4 141
857 4 139
857 8 135
859 9 132
856 12 132
853 15 132
845 23 132
832 33 135
820 42 138
806 53 141
786 65 149
773 73 154
761 69 170
758 66 176
751 63 186
738 75 187
722 81 197
706 90 204
690 97 213
675 99 226
667 99 234
657 95 248
637 104 259
626 97 277
609 104 287
600 103 297
594 93 313
584 90 326
582 87 331
571 83 346
567 69 364
565 63 372
566 59 375
573 51 376
570 54 376
575 51 374
579 46 375
579 42 379
582 37 381
586 36 378
586 35 379
591 27 382
589 31 380
589 33 378
585 38 377
588 38 374
594 36 370
597 38 365
598 39 363
601 39 360
603 38 359
595 47 358
591 51 358
585 53 362
579 56 365
582 50 368
575 49 376
576 52 372
573 51 376
565 52 383
566 48 386
566 42 392
570 35 395
575 29 396
582 26 392
587 26 387
587 26 387
593 25 382
598 25 377
600 24 376
600 23 377
605 22 373
608 20 372
608 19 373
610 19 371
612 20 368
617 19 364
620 17 363
626 17 357
629 16 355
634 14 352
638 12 350
643 12 345
648 10 342
645 13 342
648 19 333
644 23 333
647 24 329
646 30 324
647 29 324
642 37 321
642 40 318
648 40 312
650 41 309
651 37 312
647 42 311
643 43 314
637 49 314
628 57 315
622 54 324
614 58 328
611 60 329
609 61 330
611 53 336
612 49 339
614 43 343
613 43 344
617 38 345
620 33 347
627 26 347
630 24 346
635 19 346
640 19 341
641 19 340
640 19 341
646 16 338
649 13 338
652 12 336
659 13 328
661 12 327
667 10 323
672 10 318
680 9 311
686 10 304
693 8 299
697 8 295
705 8 287
704 11 285
709 11 280
707 14 279
711 11 278
716 8 276
721 9 270
733 7 260
743 5 252
747 5 248
752 4 244
753 3 244
757 3 240
762 2 236
765 3 232
770 2 228
773 2 225
779 2 219
784 2 214
787 1 212
791 0 209
792 0 208
793 0 207
793 1 206
797 2 201
801 1 198
803 1 196
808 1 191
812 2 186
819 1 180
823 0 177
823 3 174
823 6 171
830 5 165
833 4 163
834 6 160
835 4 161
837 4 159
840 2 158
844 3 153
843 5 152
847 5 148
849 6 145
848 8 144
847 10 143
849 11 140
847 12 141
846 10 144
844 14 142
839 20 141
829 28 143
829 29 142
822 34 144
811 44 145
802 45 153
787 54 159
785 56 159
774 63 163
768 60 172
764 56 180
755 58 187
753 53 194
747 56 197
743 57 200
743 46 211
746 38 216
745 36 219
742 36 222
742 38 220
736 36 228
740 31 229
739 29 232
739 31 230
735 35 230
734 31 235
737 25 238
737 26 237
732 30 238
734 30 236
735 25 240
737 23 240
737 26 237
742 26 232
742 27 231
743 25 232
744 25 231
745 25 230
744 26 230
743 25 232
744 24 232
747 23 230
746 24 230
747 23 230
745 27 228
737 33 230
734 34 232
733 33 234
732 31 237
729 31 240
727 30 243
725 30 245
727 27 246
722 29 249
722 26 252
723 24 253
720 24 256
720 21 259
714 23 263
707 28 265
713 25 262
716 24 260
715 26 259
717 22 261
727 15 258
730 15 255
730 16 254
732 17 251
731 17 252
728 19 253
731 11 258
734 12 254
737 12 251
742 10 248
742 13 245
744 13 243
748 11 241
750 11 239
753 12 235
755 10 235
755 14 231
757 11 232
760 11 229
756 17 227
754 21 225
752 24 224
738 38 224
731 44 225
723 53 224
717 57 226
698 72 230
689 69 242
677 80 243
660 80 260
653 82 265
642 82 276
627 87 286
615 95 290
607 98 295
595 94 311
588 82 330
589 80 331
585 80 335
581 81 338
580 67 353
577 70 353
578 66 356
576 61 363
578 58 364
573 60 367
570 56 374
574 51 375
572 56 372
569 60 371
567 57 376
572 51 377
569 55 376
563 59 378
561 61 378
558 63 379
553 63 384
556 55 389
555 54 391
558 51 391
556 51 393
555 54 391
552 56 392
553 53 394
551 50 399
550 48 402
550 43 407
550 43 407
548 47 405
543 50 407
538 55 407
537 54 409
550 49 401
547 51 402
548 48 404
545 47 408
545 47 408
550 40 410
556 36 408
561 35 404
566 34 400
581 28 391
586 24 390
589 20 391
591 15 394
598 13 389
602 12 386
605 11 384
605 9 386
609 11 380
616 12 372
621 8 371
626 8 366
632 7 361
634 5 361
642 7 351
645 7 348
647 7 346
651 7 342
654 9 337
656 10 334
657 12 331
660 13 327
664 15 321
665 13 322
670 16 314
672 11 317
672 11 317
680 12 308
682 16 302
686 12 302
690 8 302
694 8 298
700 10 290
704 8 288
710 8 282
714 7 279
716 8 276
716 11 273
720 12 268
723 9 268
727 8 265
732 10 258
730 16 254
730 17 253
731 18 251
734 20 246
735 19 246
736 18 246
732 19 249
731 19 250
736 20 244
738 17 245
742 15 243
743 18 239
743 22 235
740 22 238
739 22 239
741 20 239
738 19 243
738 22 240
737 24 239
739 27 234
732 32 236
724 40 236
714 50 236
712 49 239
707 50 243
703 48 249
705 44 251
698 41 261
693 39 268
701 36 263
702 39 259
694 45 261
689 49 262
685 52 263
686 50 264
684 47 269
686 44 270
683 48 269
674 48 278
669 52 279
657 53 290
654 52 294
653 50 297
640 57 303
644 53 303
643 44 313
646 41 313
643 40 317
644 38 318
645 37 318
645 42 313
640 46 314
638 42 320
626 54 320
630 52 318
624 53 323
626 53 321
621 48 331
617 47 336
620 45 335
617 51 332
617 48 335
617 50 333
613 44 343
612 50 338
616 48 336
614 51 335
612 52 336
604 59 337
604 57 339
596 64 340
594 59 347
583 61 356
582 60 358
575 61 364
577 57 366
570 63 367
573 58 369
566 54 380
569 51 380
570 48 382
570 50 380
571 46 383
568 43 389
569 38 393
569 35 396
568 35 397
579 31 390
579 30 391
581 25 394
584 25 391
583 25 392
584 26 390
583 26 391
590 26 384
596 24 380
601 23 376
602 24 374
604 23 373
608 21 371
611 18 371
613 19 368
608 26 366
606 28 366
606 32 362
601 36 363
601 40 359
599 39 362
600 36 364
600 38 362
594 39 367
594 40 366
605 36 359
604 33 363
611 33 356
614 28 358
614 27 359
622 23 355
629 22 349
637 18 345
642 16 342
647 12 341
653 12 335
659 8 333
668 9 323
676 9 315
679 10 311
684 10 306
686 9 305
691 11 298
691 12 297
693 14 293
695 12 293
702 11 287
707 13 280
710 14 276
712 18 270
709 23 268
708 25 267
705 33 262
700 36 264
704 32 264
701 35 264
701 35 264
701 36 263
696 40 264
693 38 269
689 39 272
683 43 274
681 40 279
677 44 279
675 48 277
670 46 284
668 47 285
662 45 293
658 50 292
658 47 295
662 40 298
662 31 307
660 33 307
662 30 308
663 32 305
661 32 307
662 31 307
658 34 308
661 32 307
664 29 307
656 30 314
657 27 316
655 28 317
655 27 318
656 21 323
655 26 319
657 25 318
658 26 316
667 22 311
671 20 309
672 23 305
672 25 303
677 23 300
676 24 300
677 19 304
676 22 302
674 24 302
679 23 298
679 21 300
681 25 294
685 23 292
690 20 290
693 16 291
695 15 290
696 16 288
702 17 281
706 14 280
710 13 277
716 15 269
713 15 272
714 19 267
716 24 260
715 24 261
714 25 261
714 20 266
716 18 266
715 19 266
716 23 261
709 28 263
703 31 266
696 36 268
693 35 272
686 42 272
