995 5 0
995 5 0
992 7 1
990 8 2
986 12 2
983 13 4
974 20 6
966 27 7
954 37 9
943 41 16
915 65 20
884 88 28
852 106 42
818 126 56
785 140 75
756 150 94
727 163 110
688 182 130
659 187 154
627 199 174
599 200 201
575 193 232
541 204 255
518 206 276
500 191 309
490 173 337
486 163 351
481 150 369
477 137 386
467 135 398
468 124 408
465 112 423
468 98 434
474 88 438
479 79 442
480 70 450
478 68 454
474 66 460
484 61 455
486 59 455
489 54 457
491 46 463
494 44 462
502 42 456
508 37 455
517 32 451
520 33 447
523 29 448
527 25 448
528 26 446
533 22 445
532 26 442
539 27 434
544 24 432
548 22 430
553 23 424
557 24 419
559 23 418
560 23 417
561 26 413
572 27 401
571 26 403
581 25 394
578 26 396
580 31 389
582 28 390
587 28 385
591 29 380
598 29 373
602 27 371
601 32 367
606 30 364
613 26 361
614 24 362
611 26 363
616 24 360
624 23 353
626 21 353
630 20 350
629 22 349
635 18 347
634 19 347
635 18 347
633 19 348
638 17 345
647 16 337
654 14 332
657 13 330
661 11 328
667 9 324
673 9 318
678 8 314
682 9 309
683 10 307
686 9 305
689 10 301
694 14 292
704 13 283
708 15 277
712 11 277
719 11 270
725 11 264
726 10 264
728 9 263
732 9 259
735 9 256
736 7 257
738 7 255
741 6 253
742 4 254
747 5 248
750 4 246
755 4 241
755 7 238
755 9 236
759 5 236
760 5 235
758 7 235
758 9 233
759 12 229
758 13 229
766 10 224
764 10 226
764 9 227
768 10 222
771 10 219
772 9 219
775 12 213
777 13 210
776 16 208
772 18 210
773 20 207
770 21 209
768 24 208
765 27 208
758 33 209
759 34 207
761 33 206
762 27 211
767 19 214
766 23 211
768 22 210
765 24 211
763 26 211
763 29 208
754 35 211
747 38 215
744 35 221
730 48 222
715 61 224
704 63 233
696 61 243
690 59 251
684 60 256
674 69 257
662 76 262
653 72 275
650 70 280
648 63 289
637 68 295
633 63 304
629 61 310
623 64 313
613 71 316
611 71 318
599 69 332
598 62 340
597 57 346
594 50 356
595 49 356
593 52 355
592 51 357
585 49 366
585 49 366
583 51 366
583 49 368
589 44 367
589 41 370
591 37 372
594 37 369
597 33 370
597 30 373
595 28 377
592 34 374
590 35 375
590 35 375
594 31 375
602 28 370
608 23 369
604 26 370
607 27 366
601 31 368
599 31 370
603 27 370
606 21 373
610 22 368
611 20 369
618 21 361
623 20 357
628 18 354
633 17 350
639 14 347
642 11 347
649 12 339
655 11 334
660 10 330
661 12 327
668 12 320
673 12 315
677 13 310
682 11 307
685 11 304
687 9 304
690 10 300
697 8 295
702 8 290
707 7 286
710 6 284
723 6 271
725 5 270
730 4 266
736 3 261
739 4 257
744 5 251
746 8 246
746 8 246
745 11 244
747 16 237
747 16 237
749 17 234
746 19 235
742 23 235
736 28 236
733 27 240
730 29 241
728 28 244
722 35 243
717 39 244
716 38 246
714 42 244
706 47 247
687 64 249
674 69 257
670 68 262
659 79 262
646 88 266
628 91 281
615 96 289
606 92 302
596 93 311
576 100 324
561 98 341
547 100 353
543 102 355
534 91 375
530 89 381
529 86 385
529 79 392
525 77 398
523 78 399
529 82 389
529 76 395
526 72 402
530 70 400
528 69 403
522 69 409
517 71 412
513 69 418
517 56 427
520 52 428
524 42 434
528 46 426
530 42 428
538 28 434
540 23 437
544 24 432
553 25 422
556 25 419
556 20 424
559 20 421
560 18 422
566 19 415
571 17 412
579 11 410
586 12 402
590 12 398
595 15 390
603 12 385
605 11 384
610 9 381
617 9 374
623 8 369
627 6 367
630 7 363
631 6 363
634 6 360
641 9 350
647 9 344
645 12 343
650 12 338
655 8 337
657 8 335
660 9 331
660 13 327
661 14 325
663 13 324
663 18 319
668 14 318
669 17 314
670 18 312
671 17 312
671 14 315
672 16 312
670 16 314
681 13 306
684 11 305
685 13 302
690 13 297
690 15 295
694 15 291
695 13 292
700 12 288
705 10 285
706 13 281
710 14 276
717 13 270
713 19 268
718 19 263
716 21 263
711 28 261
709 36 255
701 43 256
687 57 256
683 54 263
673 58 269
667 59 274
665 62 273
662 61 277
654 67 279
652 57 291
652 55 293
654 54 292
651 53 296
647 55 298
641 52 307
646 50 304
653 52 295
649 53 298
646 50 304
648 46 306
641 47 312
639 47 314
635 45 320
637 44 319
634 40 326
634 37 329
632 40 328
636 39 325
638 35 327
639 36 325
642 33 325
645 33 322
645 34 321
644 36 320
646 38 316
650 37 313
651 34 315
649 32 319
650 32 318
648 34 318
649 35 316
653 36 311
652 39 309
648 40 312
641 48 311
632 54 314
626 54 320
622 50 328
618 49 333
608 57 335
610 51 339
602 52 346
599 53 348
599 54 347
601 46 353
596 55 349
599 53 348
598 45 357
599 41 360
598 35 367
596 35 369
596 33 371
605 33 362
603 33 364
590 41 369
592 39 369
591 42 367
577 53 370
576 56 368
572 55 373
573 54 373
576 41 383
575 40 385
576 43 381
573 44 383
569 52 379
563 53 384
561 49 390
565 48 387
562 54 384
561 49 390
555 50 395
553 47 400
552 51 397
554 51 395
547 49 404
543 49 408
547 46 407
540 44 416
540 46 414
547 41 412
552 39 409
555 39 406
551 37 412
555 33 412
554 33 413
553 28 419
561 24 415
569 18 413
574 18 408
578 16 406
579 14 407
579 10 411
583 10 407
586 8 406
595 7 398
604 4 392
607 3 390
612 4 384
621 3 376
625 2 373
632 2 366
637 2 361
643 3 354
642 5 353
648 4 348
655 4 341
661 3 336
667 1 332
669 1 330
674 2 324
679 3 318
682 5 313
686 5 309
690 3 307
699 3 298
709 2 289
718 2 280
723 2 275
729 1 270
732 1 267
732 0 268
735 0 265
738 0 262
740 0 260
743 0 257
744 2 254
746 2 252
750 0 250
756 0 244
758 0 242
762 0 238
768 0 232
776 0 224
782 0 218
787 0 213
791 0 209
796 0 204
798 0 202
800 0 200
803 0 197
810 0 190
813 0 187
817 0 183
822 0 178
823 0 177
826 0 174
831 0 169
836 0 164
840 0 160
842 0 158
844 0 156
847 0 153
852 0 148
853 0 147
857 0 143
863 0 137
864 0 136
865 0 135
867 0 133
870 0 130
872 0 128
876 0 124
878 0 122
882 0 118
885 0 115
887 0 113
889 0 111
889 0 111
892 0 108
895 0 105
896 0 104
898 0 102
898 0 102
900 0 100
903 0 97
903 0 97
907 0 93
909 0 91
909 0 91
911 0 89
911 0 89
911 0 89
912 0 88
916 0 84
918 0 82
919 0 81
920 0 80
924 0 76
926 0 74
927 0 73
927 0 73
929 0 71
929 0 71
931 0 69
932 0 68
934 0 66
934 0 66
934 0 66
935 0 65
935 0 65
937 0 63
938 0 62
940 0 60
941 0 59
942 0 58
942 0 58
944 0 56
946 0 54
946 0 54
948 0 52
949 0 51
950 0 50
950 0 50
951 0 49
951 0 49
953 0 47
953 0 47
953 0 47
954 0 46
954 0 46
954 0 46
955 0 45
956 0 44
957 0 43
958 0 42
960 0 40
960 0 40
961 0 39
962 0 38
962 0 38
962 0 38
963 0 37
964 0 36
964 0 36
964 0 36
965 0 35
966 0 34
966 0 34
966 0 34
966 0 34
967 0 33
967 0 33
968 0 32
968 0 32
969 0 31
971 0 29
971 0 29
971 0 29
973 0 27
974 0 26
974 0 26
974 0 26
974 0 26
974 0 26
974 0 26
974 0 26
974 0 26
974 0 26
975 0 25
976 0 24
977 0 23
977 0 23
977 0 23
977 0 23
977 0 23
977 0 23
977 0 23
977 0 23
977 0 23
977 0 23
977 0 23
977 0 23
977 0 23
979 0 21
979 0 21
980 0 20
980 0 20
981 0 19
981 0 19
981 0 19
981 0 19
981 0 19
981 0 19
981 0 19
981 0 19
981 0 19
981 0 19
982 0 18
983 0 17
984 0 16
984 0 16
984 0 16
984 0 16
985 0 15
985 0 15
985 0 15
986 0 14
986 0 14
986 0 14
987 0 13
987 0 13
987 0 13
987 0 13
987 0 13
987 0 13
987 0 13
988 0 12
988 0 12
988 0 12
989 0 11
989 0 11
989 0 11
989 0 11
989 0 11
990 0 10
990 0 10
990 0 10
990 0 10
990 0 10
991 0 9
991 0 9
991 0 9
991 0 9
991 0 9
991 0 9
991 0 9
991 0 9
991 0 9
991 0 9
991 0 9
991 0 9
991 0 9
991 0 9
991 0 9
991 0 9
991 0 9
991 0 9
991 0 9
991 0 9
991 0 9
991 0 9
991 0 9
991 0 9
991 0 9
991 0 9
991 0 9
992 0 8
992 0 8
992 0 8
992 0 8
992 0 8
992 0 8
992 0 8
992 0 8
992 0 8
992 0 8
992 0 8
992 0 8
992 0 8
993 0 7
993 0 7
993 0 7
993 0 7
993 0 7
994 0 6
994 0 6
994 0 6
994 0 6
994 0 6
994 0 6
994 0 6
994 0 6
994 0 6
994 0 6
994 0 6
994 0 6
994 0 6
994 0 6
995 0 5
995 0 5
995 0 5
995 0 5
995 0 5
995 0 5
995 0 5
995 0 5
995 0 5
995 0 5
995 0 5
995 0 5
995 0 5
995 0 5
995 0 5
995 0 5
995 0 5
995 0 5
995 0 5
995 0 5
995 0 5
995 0 5
995 0 5
995 0 5
995 0 5
995 0 5
995 0 5
995 0 5
995 0 5
995 0 5
995 0 5
995 0 5
995 0 5
995 0 5
995 0 5
995 0 5
995 0 5
995 0 5
995 0 5
995 0 5
995 0 5
995 0 5
995 0 5
995 0 5
995 0 5
995 0 5
995 0 5
995 0 5
995 0 5
995 0 5
995 0 5
997 0 3
998 0 2
998 0 2
998 0 2
998 0 2
998 0 2
998 0 2
998 0 2
998 0 2
998 0 2
998 0 2
998 0 2
998 0 2
998 0 2
998 0 2
998 0 2
998 0 2
998 0 2
998 0 2
998 0 2
998 0 2
998 0 2
998 0 2
998 0 2
998 0 2
998 0 2
998 0 2
998 0 2
998 0 2
998 0 2
998 0 2
998 0 2
998 0 2
998 0 2
998 0 2
999 0 1
999 0 1
999 0 1
1000 0 0
1000 0 0
1000 0 0
1000 0 0
1000 0 0
1000 0 0
1000 0 0
1000 0 0
1000 0 0
1000 0 0
1000 0 0
1000 0 0
1000 0 0
1000 0 0
1000 0 0
1000 0 0
1000 0 0
1000 0 0
1000 0 0
1000 0 0
1000 0 0
1000 0 0
1000 0 0
1000 0 0
1000 0 0
1000 0 0
1000 0 0
1000 0 0
1000 0 0
1000 0 0
1000 0 0
1000 0 0
1000 0 0
1000 0 0
1000 0 0
1000 0 0
1000 0 0
1000 0 0
1000 0 0
1000 0 0
1000 0 0
1000 0 0
1000 0 0
1000 0 0
1000 0 0
1000 0 0
1000 0 0
1000 0 0
1000 0 0
1000 0 0
1000 0 0
1000 0 0
1000 0 0
1000 0 0
1000 0 0
1000 0 0
1000 0 0
1000 0 0
1000 0 0
1000 0 0
1000 0 0
1000 0 0
1000 0 0
1000 0 0
1000 0 0
1000 0 0
1000 0 0
1000 0 0
1000 0 0
1000 0 0
1000 0 0
1000 0 0
1000 0 0
1000 0 0
1000 0 0
1000 0 0
1000 0 0
1000 0 0
1000 0 0
1000 0 0
1000 0 0
1000 0 0
1000 0 0
1000 0 0
1000 0 0
1000 0 0
1000 0 0
1000 0 0
1000 0 0
1000 0 0
1000 0 0
1000 0 0
1000 0 0
1000 0 0
1000 0 0
1000 0 0
1000 0 0
1000 0 0
1000 0 0
1000 0 0
1000 0 0
1000 0 0
1000 0 0
1000 0 0
1000 0 0
1000 0 0
1000 0 0
1000 0 0
1000 0 0
1000 0 0
1000 0 0
1000 0 0
1000 0 0
1000 0 0
1000 0 0
1000 0 0
1000 0 0
1000 0 0
1000 0 0
1000 0 0
1000 0 0
1000 0 0
1000 0 0
1000 0 0
1000 0 0
1000 0 0
1000 0 0
1000 0 0
1000 0 0
1000 0 0
1000 0 0
1000 0 0
1000 0 0
1000 0 0
1000 0 0
1000 0 0
1000 0 0
1000 0 0
1000 0 0
1000 0 0
1000 0 0
1000 0 0
1000 0 0
1000 0 0
1000 0 0
1000 0 0
1000 0 0
1000 0 0
1000 0 0
1000 0 0
1000 0 0
1000 0 0
1000 0 0
1000 0 0
1000 0 0
1000 0 0
1000 0 0
1000 0 0
1000 0 0
1000 0 0
1000 0 0
1000 0 0
1000 0 0
1000 0 0
1000 0 0
1000 0 0
1000 0 0
1000 0 0
1000 0 0
1000 0 0
1000 0 0
1000 0 0
1000 0 0
1000 0 0
1000 0 0
1000 0 0
1000 0 0
1000 0 0
1000 0 0
1000 0 0
1000 0 0
1000 0 0
1000 0 0
1000 0 0
1000 0 0
1000 0 0
1000 0 0
1000 0 0
1000 0 0
1000 0 0
1000 0 0
1000 0 0
1000 0 0
