1000 0 0
1000 0 0
1000 0 0
1000 0 0
1000 0 0
999 1 0
997 1 2
994 4 2
991 6 3
989 8 3
986 9 5
980 14 6
977 16 7
971 20 9
961 28 11
952 29 19
939 38 23
927 45 28
920 46 34
908 50 42
900 54 46
887 63 50
874 66 60
857 80 63
837 90 73
812 104 84
789 117 94
768 123 109
742 124 134
710 144 146
681 157 162
659 158 183
634 153 213
609 161 230
592 166 242
572 168 260
548 160 292
531 161 308
523 154 323
504 149 347
489 148 363
481 144 375
477 135 388
471 126 403
469 119 412
460 118 422
446 111 443
435 114 451
437 104 459
437 94 469
437 83 480
437 75 488
443 65 492
441 65 494
442 65 493
448 60 492
456 50 494
463 49 488
471 52 477
472 51 477
476 48 476
479 39 482
483 34 483
493 29 478
505 25 470
514 24 462
523 22 455
527 22 451
537 17 446
551 14 435
557 14 429
566 12 422
572 11 417
572 12 416
577 13 410
583 11 406
587 9 404
590 9 401
591 9 400
594 11 395
606 11 383
611 12 377
616 7 377
625 5 370
631 6 363
635 7 358
640 10 350
640 14 346
643 15 342
648 12 340
647 18 335
650 18 332
652 23 325
654 19 327
653 23 324
653 17 330
658 16 326
659 17 324
666 19 315
669 14 317
666 15 319
669 13 318
674 15 311
677 15 308
679 14 307
680 15 305
683 14 303
682 19 299
675 22 303
677 19 304
682 21 297
682 16 302
688 12 300
687 16 297
683 18 299
687 21 292
690 23 287
687 22 291
688 19 293
692 17 291
693 19 288
695 19 286
694 18 288
691 22 287
698 19 283
699 21 280
698 26 276
700 26 274
704 21 275
704 18 278
711 16 273
709 21 270
709 20 271
711 20 269
710 22 268
715 22 263
715 23 262
709 28 263
702 35 263
698 36 266
705 35 260
703 35 262
700 41 259
699 43 258
696 43 261
695 43 262
696 38 266
695 36 269
699 34 267
701 33 266
698 30 272
698 28 274
694 31 275
690 33 277
690 30 280
696 20 284
696 19 285
702 18 280
705 14 281
708 11 281
709 11 280
713 11 276
716 11 273
719 10 271
727 10 263
732 9 259
732 6 262
733 6 261
740 6 254
749 5 246
751 7 242
751 9 240
752 12 236
752 13 235
754 16 230
756 14 230
762 14 224
765 13 222
770 10 220
773 9 218
776 11 213
780 9 211
782 8 210
783 7 210
786 7 207
788 8 204
794 6 200
798 6 196
799 8 193
801 6 193
805 6 189
808 5 187
810 4 186
813 6 181
816 7 177
823 6 171
822 9 169
822 12 166
819 14 167
816 16 168
814 19 167
814 20 166
809 23 168
804 28 168
804 30 166
805 27 168
799 28 173
797 30 173
786 36 178
783 32 185
779 35 186
773 36 191
768 38 194
764 38 198
769 33 198
763 41 196
763 38 199
753 44 203
746 45 209
739 50 211
731 50 219
730 45 225
721 54 225
720 51 229
713 54 233
709 47 244
709 43 248
703 50 247
695 49 256
683 54 263
679 52 269
675 53 272
673 53 274
672 49 279
675 47 278
678 44 278
676 41 283
676 41 283
675 37 288
675 32 293
680 29 291
684 29 287
679 37 284
675 41 284
670 42 288
671 41 288
671 37 292
668 38 294
667 35 298
665 40 295
668 36 296
667 35 298
666 36 298
667 37 296
669 32 299
667 36 297
664 39 297
662 40 298
663 42 295
665 38 297
663 39 298
659 40 301
660 36 304
664 38 298
673 26 301
673 25 302
674 23 303
677 23 300
678 25 297
677 30 293
676 30 294
682 26 292
678 29 293
680 25 295
687 25 288
687 26 287
687 26 287
683 28 289
684 29 287
684 31 285
686 25 289
693 19 288
693 22 285
691 21 288
692 25 283
696 27 277
691 25 284
698 24 278
694 24 282
697 22 281
703 20 277
709 16 275
709 19 272
706 21 273
705 19 276
712 16 272
718 13 269
722 11 267
726 13 261
727 14 259
731 13 256
730 15 255
730 14 256
729 17 254
733 15 252
731 17 252
730 19 251
725 22 253
726 15 259
727 14 259
727 16 257
728 20 252
724 25 251
716 28 256
717 27 256
717 29 254
717 24 259
718 28 254
715 27 258
711 29 260
709 31 260
709 30 261
706 28 266
708 28 264
713 32 255
710 35 255
712 33 255
711 35 254
712 32 256
716 34 250
720 30 250
715 32 253
714 33 253
710 38 252
705 43 252
702 45 253
695 46 259
691 50 259
690 46 264
688 44 268
685 47 268
679 46 275
672 49 279
671 47 282
675 36 289
674 34 292
673 38 289
679 35 286
669 41 290
665 39 296
663 44 293
659 44 297
657 43 300
659 38 303
658 40 302
657 41 302
656 39 305
647 43 310
649 41 310
649 38 313
645 38 317
642 41 317
642 41 317
643 41 316
647 42 311
643 41 316
643 36 321
647 32 321
649 26 325
653 25 322
658 22 320
662 19 319
665 20 315
666 18 316
671 17 312
676 16 308
682 12 306
688 12 300
690 12 298
695 12 293
700 11 289
705 12 283
707 12 281
710 10 280
715 8 277
724 8 268
725 10 265
726 9 265
726 7 267
731 5 264
734 6 260
740 9 251
741 8 251
748 8 244
751 10 239
753 9 238
756 10 234
759 11 230
765 10 225
765 12 223
770 14 216
770 15 215
770 13 217
774 11 215
773 13 214
775 11 214
774 13 213
776 13 211
774 13 213
776 11 213
778 10 212
777 10 213
777 11 212
776 13 211
777 12 211
778 12 210
774 18 208
771 22 207
765 27 208
759 29 212
755 32 213
749 39 212
742 46 212
737 44 219
730 47 223
719 55 226
718 45 237
711 45 244
708 48 244
698 54 248
690 52 258
685 49 266
679 50 271
678 40 282
684 39 277
680 41 279
679 38 283
680 38 282
678 41 281
680 38 282
679 41 280
679 39 282
677 39 284
683 38 279
682 37 281
678 39 283
677 34 289
672 40 288
672 41 287
670 41 289
671 36 293
668 37 295
670 31 299
666 31 303
663 28 309
663 30 307
667 33 300
667 33 300
665 32 303
661 31 308
663 33 304
663 29 308
659 27 314
656 28 316
657 26 317
659 23 318
656 24 320
654 30 316
658 27 315
663 27 310
666 27 307
664 25 311
661 30 309
666 29 305
669 25 306
672 24 304
673 21 306
676 21 303
674 22 304
677 18 305
683 18 299
689 16 295
690 16 294
691 19 290
691 25 284
697 26 277
700 27 273
705 27 268
706 29 265
705 25 270
710 20 270
714 22 264
714 22 264
712 21 267
709 23 268
710 23 267
708 23 269
710 22 268
712 22 266
715 21 264
719 21 260
720 18 262
722 22 256
728 24 248
732 23 245
730 26 244
730 25 245
734 22 244
739 23 238
742 22 236
743 24 233
741 22 237
739 17 244
739 18 243
740 18 242
737 21 242
736 22 242
738 19 243
744 16 240
749 16 235
756 16 228
758 16 226
757 19 224
760 19 221
761 16 223
763 16 221
766 18 216
767 18 215
769 17 214
769 20 211
769 19 212
768 19 213
768 23 209
769 19 212
771 19 210
774 19 207
777 24 199
778 23 199
777 22 201
777 20 203
776 20 204
777 23 200
777 24 199
777 19 204
776 19 205
772 22 206
771 25 204
766 30 204
761 30 209
761 28 211
759 29 212
755 34 211
751 30 219
753 28 219
747 30 223
744 28 228
746 25 229
736 33 231
727 36 237
722 38 240
720 35 245
717 39 244
710 38 252
711 39 250
714 32 254
710 35 255
708 34 258
709 32 259
712 33 255
713 35 252
709 34 257
704 37 259
709 35 256
705 39 256
704 40 256
704 40 256
704 38 258
698 40 262
699 39 262
698 42 260
694 43 263
689 48 263
681 52 267
669 56 275
664 54 282
663 48 289
658 46 296
654 48 298
654 45 301
657 39 304
652 44 304
650 40 310
649 39 312
652 31 317
655 30 315
661 25 314
663 25 312
660 22 318
666 18 316
665 18 317
669 20 311
667 22 311
664 25 311
670 22 308
669 24 307
669 21 310
676 18 306
679 19 302
679 18 303
680 19 301
684 18 298
685 18 297
690 16 294
689 16 295
691 16 293
688 17 295
690 14 296
692 12 296
697 9 294
706 8 286
707 9 284
718 9 273
724 6 270
726 9 265
727 7 266
729 7 264
729 9 262
732 11 257
736 7 257
739 5 256
743 5 252
750 5 245
753 5 242
755 5 240
758 4 238
761 5 234
761 6 233
761 6 233
764 6 230
763 8 229
765 5 230
768 5 227
770 10 220
775 9 216
776 6 218
776 6 218
777 8 215
777 7 216
782 6 212
782 9 209
778 11 211
774 15 211
773 14 213
771 15 214
769 18 213
769 19 212
770 20 210
772 18 210
770 19 211
761 25 214
765 20 215
766 22 212
757 32 211
760 33 207
758 31 211
758 26 216
759 25 216
761 25 214
758 31 211
761 32 207
763 29 208
765 26 209
759 28 213
764 29 207
763 33 204
762 34 204
760 32 208
760 28 212
760 28 212
757 31 212
761 34 205
757 37 206
757 31 212
756 36 208
750 40 210
745 42 213
746 41 213
734 44 222
735 43 222
735 39 226
731 40 229
737 36 227
738 33 229
737 31 232
735 34 231
729 36 235
726 35 239
725 35 240
722 32 246
723 30 247
724 32 244
717 34 249
712 36 252
714 32 254
714 36 250
713 37 250
709 37 254
702 37 261
707 39 254
705 38 257
705 38 257
705 40 255
704 36 260
698 38 264
699 35 266
699 35 266
698 32 270
701 30 269
697 29 274
701 26 273
697 28 275
695 29 276
693 28 279
691 27 282
689 25 286
688 20 292
691 20 289
688 22 290
685 27 288
680 28 292
686 26 288
694 24 282
693 23 284
692 20 288
696 23 281
699 24 277
692 29 279
689 32 279
694 32 274
694 35 271
694 34 272
691 36 273
690 33 277
686 34 280
687 35 278
687 29 284
692 28 280
693 26 281
693 28 279
690 33 277
690 29 281
689 30 281
691 31 278
688 33 279
685 34 281
686 27 287
690 27 283
695 26 279
694 29 277
697 25 278
698 20 282
698 18 284
698 19 283
702 20 278
703 17 280
706 19 275
706 18 276
710 14 276
712 13 275
711 15 274
715 13 272
719 15 266
719 14 267
723 13 264
726 13 261
726 15 259
726 17 257
731 21 248
732 23 245
730 26 244
729 27 244
730 24 246
729 27 244
728 27 245
730 24 246
733 23 244
733 21 246
737 18 245
738 19 243
736 21 243
736 22 242
735 27 238
731 31 238
732 33 235
728 40 232
725 42 233
722 47 231
713 52 235
707 54 239
705 51 244
694 60 246
690 60 250
685 56 259
681 52 267
679 51 270
675 44 281
675 44 281
668 46 286
662 43 295
661 40 299
661 36 303
666 40 294
664 45 291
663 45 292
658 45 297
660 44 296
658 42 300
651 46 303
650 48 302
653 43 304
646 50 304
645 47 308
641 51 308
636 53 311
628 51 321
627 41 332
625 46 329
619 45 336
614 48 338
609 51 340
603 51 346
603 51 346
607 48 345
602 50 348
604 48 348
602 45 353
600 44 356
605 42 353
604 34 362
606 27 367
611 23 366
617 24 359
618 24 358
624 23 353
626 21 353
626 18 356
624 15 361
628 13 359
632 11 357
634 10 356
637 11 352
641 12 347
642 12 346
646 12 342
650 11 339
653 10 337
654 10 336
659 8 333
664 10 326
671 10 319
674 11 315
674 9 317
681 10 309
685 11 304
689 8 303
689 10 301
691 13 296
698 13 289
700 12 288
704 13 283
710 13 277
709 14 277
709 10 281
713 10 277
715 10 275
714 15 271
713 18 269
712 22 266
709 27 264
707 30 263
698 36 266
696 35 269
694 35 271
687 40 273
683 42 275
687 42 271
686 37 277
688 35 277
691 35 274
691 30 279
692 30 278
693 31 276
695 32 273
693 38 269
691 36 273
691 38 271
684 40 276
683 36 281
687 34 279
687 35 278
683 36 281
681 36 283
677 33 290
671 36 293
666 33 301
663 38 299
658 46 296
660 40 300
664 35 301
665 28 307
668 28 304
668 28 304
668 27 305
672 25 303
676 26 298
679 26 295
674 31 295
674 29 297
679 27 294
681 27 292
679 26 295
684 26 290
685 25 290
685 23 292
688 20 292
692 16 292
698 13 289
703 11 286
708 11 281
713 10 277
714 10 276
713 10 277
714 12 274
717 12 271
719 13 268
716 20 264
718 22 260
717 26 257
715 31 254
716 27 257
713 29 258
711 30 259
714 30 256
712 33 255
716 30 254
711 30 259
711 33 256
708 30 262
717 25 258
720 21 259
719 19 262
716 21 263
716 25 259
718 24 258
716 24 260
713 29 258
711 29 260
712 26 262
717 27 256
714 30 256
712 38 250
712 42 246
712 40 248
713 36 251
713 37 250
708 42 250
707 43 250
706 44 250
701 49 250
695 54 251
688 50 262
691 49 260
689 48 263
684 49 267
682 50 268
681 48 271
681 47 272
678 51 271
675 53 272
675 50 275
670 53 277
668 52 280
668 53 279
667 49 284
663 53 284
663 56 281
660 54 286
662 52 286
659 58 283
656 59 285
658 49 293
650 54 296
648 53 299
644 51 305
642 54 304
635 58 307
632 57 311
627 59 314
629 56 315
623 59 318
625 49 326
