995 5 0
995 4 1
995 4 1
995 3 2
995 2 3
995 2 3
994 3 3
994 2 4
994 2 4
993 2 5
988 7 5
984 11 5
973 19 8
956 34 10
940 39 21
923 50 27
902 67 31
873 87 40
855 92 53
823 112 65
799 120 81
774 127 99
757 134 109
722 154 124
691 151 158
677 153 170
648 165 187
622 169 209
600 170 230
581 168 251
560 161 279
547 144 309
535 132 333
529 131 340
527 112 361
515 113 372
510 108 382
497 104 399
484 106 410
472 101 427
474 97 429
476 89 435
473 82 445
481 70 449
490 62 448
489 56 455
495 49 456
497 48 455
497 42 461
503 41 456
504 39 457
508 40 452
509 37 454
513 32 455
511 30 459
511 33 456
511 32 457
509 39 452
514 38 448
519 33 448
524 33 443
530 30 440
527 31 442
528 33 439
526 36 438
527 37 436
526 36 438
523 36 441
525 31 444
528 31 441
532 25 443
540 21 439
550 17 433
558 17 425
558 15 427
559 18 423
559 18 423
565 21 414
569 20 411
579 19 402
583 16 401
589 14 397
599 12 389
609 10 381
609 12 379
611 13 376
619 13 368
629 12 359
633 11 356
640 11 349
644 11 345
647 11 342
652 10 338
656 8 336
658 6 336
662 6 332
671 4 325
675 2 323
681 2 317
685 2 313
688 1 311
691 2 307
693 2 305
695 1 304
702 1 297
706 1 293
711 1 288
714 1 285
715 1 284
722 1 277
728 1 271
733 1 266
734 3 263
738 2 260
741 2 257
745 3 252
747 5 248
745 7 248
745 7 248
750 9 241
750 12 238
742 24 234
747 23 230
747 22 231
749 17 234
751 17 232
754 20 226
755 22 223
751 23 226
750 23 227
753 23 224
752 24 224
751 25 224
746 30 224
744 30 226
743 30 227
741 28 231
741 26 233
741 23 236
741 21 238
741 23 236
740 23 237
741 24 235
737 31 232
729 35 236
726 38 236
722 41 237
721 43 236
717 47 236
712 52 236
704 56 240
692 59 249
691 57 252
692 53 255
686 56 258
678 52 270
663 62 275
665 58 277
665 56 279
671 51 278
669 45 286
670 45 285
669 36 295
667 30 303
671 27 302
679 21 300
678 19 303
678 22 300
683 21 296
686 19 295
689 17 294
685 20 295
684 18 298
687 19 294
692 23 285
696 21 283
701 21 278
707 15 278
706 15 279
710 14 276
711 13 276
709 15 276
714 12 274
716 13 271
719 15 266
723 13 264
726 14 260
730 10 260
730 13 257
723 21 256
721 21 258
712 29 259
707 27 266
705 29 266
700 31 269
704 29 267
702 28 270
701 31 268
699 34 267
696 38 266
688 45 267
688 43 269
684 39 277
683 42 275
680 42 278
674 45 281
666 51 283
663 56 281
655 57 288
648 56 296
646 54 300
648 46 306
653 47 300
651 50 299
654 45 301
647 49 304
640 49 311
637 51 312
639 49 312
636 43 321
636 39 325
634 38 328
640 33 327
645 31 324
653 32 315
657 27 316
655 26 319
659 25 316
660 25 315
662 22 316
664 22 314
665 17 318
667 17 316
668 17 315
671 14 315
673 15 312
675 12 313
676 11 313
676 13 311
673 19 308
678 15 307
675 17 308
680 16 304
680 17 303
683 17 300
686 19 295
687 20 293
688 22 290
691 22 287
690 22 288
692 21 287
687 25 288
687 25 288
688 26 286
692 22 286
692 20 288
698 19 283
701 20 279
705 16 279
708 12 280
713 11 276
716 10 274
722 10 268
723 12 265
722 12 266
728 11 261
730 12 258
732 12 256
732 17 251
728 19 253
725 23 252
726 26 248
722 26 252
723 25 252
732 25 243
725 32 243
719 36 245
716 36 248
713 44 243
712 44 244
711 41 248
706 42 252
706 38 256
706 40 254
701 42 257
702 40 258
702 34 264
702 34 264
701 34 265
701 33 266
703 31 266
704 32 264
700 30 270
704 28 268
705 29 266
705 34 261
704 31 265
706 31 263
702 31 267
705 29 266
698 31 271
696 31 273
701 25 274
698 31 271
697 28 275
701 25 274
706 27 267
711 20 269
713 20 267
708 22 270
708 24 268
707 26 267
702 30 268
698 35 267
696 40 264
690 38 272
690 40 270
683 41 276
681 44 275
682 45 273
681 46 273
680 50 270
678 47 275
678 44 278
674 44 282
672 41 287
675 39 286
678 39 283
678 39 283
681 39 280
680 38 282
680 36 284
683 28 289
684 28 288
683 26 291
685 22 293
688 19 293
689 18 293
688 19 293
686 19 295
692 17 291
694 19 287
699 15 286
704 12 284
699 19 282
700 20 280
700 21 279
702 22 276
698 23 279
700 21 279
703 21 276
701 25 274
696 30 274
686 37 277
676 42 282
676 45 279
669 55 276
658 62 280
653 57 290
650 57 293
646 58 296
632 71 297
630 65 305
630 62 308
619 64 317
617 62 321
609 68 323
602 68 330
596 70 334
589 63 348
583 62 355
577 65 358
572 65 363
575 58 367
582 48 370
573 53 374
574 44 382
574 47 379
570 50 380
572 53 375
574 50 376
576 47 377
580 50 370
575 52 373
575 52 373
574 58 368
576 48 376
577 51 372
568 54 378
565 56 379
567 55 378
565 46 389
566 46 388
568 46 386
571 43 386
569 45 386
568 43 389
568 40 392
570 42 388
576 43 381
571 47 382
566 47 387
565 44 391
572 42 386
571 41 388
575 38 387
577 37 386
585 39 376
585 37 378
585 33 382
588 33 379
589 32 379
596 30 374
595 31 374
599 32 369
601 30 369
601 28 371
587 38 375
586 38 376
587 39 374
585 34 381
577 41 382
585 42 373
587 36 377
590 36 374
591 36 373
595 36 369
597 32 371
594 30 376
597 28 375
602 27 371
607 27 366
612 25 363
616 23 361
618 22 360
625 22 353
621 28 351
621 35 344
623 32 345
618 38 344
615 40 345
616 33 351
618 33 349
622 25 353
626 22 352
628 24 348
639 20 341
637 22 341
634 20 346
638 16 346
647 17 336
650 21 329
655 20 325
658 22 320
660 21 319
662 21 317
661 22 317
660 23 317
663 25 312
667 23 310
667 22 311
673 22 305
679 21 300
682 19 299
682 23 295
682 24 294
682 21 297
689 19 292
694 15 291
697 13 290
701 12 287
702 10 288
705 9 286
707 9 284
711 7 282
714 4 282
721 3 276
725 4 271
727 4 269
731 4 265
732 5 263
734 5 261
737 5 258
742 5 253
743 5 252
751 5 244
754 5 241
755 6 239
759 7 234
764 6 230
766 6 228
768 6 226
771 6 223
773 8 219
784 9 207
785 12 203
786 12 202
785 14 201
780 18 202
785 17 198
785 15 200
788 14 198
786 15 199
788 10 202
792 8 200
791 8 201
791 13 196
791 14 195
787 19 194
785 22 193
783 22 195
783 22 195
786 23 191
788 20 192
784 21 195
777 27 196
776 34 190
766 41 193
746 53 201
738 51 211
721 56 223
707 70 223
692 76 232
676 81 243
664 80 256
653 82 265
640 83 277
632 81 287
629 72 299
622 72 306
623 68 309
624 65 311
617 69 314
620 72 308
618 68 314
618 62 320
618 54 328
623 50 327
624 50 326
626 49 325
629 47 324
626 42 332
629 40 331
630 38 332
627 39 334
631 30 339
635 24 341
642 24 334
644 21 335
648 22 330
660 21 319
661 20 319
663 17 320
667 19 314
669 18 313
671 17 312
673 19 308
666 30 304
666 28 306
665 27 308
670 27 303
667 28 305
665 32 303
664 31 305
660 36 304
659 35 306
650 45 305
644 47 309
644 42 314
641 40 319
640 42 318
640 41 319
640 35 325
645 28 327
653 29 318
658 24 318
663 21 316
671 18 311
674 16 310
680 17 303
678 20 302
686 17 297
690 17 293
693 15 292
698 14 288
704 14 282
711 13 276
715 12 273
722 11 267
722 13 265
724 13 263
723 11 266
725 11 264
730 11 259
733 9 258
737 8 255
742 9 249
745 10 245
748 9 243
751 7 242
754 6 240
757 5 238
763 5 232
766 5 229
769 4 227
769 4 227
774 4 222
777 4 219
778 4 218
784 4 212
785 6 209
787 9 204
785 11 204
784 17 199
781 22 197
780 24 196
782 25 193
773 30 197
763 42 195
752 44 204
743 51 206
732 57 211
721 67 212
710 71 219
699 74 227
692 76 232
685 72 243
678 70 252
675 69 256
670 70 260
672 58 270
671 58 271
671 59 270
671 58 271
665 57 278
658 58 284
654 62 284
646 65 289
641 59 300
636 61 303
629 64 307
627 61 312
623 58 319
629 55 316
627 55 318
625 58 317
626 59 315
625 59 316
625 54 321
622 48 330
620 43 337
621 43 336
622 45 333
622 43 335
614 47 339
610 48 342
610 44 346
609 47 344
601 53 346
598 56 346
586 61 353
591 59 350
588 55 357
587 51 362
594 44 362
596 47 357
597 41 362
599 40 361
597 35 368
598 38 364
603 37 360
609 37 354
610 40 350
612 37 351
615 33 352
612 34 354
615 36 349
622 32 346
628 30 342
636 21 343
642 21 337
641 22 337
646 19 335
646 18 336
646 20 334
652 20 328
654 24 322
660 23 317
659 26 315
666 27 307
665 32 303
668 31 301
670 28 302
672 26 302
675 23 302
680 19 301
676 22 302
679 23 298
681 26 293
679 34 287
671 39 290
670 39 291
665 46 289
664 39 297
662 33 305
658 37 305
655 36 309
658 32 310
659 28 313
664 23 313
669 22 309
674 21 305
677 20 303
678 21 301
679 22 299
678 24 298
679 22 299
678 25 297
672 30 298
674 34 292
674 32 294
672 30 298
675 29 296
676 34 290
675 38 287
676 39 285
675 42 283
674 38 288
668 39 293
664 37 299
654 43 303
651 45 304
648 41 311
648 35 317
650 36 314
649 43 308
639 51 310
642 46 312
641 40 319
639 34 327
639 37 324
637 35 328
641 35 324
645 31 324
648 34 318
651 33 316
654 33 313
655 32 313
660 29 311
663 23 314
666 23 311
667 22 311
666 23 311
665 25 310
666 27 307
659 34 307
661 35 304
662 34 304
667 29 304
671 24 305
672 28 300
674 31 295
664 40 296
654 48 298
649 49 302
652 45 303
647 48 305
640 48 312
642 43 315
639 45 316
639 44 317
642 43 315
642 44 314
638 43 319
644 39 317
643 36 321
643 33 324
639 35 326
644 31 325
645 29 326
641 33 326
645 29 326
646 24 330
649 24 327
653 21 326
661 20 319
660 18 322
665 17 318
673 15 312
672 18 310
674 17 309
676 14 310
685 13 302
688 14 298
690 17 293
691 17 292
692 19 289
694 16 290
698 14 288
704 12 284
708 11 281
712 8 280
709 12 279
715 11 274
720 8 272
724 7 269
726 10 264
726 10 264
725 13 262
727 17 256
722 22 256
720 24 256
712 32 256
716 29 255
713 29 258
710 28 262
704 33 263
695 34 271
687 37 276
682 43 275
679 46 275
681 45 274
680 44 276
678 40 282
682 38 280
681 41 278
679 38 283
679 36 285
678 34 288
676 30 294
678 29 293
679 26 295
680 24 296
681 30 289
682 28 290
678 32 290
683 31 286
684 27 289
688 27 285
692 26 282
695 23 282
693 28 279
696 30 274
697 33 270
694 31 275
690 36 274
685 39 276
681 40 279
677 43 280
675 44 281
664 50 286
658 50 292
651 53 296
655 44 301
646 47 307
641 48 311
637 49 314
627 55 318
628 51 321
625 51 324
623 48 329
626 46 328
622 47 331
616 44 340
619 41 340
622 38 340
623 37 340
626 31 343
632 26 342
641 20 339
646 19 335
650 18 332
651 20 329
661 18 321
660 19 321
664 22 314
668 21 311
674 18 308
681 19 300
682 16 302
684 16 300
686 14 300
692 9 299
699 9 292
699 9 292
702 10 288
702 12 286
706 9 285
712 8 280
717 5 278
722 5 273
720 11 269
725 12 263
727 14 259
728 15 257
726 20 254
724 24 252
727 30 243
728 27 245
727 25 248
731 23 246
731 21 248
734 16 250
738 17 245
738 18 244
745 14 241
745 17 238
743 20 237
746 24 230
745 22 233
749 25 226
746 27 227
737 34 229
729 42 229
720 48 232
717 44 239
709 48 243
707 51 242
702 51 247
698 49 253
690 51 259
687 46 267
689 44 267
689 39 272
693 35 272
698 38 264
693 46 261
692 46 262
690 48 262
686 53 261
686 53 261
687 49 264
685 52 263
686 53 261
686 52 262
682 52 266
678 53 269
669 54 277
664 60 276
649 64 287
640 66 294
632 72 296
626 69 305
620 72 308
612 74 314
603 78 319
597 73 330
595 69 336
588 70 342
590 65 345
588 61 351
590 53 357
591 47 362
596 43 361
603 34 363
605 27 368
604 27 369
609 28 363
609 35 356
604 38 358
602 38 360
610 31 359
614 32 354
616 28 356
618 25 357
620 24 356
627 20 353
629 19 352
626 19 355
622 23 355
625 24 351
632 20 348
635 22 343
642 18 340
643 19 338
640 23 337
641 21 338
644 21 335
646 19 335
647 18 335
651 12 337
654 14 332
654 16 330
660 15 325
657 18 325
657 16 327
662 14 324
666 10 324
667 11 322
668 8 324
678 6 316
688 4 308
692 6 302
695 5 300
697 11 292
696 19 285
696 19 285
692 21 287
691 23 286
684 29 287
681 29 290
