995 5 0
994 5 1
986 12 2
981 16 3
972 23 5
967 18 15
962 19 19
953 26 21
946 27 27
938 29 33
928 37 35
913 45 42
886 68 46
858 84 58
837 94 69
809 108 83
774 124 102
739 144 117
705 157 138
676 170 154
654 165 181
630 165 205
599 171 230
580 169 251
557 163 280
540 158 302
530 134 336
524 127 349
518 119 363
511 107 382
501 100 399
494 95 411
496 83 421
492 78 430
486 74 440
481 63 456
480 52 468
478 52 470
478 56 466
476 55 469
478 48 474
481 46 473
479 49 472
479 47 474
484 43 473
488 37 475
501 31 468
507 29 464
512 26 462
519 22 459
521 23 456
524 22 454
533 19 448
538 17 445
544 13 443
554 11 435
563 10 427
566 13 421
577 14 409
581 13 406
587 11 402
594 9 397
597 8 395
597 14 389
596 18 386
602 16 382
606 15 379
612 16 372
617 17 366
622 17 361
626 19 355
631 21 348
636 21 343
636 23 341
637 22 341
642 18 340
645 19 336
647 21 332
647 22 331
644 26 330
646 26 328
653 22 325
659 20 321
662 19 319
665 20 315
668 22 310
668 22 310
668 24 308
665 26 309
662 26 312
654 38 308
654 37 309
652 44 304
652 42 306
651 35 314
651 34 315
651 34 315
653 30 317
658 29 313
657 33 310
663 28 309
666 25 309
669 28 303
673 29 298
675 26 299
674 26 300
672 30 298
668 34 298
667 36 297
672 31 297
674 29 297
680 26 294
679 29 292
680 31 289
680 30 290
680 31 289
682 29 289
687 26 287
687 26 287
695 21 284
700 22 278
701 18 281
701 18 281
703 15 282
709 12 279
712 10 278
716 9 275
717 8 275
718 9 273
728 8 264
729 9 262
733 8 259
736 8 256
734 10 256
739 9 252
741 13 246
746 11 243
749 8 243
750 6 244
752 8 240
757 7 236
759 6 235
760 5 235
765 4 231
767 3 230
773 3 224
773 4 223
779 4 217
781 2 217
785 2 213
786 4 210
787 5 208
791 4 205
790 5 205
790 9 201
794 8 198
798 9 193
802 11 187
805 10 185
807 9 184
806 14 180
808 12 180
809 11 180
813 9 178
816 8 176
819 7 174
821 6 173
819 9 172
821 12 167
826 13 161
821 16 163
819 18 163
815 22 163
815 20 165
808 22 170
804 23 173
804 25 171
800 28 172
797 30 173
792 32 176
792 28 180
788 30 182
789 30 181
785 29 186
783 30 187
781 29 190
765 39 196
751 47 202
742 56 202
732 58 210
717 68 215
705 73 222
697 77 226
688 79 233
673 88 239
651 97 252
638 91 271
632 98 270
624 96 280
625 80 295
613 81 306
603 77 320
597 71 332
591 66 343
592 61 347
593 61 346
594 52 354
589 51 360
590 46 364
596 43 361
594 43 363
598 38 364
602 34 364
605 35 360
600 36 364
600 33 367
606 27 367
604 27 369
606 26 368
613 23 364
622 20 358
622 19 359
619 23 358
619 19 362
623 21 356
617 25 358
620 22 358
619 22 359
621 24 355
625 22 353
629 21 350
633 19 348
633 20 347
637 20 343
639 18 343
646 17 337
653 17 330
657 14 329
666 13 321
668 13 319
670 13 317
672 14 314
681 12 307
684 12 304
686 11 303
692 13 295
691 13 296
694 13 293
696 12 292
698 13 289
700 13 287
706 15 279
712 16 272
717 13 270
716 15 269
708 22 270
698 29 273
694 29 277
688 33 279
685 35 280
678 43 279
671 51 278
656 55 289
648 56 296
644 49 307
640 53 307
644 43 313
651 38 311
647 44 309
647 47 306
650 46 304
651 44 305
649 47 304
653 42 305
657 34 309
666 29 305
668 29 303
670 28 302
674 23 303
680 20 300
682 19 299
685 18 297
689 17 294
691 22 287
692 18 290
693 19 288
697 17 286
700 15 285
703 13 284
706 14 280
708 16 276
710 15 275
714 14 272
715 14 271
717 13 270
718 11 271
722 13 265
723 16 261
724 17 259
728 11 261
730 10 260
733 10 257
735 8 257
735 9 256
735 10 255
739 9 252
736 10 254
740 8 252
745 7 248
747 9 244
752 12 236
758 13 229
761 16 223
759 16 225
755 17 228
756 17 227
752 19 229
751 22 227
752 22 226
747 24 229
743 31 226
731 38 231
723 45 232
722 47 231
723 47 230
717 48 235
709 54 237
699 58 243
692 60 248
681 64 255
670 67 263
671 63 266
663 69 268
663 64 273
659 66 275
649 73 278
642 77 281
637 70 293
636 68 296
630 71 299
616 70 314
604 73 323
593 80 327
584 81 335
581 73 346
571 76 353
571 74 355
567 73 360
562 66 372
556 65 379
552 63 385
549 67 384
539 69 392
542 63 395
546 57 397
544 53 403
544 46 410
545 46 409
547 44 409
547 42 411
551 36 413
555 35 410
559 32 409
561 28 411
569 22 409
572 22 406
577 18 405
585 19 396
590 20 390
597 16 387
602 12 386
605 11 384
614 9 377
625 9 366
633 6 361
635 6 359
636 5 359
636 5 359
641 3 356
645 3 352
653 2 345
661 2 337
666 2 332
671 2 327
676 4 320
679 5 316
681 4 315
686 5 309
688 8 304
697 8 295
700 9 291
701 9 290
705 10 285
709 10 281
715 7 278
719 6 275
720 6 274
724 5 271
726 6 268
732 4 264
735 4 261
741 6 253
740 6 254
743 5 252
745 6 249
746 6 248
747 8 245
751 7 242
754 8 238
756 9 235
756 10 234
757 8 235
759 9 232
761 11 228
759 14 227
755 15 230
755 16 229
756 18 226
757 19 224
758 18 224
758 20 222
754 21 225
756 16 228
754 17 229
748 25 227
745 26 229
741 29 230
730 40 230
721 49 230
714 54 232
709 57 234
694 65 241
683 69 248
671 74 255
669 71 260
669 70 261
665 57 278
661 57 282
653 60 287
649 54 297
648 53 299
647 51 302
649 47 304
645 45 310
641 45 314
640 49 311
641 40 319
645 34 321
648 30 322
648 30 322
648 30 322
643 32 325
645 34 321
646 36 318
648 36 316
647 39 314
639 49 312
626 57 317
615 65 320
609 70 321
608 67 325
609 65 326
605 63 332
602 63 335
602 59 339
604 52 344
601 52 347
596 54 350
588 54 358
579 59 362
576 58 366
577 53 370
576 49 375
580 41 379
583 44 373
586 41 373
588 37 375
590 37 373
598 35 367
600 29 371
606 28 366
609 28 363
615 20 365
622 17 361
630 17 353
631 14 355
635 12 353
638 12 350
644 12 344
651 7 342
654 5 341
662 5 333
664 5 331
669 4 327
673 4 323
675 5 320
676 9 315
680 12 308
683 13 304
689 12 299
689 11 300
694 9 297
698 10 292
702 8 290
707 6 287
711 7 282
715 8 277
722 7 271
729 5 266
727 5 268
735 5 260
738 5 257
744 6 250
748 7 245
756 5 239
757 6 237
760 5 235
761 3 236
765 4 231
777 5 218
779 4 217
780 4 216
781 7 212
779 10 211
777 14 209
782 11 207
787 12 201
786 14 200
787 15 198
788 12 200
790 9 201
789 11 200
788 14 198
786 14 200
784 17 199
777 20 203
776 15 209
776 16 208
781 11 208
785 8 207
785 9 206
790 9 201
788 11 201
789 14 197
789 15 196
791 19 190
785 26 189
783 27 190
780 32 188
778 33 189
776 31 193
775 32 193
768 35 197
763 40 197
756 43 201
749 47 204
746 45 209
744 46 210
742 44 214
734 49 217
727 53 220
721 54 225
715 59 226
701 69 230
696 62 242
688 65 247
681 70 249
667 78 255
661 75 264
656 73 271
652 72 276
652 71 277
651 73 276
650 77 273
642 74 284
639 69 292
628 70 302
624 76 300
617 75 308
612 74 314
614 63 323
612 65 323
612 61 327
609 62 329
608 58 334
606 51 343
611 48 341
612 46 342
615 39 346
612 40 348
606 41 353
600 50 350
594 48 358
592 47 361
592 39 369
594 35 371
599 35 366
604 30 366
601 33 366
595 40 365
592 40 368
595 42 363
595 44 361
594 42 364
593 40 367
592 43 365
595 40 365
604 37 359
612 31 357
610 34 356
613 30 357
618 31 351
620 30 350
619 28 353
625 31 344
623 30 347
631 28 341
634 25 341
636 23 341
639 19 342
643 16 341
650 11 339
652 13 335
656 13 331
660 12 328
659 15 326
659 20 321
661 16 323
657 19 324
661 19 320
662 22 316
663 20 317
664 17 319
668 14 318
669 15 316
678 15 307
681 15 304
682 15 303
685 16 299
689 20 291
692 16 292
695 17 288
692 20 288
694 20 286
697 20 283
691 23 286
695 22 283
692 28 280
688 32 280
689 32 279
684 32 284
687 29 284
685 31 284
688 31 281
686 32 282
685 32 283
684 33 283
690 32 278
693 27 280
698 26 276
703 22 275
706 26 268
705 22 273
707 25 268
705 24 271
705 25 270
710 25 265
713 28 259
709 26 265
712 26 262
714 25 261
715 27 258
721 28 251
725 22 253
727 21 252
731 20 249
736 19 245
738 21 241
734 24 242
730 29 241
732 26 242
727 29 244
726 31 243
728 33 239
728 31 241
728 34 238
724 33 243
719 30 251
721 27 252
724 26 250
727 24 249
726 28 246
725 33 242
726 32 242
716 37 247
700 51 249
693 56 251
690 55 255
691 47 262
691 49 260
686 52 262
677 57 266
681 49 270
680 47 273
684 48 268
672 53 275
671 46 283
670 49 281
669 47 284
673 47 280
673 44 283
672 46 282
667 46 287
670 42 288
671 41 288
668 43 289
667 44 289
673 38 289
677 35 288
681 34 285
685 32 283
682 31 287
683 35 282
682 36 282
681 34 285
671 39 290
666 46 288
662 48 290
660 49 291
647 60 293
635 73 292
625 72 303
616 68 316
612 65 323
605 67 328
593 66 341
589 69 342
579 73 348
573 76 351
566 75 359
566 68 366
572 62 366
571 60 369
570 56 374
572 56 372
569 59 372
578 55 367
574 56 370
573 56 371
572 55 373
575 56 369
579 55 366
576 50 374
575 39 386
579 39 382
579 39 382
583 32 385
589 27 384
595 24 381
598 20 382
602 18 380
605 18 377
607 18 375
615 16 369
623 17 360
623 21 356
628 21 351
628 25 347
629 22 349
631 20 349
631 18 351
631 21 348
634 23 343
634 25 341
637 25 338
636 25 339
638 28 334
638 30 332
636 33 331
635 35 330
636 31 333
642 30 328
644 25 331
649 24 327
647 23 330
647 28 325
647 22 331
650 21 329
647 23 330
649 26 325
653 23 324
655 23 322
657 24 319
659 18 323
666 16 318
674 13 313
678 11 311
684 10 306
683 10 307
690 9 301
694 7 299
699 5 296
703 2 295
708 2 290
712 3 285
714 3 283
717 3 280
720 2 278
724 1 275
727 1 272
734 1 265
738 1 261
742 1 257
748 1 251
752 1 247
756 1 243
760 1 239
764 1 235
768 1 231
764 4 232
767 4 229
769 4 227
772 5 223
775 5 220
777 6 217
780 6 214
786 7 207
790 7 203
791 8 201
794 9 197
795 11 194
796 11 193
795 12 193
798 12 190
801 9 190
801 10 189
803 7 190
805 4 191
810 4 186
807 8 185
804 13 183
804 15 181
803 14 183
804 16 180
805 15 180
803 21 176
808 14 178
805 15 180
804 16 180
807 15 178
802 16 182
801 18 181
801 18 181
799 20 181
795 25 180
796 22 182
793 25 182
786 33 181
780 35 185
770 40 190
765 39 196
759 45 196
747 54 199
733 62 205
726 59 215
721 60 219
717 54 229
709 56 235
691 72 237
678 79 243
668 69 263
652 80 268
645 70 285
644 66 290
638 68 294
628 76 296
619 75 306
620 68 312
619 60 321
618 57 325
611 62 327
607 56 337
606 51 343
610 52 338
614 44 342
615 44 341
614 44 342
605 51 344
599 53 348
593 59 348
592 57 351
581 64 355
582 63 355
593 54 353
593 46 361
595 46 359
599 37 364
606 38 356
607 37 356
606 32 362
610 26 364
612 26 362
612 30 358
614 33 353
610 35 355
607 36 357
605 37 358
605 35 360
611 32 357
614 30 356
620 30 350
619 34 347
619 36 345
616 37 347
621 34 345
622 33 345
620 33 347
624 27 349
629 26 345
633 25 342
641 22 337
637 24 339
645 22 333
648 20 332
646 19 335
650 17 333
653 15 332
656 15 329
662 12 326
667 13 320
676 13 311
686 14 300
692 14 294
693 16 291
696 13 291
699 11 290
706 9 285
709 8 283
713 10 277
717 12 271
717 13 270
722 11 267
723 12 265
730 10 260
734 11 255
739 10 251
743 10 247
744 14 242
746 11 243
751 9 240
754 7 239
756 6 238
761 7 232
765 6 229
764 8 228
769 9 222
772 8 220
777 8 215
781 5 214
781 6 213
779 11 210
778 16 206
772 24 204
766 33 201
756 44 200
748 48 204
743 56 201
741 54 205
737 61 202
722 69 209
713 67 220
708 68 224
706 57 237
703 56 241
695 57 248
695 52 253
692 54 254
694 45 261
690 44 266
697 40 263
702 31 267
704 29 267
704 24 272
705 24 271
713 20 267
714 20 266
718 19 263
720 16 264
721 16 263
726 19 255
727 19 254
729 16 255
735 12 253
736 14 250
736 14 250
739 15 246
745 20 235
746 17 237
745 24 231
747 28 225
744 29 227
