995 5 0
992 7 1
990 7 3
989 7 4
987 8 5
985 9 6
982 10 8
981 9 10
981 9 10
972 17 11
959 28 13
939 45 16
909 66 25
879 83 38
852 99 49
817 124 59
790 137 73
765 140 95
738 146 116
712 146 142
681 155 164
661 155 184
649 139 212
628 147 225
601 152 247
573 160 267
555 161 284
541 158 301
529 141 330
518 136 346
518 121 361
508 119 373
500 117 383
495 115 390
485 109 406
484 98 418
480 93 427
481 87 432
486 80 434
488 68 444
486 70 444
488 70 442
493 62 445
504 53 443
506 50 444
510 54 436
517 48 435
520 44 436
530 40 430
534 36 430
539 33 428
546 29 425
554 26 420
557 24 419
562 21 417
570 21 409
579 19 402
582 17 401
586 16 398
587 14 399
595 13 392
603 11 386
604 15 381
606 17 377
607 19 374
610 17 373
617 14 369
622 11 367
627 16 357
635 15 350
643 14 343
647 14 339
654 11 335
659 12 329
661 11 328
665 11 324
668 13 319
671 14 315
672 14 314
674 11 315
677 11 312
684 12 304
692 12 296
694 9 297
695 13 292
700 11 289
692 15 293
689 23 288
683 31 286
671 44 285
663 47 290
665 47 288
658 44 298
658 41 301
657 45 298
660 44 296
662 37 301
662 36 302
661 35 304
661 38 301
662 41 297
664 38 298
668 37 295
657 46 297
657 39 304
655 42 303
653 50 297
642 56 302
639 61 300
632 57 311
625 67 308
620 66 314
608 73 319
604 75 321
604 72 324
592 72 336
590 70 340
579 70 351
569 71 360
570 68 362
562 68 370
563 59 378
563 56 381
565 52 383
564 52 384
563 45 392
564 47 389
562 44 394
565 42 393
567 39 394
569 37 394
577 36 387
580 31 389
583 33 384
579 37 384
583 36 381
584 34 382
588 29 383
591 31 378
590 31 379
593 36 371
594 35 371
598 35 367
598 39 363
605 34 361
606 33 361
612 32 356
611 31 358
613 34 353
618 34 348
626 32 342
628 32 340
631 30 339
636 28 336
637 24 339
642 24 334
652 21 327
659 19 322
660 17 323
663 15 322
666 14 320
666 14 320
671 9 320
676 6 318
684 3 313
690 2 308
693 2 305
700 1 299
706 2 292
704 8 288
706 10 284
707 13 280
708 16 276
706 17 277
704 23 273
705 26 269
697 30 273
695 35 270
689 39 272
685 41 274
678 44 278
674 49 277
669 52 279
666 50 284
656 57 287
649 64 287
638 75 287
630 65 305
623 71 306
620 74 306
622 69 309
609 79 312
608 78 314
604 69 327
599 68 333
597 60 343
598 61 341
599 53 348
598 52 350
600 48 352
596 45 359
592 40 368
593 43 364
592 42 366
587 48 365
591 48 361
594 44 362
592 45 363
591 43 366
599 38 363
599 38 363
594 34 372
596 32 372
603 28 369
607 27 366
604 24 372
611 21 368
612 19 369
617 13 370
622 11 367
628 10 362
632 16 352
634 21 345
632 26 342
623 32 345
617 38 345
616 37 347
616 37 347
622 34 344
621 34 345
624 34 342
624 28 348
622 28 350
623 28 349
626 27 347
629 27 344
636 23 341
642 21 337
653 20 327
663 15 322
658 20 322
658 23 319
661 22 317
662 17 321
654 29 317
648 35 317
644 36 320
641 35 324
632 43 325
630 44 326
627 48 325
618 50 332
616 49 335
612 45 343
614 39 347
618 32 350
622 31 347
621 32 347
627 35 338
628 32 340
632 29 339
635 26 339
644 25 331
649 23 328
649 22 329
651 17 332
653 18 329
654 16 330
660 16 324
665 17 318
661 22 317
663 21 316
662 25 313
665 23 312
667 27 306
670 24 306
671 19 310
671 23 306
666 26 308
668 27 305
661 31 308
659 31 310
660 32 308
664 34 302
663 33 304
661 32 307
665 27 308
667 24 309
665 25 310
665 22 313
668 23 309
675 22 303
674 22 304
683 21 296
685 20 295
691 16 293
688 20 292
689 21 290
695 19 286
700 23 277
699 22 279
700 29 271
700 27 273
696 30 274
689 40 271
682 42 276
677 47 276
665 53 282
667 52 281
666 50 284
667 46 287
660 49 291
651 55 294
648 54 298
643 54 303
637 54 309
635 51 314
634 47 319
629 47 324
629 44 327
630 47 323
628 45 327
625 47 328
628 43 329
631 40 329
630 42 328
638 39 323
636 42 322
643 32 325
645 31 324
649 29 322
652 28 320
653 29 318
655 27 318
661 24 315
659 27 314
661 24 315
661 22 317
663 20 317
665 16 319
667 16 317
672 13 315
680 11 309
679 11 310
680 9 311
684 8 308
691 6 303
697 8 295
702 8 290
706 7 287
711 7 282
716 6 278
719 6 275
722 8 270
727 8 265
736 5 259
741 3 256
743 6 251
746 6 248
749 5 246
753 5 242
760 5 235
766 6 228
767 5 228
770 6 224
771 7 222
774 9 217
776 11 213
781 12 207
788 10 202
792 8 200
793 8 199
798 6 196
799 6 195
799 6 195
805 4 191
807 3 190
806 10 184
800 17 183
799 16 185
802 12 186
801 16 183
801 17 182
800 16 184
801 17 182
801 19 180
794 28 178
793 29 178
786 35 179
779 41 180
765 49 186
762 44 194
761 47 192
755 41 204
754 40 206
753 39 208
751 36 213
754 35 211
753 33 214
754 31 215
749 36 215
745 40 215
744 40 216
744 38 218
738 38 224
730 49 221
719 54 227
720 50 230
714 47 239
712 45 243
711 46 243
704 52 244
693 60 247
679 70 251
671 75 254
660 75 265
650 75 275
641 73 286
634 74 292
622 79 299
601 90 309
597 82 321
589 81 330
582 81 337
582 79 339
573 82 345
568 78 354
560 79 361
561 78 361
555 78 367
545 81 374
546 74 380
539 71 390
549 60 391
552 56 392
553 58 389
555 54 391
554 56 390
551 53 396
548 58 394
540 64 396
539 58 403
537 56 407
533 54 413
535 51 414
536 52 412
535 51 414
536 52 412
531 57 412
529 57 414
532 53 415
535 49 416
530 56 414
528 59 413
540 49 411
543 51 406
542 52 406
541 45 414
539 47 414
534 49 417
530 53 417
534 40 426
541 29 430
546 29 425
549 26 425
550 26 424
555 24 421
560 24 416
562 21 417
564 23 413
569 24 407
569 24 407
574 26 400
576 26 398
574 37 389
579 35 386
581 32 387
578 36 386
569 43 388
568 44 388
562 52 386
559 54 387
560 54 386
560 58 382
554 58 388
552 58 390
551 49 400
553 46 401
556 42 402
561 38 401
563 36 401
572 31 397
575 30 395
576 26 398
581 25 394
587 21 392
595 20 385
596 16 388
598 16 386
605 13 382
611 12 377
614 15 371
621 15 364
623 15 362
626 13 361
635 15 350
633 18 349
637 15 348
642 10 348
640 17 343
643 15 342
646 16 338
657 15 328
662 11 327
665 12 323
671 14 315
676 15 309
679 17 304
680 23 297
683 24 293
679 29 292
674 36 290
667 44 289
661 48 291
654 52 294
650 55 295
648 55 297
647 55 298
643 60 297
640 52 308
641 47 312
641 49 310
634 50 316
632 51 317
635 47 318
637 41 322
639 36 325
641 31 328
646 31 323
644 34 322
645 39 316
639 42 319
639 37 324
644 39 317
638 42 320
637 42 321
633 42 325
628 46 326
621 50 329
621 57 322
618 59 323
618 56 326
614 58 328
616 47 337
615 43 342
614 48 338
616 43 341
619 42 339
624 41 335
625 39 336
629 37 334
632 35 333
629 36 335
632 35 333
637 29 334
638 29 333
643 24 333
646 20 334
649 16 335
653 16 331
655 17 328
661 15 324
664 13 323
671 12 317
674 11 315
675 11 314
681 9 310
686 9 305
684 16 300
686 21 293
684 27 289
685 30 285
676 38 286
679 36 285
673 42 285
669 46 285
661 49 290
657 50 293
654 44 302
652 37 311
656 34 310
655 29 316
655 34 311
653 34 313
653 36 311
657 36 307
660 35 305
670 30 300
675 26 299
679 25 296
681 23 296
681 20 299
683 22 295
680 23 297
676 27 297
677 26 297
673 29 298
674 30 296
673 30 297
671 26 303
671 26 303
674 24 302
672 29 299
669 35 296
668 33 299
665 36 299
659 36 305
662 33 305
667 32 301
665 36 299
664 36 300
670 34 296
673 36 291
678 36 286
680 37 283
678 32 290
672 34 294
671 37 292
669 35 296
675 33 292
669 43 288
669 41 290
665 44 291
661 50 289
653 60 287
650 59 291
647 53 300
644 59 297
645 60 295
644 59 297
635 61 304
634 57 309
636 54 310
636 56 308
634 56 310
632 60 308
615 75 310
598 85 317
590 86 324
587 77 336
587 67 346
582 67 351
583 57 360
587 53 360
591 47 362
592 47 361
591 47 362
599 40 361
602 36 362
609 31 360
613 28 359
619 26 355
626 21 353
632 20 348
636 19 345
645 18 337
647 20 333
650 17 333
651 14 335
652 12 336
658 13 329
666 12 322
669 12 319
674 12 314
677 14 309
682 11 307
681 13 306
680 15 305
681 17 302
682 15 303
684 15 301
687 14 299
692 13 295
692 14 294
696 14 290
699 12 289
702 11 287
705 12 283
707 12 281
715 8 277
716 6 278
716 8 276
720 9 271
725 8 267
727 13 260
732 13 255
733 11 256
734 16 250
734 18 248
729 23 248
726 21 253
731 23 246
733 21 246
732 28 240
732 28 240
740 27 233
739 29 232
738 29 233
737 23 240
733 25 242
734 23 243
730 26 244
731 26 243
733 25 242
731 27 242
733 27 240
731 32 237
730 25 245
734 25 241
734 30 236
736 29 235
739 24 237
735 28 237
727 27 246
726 31 243
719 37 244
714 44 242
707 47 246
703 43 254
703 44 253
705 38 257
696 42 262
698 38 264
696 37 267
695 36 269
692 40 268
686 42 272
684 41 275
683 41 276
681 36 283
681 34 285
684 35 281
677 33 290
677 33 290
677 34 289
676 37 287
669 39 292
663 45 292
659 46 295
657 46 297
656 51 293
653 52 295
654 47 299
658 44 298
658 39 303
657 38 305
666 33 301
670 34 296
671 30 299
670 32 298
671 31 298
674 27 299
678 27 295
681 26 293
685 22 293
686 26 288
687 25 288
691 24 285
694 22 284
699 19 282
703 16 281
706 14 280
712 14 274
715 19 266
717 18 265
725 15 260
729 14 257
735 13 252
734 15 251
735 10 255
738 10 252
739 10 251
745 6 249
754 5 241
756 5 239
759 5 236
762 5 233
766 4 230
769 3 228
774 3 223
776 3 221
778 4 218
779 4 217
781 4 215
787 2 211
791 3 206
797 3 200
798 2 200
803 3 194
805 3 192
806 4 190
809 3 188
816 3 181
821 3 176
826 2 172
825 6 169
826 8 166
828 9 163
830 7 163
830 8 162
832 6 162
836 3 161
836 3 161
839 3 158
838 4 158
839 6 155
839 7 154
843 7 150
841 10 149
841 15 144
830 26 144
818 37 145
805 48 147
791 57 152
781 59 160
769 58 173
757 65 178
747 70 183
742 67 191
732 66 202
723 68 209
708 72 220
699 70 231
699 69 232
696 70 234
689 63 248
680 63 257
675 66 259
676 58 266
667 56 277
664 52 284
664 49 287
659 51 290
661 49 290
648 61 291
633 71 296
620 76 304
614 74 312
614 69 317
609 67 324
609 64 327
607 62 331
600 63 337
596 59 345
596 59 345
595 53 352
599 45 356
607 43 350
608 41 351
618 35 347
619 34 347
620 31 349
617 33 350
617 30 353
615 32 353
620 32 348
624 29 347
625 29 346
625 28 347
629 24 347
631 25 344
632 22 346
634 21 345
631 24 345
630 25 345
633 24 343
639 24 337
639 26 335
641 23 336
641 23 336
644 21 335
648 19 333
651 20 329
653 19 328
657 19 324
665 18 317
668 14 318
672 11 317
674 12 314
673 13 314
676 14 310
686 15 299
684 19 297
682 24 294
689 26 285
690 27 283
689 27 284
687 30 283
685 33 282
684 39 277
681 39 280
680 37 283
676 38 286
680 35 285
688 30 282
690 30 280
687 35 278
685 35 280
687 33 280
685 30 285
693 26 281
693 28 279
695 24 281
702 27 271
695 35 270
689 38 273
682 41 277
679 42 279
679 42 279
667 55 278
662 56 282
657 60 283
645 68 287
636 72 292
631 72 297
625 74 301
629 72 299
621 77 302
608 80 312
603 69 328
596 67 337
591 68 341
591 66 343
589 66 345
591 58 351
580 64 356
582 58 360
580 53 367
586 50 364
593 47 360
601 42 357
603 40 357
603 39 358
615 35 350
618 32 350
625 29 346
633 22 345
632 23 345
636 16 348
642 13 345
644 12 344
653 12 335
657 13 330
663 13 324
665 16 319
667 15 318
668 15 317
673 15 312
677 15 308
683 13 304
688 13 299
694 12 294
695 9 296
701 8 291
703 9 288
708 9 283
711 9 280
716 9 275
723 5 272
726 6 268
733 6 261
736 5 259
740 6 254
742 6 252
741 8 251
740 6 254
744 4 252
748 4 248
750 4 246
754 5 241
750 9 241
753 11 236
753 10 237
752 12 236
750 12 238
753 12 235
756 12 232
757 10 233
759 13 228
754 16 230
751 28 221
749 30 221
745 28 227
738 34 228
734 38 228
726 47 227
719 53 228
710 56 234
706 60 234
704 55 241
702 57 241
