1000 0 0
1000 0 0
1000 0 0
1000 0 0
999 1 0
997 3 0
992 7 1
989 9 2
979 18 3
969 22 9
962 26 12
948 34 18
924 53 23
904 63 33
889 72 39
866 82 52
845 91 64
825 90 85
805 87 108
790 86 124
785 71 144
777 70 153
766 69 165
761 68 171
752 69 179
739 72 189
734 69 197
726 71 203
706 82 212
690 85 225
681 89 230
673 92 235
663 93 244
652 92 256
647 85 268
638 81 281
623 84 293
614 78 308
613 75 312
607 74 319
602 74 324
600 71 329
599 61 340
602 56 342
603 54 343
607 47 346
609 48 343
610 44 346
609 41 350
607 44 349
607 43 350
604 45 351
604 43 353
608 41 351
611 39 350
613 39 348
623 32 345
626 26 348
630 24 346
630 27 343
626 33 341
628 31 341
627 36 337
630 30 340
637 25 338
642 25 333
641 27 332
648 20 332
648 22 330
652 20 328
655 21 324
659 23 318
662 24 314
664 25 311
670 24 306
670 22 308
672 22 306
676 21 303
682 22 296
684 20 296
691 18 291
695 18 287
705 15 280
710 12 278
711 11 278
712 11 277
713 10 277
720 9 271
726 6 268
731 6 263
734 9 257
735 10 255
735 11 254
737 13 250
735 15 250
734 19 247
733 17 250
734 19 247
730 23 247
723 30 247
718 33 249
716 32 252
715 30 255
717 27 256
722 27 251
719 25 256
715 28 257
715 27 258
713 28 259
716 29 255
715 27 258
718 28 254
710 32 258
709 30 261
709 33 258
705 37 258
701 38 261
701 43 256
704 40 256
700 40 260
700 42 258
689 49 262
680 51 269
674 52 274
668 50 282
664 54 282
652 56 292
653 55 292
648 54 298
646 50 304
643 46 311
640 49 311
632 51 317
636 47 317
642 42 316
641 39 320
646 34 320
643 33 324
643 28 329
648 25 327
651 22 327
653 22 325
656 23 321
657 24 319
663 21 316
662 21 317
666 20 314
667 23 310
662 26 312
665 25 310
663 26 311
658 30 312
657 33 310
653 33 314
662 31 307
665 33 302
667 31 302
671 33 296
670 30 300
668 29 303
669 30 301
679 28 293
680 26 294
681 26 293
682 29 289
690 27 283
699 25 276
697 26 277
697 27 276
700 28 272
701 30 269
698 31 271
698 37 265
692 37 271
693 34 273
693 31 276
694 31 275
695 31 274
695 25 280
694 28 278
696 23 281
698 24 278
693 27 280
689 27 284
683 33 284
683 34 283
680 34 286
680 37 283
678 35 287
681 36 283
681 33 286
679 33 288
676 29 295
678 31 291
681 31 288
680 33 287
679 37 284
675 40 285
675 36 289
673 31 296
673 32 295
670 33 297
671 35 294
675 30 295
678 27 295
680 22 298
681 21 298
687 22 291
686 24 290
689 24 287
694 26 280
696 23 281
694 27 279
693 29 278
691 31 278
687 31 282
682 31 287
679 30 291
689 30 281
691 22 287
691 22 287
690 27 283
696 20 284
699 21 280
701 21 278
701 22 277
703 20 277
704 23 273
709 22 269
713 23 264
711 23 266
712 19 269
710 21 269
711 19 270
708 22 270
708 21 271
712 20 268
713 17 270
712 20 268
708 22 270
708 22 270
718 20 262
716 23 261
720 25 255
717 28 255
714 29 257
717 25 258
720 24 256
717 23 260
717 26 257
710 34 256
709 37 254
708 35 257
706 36 258
704 36 260
702 38 260
701 35 264
693 44 263
691 46 263
686 48 266
691 44 265
692 43 265
690 40 270
678 47 275
674 48 278
674 46 280
673 40 287
674 42 284
673 43 284
674 36 290
673 36 291
674 36 290
676 30 294
674 31 295
669 28 303
665 32 303
669 32 299
670 31 299
670 31 299
672 29 299
678 23 299
686 21 293
684 23 293
690 20 290
688 20 292
689 14 297
695 15 290
696 18 286
696 20 284
696 20 284
695 24 281
703 18 279
707 17 276
710 15 275
715 16 269
718 14 268
724 14 262
724 13 263
725 11 264
731 10 259
730 13 257
730 16 254
731 18 251
731 13 256
732 14 254
732 13 255
734 13 253
730 15 255
730 16 254
736 14 250
737 17 246
739 19 242
737 23 240
732 27 241
737 25 238
740 19 241
743 23 234
743 25 232
741 23 236
743 26 231
736 30 234
735 27 238
738 21 241
737 21 242
733 22 245
734 21 245
739 21 240
737 20 243
740 24 236
734 25 241
732 29 239
731 33 236
723 35 242
716 37 247
710 38 252
713 34 253
719 36 245
722 31 247
720 29 251
717 33 250
712 38 250
713 38 249
713 35 252
713 40 247
710 39 251
705 40 255
707 39 254
704 42 254
711 39 250
710 36 254
710 38 252
711 33 256
712 34 254
713 33 254
712 33 255
716 30 254
714 26 260
714 26 260
713 26 261
712 27 261
710 27 263
709 26 265
712 25 263
710 24 266
713 26 261
709 33 258
709 35 256
709 36 255
707 37 256
705 38 257
707 29 264
711 23 266
712 25 263
709 29 262
710 25 265
711 27 262
710 25 265
710 26 264
711 29 260
714 28 258
714 29 257
717 31 252
717 30 253
721 23 256
722 24 254
717 26 257
716 28 256
718 29 253
716 31 253
709 32 259
709 31 260
703 31 266
700 34 266
698 34 268
692 38 270
688 36 276
685 34 281
682 39 279
675 43 282
671 43 286
660 52 288
660 54 286
659 45 296
658 41 301
656 39 305
653 45 302
655 43 302
659 40 301
652 40 308
646 47 307
639 48 313
640 45 315
641 42 317
641 42 317
640 42 318
636 45 319
635 45 320
634 44 322
631 43 326
631 42 327
630 42 328
626 45 329
624 47 329
626 39 335
626 31 343
632 27 341
635 30 335
643 25 332
645 25 330
641 32 327
648 29 323
648 28 324
653 26 321
656 25 319
662 25 313
668 26 306
668 28 304
675 28 297
682 24 294
688 19 293
689 17 294
693 18 289
697 16 287
697 16 287
700 16 284
707 15 278
710 15 275
712 18 270
720 15 265
720 15 265
726 15 259
729 16 255
736 15 249
739 16 245
740 22 238
742 25 233
736 30 234
730 34 236
728 41 231
721 44 235
720 40 240
717 40 243
715 36 249
711 35 254
712 35 253
712 32 256
714 33 253
710 39 251
708 43 249
705 40 255
704 38 258
705 36 259
704 40 256
699 44 257
696 43 261
693 45 262
699 42 259
699 40 261
701 41 258
703 38 259
701 36 263
707 30 263
706 34 260
705 35 260
700 36 264
697 39 264
693 42 265
693 40 267
690 42 268
686 46 268
689 38 273
684 38 278
685 35 280
682 38 280
679 42 279
679 38 283
679 34 287
676 39 285
680 40 280
678 42 280
672 44 284
668 43 289
667 41 292
668 36 296
670 36 294
673 35 292
670 38 292
665 41 294
667 41 292
669 39 292
670 39 291
675 41 284
674 43 283
671 41 288
670 42 288
666 48 286
665 47 288
662 45 293
663 41 296
663 39 298
658 41 301
659 40 301
659 37 304
664 33 303
668 31 301
669 26 305
674 21 305
675 18 307
676 18 306
679 19 302
682 20 298
686 20 294
684 24 292
680 27 293
679 33 288
677 29 294
678 28 294
684 29 287
682 28 290
687 24 289
694 19 287
693 21 286
692 21 287
699 20 281
705 20 275
707 17 276
709 17 274
711 15 274
713 12 275
716 13 271
720 13 267
720 15 265
718 15 267
719 12 269
719 13 268
720 15 265
720 16 264
719 16 265
721 16 263
722 19 259
717 21 262
715 26 259
715 26 259
717 27 256
716 32 252
714 30 256
711 34 255
710 33 257
707 37 256
705 38 257
696 43 261
695 40 265
692 39 269
693 44 263
693 45 262
683 53 264
675 60 265
674 58 268
677 61 262
671 62 267
672 57 271
663 54 283
657 59 284
652 59 289
647 63 290
641 61 298
640 53 307
638 48 314
638 45 317
639 43 318
640 36 324
640 32 328
644 34 322
645 34 321
641 36 323
640 38 322
635 40 325
637 34 329
638 38 324
631 44 325
629 42 329
629 38 333
626 37 337
621 40 339
626 39 335
631 32 337
635 34 331
632 34 334
635 25 340
634 25 341
633 29 338
640 30 330
640 29 331
640 28 332
641 22 337
650 21 329
652 18 330
655 17 328
652 21 327
651 18 331
657 15 328
659 18 323
663 18 319
670 17 313
676 18 306
679 19 302
676 16 308
676 19 305
674 20 306
676 20 304
678 19 303
682 19 299
684 23 293
675 33 292
669 36 295
658 45 297
656 46 298
654 47 299
653 48 299
647 46 307
642 48 310
638 51 311
640 48 312
629 54 317
628 51 321
628 44 328
629 43 328
633 42 325
629 43 328
627 46 327
623 44 333
622 47 331
617 50 333
615 42 343
617 42 341
621 40 339
619 40 341
615 40 345
615 36 349
618 36 346
619 39 342
617 41 342
615 43 342
613 41 346
614 36 350
615 36 349
611 40 349
617 40 343
618 37 345
617 41 342
619 38 343
618 36 346
623 37 340
621 42 337
622 40 338
625 40 335
627 31 342
626 30 344
624 33 343
625 32 343
627 28 345
635 25 340
642 24 334
641 22 337
643 17 340
642 16 342
644 15 341
643 15 342
646 14 340
648 16 336
655 16 329
659 21 320
660 19 321
662 19 319
665 20 315
667 24 309
670 28 302
670 32 298
669 31 300
666 28 306
671 28 301
672 28 300
676 30 294
679 33 288
678 33 289
685 30 285
687 29 284
686 26 288
684 25 291
684 29 287
679 33 288
673 34 293
670 37 293
672 35 293
670 39 291
669 36 295
666 35 299
665 35 300
666 35 299
663 38 299
661 38 301
660 37 303
654 38 308
649 42 309
648 40 312
650 38 312
653 36 311
645 37 318
641 41 318
642 41 317
640 41 319
638 43 319
634 38 328
632 34 334
633 35 332
634 34 332
638 39 323
638 39 323
643 37 320
644 36 320
640 38 322
638 39 323
637 35 328
635 36 329
636 34 330
629 39 332
627 38 335
626 33 341
619 37 344
620 37 343
622 44 334
622 42 336
626 37 337
630 33 337
627 39 334
631 38 331
633 36 331
630 36 334
636 35 329
635 37 328
630 41 329
632 37 331
633 36 331
636 34 330
636 30 334
635 32 333
633 30 337
634 30 336
634 28 338
635 30 335
636 33 331
634 34 332
635 38 327
645 32 323
648 31 321
654 30 316
660 29 311
658 30 312
657 34 309
653 35 312
657 36 307
650 37 313
650 37 313
651 31 318
653 31 316
646 40 314
644 43 313
647 42 311
642 40 318
644 38 318
639 40 321
636 42 322
628 45 327
622 50 328
622 47 331
616 54 330
615 49 336
610 53 337
606 55 339
607 52 341
604 50 346
600 52 348
602 42 356
603 37 360
605 34 361
607 32 361
611 26 363
615 26 359
623 24 353
626 21 353
632 21 347
638 25 337
639 26 335
646 25 329
646 26 328
648 23 329
649 24 327
644 28 328
643 31 326
646 30 324
644 33 323
638 36 326
634 42 324
632 41 327
632 39 329
634 38 328
641 38 321
639 39 322
642 39 319
639 45 316
633 49 318
630 44 326
630 44 326
630 44 326
629 44 327
630 42 328
632 34 334
635 30 335
638 25 337
640 24 336
641 27 332
646 24 330
650 26 324
654 25 321
660 25 315
657 26 317
656 23 321
664 20 316
670 19 311
673 20 307
678 18 304
681 17 302
689 18 293
694 18 288
698 14 288
702 13 285
704 15 281
706 15 279
708 16 276
709 16 275
714 16 270
713 15 272
711 19 270
710 21 269
709 28 263
709 31 260
709 29 262
715 28 257
707 35 258
704 35 261
700 41 259
695 47 258
693 49 258
687 45 268
680 42 278
677 39 284
678 36 286
676 39 285
685 37 278
687 33 280
690 31 279
692 32 276
690 35 275
691 34 275
688 38 274
692 39 269
693 39 268
690 43 267
691 43 266
685 45 270
682 42 276
674 48 278
673 44 283
672 44 284
661 48 291
664 45 291
664 42 294
666 41 293
669 39 292
669 40 291
666 39 295
667 38 295
663 37 300
663 31 306
666 29 305
669 29 302
667 31 302
665 36 299
665 37 298
666 40 294
667 44 289
669 39 292
666 39 295
664 39 297
664 40 296
659 43 298
658 42 300
657 41 302
655 40 305
655 37 308
653 38 309
657 29 314
656 34 310
653 37 310
653 32 315
656 34 310
659 31 310
659 33 308
663 32 305
664 24 312
664 20 316
667 22 311
674 21 305
678 22 300
681 21 298
684 19 297
685 17 298
684 16 300
688 11 301
695 12 293
700 9 291
701 10 289
702 12 286
704 16 280
705 15 280
707 12 281
711 12 277
718 13 269
717 13 270
718 16 266
718 16 266
720 16 264
722 21 257
721 25 254
724 26 250
724 27 249
720 32 248
718 33 249
714 40 246
712 43 245
706 48 246
707 48 245
706 42 252
703 40 257
705 42 253
707 37 256
706 36 258
706 39 255
712 38 250
710 37 253
708 36 256
708 41 251
710 34 256
706 38 256
702 39 259
696 43 261
698 46 256
697 51 252
697 54 249
700 54 246
696 49 255
690 53 257
685 57 258
683 48 269
680 47 273
679 44 277
671 56 273
664 61 275
660 59 281
655 58 287
651 63 286
638 68 294
629 68 303
628 63 309
628 62 310
625 58 317
618 56 326
619 52 329
617 53 330
622 48 330
624 46 330
