995 5 0
995 4 1
994 3 3
994 2 4
993 2 5
991 4 5
989 6 5
986 9 5
981 12 7
970 21 9
956 33 11
941 42 17
926 52 22
912 59 29
887 68 45
868 77 55
845 87 68
819 101 80
784 124 92
762 124 114
718 153 129
690 155 155
670 151 179
650 141 209
635 138 227
622 132 246
617 126 257
604 125 271
601 113 286
597 110 293
595 105 300
584 99 317
578 97 325
570 97 333
562 88 350
554 87 359
547 83 370
545 80 375
552 78 370
549 80 371
541 77 382
520 89 391
514 80 406
509 79 412
514 73 413
516 60 424
509 63 428
509 58 433
513 56 431
507 61 432
513 54 433
514 49 437
516 47 437
522 44 434
523 36 441
529 35 436
523 45 432
526 42 432
529 39 432
531 39 430
530 39 431
537 31 432
542 26 432
546 26 428
547 29 424
549 26 425
549 30 421
555 29 416
558 29 413
566 30 404
570 23 407
572 26 402
576 27 397
576 29 395
581 30 389
579 30 391
581 34 385
577 32 391
580 31 389
587 30 383
592 30 378
591 26 383
594 25 381
591 31 378
592 31 377
594 30 376
594 31 375
593 39 368
587 44 369
591 37 372
592 37 371
592 35 373
592 34 374
604 32 364
607 32 361
614 24 362
618 21 361
617 21 362
619 20 361
618 22 360
623 21 356
618 27 355
622 25 353
628 21 351
634 19 347
636 19 345
641 15 344
648 10 342
659 9 332
659 11 330
668 12 320
669 11 320
673 11 316
668 18 314
673 17 310
674 18 308
673 22 305
678 24 298
678 24 298
675 30 295
672 34 294
663 42 295
663 48 289
660 46 294
659 45 296
656 45 299
657 43 300
653 37 310
656 33 311
658 37 305
656 37 307
653 40 307
650 42 308
647 46 307
641 48 311
637 46 317
641 43 316
646 36 318
647 32 321
650 31 319
653 33 314
651 36 313
651 35 314
655 31 314
656 27 317
654 28 318
656 30 314
651 29 320
651 30 319
658 21 321
663 17 320
665 17 318
667 18 315
668 16 316
669 16 315
674 18 308
676 19 305
679 20 301
678 25 297
681 29 290
678 33 289
678 38 284
673 45 282
668 45 287
656 49 295
653 53 294
645 57 298
640 57 303
637 68 295
626 71 303
619 66 315
614 66 320
611 68 321
607 68 325
597 76 327
591 81 328
582 87 331
581 84 335
571 89 340
562 94 344
555 95 350
546 101 353
542 107 351
538 89 373
534 81 385
526 86 388
521 82 397
514 83 403
517 82 401
520 72 408
521 67 412
518 68 414
519 66 415
524 59 417
524 62 414
534 51 415
537 42 421
536 42 422
536 41 423
538 35 427
544 32 424
546 27 427
551 26 423
556 23 421
565 19 416
566 23 411
572 22 406
578 22 400
580 22 398
581 25 394
584 18 398
591 18 391
596 18 386
598 22 380
599 22 379
599 24 377
605 25 370
610 25 365
614 22 364
621 25 354
626 24 350
634 21 345
636 24 340
631 25 344
631 27 342
634 25 341
635 22 343
642 23 335
645 24 331
643 24 333
638 31 331
645 32 323
637 38 325
631 37 332
627 45 328
628 38 334
624 39 337
621 42 337
629 38 333
634 36 330
636 37 327
641 36 323
640 36 324
640 36 324
631 41 328
625 47 328
619 49 332
611 56 333
606 61 333
603 55 342
598 55 347
596 57 347
590 64 346
585 72 343
581 63 356
584 59 357
582 60 358
580 56 364
576 51 373
573 51 376
576 45 379
574 48 378
576 47 377
574 48 378
573 46 381
571 47 382
571 46 383
569 41 390
569 40 391
572 39 389
572 40 388
575 34 391
578 33 389
580 34 386
583 30 387
587 28 385
586 25 389
588 25 387
593 28 379
590 36 374
591 38 371
590 42 368
593 42 365
596 37 367
594 36 370
594 40 366
594 42 364
594 46 360
592 46 362
591 44 365
595 41 364
599 37 364
602 33 365
600 36 364
604 34 362
601 37 362
596 41 363
594 40 366
596 41 363
587 47 366
590 39 371
594 34 372
598 33 369
598 31 371
601 28 371
599 29 372
603 29 368
603 27 370
612 25 363
610 26 364
611 28 361
613 24 363
620 23 357
628 20 352
629 18 353
636 15 349
643 14 343
643 13 344
645 14 341
651 10 339
654 8 338
664 5 331
669 4 327
673 3 324
679 3 318
681 3 316
686 3 311
691 3 306
694 2 304
699 2 299
703 1 296
709 0 291
712 0 288
717 0 283
719 0 281
724 0 276
731 0 269
735 0 265
740 0 260
751 0 249
754 0 246
759 0 241
764 0 236
769 0 231
773 0 227
774 0 226
774 0 226
778 0 222
779 0 221
784 0 216
787 0 213
792 0 208
797 0 203
799 0 201
802 0 198
807 0 193
812 0 188
817 0 183
819 0 181
824 0 176
824 0 176
829 0 171
832 0 168
837 0 163
839 0 161
840 0 160
843 0 157
844 0 156
847 0 153
848 0 152
851 0 149
856 0 144
857 0 143
857 0 143
859 0 141
861 0 139
861 0 139
866 0 134
868 0 132
868 0 132
872 0 128
875 0 125
877 0 123
880 0 120
880 0 120
881 0 119
882 0 118
883 0 117
887 0 113
887 0 113
890 0 110
892 0 108
895 0 105
895 0 105
896 0 104
898 0 102
901 0 99
902 0 98
903 0 97
904 0 96
905 0 95
906 0 94
908 0 92
909 0 91
909 0 91
910 0 90
910 0 90
911 0 89
911 0 89
911 0 89
921 0 79
921 0 79
923 0 77
923 0 77
923 0 77
924 0 76
926 0 74
927 0 73
927 0 73
928 0 72
929 0 71
931 0 69
933 0 67
933 0 67
934 0 66
935 0 65
935 0 65
935 0 65
938 0 62
938 0 62
939 0 61
940 0 60
940 0 60
942 0 58
942 0 58
943 0 57
945 0 55
945 0 55
945 0 55
947 0 53
947 0 53
949 0 51
951 0 49
952 0 48
953 0 47
955 0 45
956 0 44
958 0 42
959 0 41
959 0 41
959 0 41
961 0 39
963 0 37
964 0 36
967 0 33
968 0 32
970 0 30
970 0 30
971 0 29
971 0 29
973 0 27
974 0 26
977 0 23
977 0 23
977 0 23
978 0 22
978 0 22
979 0 21
979 0 21
980 0 20
980 0 20
980 0 20
980 0 20
981 0 19
981 0 19
981 0 19
982 0 18
982 0 18
982 0 18
982 0 18
982 0 18
982 0 18
982 0 18
982 0 18
982 0 18
982 0 18
982 0 18
984 0 16
984 0 16
984 0 16
984 0 16
984 0 16
984 0 16
985 0 15
985 0 15
985 0 15
986 0 14
986 0 14
986 0 14
987 0 13
987 0 13
987 0 13
987 0 13
987 0 13
987 0 13
987 0 13
987 0 13
987 0 13
987 0 13
988 0 12
988 0 12
988 0 12
988 0 12
988 0 12
988 0 12
988 0 12
988 0 12
989 0 11
989 0 11
989 0 11
989 0 11
989 0 11
989 0 11
989 0 11
989 0 11
989 0 11
989 0 11
990 0 10
990 0 10
991 0 9
991 0 9
991 0 9
991 0 9
991 0 9
991 0 9
991 0 9
991 0 9
991 0 9
993 0 7
993 0 7
993 0 7
993 0 7
993 0 7
993 0 7
993 0 7
993 0 7
993 0 7
993 0 7
993 0 7
994 0 6
994 0 6
994 0 6
994 0 6
994 0 6
994 0 6
994 0 6
994 0 6
994 0 6
994 0 6
994 0 6
994 0 6
994 0 6
994 0 6
994 0 6
994 0 6
994 0 6
995 0 5
995 0 5
995 0 5
995 0 5
995 0 5
995 0 5
995 0 5
995 0 5
995 0 5
995 0 5
995 0 5
995 0 5
995 0 5
995 0 5
996 0 4
996 0 4
996 0 4
996 0 4
997 0 3
997 0 3
997 0 3
997 0 3
997 0 3
997 0 3
997 0 3
997 0 3
997 0 3
997 0 3
998 0 2
998 0 2
998 0 2
998 0 2
998 0 2
998 0 2
998 0 2
998 0 2
998 0 2
998 0 2
998 0 2
998 0 2
998 0 2
998 0 2
998 0 2
998 0 2
998 0 2
998 0 2
998 0 2
998 0 2
998 0 2
998 0 2
998 0 2
998 0 2
998 0 2
998 0 2
998 0 2
998 0 2
998 0 2
998 0 2
998 0 2
998 0 2
998 0 2
998 0 2
998 0 2
998 0 2
998 0 2
998 0 2
998 0 2
999 0 1
999 0 1
999 0 1
999 0 1
999 0 1
999 0 1
999 0 1
999 0 1
999 0 1
999 0 1
999 0 1
999 0 1
999 0 1
999 0 1
999 0 1
999 0 1
999 0 1
999 0 1
999 0 1
999 0 1
999 0 1
999 0 1
999 0 1
999 0 1
999 0 1
999 0 1
999 0 1
999 0 1
999 0 1
999 0 1
999 0 1
999 0 1
999 0 1
1000 0 0
1000 0 0
1000 0 0
1000 0 0
1000 0 0
1000 0 0
1000 0 0
1000 0 0
1000 0 0
1000 0 0
1000 0 0
1000 0 0
1000 0 0
1000 0 0
1000 0 0
1000 0 0
1000 0 0
1000 0 0
1000 0 0
1000 0 0
1000 0 0
1000 0 0
1000 0 0
1000 0 0
1000 0 0
1000 0 0
1000 0 0
1000 0 0
1000 0 0
1000 0 0
1000 0 0
1000 0 0
1000 0 0
1000 0 0
1000 0 0
1000 0 0
1000 0 0
1000 0 0
1000 0 0
1000 0 0
1000 0 0
1000 0 0
1000 0 0
1000 0 0
1000 0 0
1000 0 0
1000 0 0
1000 0 0
1000 0 0
1000 0 0
1000 0 0
1000 0 0
1000 0 0
1000 0 0
1000 0 0
1000 0 0
1000 0 0
1000 0 0
1000 0 0
1000 0 0
1000 0 0
1000 0 0
1000 0 0
1000 0 0
1000 0 0
1000 0 0
1000 0 0
1000 0 0
1000 0 0
1000 0 0
1000 0 0
1000 0 0
1000 0 0
1000 0 0
1000 0 0
1000 0 0
1000 0 0
1000 0 0
1000 0 0
1000 0 0
1000 0 0
1000 0 0
1000 0 0
1000 0 0
1000 0 0
1000 0 0
1000 0 0
1000 0 0
1000 0 0
1000 0 0
1000 0 0
1000 0 0
1000 0 0
1000 0 0
1000 0 0
1000 0 0
1000 0 0
1000 0 0
1000 0 0
1000 0 0
1000 0 0
1000 0 0
1000 0 0
1000 0 0
1000 0 0
1000 0 0
1000 0 0
1000 0 0
1000 0 0
1000 0 0
1000 0 0
1000 0 0
1000 0 0
1000 0 0
1000 0 0
1000 0 0
1000 0 0
1000 0 0
1000 0 0
1000 0 0
1000 0 0
1000 0 0
1000 0 0
1000 0 0
1000 0 0
1000 0 0
1000 0 0
1000 0 0
1000 0 0
1000 0 0
1000 0 0
1000 0 0
1000 0 0
1000 0 0
1000 0 0
1000 0 0
1000 0 0
1000 0 0
1000 0 0
1000 0 0
1000 0 0
1000 0 0
1000 0 0
1000 0 0
1000 0 0
1000 0 0
1000 0 0
1000 0 0
1000 0 0
1000 0 0
1000 0 0
1000 0 0
1000 0 0
1000 0 0
1000 0 0
1000 0 0
1000 0 0
1000 0 0
1000 0 0
1000 0 0
1000 0 0
1000 0 0
1000 0 0
1000 0 0
1000 0 0
1000 0 0
1000 0 0
1000 0 0
1000 0 0
1000 0 0
1000 0 0
1000 0 0
1000 0 0
1000 0 0
1000 0 0
1000 0 0
1000 0 0
1000 0 0
1000 0 0
1000 0 0
1000 0 0
1000 0 0
1000 0 0
1000 0 0
1000 0 0
1000 0 0
1000 0 0
1000 0 0
1000 0 0
1000 0 0
1000 0 0
1000 0 0
1000 0 0
1000 0 0
1000 0 0
1000 0 0
1000 0 0
1000 0 0
1000 0 0
1000 0 0
1000 0 0
1000 0 0
1000 0 0
1000 0 0
1000 0 0
1000 0 0
1000 0 0
1000 0 0
1000 0 0
1000 0 0
1000 0 0
1000 0 0
1000 0 0
1000 0 0
1000 0 0
1000 0 0
1000 0 0
1000 0 0
1000 0 0
1000 0 0
1000 0 0
1000 0 0
1000 0 0
1000 0 0
1000 0 0
1000 0 0
1000 0 0
1000 0 0
1000 0 0
1000 0 0
1000 0 0
1000 0 0
1000 0 0
1000 0 0
1000 0 0
1000 0 0
1000 0 0
1000 0 0
1000 0 0
1000 0 0
1000 0 0
1000 0 0
1000 0 0
1000 0 0
1000 0 0
1000 0 0
1000 0 0
1000 0 0
1000 0 0
1000 0 0
1000 0 0
1000 0 0
1000 0 0
1000 0 0
1000 0 0
1000 0 0
1000 0 0
1000 0 0
1000 0 0
1000 0 0
1000 0 0
1000 0 0
1000 0 0
1000 0 0
1000 0 0
1000 0 0
1000 0 0
1000 0 0
1000 0 0
1000 0 0
1000 0 0
1000 0 0
1000 0 0
1000 0 0
1000 0 0
1000 0 0
1000 0 0
1000 0 0
1000 0 0
1000 0 0
1000 0 0
1000 0 0
1000 0 0
1000 0 0
1000 0 0
1000 0 0
1000 0 0
1000 0 0
1000 0 0
1000 0 0
1000 0 0
1000 0 0
1000 0 0
1000 0 0
1000 0 0
1000 0 0
1000 0 0
1000 0 0
1000 0 0
1000 0 0
1000 0 0
1000 0 0
1000 0 0
1000 0 0
1000 0 0
1000 0 0
1000 0 0
1000 0 0
1000 0 0
1000 0 0
1000 0 0
1000 0 0
1000 0 0
1000 0 0
1000 0 0
1000 0 0
1000 0 0
1000 0 0
1000 0 0
1000 0 0
1000 0 0
1000 0 0
1000 0 0
1000 0 0
1000 0 0
1000 0 0
1000 0 0
1000 0 0
1000 0 0
1000 0 0
1000 0 0
1000 0 0
1000 0 0
1000 0 0
1000 0 0
