995 5 0
994 6 0
992 7 1
986 13 1
973 24 3
958 38 4
941 52 7
918 67 15
883 97 20
844 123 33
808 134 58
782 138 80
752 144 104
726 153 121
701 159 140
687 161 152
669 152 179
650 151 199
635 145 220
619 144 237
610 138 252
590 133 277
586 120 294
585 107 308
578 107 315
574 105 321
572 101 327
571 96 333
570 82 348
568 80 352
565 75 360
572 67 361
573 61 366
571 54 375
572 52 376
576 43 381
579 42 379
584 39 377
585 42 373
585 45 370
586 39 375
590 40 370
591 42 367
587 41 372
594 38 368
592 39 369
598 33 369
599 29 372
599 29 372
602 29 369
606 26 368
610 24 366
611 24 365
616 23 361
625 22 353
629 23 348
628 31 341
639 25 336
638 26 336
636 22 342
639 22 339
643 21 336
640 27 333
638 24 338
638 23 339
638 24 338
638 21 341
644 20 336
648 15 337
658 12 330
668 15 317
668 18 314
669 16 315
670 16 314
670 15 315
676 15 309
676 15 309
685 12 303
689 10 301
693 9 298
700 9 291
704 10 286
707 7 286
712 6 282
716 5 279
723 4 273
727 4 269
734 4 262
739 4 257
741 4 255
744 5 251
745 4 251
747 4 249
750 5 245
758 3 239
760 4 236
763 3 234
768 3 229
771 2 227
781 2 217
785 2 213
786 2 212
787 1 212
788 1 211
791 1 208
793 1 206
798 1 201
801 1 198
805 1 194
809 2 189
811 2 187
816 2 182
819 1 180
820 1 179
825 0 175
831 0 169
832 0 168
837 0 163
839 0 161
844 0 156
847 0 153
852 0 148
854 0 146
857 0 143
862 0 138
864 0 136
866 0 134
869 0 131
869 1 130
870 0 130
872 0 128
876 0 124
877 0 123
880 1 119
882 2 116
884 2 114
885 1 114
890 1 109
889 2 109
892 2 106
891 3 106
893 4 103
893 4 103
893 6 101
892 9 99
893 8 99
892 8 100
892 7 101
893 6 101
895 8 97
895 8 97
887 15 98
881 21 98
875 28 97
871 33 96
860 41 99
845 53 102
830 61 109
818 67 115
810 68 122
796 72 132
788 78 134
783 75 142
775 77 148
772 73 155
766 76 158
752 79 169
737 86 177
718 94 188
706 96 198
691 102 207
676 102 222
667 103 230
651 108 241
625 117 258
615 110 275
602 102 296
588 99 313
580 99 321
568 102 330
565 96 339
563 92 345
555 83 362
547 82 371
546 70 384
547 65 388
543 61 396
550 52 398
550 51 399
553 41 406
559 41 400
558 40 402
560 33 407
566 31 403
570 26 404
575 30 395
577 28 395
583 26 391
583 27 390
581 24 395
578 25 397
575 28 397
579 27 394
581 25 394
580 26 394
582 31 387
585 27 388
583 27 390
586 29 385
594 27 379
594 27 379
597 26 377
600 23 377
604 19 377
605 18 377
609 17 374
610 17 373
608 18 374
611 16 373
612 17 371
618 15 367
622 13 365
622 14 364
625 14 361
629 14 357
635 16 349
633 16 351
639 14 347
644 11 345
647 9 344
650 7 343
654 6 340
660 6 334
666 4 330
672 3 325
677 1 322
680 3 317
685 3 312
690 2 308
697 2 301
699 1 300
705 1 294
706 1 293
709 2 289
712 2 286
714 2 284
717 1 282
721 1 278
727 1 272
730 1 269
733 2 265
737 2 261
738 3 259
743 3 254
746 3 251
749 4 247
754 3 243
759 3 238
760 2 238
762 1 237
767 1 232
769 1 230
776 1 223
779 1 220
780 0 220
788 0 212
790 0 210
793 0 207
796 0 204
799 0 201
801 0 199
805 0 195
811 0 189
814 0 186
816 0 184
820 0 180
822 0 178
827 0 173
827 0 173
829 0 171
831 0 169
833 0 167
836 0 164
838 0 162
840 0 160
843 0 157
846 0 154
847 0 153
852 0 148
855 0 145
857 0 143
860 0 140
862 0 138
865 0 135
868 0 132
869 0 131
872 0 128
876 0 124
880 0 120
882 0 118
882 0 118
883 0 117
884 0 116
885 0 115
888 0 112
889 0 111
890 0 110
891 0 109
894 0 106
897 0 103
899 0 101
904 0 96
905 0 95
907 0 93
908 0 92
912 0 88
915 0 85
916 0 84
917 0 83
919 0 81
920 0 80
921 0 79
922 0 78
922 0 78
924 0 76
925 0 75
929 0 71
930 0 70
931 0 69
933 0 67
933 0 67
934 0 66
935 0 65
935 0 65
936 0 64
936 0 64
938 0 62
940 0 60
941 0 59
943 0 57
943 0 57
943 0 57
943 0 57
946 0 54
947 0 53
948 0 52
948 0 52
949 0 51
949 0 51
950 0 50
950 0 50
952 0 48
953 0 47
953 0 47
953 0 47
954 0 46
954 0 46
954 0 46
955 0 45
958 0 42
958 0 42
960 0 40
960 0 40
960 0 40
962 0 38
962 0 38
963 0 37
964 0 36
965 0 35
965 0 35
967 0 33
967 0 33
967 0 33
968 0 32
968 0 32
968 0 32
969 0 31
969 0 31
970 0 30
971 0 29
971 0 29
971 0 29
971 0 29
971 0 29
971 0 29
973 0 27
975 0 25
976 0 24
976 0 24
976 0 24
978 0 22
979 0 21
979 0 21
979 0 21
979 0 21
979 0 21
979 0 21
979 0 21
979 0 21
980 0 20
980 0 20
980 0 20
980 0 20
980 0 20
981 0 19
981 0 19
982 0 18
982 0 18
982 0 18
982 0 18
982 0 18
984 0 16
984 0 16
984 0 16
984 0 16
985 0 15
985 0 15
985 0 15
986 0 14
986 0 14
986 0 14
986 0 14
986 0 14
986 0 14
986 0 14
987 0 13
987 0 13
988 0 12
988 0 12
989 0 11
989 0 11
989 0 11
989 0 11
989 0 11
989 0 11
989 0 11
989 0 11
989 0 11
989 0 11
990 0 10
990 0 10
990 0 10
990 0 10
990 0 10
991 0 9
991 0 9
991 0 9
991 0 9
991 0 9
991 0 9
991 0 9
991 0 9
991 0 9
991 0 9
992 0 8
992 0 8
993 0 7
993 0 7
994 0 6
994 0 6
994 0 6
994 0 6
994 0 6
994 0 6
994 0 6
994 0 6
994 0 6
994 0 6
995 0 5
995 0 5
995 0 5
995 0 5
995 0 5
995 0 5
995 0 5
995 0 5
995 0 5
995 0 5
995 0 5
996 0 4
996 0 4
996 0 4
996 0 4
996 0 4
996 0 4
996 0 4
996 0 4
996 0 4
996 0 4
996 0 4
996 0 4
996 0 4
996 0 4
996 0 4
996 0 4
996 0 4
996 0 4
996 0 4
996 0 4
996 0 4
996 0 4
996 0 4
996 0 4
996 0 4
996 0 4
996 0 4
996 0 4
997 0 3
997 0 3
997 0 3
997 0 3
997 0 3
997 0 3
997 0 3
997 0 3
997 0 3
997 0 3
997 0 3
997 0 3
997 0 3
997 0 3
997 0 3
997 0 3
997 0 3
997 0 3
997 0 3
997 0 3
998 0 2
998 0 2
998 0 2
998 0 2
999 0 1
999 0 1
999 0 1
999 0 1
999 0 1
999 0 1
999 0 1
999 0 1
999 0 1
999 0 1
999 0 1
999 0 1
999 0 1
999 0 1
999 0 1
999 0 1
999 0 1
999 0 1
999 0 1
999 0 1
999 0 1
999 0 1
999 0 1
999 0 1
999 0 1
999 0 1
999 0 1
999 0 1
999 0 1
999 0 1
999 0 1
999 0 1
999 0 1
999 0 1
999 0 1
999 0 1
999 0 1
999 0 1
999 0 1
999 0 1
999 0 1
999 0 1
999 0 1
999 0 1
999 0 1
999 0 1
999 0 1
1000 0 0
1000 0 0
1000 0 0
1000 0 0
1000 0 0
1000 0 0
1000 0 0
1000 0 0
1000 0 0
1000 0 0
1000 0 0
1000 0 0
1000 0 0
1000 0 0
1000 0 0
1000 0 0
1000 0 0
1000 0 0
1000 0 0
1000 0 0
1000 0 0
1000 0 0
1000 0 0
1000 0 0
1000 0 0
1000 0 0
1000 0 0
1000 0 0
1000 0 0
1000 0 0
1000 0 0
1000 0 0
1000 0 0
1000 0 0
1000 0 0
1000 0 0
1000 0 0
1000 0 0
1000 0 0
1000 0 0
1000 0 0
1000 0 0
1000 0 0
1000 0 0
1000 0 0
1000 0 0
1000 0 0
1000 0 0
1000 0 0
1000 0 0
1000 0 0
1000 0 0
1000 0 0
1000 0 0
1000 0 0
1000 0 0
1000 0 0
1000 0 0
1000 0 0
1000 0 0
1000 0 0
1000 0 0
1000 0 0
1000 0 0
1000 0 0
1000 0 0
1000 0 0
1000 0 0
1000 0 0
1000 0 0
1000 0 0
1000 0 0
1000 0 0
1000 0 0
1000 0 0
1000 0 0
1000 0 0
1000 0 0
1000 0 0
1000 0 0
1000 0 0
1000 0 0
1000 0 0
1000 0 0
1000 0 0
1000 0 0
1000 0 0
1000 0 0
1000 0 0
1000 0 0
1000 0 0
1000 0 0
1000 0 0
1000 0 0
1000 0 0
1000 0 0
1000 0 0
1000 0 0
1000 0 0
1000 0 0
1000 0 0
1000 0 0
1000 0 0
1000 0 0
1000 0 0
1000 0 0
1000 0 0
1000 0 0
1000 0 0
1000 0 0
1000 0 0
1000 0 0
1000 0 0
1000 0 0
1000 0 0
1000 0 0
1000 0 0
1000 0 0
1000 0 0
1000 0 0
1000 0 0
1000 0 0
1000 0 0
1000 0 0
1000 0 0
1000 0 0
1000 0 0
1000 0 0
1000 0 0
1000 0 0
1000 0 0
1000 0 0
1000 0 0
1000 0 0
1000 0 0
1000 0 0
1000 0 0
1000 0 0
1000 0 0
1000 0 0
1000 0 0
1000 0 0
1000 0 0
1000 0 0
1000 0 0
1000 0 0
1000 0 0
1000 0 0
1000 0 0
1000 0 0
1000 0 0
1000 0 0
1000 0 0
1000 0 0
1000 0 0
1000 0 0
1000 0 0
1000 0 0
1000 0 0
1000 0 0
1000 0 0
1000 0 0
1000 0 0
1000 0 0
1000 0 0
1000 0 0
1000 0 0
1000 0 0
1000 0 0
1000 0 0
1000 0 0
1000 0 0
1000 0 0
1000 0 0
1000 0 0
1000 0 0
1000 0 0
1000 0 0
1000 0 0
1000 0 0
1000 0 0
1000 0 0
1000 0 0
1000 0 0
1000 0 0
1000 0 0
1000 0 0
1000 0 0
1000 0 0
1000 0 0
1000 0 0
1000 0 0
1000 0 0
1000 0 0
1000 0 0
1000 0 0
1000 0 0
1000 0 0
1000 0 0
1000 0 0
1000 0 0
1000 0 0
1000 0 0
1000 0 0
1000 0 0
1000 0 0
1000 0 0
1000 0 0
1000 0 0
1000 0 0
1000 0 0
1000 0 0
1000 0 0
1000 0 0
1000 0 0
1000 0 0
1000 0 0
1000 0 0
1000 0 0
1000 0 0
1000 0 0
1000 0 0
1000 0 0
1000 0 0
1000 0 0
1000 0 0
1000 0 0
1000 0 0
1000 0 0
1000 0 0
1000 0 0
1000 0 0
1000 0 0
1000 0 0
1000 0 0
1000 0 0
1000 0 0
1000 0 0
1000 0 0
1000 0 0
1000 0 0
1000 0 0
1000 0 0
1000 0 0
1000 0 0
1000 0 0
1000 0 0
1000 0 0
1000 0 0
1000 0 0
1000 0 0
1000 0 0
1000 0 0
1000 0 0
1000 0 0
1000 0 0
1000 0 0
1000 0 0
1000 0 0
1000 0 0
1000 0 0
1000 0 0
1000 0 0
1000 0 0
1000 0 0
1000 0 0
1000 0 0
1000 0 0
1000 0 0
1000 0 0
1000 0 0
1000 0 0
1000 0 0
1000 0 0
1000 0 0
1000 0 0
1000 0 0
1000 0 0
1000 0 0
1000 0 0
1000 0 0
1000 0 0
1000 0 0
1000 0 0
1000 0 0
1000 0 0
1000 0 0
1000 0 0
1000 0 0
1000 0 0
1000 0 0
1000 0 0
1000 0 0
1000 0 0
1000 0 0
1000 0 0
1000 0 0
1000 0 0
1000 0 0
1000 0 0
1000 0 0
1000 0 0
1000 0 0
1000 0 0
1000 0 0
1000 0 0
1000 0 0
1000 0 0
1000 0 0
1000 0 0
1000 0 0
1000 0 0
1000 0 0
1000 0 0
1000 0 0
1000 0 0
1000 0 0
1000 0 0
1000 0 0
1000 0 0
1000 0 0
1000 0 0
1000 0 0
1000 0 0
1000 0 0
1000 0 0
1000 0 0
1000 0 0
1000 0 0
1000 0 0
1000 0 0
1000 0 0
1000 0 0
1000 0 0
1000 0 0
1000 0 0
1000 0 0
1000 0 0
1000 0 0
1000 0 0
1000 0 0
1000 0 0
1000 0 0
1000 0 0
1000 0 0
1000 0 0
1000 0 0
1000 0 0
1000 0 0
1000 0 0
1000 0 0
1000 0 0
1000 0 0
1000 0 0
1000 0 0
1000 0 0
1000 0 0
1000 0 0
1000 0 0
1000 0 0
1000 0 0
1000 0 0
1000 0 0
1000 0 0
1000 0 0
1000 0 0
1000 0 0
1000 0 0
1000 0 0
1000 0 0
1000 0 0
1000 0 0
1000 0 0
1000 0 0
1000 0 0
1000 0 0
1000 0 0
1000 0 0
1000 0 0
1000 0 0
1000 0 0
1000 0 0
1000 0 0
1000 0 0
1000 0 0
1000 0 0
1000 0 0
1000 0 0
1000 0 0
1000 0 0
1000 0 0
1000 0 0
1000 0 0
1000 0 0
1000 0 0
1000 0 0
1000 0 0
1000 0 0
1000 0 0
1000 0 0
1000 0 0
1000 0 0
1000 0 0
1000 0 0
1000 0 0
1000 0 0
1000 0 0
1000 0 0
1000 0 0
1000 0 0
1000 0 0
1000 0 0
1000 0 0
1000 0 0
1000 0 0
1000 0 0
1000 0 0
1000 0 0
1000 0 0
1000 0 0
1000 0 0
1000 0 0
1000 0 0
