1000 0 0
1000 0 0
1000 0 0
1000 0 0
999 1 0
996 3 1
995 3 2
994 2 4
991 4 5
990 3 7
987 5 8
985 5 10
986 3 11
984 5 11
977 10 13
972 11 17
968 12 20
962 13 25
953 18 29
950 15 35
945 20 35
941 23 36
936 26 38
933 27 40
923 27 50
921 25 54
915 30 55
910 32 58
901 35 64
892 40 68
886 40 74
879 45 76
872 54 74
863 58 79
857 60 83
847 63 90
834 69 97
821 71 108
808 76 116
796 82 122
781 88 131
765 94 141
755 90 155
743 88 169
737 87 176
724 86 190
715 85 200
705 84 211
693 88 219
680 90 230
673 86 241
661 82 257
652 87 261
647 82 271
645 74 281
641 70 289
634 71 295
629 68 303
630 66 304
626 61 313
630 49 321
628 46 326
630 36 334
629 37 334
632 34 334
637 32 331
637 32 331
638 33 329
644 31 325
643 36 321
645 36 319
646 32 322
641 35 324
645 33 322
643 33 324
644 35 321
644 30 326
643 31 326
642 35 323
640 41 319
635 40 325
637 37 326
644 34 322
645 33 322
647 31 322
651 28 321
653 31 316
653 28 319
662 23 315
663 24 313
661 24 315
665 22 313
669 24 307
670 25 305
676 24 300
676 20 304
684 18 298
686 16 298
688 16 296
694 14 292
694 15 291
693 18 289
695 15 290
699 12 289
705 11 284
709 13 278
712 10 278
717 9 274
718 11 271
720 11 269
721 9 270
725 9 266
728 9 263
731 10 259
735 9 256
740 9 251
746 6 248
752 8 240
753 9 238
754 10 236
755 10 235
759 8 233
760 8 232
760 7 233
757 13 230
759 14 227
757 15 228
756 18 226
756 19 225
750 24 226
754 23 223
753 19 228
752 23 225
752 25 223
750 27 223
753 26 221
752 26 222
749 32 219
748 33 219
746 31 223
741 35 224
745 33 222
743 34 223
741 37 222
737 39 224
740 36 224
736 34 230
733 31 236
734 30 236
733 28 239
733 25 242
735 23 242
737 25 238
735 28 237
734 33 233
732 34 234
732 32 236
729 30 241
728 31 241
726 30 244
730 30 240
731 25 244
728 27 245
728 28 244
731 26 243
733 24 243
735 25 240
732 22 246
728 28 244
728 24 248
728 21 251
726 18 256
725 18 257
730 17 253
733 18 249
732 18 250
741 16 243
739 16 245
741 15 244
740 13 247
738 17 245
739 16 245
745 13 242
746 15 239
750 14 236
750 15 235
751 15 234
750 17 233
749 18 233
747 22 231
745 26 229
742 27 231
743 26 231
736 33 231
733 34 233
732 32 236
732 31 237
731 29 240
730 31 239
723 37 240
719 41 240
715 43 242
711 44 245
711 41 248
712 36 252
712 33 255
711 32 257
718 30 252
717 33 250
717 33 250
717 33 250
715 28 257
711 26 263
709 26 265
707 29 264
709 32 259
713 31 256
708 31 261
705 32 263
708 31 261
705 29 266
705 25 270
708 23 269
711 20 269
711 22 267
719 22 259
719 22 259
723 21 256
721 22 257
718 26 256
721 26 253
725 25 250
721 29 250
722 27 251
721 30 249
720 28 252
722 29 249
721 27 252
720 29 251
716 33 251
715 31 254
716 28 256
717 30 253
721 29 250
723 29 248
714 33 253
711 35 254
710 33 257
705 39 256
702 39 259
698 38 264
699 37 264
697 38 265
699 34 267
700 32 268
699 33 268
697 31 272
694 34 272
694 33 273
694 31 275
695 34 271
695 34 271
691 39 270
686 42 272
684 42 274
682 42 276
680 42 278
681 38 281
678 36 286
677 35 288
675 38 287
673 37 290
678 33 289
678 28 294
677 25 298
683 20 297
689 19 292
689 19 292
690 18 292
691 14 295
691 16 293
691 19 290
696 18 286
692 23 285
689 24 287
692 23 285
690 22 288
691 24 285
692 22 286
689 25 286
687 25 288
684 25 291
682 27 291
689 23 288
693 18 289
696 18 286
696 18 286
698 20 282
697 24 279
699 24 277
699 27 274
700 27 273
700 29 271
700 30 270
693 40 267
686 44 270
683 44 273
679 45 276
679 43 278
681 42 277
683 31 286
686 33 281
685 35 280
686 38 276
684 36 280
684 39 277
683 35 282
682 38 280
680 28 292
676 30 294
674 32 294
673 28 299
668 32 300
665 29 306
664 27 309
666 24 310
671 23 306
674 23 303
679 20 301
682 17 301
681 18 301
685 18 297
685 18 297
695 14 291
698 18 284
701 17 282
702 19 279
701 20 279
698 22 280
697 22 281
699 18 283
702 15 283
702 13 285
702 16 282
703 15 282
708 11 281
712 7 281
720 7 273
722 6 272
725 4 271
725 4 271
729 3 268
733 4 263
735 6 259
738 3 259
741 4 255
747 5 248
750 6 244
750 8 242
752 8 240
758 8 234
760 6 234
760 7 233
761 4 235
762 3 235
764 4 232
765 4 231
770 3 227
773 3 224
778 3 219
779 2 219
779 3 218
781 2 217
782 1 217
787 2 211
788 3 209
791 4 205
794 6 200
798 5 197
799 4 197
801 5 194
803 4 193
799 10 191
797 13 190
799 11 190
800 9 191
804 6 190
808 5 187
808 7 185
810 8 182
812 8 180
811 8 181
815 8 177
818 11 171
814 13 173
817 14 169
818 14 168
818 13 169
820 13 167
819 13 168
821 12 167
823 14 163
825 14 161
824 14 162
821 13 166
821 11 168
822 13 165
825 14 161
820 18 162
817 20 163
819 17 164
816 20 164
813 23 164
806 28 166
802 29 169
799 28 173
800 25 175
798 27 175
797 29 174
791 30 179
795 27 178
792 30 178
787 34 179
781 40 179
773 44 183
766 52 182
760 50 190
751 50 199
746 50 204
742 50 208
742 43 215
740 40 220
740 41 219
732 45 223
724 51 225
718 59 223
719 53 228
710 57 233
710 51 239
698 55 247
696 51 253
694 53 253
691 54 255
692 47 261
683 53 264
669 59 272
664 62 274
656 58 286
654 57 289
648 60 292
641 56 303
638 51 311
642 51 307
636 55 309
633 58 309
628 62 310
624 55 321
620 56 324
618 54 328
618 51 331
608 56 336
607 49 344
609 49 342
611 41 348
615 40 345
621 35 344
624 33 343
628 24 348
636 20 344
643 21 336
647 20 333
652 20 328
657 19 324
659 17 324
666 16 318
673 13 314
676 13 311
679 12 309
682 13 305
690 13 297
696 13 291
700 11 289
702 10 288
704 6 290
707 5 288
708 5 287
711 4 285
715 4 281
719 4 277
724 3 273
726 2 272
726 4 270
734 4 262
739 4 257
743 3 254
750 2 248
755 1 244
760 1 239
763 1 236
769 1 230
771 0 229
774 1 225
779 1 220
782 0 218
785 0 215
788 0 212
793 0 207
796 0 204
797 0 203
800 0 200
805 0 195
807 0 193
807 1 192
810 0 190
812 0 188
819 0 181
825 0 175
826 0 174
829 0 171
833 0 167
832 3 165
832 3 165
831 3 166
837 2 161
839 3 158
840 4 156
839 6 155
839 7 154
838 8 154
837 7 156
835 8 157
833 12 155
834 12 154
837 13 150
840 12 148
843 11 146
845 11 144
845 10 145
844 11 145
846 10 144
845 10 145
842 13 145
839 12 149
839 9 152
840 10 150
843 8 149
842 9 149
841 8 151
837 12 151
836 14 150
835 15 150
835 14 151
837 14 149
841 11 148
838 15 147
834 17 149
830 21 149
833 20 147
827 26 147
825 24 151
823 21 156
819 22 159
817 22 161
817 22 161
816 21 163
817 20 163
818 16 166
815 17 168
815 15 170
815 16 169
817 18 165
814 19 167
812 21 167
810 24 166
811 20 169
809 20 171
807 21 172
807 22 171
809 18 173
810 13 177
814 11 175
813 13 174
816 14 170
813 14 173
819 10 171
819 9 172
824 9 167
827 8 165
830 6 164
829 7 164
830 8 162
833 9 158
836 9 155
836 6 158
839 6 155
845 5 150
844 6 150
844 4 152
848 4 148
850 3 147
850 4 146
853 4 143
854 4 142
858 4 138
857 6 137
858 9 133
858 9 133
863 11 126
863 10 127
864 12 124
865 15 120
866 13 121
867 13 120
866 12 122
861 17 122
857 18 125
856 19 125
856 20 124
853 21 126
848 23 129
846 26 128
843 26 131
843 22 135
841 21 138
839 21 140
836 22 142
835 24 141
829 25 146
824 28 148
822 32 146
822 32 146
819 29 152
814 30 156
812 32 156
809 34 157
802 36 162
799 39 162
796 40 164
798 36 166
796 34 170
797 33 170
792 36 172
790 34 176
789 35 176
782 40 178
778 40 182
774 40 186
770 41 189
762 45 193
754 45 201
750 51 199
742 52 206
730 62 208
726 68 206
714 77 209
708 73 219
699 73 228
694 70 236
687 66 247
686 57 257
687 43 270
682 46 272
681 45 274
676 49 275
673 47 280
663 49 288
661 46 293
662 44 294
664 47 289
654 51 295
656 49 295
655 52 293
655 54 291
654 54 292
655 45 300
655 40 305
658 36 306
659 32 309
662 34 304
665 34 301
666 30 304
668 32 300
661 34 305
662 34 304
666 34 300
667 33 300
670 31 299
667 33 300
666 27 307
671 26 303
680 25 295
680 29 291
683 30 287
684 29 287
689 25 286
693 26 281
693 23 284
697 24 279
695 22 283
697 22 281
702 22 276
704 23 273
705 26 269
709 26 265
712 25 263
709 26 265
711 27 262
709 28 263
709 27 264
704 32 264
700 33 267
702 32 266
701 33 266
701 29 270
705 28 267
710 22 268
707 23 270
707 22 271
705 24 271
709 23 268
709 22 269
710 21 269
710 20 270
710 20 270
706 19 275
704 22 274
704 22 274
702 26 272
704 19 277
700 21 279
708 17 275
712 18 270
718 15 267
719 15 266
722 16 262
724 15 261
726 16 258
728 16 256
729 20 251
731 20 249
728 23 249
725 24 251
724 24 252
727 27 246
722 30 248
717 29 254
721 28 251
725 28 247
721 33 246
722 28 250
724 25 251
726 29 245
724 26 250
720 32 248
723 32 245
723 29 248
725 25 250
725 25 250
727 28 245
728 27 245
727 30 243
725 24 251
724 20 256
726 19 255
727 19 254
727 19 254
723 23 254
719 28 253
720 26 254
721 26 253
714 28 258
709 32 259
700 39 261
693 40 267
693 41 266
695 40 265
695 40 265
693 39 268
688 41 271
680 46 274
677 48 275
677 45 278
675 44 281
673 44 283
664 51 285
667 45 288
656 56 288
651 60 289
651 58 291
654 48 298
655 43 302
650 39 311
652 34 314
653 32 315
653 34 313
650 38 312
640 43 317
637 45 318
634 45 321
635 38 327
636 38 326
637 36 327
636 32 332
642 32 326
640 30 330
643 27 330
642 31 327
638 36 326
636 35 329
642 32 326
642 32 326
642 35 323
645 36 319
642 37 321
642 36 322
636 39 325
636 34 330
633 34 333
633 32 335
637 30 333
639 29 332
644 27 329
651 21 328
657 20 323
658 21 321
661 16 323
668 17 315
668 18 314
672 19 309
679 17 304
685 19 296
691 18 291
696 17 287
697 17 286
696 21 283
698 20 282
703 16 281
706 16 278
709 20 271
714 20 266
718 17 265
719 17 264
720 19 261
722 19 259
724 21 255
724 21 255
729 21 250
727 24 249
727 24 249
726 30 244
721 36 243
719 34 247
718 35 247
719 31 250
716 32 252
718 34 248
711 38 251
714 37 249
710 38 252
707 35 258
703 39 258
706 35 259
707 33 260
701 35 264
699 36 265
699 37 264
696 43 261
690 43 267
688 45 267
684 46 270
683 40 277
677 39 284
680 37 283
681 38 281
681 36 283
683 36 281
685 33 282
687 32 281
684 34 282
685 35 280
688 33 279
689 34 277
692 32 276
696 29 275
694 29 277
697 25 278
700 21 279
709 15 276
708 20 272
707 23 270
711 22 267
708 22 270
702 27 271
702 25 273
703 23 274
704 21 275
706 21 273
710 19 271
711 18 271
711 19 270
717 17 266
715 16 269
717 14 269
719 17 264
722 17 261
721 17 262
721 16 263
724 15 261
721 19 260
720 24 256
717 26 257
718 27 255
717 29 254
715 30 255
716 31 253
717 32 251
715 30 255
709 38 253
707 41 252
704 42 254
699 46 255
701 37 262
695 38 267
692 37 271
694 31 275
694 34 272
699 34 267
700 30 270
701 25 274
703 23 274
708 20 272
706 19 275
708 19 273
713 14 273
715 13 272
715 14 271
716 19 265
709 28 263
711 27 262
708 29 263
706 29 265
706 26 268
700 25 275
698 29 273
700 29 271
699 31 270
700 26 274
700 26 274
703 23 274
703 24 273
700 30 270
699 28 273
697 29 274
696 30 274
698 23 279
704 19 277
709 20 271
713 15 272
714 14 272
718 13 269
722 12 266
722 12 266
723 15 262
723 19 258
723 21 256
720 24 256
722 24 254
724 26 250
722 25 253
723 22 255
721 25 254
721 25 254
723 23 254
730 18 252
732 18 250
734 18 248
735 22 243
735 21 244
737 21 242
734 24 242
732 25 243
730 29 241
729 31 240
725 34 241
724 31 245
721 36 243
717 33 250
716 34 250
716 30 254
714 33 253
720 31 249
720 32 248
723 35 242
726 36 238
731 35 234
736 30 234
736 30 234
733 29 238
740 27 233
741 27 232
742 25 233
