1000 0 0
1000 0 0
1000 0 0
1000 0 0
1000 0 0
998 2 0
998 2 0
997 3 0
996 4 0
994 6 0
990 8 2
984 13 3
979 15 6
967 25 8
959 28 13
954 28 18
946 31 23
934 39 27
926 41 33
918 48 34
908 51 41
903 49 48
887 58 55
876 64 60
862 68 70
846 78 76
821 96 83
798 103 99
777 112 111
760 115 125
729 121 150
707 127 166
693 117 190
676 125 199
663 125 212
651 126 223
640 125 235
627 125 248
613 117 270
605 118 277
604 106 290
598 100 302
591 96 313
575 98 327
571 93 336
571 87 342
572 78 350
566 76 358
560 71 369
562 67 371
564 60 376
566 56 378
568 54 378
573 51 376
570 47 383
571 41 388
569 43 388
571 46 383
572 43 385
571 40 389
572 41 387
578 40 382
579 33 388
587 33 380
593 29 378
594 30 376
596 28 376
600 27 373
603 29 368
607 29 364
608 32 360
613 30 357
616 32 352
615 33 352
618 29 353
624 25 351
620 28 352
622 29 349
624 28 348
623 27 350
630 22 348
637 21 342
636 23 341
636 24 340
637 27 336
644 26 330
646 24 330
647 20 333
643 26 331
645 27 328
647 23 330
648 23 329
645 27 328
644 31 325
649 27 324
652 22 326
652 25 323
655 21 324
655 23 322
659 22 319
662 23 315
667 22 311
665 28 307
674 28 298
675 26 299
681 19 300
688 19 293
695 15 290
696 11 293
698 10 292
698 12 290
702 11 287
704 11 285
704 11 285
707 13 280
709 15 276
713 15 272
719 14 267
724 14 262
721 17 262
725 17 258
726 19 255
727 20 253
721 25 254
723 24 253
719 26 255
719 30 251
714 32 254
712 32 256
712 33 255
709 36 255
706 39 255
705 37 258
701 38 261
697 39 264
696 30 274
697 26 277
699 24 277
697 26 277
697 24 279
697 26 277
700 24 276
704 21 275
702 25 273
703 27 270
703 30 267
704 30 266
700 34 266
694 38 268
691 40 269
692 38 270
692 37 271
694 36 270
691 35 274
692 30 278
693 26 281
694 28 278
695 28 277
695 26 279
692 28 280
694 29 277
696 28 276
697 25 278
695 25 280
700 26 274
698 24 278
697 22 281
695 25 280
698 25 277
699 20 281
700 21 279
702 24 274
703 24 273
704 25 271
703 23 274
707 24 269
707 27 266
714 27 259
715 30 255
714 30 256
713 30 257
714 29 257
711 34 255
709 35 256
708 35 257
710 34 256
707 35 258
706 34 260
704 36 260
700 40 260
699 39 262
697 38 265
700 36 264
698 35 267
698 39 263
700 33 267
699 34 267
695 34 271
695 35 270
694 29 277
700 30 270
700 29 271
701 24 275
706 27 267
707 25 268
704 28 268
699 35 266
699 36 265
693 39 268
688 37 275
686 28 286
692 27 281
695 25 280
700 24 276
703 21 276
707 21 272
710 15 275
715 15 270
708 16 276
709 19 272
710 18 272
707 20 273
713 23 264
713 20 267
715 20 265
721 14 265
721 14 265
717 17 266
719 20 261
721 17 262
724 19 257
726 20 254
728 22 250
730 20 250
728 17 255
728 16 256
727 20 253
725 24 251
722 28 250
717 29 254
716 26 258
717 24 259
716 23 261
716 24 260
714 28 258
719 26 255
721 30 249
719 32 249
722 34 244
722 31 247
722 33 245
717 38 245
711 37 252
711 42 247
705 44 251
699 45 256
705 42 253
709 42 249
708 39 253
711 39 250
707 35 258
706 33 261
706 32 262
705 31 264
703 34 263
704 35 261
707 31 262
709 27 264
713 24 263
717 20 263
717 20 263
717 20 263
717 22 261
717 23 260
718 23 259
716 23 261
715 19 266
718 21 261
718 23 259
718 24 258
722 19 259
725 20 255
726 18 256
728 16 256
728 17 255
732 15 253
732 15 253
736 15 249
735 16 249
736 17 247
736 21 243
734 25 241
731 28 241
735 25 240
731 27 242
732 26 242
731 27 242
735 24 241
738 24 238
742 19 239
742 17 241
745 14 241
745 15 240
747 13 240
750 14 236
755 16 229
756 18 226
756 23 221
753 21 226
748 25 227
749 21 230
743 24 233
744 24 232
742 26 232
732 32 236
730 35 235
730 36 234
728 34 238
724 35 241
720 40 240
723 39 238
723 36 241
724 36 240
719 38 243
714 36 250
711 36 253
709 34 257
710 32 258
707 31 262
708 28 264
709 25 266
708 25 267
707 25 268
713 22 265
712 24 264
716 21 263
716 23 261
716 23 261
718 23 259
713 29 258
715 31 254
717 30 253
720 29 251
719 28 253
716 27 257
709 32 259
716 26 258
717 26 257
714 29 257
707 33 260
711 28 261
709 31 260
705 33 262
702 33 265
701 33 266
705 28 267
704 29 267
703 27 270
709 25 266
713 24 263
714 24 262
711 24 265
714 21 265
710 21 269
709 24 267
715 21 264
719 23 258
724 22 254
722 25 253
725 26 249
728 22 250
728 22 250
731 22 247
729 24 247
730 27 243
727 30 243
733 30 237
730 33 237
730 33 237
725 32 243
721 33 246
716 35 249
715 31 254
715 35 250
714 33 253
712 28 260
714 28 258
715 27 258
721 24 255
722 19 259
725 16 259
726 17 257
731 16 253
740 14 246
740 15 245
743 10 247
745 10 245
743 16 241
745 17 238
747 19 234
748 15 237
748 16 236
750 14 236
752 14 234
752 14 234
755 12 233
759 9 232
765 9 226
767 8 225
767 7 226
765 12 223
767 12 221
763 15 222
763 16 221
761 18 221
757 21 222
756 20 224
758 21 221
759 23 218
759 29 212
759 32 209
757 32 211
754 35 211
748 37 215
750 36 214
749 37 214
746 31 223
746 25 229
745 24 231
744 26 230
742 26 232
747 23 230
747 24 229
754 19 227
758 20 222
760 25 215
762 23 215
766 22 212
773 21 206
770 23 207
770 21 209
767 22 211
767 22 211
768 24 208
769 18 213
771 15 214
773 15 212
772 13 215
770 14 216
773 17 210
774 20 206
775 20 205
771 20 209
768 21 211
767 21 212
767 20 213
770 18 212
772 20 208
773 17 210
772 20 208
775 19 206
775 16 209
777 15 208
778 14 208
781 12 207
785 15 200
783 15 202
783 13 204
785 11 204
788 11 201
786 15 199
789 15 196
788 16 196
784 22 194
788 21 191
784 23 193
785 22 193
789 23 188
788 22 190
789 19 192
790 16 194
786 17 197
784 21 195
784 21 195
776 28 196
779 27 194
777 25 198
776 24 200
774 26 200
771 25 204
768 25 207
767 26 207
767 25 208
765 25 210
767 23 210
768 22 210
768 21 211
766 18 216
772 17 211
773 20 207
772 21 207
773 20 207
770 23 207
768 27 205
771 25 204
765 30 205
764 29 207
759 33 208
754 36 210
754 38 208
751 38 211
752 38 210
750 33 217
748 34 218
743 44 213
741 46 213
737 46 217
731 48 221
724 54 222
720 50 230
718 45 237
712 49 239
711 45 244
708 45 247
708 42 250
706 41 253
705 38 257
707 38 255
706 36 258
706 36 258
706 39 255
704 38 258
703 32 265
706 32 262
704 35 261
703 35 262
704 34 262
701 29 270
705 24 271
705 24 271
703 26 271
708 26 266
710 24 266
711 20 269
713 22 265
712 20 268
713 17 270
718 12 270
721 13 266
724 13 263
728 11 261
729 12 259
732 11 257
735 9 256
736 12 252
740 9 251
742 7 251
745 7 248
744 9 247
746 6 248
750 6 244
753 7 240
754 10 236
758 11 231
756 13 231
754 17 229
756 14 230
754 15 231
749 20 231
751 19 230
748 20 232
749 18 233
747 21 232
754 19 227
755 22 223
758 24 218
760 20 220
754 25 221
752 22 226
749 23 228
744 26 230
739 27 234
741 26 233
738 25 237
737 30 233
733 35 232
733 36 231
730 35 235
730 36 234
726 41 233
722 44 234
718 44 238
717 38 245
714 39 247
710 38 252
709 36 255
709 33 258
706 33 261
705 39 256
704 35 261
701 31 268
701 32 267
701 32 267
702 32 266
700 34 266
707 31 262
710 31 259
709 31 260
708 32 260
707 31 262
705 31 264
711 25 264
710 23 267
714 21 265
715 18 267
717 20 263
720 17 263
723 15 262
726 14 260
730 14 256
735 15 250
738 12 250
743 13 244
740 16 244
736 23 241
734 20 246
736 18 246
742 17 241
741 17 242
740 18 242
737 23 240
731 24 245
729 25 246
726 24 250
728 19 253
733 19 248
732 21 247
732 24 244
733 25 242
732 26 242
731 27 242
737 19 244
739 20 241
741 20 239
741 20 239
744 18 238
746 19 235
750 19 231
749 20 231
749 21 230
747 24 229
744 28 228
740 27 233
738 29 233
735 31 234
738 32 230
737 33 230
743 30 227
741 32 227
740 31 229
742 29 229
743 30 227
740 31 229
737 32 231
736 32 232
736 32 232
731 39 230
729 40 231
729 41 230
725 44 231
715 54 231
714 53 233
716 54 230
714 47 239
715 48 237
707 49 244
701 53 246
691 57 252
684 56 260
674 60 266
673 57 270
669 55 276
667 49 284
671 47 282
671 39 290
669 40 291
670 38 292
664 38 298
663 37 300
660 36 304
662 36 302
663 37 300
664 32 304
667 31 302
669 25 306
670 25 305
674 23 303
676 21 303
682 17 301
685 20 295
692 17 291
693 19 288
697 20 283
704 21 275
711 16 273
716 15 269
713 17 270
715 16 269
720 17 263
720 15 265
722 18 260
722 17 261
727 16 257
732 16 252
734 17 249
737 17 246
738 18 244
737 18 245
741 14 245
743 13 244
741 19 240
743 21 236
746 22 232
749 23 228
749 26 225
747 28 225
745 30 225
741 29 230
743 26 231
742 31 227
741 33 226
738 30 232
737 28 235
735 25 240
736 24 240
739 24 237
742 25 233
743 24 233
745 22 233
743 21 236
747 20 233
753 15 232
760 12 228
759 16 225
761 11 228
766 11 223
767 12 221
766 14 220
770 13 217
769 18 213
771 16 213
775 16 209
775 18 207
778 16 206
783 12 205
784 11 205
784 13 203
779 17 204
780 17 203
781 14 205
780 15 205
777 16 207
776 18 206
775 17 208
776 17 207
776 16 208
778 14 208
782 14 204
785 9 206
785 10 205
785 12 203
788 17 195
784 21 195
780 26 194
777 24 199
775 28 197
776 24 200
772 24 204
773 23 204
775 23 202
773 25 202
772 27 201
767 30 203
761 34 205
759 36 205
760 39 201
767 37 196
768 35 197
765 38 197
761 41 198
756 45 199
757 45 198
757 42 201
746 49 205
740 53 207
735 51 214
727 54 219
714 61 225
712 59 229
703 59 238
695 59 246
690 61 249
690 56 254
686 60 254
680 62 258
671 63 266
669 55 276
659 55 286
653 56 291
651 54 295
646 55 299
646 54 300
649 48 303
653 46 301
658 41 301
661 43 296
662 38 300
665 40 295
662 40 298
667 39 294
664 35 301
662 32 306
662 32 306
655 38 307
657 40 303
661 36 303
661 35 304
663 33 304
665 33 302
667 28 305
667 30 303
671 31 298
669 33 298
668 31 301
674 29 297
677 27 296
673 29 298
676 27 297
676 28 296
676 27 297
677 31 292
676 35 289
675 38 287
671 36 293
667 40 293
668 34 298
669 33 298
663 36 301
657 44 299
658 40 302
663 36 301
655 41 304
657 41 302
660 35 305
657 35 308
662 30 308
662 23 315
665 23 312
669 22 309
669 21 310
671 17 312
671 15 314
671 16 313
675 17 308
680 17 303
681 16 303
683 13 304
689 14 297
698 9 293
697 11 292
707 8 285
708 7 285
720 5 275
719 3 278
730 3 267
737 3 260
737 6 257
738 8 254
740 7 253
740 7 253
742 5 253
744 4 252
749 3 248
751 3 246
757 3 240
759 4 237
763 5 232
772 4 224
774 5 221
774 8 218
771 12 217
769 16 215
768 20 212
771 21 208
768 21 211
763 22 215
766 26 208
764 32 204
763 31 206
761 34 205
763 35 202
762 39 199
761 38 201
759 36 205
760 30 210
763 28 209
760 28 212
755 27 218
757 23 220
753 24 223
753 26 221
754 28 218
750 30 220
751 29 220
755 26 219
756 28 216
758 26 216
758 29 213
762 25 213
761 24 215
760 25 215
762 23 215
762 19 219
764 19 217
763 21 216
763 22 215
767 19 214
773 14 213
777 12 211
781 13 206
783 11 206
787 12 201
790 10 200
793 10 197
791 12 197
790 14 196
789 16 195
784 19 197
786 19 195
784 21 195
785 24 191
790 22 188
792 26 182
787 30 183
782 34 184
779 35 186
772 38 190
765 40 195
767 37 196
767 36 197
762 42 196
759 42 199
753 46 201
745 51 204
742 53 205
742 55 203
741 50 209
738 48 214
733 47 220
729 52 219
718 58 224
710 60 230
700 63 237
697 64 239
689 65 246
687 63 250
681 68 251
680 65 255
673 66 261
663 72 265
656 73 271
646 76 278
637 74 289
625 77 298
616 74 310
613 80 307
604 75 321
598 82 320
593 82 325
588 78 334
585 86 329
577 89 334
573 82 345
567 81 352
564 75 361
563 72 365
570 64 366
573 60 367
573 56 371
574 54 372
577 48 375
580 49 371
570 51 379
571 48 381
574 42 384
584 38 378
587 40 373
588 35 377
589 36 375
593 38 369
593 40 367
