1000 0 0
1000 0 0
1000 0 0
1000 0 0
1000 0 0
1000 0 0
1000 0 0
1000 0 0
1000 0 0
998 2 0
998 1 1
996 3 1
996 2 2
995 4 1
993 4 3
991 6 3
988 10 2
985 12 3
984 12 4
977 15 8
971 14 15
966 19 15
955 25 20
947 28 25
942 31 27
934 36 30
923 42 35
911 42 47
903 44 53
892 46 62
881 48 71
873 53 74
860 57 83
849 59 92
830 75 95
822 68 110
810 67 123
798 74 128
779 87 134
772 84 144
760 88 152
753 81 166
747 82 171
738 87 175
719 92 189
706 95 199
697 91 212
689 91 220
682 93 225
667 101 232
654 106 240
645 102 253
636 91 273
625 92 283
619 88 293
613 87 300
614 78 308
608 75 317
605 78 317
598 83 319
587 91 322
580 92 328
576 82 342
576 71 353
578 71 351
576 63 361
576 60 364
579 57 364
581 54 365
576 53 371
577 47 376
577 43 380
575 44 381
576 43 381
580 37 383
580 31 389
582 31 387
586 25 389
589 20 391
593 18 389
599 14 387
604 12 384
605 12 383
608 13 379
615 9 376
617 10 373
616 12 372
622 12 366
625 12 363
630 11 359
632 14 354
633 14 353
635 13 352
641 11 348
649 11 340
650 11 339
653 13 334
657 16 327
658 14 328
664 13 323
668 11 321
676 8 316
681 6 313
684 8 308
687 7 306
695 5 300
699 5 296
703 4 293
706 4 290
708 5 287
717 4 279
717 6 277
725 6 269
728 6 266
731 6 263
736 5 259
739 5 256
742 7 251
742 9 249
744 11 245
744 12 244
751 12 237
751 15 234
753 12 235
758 11 231
759 12 229
759 10 231
763 10 227
765 11 224
769 10 221
769 11 220
771 12 217
772 12 216
772 13 215
774 16 210
774 18 208
768 22 210
765 25 210
768 22 210
769 17 214
770 16 214
769 19 212
770 22 208
768 23 209
767 21 212
766 22 212
760 27 213
760 27 213
758 29 213
758 29 213
752 28 220
747 33 220
746 33 221
747 24 229
745 27 228
743 27 230
744 29 227
738 31 231
742 29 229
742 26 232
738 30 232
739 24 237
740 22 238
743 21 236
738 27 235
737 28 235
737 27 236
735 25 240
734 29 237
736 27 237
739 24 237
739 23 238
735 25 240
738 24 238
737 24 239
735 27 238
741 20 239
745 20 235
745 20 235
750 19 231
751 20 229
749 18 233
751 17 232
750 22 228
751 23 226
745 32 223
738 34 228
738 31 231
734 32 234
734 33 233
732 34 234
731 35 234
727 34 239
729 30 241
727 31 242
726 30 244
725 28 247
720 33 247
722 26 252
722 23 255
727 20 253
727 19 254
724 24 252
725 29 246
722 29 249
725 30 245
724 30 246
723 31 246
720 31 249
721 30 249
721 30 249
722 31 247
720 33 247
722 34 244
724 34 242
724 32 244
726 28 246
728 30 242
731 26 243
731 30 239
731 32 237
737 25 238
741 21 238
743 23 234
738 27 235
735 27 238
736 24 240
738 23 239
739 26 235
740 23 237
744 16 240
743 15 242
743 17 240
749 15 236
748 18 234
751 16 233
749 17 234
754 15 231
754 17 229
755 15 230
756 17 227
757 15 228
757 14 229
761 13 226
764 14 222
767 12 221
770 12 218
771 12 217
773 13 214
778 15 207
778 15 207
777 17 206
775 18 207
773 19 208
771 20 209
769 23 208
761 26 213
761 29 210
758 34 208
759 30 211
753 32 215
753 34 213
755 39 206
752 38 210
750 37 213
745 45 210
743 43 214
735 49 216
730 49 221
725 54 221
713 52 235
709 50 241
703 56 241
704 52 244
706 48 246
705 45 250
700 44 256
691 51 258
679 54 267
671 56 273
667 47 286
668 45 287
667 40 293
665 44 291
657 47 296
647 51 302
644 54 302
639 56 305
634 47 319
638 44 318
636 33 331
636 32 332
646 28 326
650 23 327
658 22 320
666 19 315
672 19 309
674 16 310
681 18 301
685 17 298
687 20 293
690 21 289
691 20 289
695 19 286
694 15 291
694 11 295
697 10 293
703 10 287
708 10 282
709 11 280
714 13 273
718 10 272
720 8 272
728 8 264
732 8 260
735 9 256
734 10 256
736 12 252
739 11 250
740 9 251
740 9 251
742 12 246
745 10 245
747 10 243
750 10 240
750 12 238
754 12 234
761 13 226
760 13 227
769 13 218
770 15 215
770 14 216
768 15 217
765 17 218
767 17 216
773 14 213
772 16 212
779 15 206
780 19 201
773 27 200
769 35 196
769 34 197
767 34 199
768 36 196
764 39 197
766 38 196
765 37 198
760 39 201
756 39 205
751 43 206
744 47 209
736 52 212
729 48 223
725 49 226
720 48 232
714 44 242
708 50 242
708 44 248
702 46 252
704 43 253
705 38 257
703 38 259
706 34 260
708 35 257
710 33 257
708 30 262
707 29 264
707 28 265
707 30 263
701 32 267
700 35 265
700 36 264
696 36 268
690 37 273
688 35 277
685 36 279
689 29 282
686 29 285
690 31 279
691 35 274
692 30 278
692 33 275
690 33 277
692 30 278
691 30 279
694 30 276
698 27 275
697 28 275
701 24 275
701 18 281
704 16 280
713 15 272
712 20 268
717 20 263
721 23 256
725 15 260
725 13 262
729 14 257
729 16 255
729 12 259
727 14 259
727 15 258
727 18 255
730 18 252
735 21 244
738 23 239
739 24 237
742 22 236
744 23 233
746 24 230
747 23 230
749 25 226
750 26 224
753 27 220
749 33 218
741 37 222
737 37 226
736 40 224
733 38 229
734 29 237
731 29 240
731 34 235
728 37 235
724 36 240
718 36 246
719 36 245
716 37 247
712 41 247
713 39 248
710 38 252
710 35 255
710 29 261
712 27 261
714 28 258
716 29 255
716 32 252
719 30 251
723 29 248
723 27 250
726 21 253
725 20 255
722 24 254
724 23 253
727 25 248
729 25 246
730 24 246
731 25 244
728 28 244
732 28 240
726 30 244
725 30 245
722 34 244
719 37 244
716 41 243
714 40 246
711 38 251
708 37 255
708 38 254
704 40 256
703 37 260
700 37 263
697 39 264
696 40 264
695 46 259
689 47 264
683 48 269
678 51 271
672 52 276
670 52 278
668 41 291
664 44 292
661 50 289
655 51 294
658 45 297
661 42 297
660 37 303
661 36 303
662 38 300
660 37 303
655 41 304
660 40 300
659 39 302
656 41 303
659 40 301
655 39 306
651 33 316
649 37 314
649 34 317
644 39 317
642 40 318
640 43 317
636 39 325
637 35 328
640 34 326
644 27 329
645 24 331
648 21 331
648 23 329
655 19 326
657 24 319
657 26 317
660 24 316
662 22 316
663 20 317
663 18 319
668 17 315
672 18 310
677 17 306
678 16 306
678 17 305
682 17 301
684 15 301
688 12 300
691 14 295
696 14 290
700 15 285
706 13 281
711 11 278
713 11 276
715 11 274
715 12 273
720 11 269
722 11 267
725 12 263
728 9 263
729 9 262
733 8 259
734 9 257
738 10 252
741 11 248
740 14 246
736 19 245
738 21 241
738 20 242
738 20 242
732 24 244
731 25 244
727 23 250
724 26 250
721 28 251
721 27 252
716 30 254
713 33 254
707 41 252
702 43 255
701 45 254
696 43 261
693 48 259
688 48 264
687 50 263
684 51 265
679 52 269
674 52 274
666 49 285
659 52 289
658 55 287
650 59 291
647 59 294
648 51 301
650 47 303
651 44 305
648 46 306
642 50 308
641 54 305
643 46 311
638 51 311
634 53 313
635 51 314
637 49 314
636 53 311
631 48 321
629 41 330
625 44 331
624 42 334
617 44 339
614 50 336
616 46 338
614 42 344
614 46 340
610 46 344
612 46 342
614 42 344
616 39 345
617 44 339
618 40 342
630 41 329
631 45 324
636 45 319
639 45 316
641 43 316
637 48 315
637 46 317
637 45 318
639 49 312
632 49 319
631 46 323
634 42 324
638 33 329
637 32 331
639 27 334
641 27 332
645 23 332
647 19 334
646 20 334
646 23 331
646 24 330
651 24 325
656 23 321
658 22 320
658 21 321
658 21 321
661 16 323
666 15 319
672 15 313
676 14 310
678 15 307
680 13 307
684 10 306
688 8 304
694 7 299
697 7 296
701 9 290
702 12 286
701 15 284
701 14 285
704 10 286
704 12 284
704 12 284
709 10 281
711 10 279
716 8 276
717 10 273
724 9 267
722 11 267
722 11 267
726 12 262
730 13 257
734 12 254
735 13 252
738 14 248
737 14 249
741 12 247
747 9 244
747 11 242
747 13 240
753 14 233
755 15 230
758 14 228
761 12 227
760 13 227
761 13 226
769 9 222
772 7 221
769 9 222
768 9 223
770 8 222
775 6 219
776 9 215
779 9 212
780 9 211
779 10 211
775 14 211
776 10 214
779 10 211
785 8 207
786 6 208
789 6 205
789 5 206
793 5 202
796 4 200
797 3 200
800 3 197
801 3 196
807 3 190
808 3 189
809 3 188
811 2 187
811 2 187
813 2 185
815 3 182
819 3 178
824 3 173
826 3 171
830 2 168
829 3 168
830 4 166
829 8 163
830 8 162
829 8 163
834 4 162
834 3 163
839 2 159
838 3 159
836 6 158
836 9 155
836 9 155
834 11 155
826 21 153
820 21 159
819 25 156
817 25 158
811 31 158
808 32 160
802 36 162
799 36 165
790 41 169
786 39 175
784 41 175
776 41 183
770 44 186
767 42 191
762 46 192
758 46 196
753 43 204
748 46 206
746 47 207
741 48 211
735 48 217
726 54 220
712 57 231
705 54 241
695 59 246
686 64 250
680 65 255
668 67 265
662 68 270
659 65 276
656 60 284
651 63 286
642 65 293
646 60 294
651 58 291
650 58 292
646 55 299
645 49 306
650 45 305
649 43 308
650 42 308
654 38 308
657 35 308
661 30 309
660 29 311
658 29 313
657 30 313
656 32 312
657 31 312
658 29 313
662 27 311
665 27 308
668 30 302
671 29 300
676 27 297
677 23 300
675 23 302
673 26 301
675 25 300
668 30 302
668 30 302
667 30 303
664 29 307
668 28 304
668 27 305
670 26 304
677 26 297
682 25 293
684 24 292
688 25 287
690 25 285
688 27 285
690 26 284
689 25 286
691 24 285
694 20 286
691 23 286
693 22 285
697 22 281
698 23 279
693 30 277
682 35 283
681 35 284
678 36 286
676 36 288
673 35 292
672 36 292
674 37 289
676 35 289
675 31 294
672 34 294
669 36 295
668 36 296
668 36 296
667 36 297
671 32 297
668 37 295
667 33 300
671 30 299
676 30 294
675 31 294
675 35 290
676 33 291
688 31 281
693 25 282
694 23 283
693 22 285
696 15 289
697 13 290
706 8 286
714 5 281
719 3 278
722 4 274
728 4 268
729 4 267
733 6 261
732 5 263
737 4 259
742 5 253
750 5 245
754 5 241
755 4 241
761 3 236
766 2 232
770 2 228
773 2 225
776 2 222
781 2 217
782 3 215
784 3 213
789 3 208
790 3 207
795 3 202
802 2 196
808 1 191
812 1 187
817 1 182
815 5 180
816 6 178
817 5 178
818 4 178
821 4 175
821 6 173
821 6 173
824 6 170
828 3 169
828 4 168
831 6 163
830 8 162
834 7 159
836 8 156
838 8 154
836 10 154
834 12 154
835 14 151
834 17 149
832 19 149
834 20 146
830 25 145
833 26 141
829 27 144
829 23 148
827 21 152
827 18 155
829 22 149
827 23 150
820 29 151
818 34 148
814 37 149
809 36 155
804 36 160
795 39 166
784 44 172
779 43 178
764 52 184
758 53 189
746 62 192
725 74 201
707 86 207
698 86 216
691 79 230
688 74 238
680 69 251
678 63 259
671 64 265
658 75 267
645 82 273
638 86 276
630 83 287
616 84 300
610 82 308
611 82 307
609 80 311
606 77 317
611 64 325
612 65 323
609 63 328
607 57 336
606 52 342
605 47 348
615 45 340
615 44 341
611 41 348
615 38 347
612 37 351
613 32 355
612 28 360
614 26 360
623 27 350
623 21 356
627 20 353
628 20 352
626 23 351
631 22 347
632 22 346
637 21 342
640 20 340
642 21 337
649 20 331
651 20 329
657 17 326
664 16 320
669 10 321
672 9 319
675 7 318
682 6 312
683 7 310
688 9 303
690 10 300
695 8 297
693 12 295
695 12 293
696 14 290
696 15 289
699 16 285
700 19 281
703 20 277
708 20 272
710 21 269
709 17 274
711 17 272
717 17 266
724 15 261
728 14 258
731 14 255
735 11 254
737 12 251
737 13 250
743 12 245
748 11 241
753 10 237
753 12 235
752 11 237
754 12 234
756 14 230
753 17 230
756 19 225
758 20 222
761 24 215
762 22 216
764 20 216
765 22 213
762 22 216
765 20 215
763 21 216
760 24 216
764 22 214
764 20 216
764 23 213
766 23 211
771 26 203
771 25 204
769 28 203
766 32 202
762 37 201
754 39 207
751 42 207
746 41 213
742 39 219
743 39 218
740 41 219
744 39 217
742 43 215
742 40 218
741 43 216
742 37 221
743 33 224
745 34 221
742 39 219
743 35 222
739 33 228
736 32 232
735 32 233
731 37 232
733 34 233
728 34 238
726 34 240
722 36 242
722 31 247
721 26 253
728 26 246
730 26 244
721 31 248
720 32 248
