1000 0 0
1000 0 0
1000 0 0
1000 0 0
1000 0 0
1000 0 0
1000 0 0
1000 0 0
1000 0 0
1000 0 0
997 3 0
993 5 2
989 7 4
985 11 4
980 14 6
977 15 8
974 14 12
970 19 11
964 22 14
960 18 22
957 19 24
956 17 27
954 17 29
951 18 31
947 19 34
945 20 35
942 23 35
938 24 38
928 31 41
919 34 47
913 33 54
899 45 56
890 44 66
884 41 75
882 42 76
871 46 83
863 48 89
858 46 96
851 53 96
848 51 101
840 53 107
836 57 107
824 62 114
817 59 124
812 59 129
807 55 138
794 55 151
789 56 155
789 55 156
787 52 161
788 47 165
784 48 168
780 48 172
778 49 173
772 54 174
757 65 178
743 71 186
729 75 196
720 77 203
715 75 210
706 79 215
707 74 219
699 78 223
691 82 227
686 83 231
676 84 240
664 89 247
654 91 255
639 85 276
637 78 285
634 77 289
627 76 297
622 72 306
619 72 309
615 65 320
607 66 327
606 56 338
606 51 343
607 46 347
605 43 352
605 44 351
608 44 348
610 43 347
606 42 352
609 44 347
618 41 341
617 40 343
616 45 339
612 40 348
614 36 350
609 37 354
609 41 350
610 41 349
610 41 349
614 35 351
619 32 349
626 27 347
633 24 343
634 24 342
636 23 341
640 21 339
643 21 336
643 18 339
642 22 336
644 20 336
647 23 330
649 22 329
653 21 326
656 20 324
664 18 318
669 18 313
669 20 311
665 24 311
665 25 310
671 26 303
673 25 302
678 26 296
679 29 292
681 29 290
686 29 285
689 24 287
691 22 287
689 26 285
686 28 286
692 26 282
695 22 283
699 17 284
700 14 286
704 14 282
702 18 280
709 16 275
709 18 273
709 18 273
706 21 273
710 23 267
710 24 266
709 27 264
705 26 269
704 25 271
704 24 272
702 25 273
701 24 275
702 24 274
705 22 273
701 29 270
699 27 274
696 28 276
698 22 280
700 20 280
702 23 275
697 30 273
694 33 273
686 37 277
686 34 280
686 31 283
686 28 286
688 25 287
694 23 283
703 21 276
702 20 278
704 21 275
702 23 275
703 20 277
707 16 277
704 16 280
705 16 279
705 18 277
709 15 276
712 16 272
718 18 264
718 21 261
717 22 261
721 18 261
721 18 261
722 19 259
723 19 258
726 21 253
727 22 251
731 22 247
730 26 244
731 27 242
730 27 243
724 31 245
729 31 240
726 33 241
727 33 240
727 35 238
728 30 242
734 32 234
732 36 232
734 32 234
734 28 238
734 28 238
734 31 235
732 33 235
727 33 240
728 31 241
730 29 241
729 29 242
726 30 244
723 33 244
724 35 241
725 32 243
725 32 243
727 29 244
727 24 249
725 26 249
727 24 249
728 25 247
730 24 246
730 26 244
728 27 245
729 23 248
733 23 244
733 21 246
735 19 246
735 22 243
738 20 242
737 22 241
736 23 241
737 24 239
740 22 238
744 24 232
745 23 232
745 22 233
749 22 229
747 22 231
752 17 231
751 17 232
758 16 226
758 18 224
758 21 221
756 19 225
758 18 224
757 21 222
756 21 223
755 21 224
757 16 227
755 16 229
757 11 232
760 9 231
760 12 228
767 11 222
770 9 221
774 8 218
778 8 214
779 10 211
777 13 210
780 15 205
782 15 203
788 15 197
787 15 198
784 21 195
781 25 194
779 27 194
776 30 194
778 28 194
775 33 192
774 34 192
776 34 190
772 35 193
770 33 197
762 39 199
758 40 202
753 46 201
754 47 199
744 53 203
745 47 208
742 55 203
742 54 204
736 56 208
729 52 219
727 51 222
726 48 226
726 43 231
725 45 230
727 46 227
731 42 227
730 41 229
721 44 235
713 49 238
708 56 236
706 50 244
700 58 242
695 59 246
689 56 255
689 53 258
686 52 262
688 49 263
684 49 267
678 54 268
668 55 277
669 52 279
663 54 283
661 50 289
658 52 290
661 53 286
661 45 294
662 47 291
659 50 291
657 51 292
653 51 296
649 52 299
650 51 299
654 47 299
650 45 305
649 46 305
650 44 306
650 38 312
651 38 311
646 39 315
645 40 315
645 37 318
646 39 315
646 31 323
646 30 324
648 27 325
648 25 327
649 26 325
655 21 324
658 14 328
662 13 325
668 9 323
675 8 317
681 6 313
686 5 309
692 5 303
696 3 301
698 3 299
700 3 297
708 4 288
713 4 283
726 4 270
733 4 263
735 4 261
738 4 258
747 4 249
750 3 247
753 3 244
755 2 243
759 1 240
760 0 240
763 0 237
765 0 235
768 0 232
771 0 229
776 0 224
781 0 219
784 0 216
788 1 211
789 1 210
790 1 209
792 1 207
794 1 205
795 1 204
801 2 197
803 1 196
807 1 192
812 0 188
820 0 180
820 0 180
824 0 176
826 0 174
829 2 169
832 2 166
833 1 166
836 1 163
836 1 163
837 2 161
837 5 158
835 6 159
837 6 157
839 7 154
839 7 154
842 6 152
839 9 152
838 10 152
829 18 153
827 20 153
819 27 154
815 30 155
812 30 158
812 30 158
807 34 159
803 38 159
802 38 160
802 36 162
799 39 162
793 41 166
788 40 172
786 38 176
788 34 178
786 34 180
787 32 181
783 32 185
780 30 190
776 32 192
776 35 189
768 43 189
767 42 191
764 40 196
764 38 198
764 34 202
764 29 207
758 32 210
760 31 209
759 27 214
754 30 216
754 30 216
752 29 219
750 30 220
748 29 223
747 26 227
742 27 231
741 24 235
745 24 231
747 23 230
748 20 232
752 19 229
754 17 229
760 17 223
761 16 223
762 18 220
759 19 222
763 14 223
766 17 217
768 16 216
763 17 220
765 20 215
769 20 211
769 20 211
764 22 214
762 27 211
762 24 214
763 21 216
766 19 215
769 20 211
769 20 211
769 18 213
767 19 214
765 18 217
763 19 218
762 15 223
761 19 220
762 18 220
763 18 219
760 21 219
759 22 219
758 20 222
760 18 222
767 17 216
767 18 215
769 18 213
771 16 213
771 18 211
769 16 215
774 15 211
772 18 210
768 22 210
763 26 211
759 28 213
759 28 213
759 30 211
764 33 203
756 37 207
753 37 210
749 40 211
744 44 212
742 40 218
744 38 218
740 35 225
737 37 226
736 35 229
737 38 225
733 42 225
733 41 226
733 40 227
730 38 232
729 37 234
729 33 238
728 33 239
727 35 238
724 33 243
727 32 241
727 34 239
726 37 237
722 39 239
725 39 236
723 40 237
715 39 246
716 34 250
711 38 251
708 34 258
706 34 260
705 33 262
707 31 262
711 27 262
715 27 258
711 27 262
708 29 263
708 28 264
710 28 262
713 27 260
715 24 261
715 22 263
718 26 256
721 25 254
725 23 252
728 21 251
730 17 253
732 16 252
730 16 254
727 17 256
730 19 251
730 22 248
726 28 246
725 26 249
726 21 253
719 29 252
717 33 250
713 34 253
705 36 259
700 32 268
702 27 271
705 26 269
703 26 271
707 17 276
708 14 278
712 14 274
714 16 270
714 16 270
717 16 267
720 11 269
724 9 267
727 10 263
730 11 259
728 12 260
728 15 257
732 18 250
731 18 251
726 23 251
729 24 247
730 26 244
726 31 243
724 30 246
721 35 244
721 31 248
720 30 250
719 30 251
718 33 249
714 38 248
709 41 250
706 44 250
701 47 252
698 51 251
693 51 256
698 43 259
700 41 259
702 35 263
699 36 265
699 40 261
698 41 261
697 41 262
691 42 267
690 39 271
690 33 277
688 31 281
690 30 280
684 33 283
684 32 284
684 29 287
680 30 290
682 31 287
684 32 284
684 31 285
687 32 281
688 27 285
691 28 281
691 25 284
692 23 285
695 21 284
699 20 281
701 20 279
708 18 274
710 18 272
711 19 270
713 20 267
720 17 263
723 19 258
724 16 260
729 18 253
729 18 253
728 22 250
727 19 254
729 18 253
730 18 252
733 15 252
733 15 252
730 15 255
734 13 253
738 12 250
744 10 246
745 11 244
746 13 241
747 12 241
751 14 235
756 13 231
759 13 228
759 14 227
759 16 225
765 14 221
766 17 217
767 14 219
762 20 218
760 20 220
762 20 218
760 22 218
758 24 218
754 30 216
751 32 217
745 37 218
741 36 223
738 35 227
733 41 226
726 51 223
726 42 232
726 40 234
724 42 234
724 35 241
722 33 245
720 40 240
721 39 240
716 43 241
713 40 247
710 37 253
708 35 257
706 33 261
713 32 255
711 33 256
709 35 256
706 34 260
709 27 264
710 26 264
711 31 258
710 32 258
710 34 256
712 36 252
709 41 250
708 40 252
701 46 253
706 45 249
704 43 253
700 45 255
689 56 255
683 57 260
674 64 262
671 64 265
664 59 277
665 53 282
666 51 283
662 52 286
657 54 289
654 51 295
649 53 298
647 49 304
646 51 303
647 53 300
644 52 304
647 50 303
634 55 311
638 53 309
640 49 311
643 49 308
642 48 310
639 57 304
634 56 310
629 56 315
626 54 320
629 49 322
621 51 328
622 45 333
625 42 333
630 32 338
624 34 342
631 33 336
631 31 338
631 31 338
628 34 338
627 38 335
630 34 336
631 33 336
634 36 330
642 35 323
648 28 324
653 24 323
649 25 326
656 22 322
657 20 323
658 22 320
666 23 311
667 23 310
665 23 312
660 27 313
653 30 317
652 31 317
651 31 318
655 29 316
651 34 315
649 35 316
650 36 314
648 36 316
646 36 318
652 33 315
653 27 320
651 32 317
649 32 319
651 30 319
652 26 322
657 22 321
662 20 318
663 21 316
666 19 315
667 15 318
674 14 312
678 12 310
687 13 300
690 14 296
696 16 288
695 15 290
699 11 290
705 7 288
710 6 284
709 6 285
713 5 282
716 4 280
717 3 280
721 6 273
722 7 271
725 5 270
726 5 269
721 11 268
722 10 268
724 9 267
726 7 267
727 9 264
732 8 260
737 7 256
742 7 251
748 6 246
753 4 243
756 2 242
756 4 240
757 4 239
761 3 236
767 2 231
769 3 228
770 3 227
774 5 221
777 6 217
779 5 216
787 5 208
794 6 200
797 7 196
799 9 192
801 9 190
803 7 190
803 8 189
804 6 190
806 6 188
807 6 187
806 8 186
807 10 183
808 13 179
810 13 177
810 14 176
811 15 174
807 16 177
807 17 176
803 21 176
803 19 178
795 28 177
787 33 180
787 31 182
784 32 184
783 25 192
782 24 194
784 20 196
783 21 196
781 20 199
774 23 203
774 23 203
769 26 205
767 31 202
763 34 203
760 34 206
759 35 206
755 38 207
756 36 208
756 37 207
759 36 205
752 43 205
747 46 207
745 48 207
737 48 215
728 51 221
725 50 225
718 55 227
714 49 237
712 48 240
711 45 244
706 47 247
701 50 249
700 47 253
698 44 258
697 45 258
694 41 265
692 39 269
693 41 266
690 42 268
683 47 270
682 46 272
676 49 275
677 47 276
670 49 281
664 55 281
658 58 284
657 55 288
653 58 289
646 65 289
642 63 295
639 62 299
633 61 306
628 58 314
626 61 313
621 60 319
617 56 327
616 51 333
617 51 332
614 53 333
610 52 338
609 55 336
610 48 342
611 48 341
616 47 337
617 47 336
611 53 336
611 52 337
613 42 345
615 39 346
614 41 345
613 37 350
613 34 353
619 31 350
627 33 340
629 29 342
626 26 348
625 27 348
626 30 344
626 24 350
629 24 347
634 19 347
640 18 342
646 17 337
646 17 337
647 16 337
646 19 335
650 18 332
651 18 331
655 15 330
655 12 333
660 14 326
658 17 325
656 20 324
656 20 324
655 24 321
657 23 320
664 17 319
667 17 316
672 18 310
677 15 308
677 15 308
679 18 303
678 20 302
679 22 299
675 25 300
675 25 300
684 24 292
692 23 285
692 20 288
696 21 283
696 20 284
699 17 284
701 19 280
701 18 281
698 16 286
700 17 283
699 20 281
698 19 283
702 19 279
706 19 275
706 21 273
705 22 273
705 24 271
708 23 269
711 22 267
711 22 267
714 21 265
716 19 265
719 15 266
723 14 263
727 15 258
731 11 258
734 10 256
734 12 254
733 14 253
733 12 255
734 12 254
737 11 252
740 9 251
744 9 247
747 10 243
748 13 239
752 13 235
756 11 233
762 10 228
765 7 228
763 9 228
767 9 224
771 10 219
773 8 219
774 9 217
777 9 214
779 10 211
779 10 211
784 10 206
785 10 205
786 10 204
789 6 205
793 6 201
795 7 198
797 7 196
806 5 189
812 5 183
813 6 181
814 6 180
816 5 179
817 6 177
821 5 174
821 7 172
820 10 170
821 9 170
821 10 169
822 10 168
818 15 167
816 16 168
823 15 162
824 16 160
824 14 162
824 14 162
824 15 161
825 13 162
825 16 159
821 18 161
827 17 156
827 14 159
823 16 161
826 14 160
829 12 159
831 11 158
831 14 155
834 14 152
831 14 155
830 13 157
829 15 156
830 13 157
833 13 154
834 12 154
832 14 154
832 13 155
832 14 154
834 14 152
830 16 154
829 11 160
832 11 157
832 14 154
835 12 153
835 12 153
836 12 152
836 11 153
837 11 152
833 11 156
835 8 157
838 10 152
841 10 149
842 9 149
845 8 147
843 9 148
844 8 148
846 7 147
848 8 144
846 9 145
