1000 0 0
1000 0 0
1000 0 0
1000 0 0
1000 0 0
1000 0 0
1000 0 0
1000 0 0
1000 0 0
1000 0 0
1000 0 0
1000 0 0
999 1 0
997 3 0
995 4 1
993 5 2
991 6 3
990 5 5
990 5 5
989 4 7
985 8 7
983 10 7
980 12 8
974 17 9
970 20 10
959 27 14
949 33 18
932 47 21
920 49 31
905 51 44
896 49 55
886 52 62
876 49 75
866 58 76
852 66 82
845 67 88
822 84 94
807 83 110
784 91 125
765 92 143
756 88 156
744 96 160
728 100 172
722 97 181
706 102 192
696 94 210
687 85 228
672 92 236
665 90 245
653 95 252
648 95 257
640 93 267
625 101 274
617 93 290
608 98 294
605 102 293
598 93 309
590 99 311
587 97 316
576 99 325
572 94 334
567 88 345
565 90 345
563 84 353
558 85 357
549 87 364
542 86 372
537 82 381
539 72 389
535 66 399
532 64 404
530 63 407
528 61 411
524 63 413
520 56 424
519 52 429
519 52 429
531 48 421
536 43 421
534 46 420
537 45 418
536 45 419
538 41 421
538 43 419
542 47 411
541 50 409
545 43 412
552 43 405
560 36 404
562 35 403
563 34 403
567 35 398
567 32 401
572 32 396
578 29 393
580 29 391
584 30 386
593 26 381
597 23 380
603 22 375
608 21 371
616 23 361
616 29 355
621 30 349
627 25 348
624 32 344
628 32 340
630 31 339
629 31 340
627 34 339
627 32 341
634 29 337
633 26 341
631 26 343
637 27 336
641 21 338
642 21 337
645 19 336
651 20 329
652 23 325
655 20 325
657 22 321
654 22 324
654 22 324
654 22 324
651 23 326
651 27 322
649 29 322
652 28 320
651 31 318
650 32 318
652 31 317
645 34 321
645 32 323
645 32 323
643 30 327
646 29 325
653 28 319
650 34 316
644 36 320
650 30 320
650 30 320
652 26 322
657 24 319
657 23 320
655 24 321
658 23 319
661 22 317
662 21 317
669 19 312
672 14 314
677 16 307
679 18 303
682 19 299
685 17 298
687 16 297
692 17 291
690 19 291
690 20 290
690 18 292
693 16 291
696 16 288
702 16 282
706 14 280
711 10 279
711 10 279
714 9 277
713 7 280
715 8 277
720 8 272
721 10 269
727 11 262
730 12 258
734 12 254
738 12 250
742 13 245
743 12 245
744 12 244
744 12 244
744 12 244
743 11 246
743 12 245
745 13 242
747 14 239
745 18 237
744 18 238
742 21 237
742 19 239
744 21 235
746 22 232
749 20 231
749 21 230
752 18 230
756 20 224
758 18 224
756 22 222
757 23 220
756 24 220
756 25 219
756 22 222
758 22 220
757 27 216
753 29 218
746 30 224
744 30 226
739 32 229
741 25 234
740 25 235
740 25 235
739 27 234
740 27 233
743 27 230
741 33 226
746 29 225
743 33 224
743 35 222
741 34 225
736 35 229
740 35 225
737 34 229
734 40 226
730 45 225
721 50 229
718 46 236
716 48 236
714 47 239
710 42 248
700 51 249
692 54 254
690 53 257
686 55 259
680 62 258
678 67 255
669 67 264
667 63 270
664 61 275
662 59 279
663 56 281
663 51 286
664 49 287
660 49 291
656 51 293
654 54 292
645 60 295
635 62 303
629 56 315
627 50 323
624 47 329
626 42 332
630 38 332
636 35 329
636 36 328
641 27 332
642 29 329
643 32 325
636 40 324
631 46 323
631 46 323
635 41 324
634 45 321
633 43 324
628 45 327
626 43 331
621 48 331
623 44 333
619 41 340
624 39 337
618 44 338
621 40 339
620 40 340
621 35 344
625 34 341
627 39 334
625 41 334
621 43 336
619 44 337
619 38 343
615 38 347
614 38 348
610 43 347
613 42 345
611 45 344
610 47 343
606 48 346
609 47 344
611 43 346
614 39 347
618 38 344
622 33 345
618 35 347
622 34 344
625 30 345
627 29 344
633 28 339
639 27 334
642 23 335
649 25 326
652 24 324
654 22 324
654 21 325
655 22 323
656 22 322
652 21 327
654 24 322
653 28 319
653 30 317
652 30 318
653 26 321
655 26 319
661 18 321
664 16 320
668 11 321
672 11 317
673 8 319
675 9 316
676 8 316
680 9 311
682 8 310
689 11 300
692 11 297
693 12 295
695 14 291
693 16 291
693 15 292
691 15 294
688 19 293
687 20 293
680 22 298
679 26 295
676 30 294
672 36 292
670 37 293
665 38 297
663 35 302
666 36 298
667 34 299
669 35 296
664 36 300
665 35 300
665 39 296
669 36 295
666 34 300
658 39 303
660 32 308
665 34 301
666 39 295
665 43 292
667 34 299
672 35 293
669 40 291
669 35 296
672 33 295
669 35 296
676 35 289
671 36 293
669 39 292
669 33 298
668 28 304
667 28 305
670 21 309
674 22 304
676 23 301
677 17 306
687 17 296
685 17 298
689 14 297
686 16 298
693 14 293
697 15 288
699 17 284
700 20 280
701 23 276
701 21 278
704 23 273
703 24 273
702 26 272
701 29 270
705 27 268
704 29 267
702 29 269
698 30 272
699 30 271
701 27 272
702 26 272
701 27 272
697 31 272
691 37 272
691 40 269
690 38 272
693 37 270
688 38 274
684 41 275
683 42 275
673 49 278
673 42 285
673 40 287
677 36 287
674 38 288
675 38 287
670 43 287
665 49 286
666 50 284
662 53 285
656 47 297
657 44 299
658 38 304
660 40 300
659 39 302
659 34 307
653 37 310
652 32 316
652 35 313
650 35 315
650 32 318
656 30 314
659 26 315
663 22 315
666 23 311
661 28 311
663 30 307
662 33 305
659 34 307
653 36 311
645 37 318
639 42 319
638 40 322
635 42 323
638 42 320
637 40 323
643 33 324
644 31 325
649 26 325
645 31 324
641 36 323
645 32 323
642 33 325
647 31 322
646 35 319
646 32 322
647 30 323
646 30 324
652 29 319
650 29 321
649 34 317
651 34 315
651 32 317
651 30 319
654 27 319
656 29 315
655 28 317
659 22 319
662 20 318
664 20 316
664 20 316
666 21 313
670 20 310
674 17 309
675 17 308
680 15 305
681 11 308
687 10 303
695 10 295
698 10 292
705 8 287
708 8 284
709 9 282
712 5 283
716 5 279
724 3 273
729 3 268
728 4 268
732 4 264
735 5 260
741 5 254
749 4 247
754 4 242
756 2 242
761 2 237
762 3 235
766 2 232
771 1 228
776 1 223
779 1 220
783 1 216
787 1 212
791 0 209
795 0 205
799 0 201
804 0 196
810 0 190
812 0 188
813 0 187
814 0 186
823 0 177
827 0 173
829 0 171
831 0 169
834 0 166
839 0 161
842 0 158
846 0 154
848 0 152
850 0 150
852 0 148
854 0 146
856 0 144
860 0 140
861 0 139
863 0 137
864 0 136
867 0 133
872 0 128
872 0 128
873 0 127
876 0 124
878 0 122
883 0 117
884 0 116
886 0 114
887 0 113
889 0 111
889 0 111
890 0 110
890 0 110
893 0 107
894 0 106
896 0 104
896 0 104
897 0 103
898 0 102
899 0 101
901 0 99
903 0 97
905 0 95
905 0 95
908 0 92
908 0 92
909 0 91
909 0 91
909 0 91
909 0 91
910 0 90
911 0 89
913 0 87
913 0 87
915 0 85
918 0 82
921 0 79
923 0 77
924 0 76
925 0 75
926 0 74
926 0 74
926 0 74
927 0 73
927 0 73
927 0 73
928 0 72
930 0 70
930 0 70
933 0 67
936 0 64
937 0 63
938 0 62
939 0 61
940 0 60
942 0 58
943 0 57
944 0 56
945 0 55
948 0 52
949 0 51
949 0 51
949 0 51
950 0 50
950 0 50
950 0 50
951 0 49
953 0 47
953 0 47
953 0 47
954 0 46
954 0 46
956 0 44
959 0 41
960 0 40
960 0 40
961 0 39
963 0 37
963 0 37
963 0 37
964 0 36
964 0 36
965 0 35
966 0 34
967 0 33
967 0 33
968 0 32
968 0 32
968 0 32
970 0 30
970 0 30
970 0 30
970 0 30
970 0 30
970 0 30
970 0 30
970 0 30
970 0 30
971 0 29
972 0 28
972 0 28
972 0 28
972 0 28
972 0 28
974 0 26
974 0 26
974 0 26
975 0 25
975 0 25
975 0 25
975 0 25
976 0 24
976 0 24
976 0 24
976 0 24
976 0 24
976 0 24
976 0 24
976 0 24
976 0 24
976 0 24
976 0 24
976 0 24
977 0 23
977 0 23
977 0 23
978 0 22
978 0 22
979 0 21
979 0 21
979 0 21
979 0 21
979 0 21
980 0 20
982 0 18
982 0 18
982 0 18
982 0 18
983 0 17
983 0 17
983 0 17
983 0 17
983 0 17
983 0 17
983 0 17
983 0 17
983 0 17
984 0 16
984 0 16
984 0 16
985 0 15
985 0 15
985 0 15
985 0 15
985 0 15
985 0 15
985 0 15
985 0 15
985 0 15
985 0 15
985 0 15
985 0 15
986 0 14
986 0 14
986 0 14
986 0 14
986 0 14
986 0 14
986 0 14
986 0 14
986 0 14
986 0 14
986 0 14
986 0 14
986 0 14
986 0 14
986 0 14
988 0 12
988 0 12
988 0 12
988 0 12
989 0 11
989 0 11
989 0 11
989 0 11
989 0 11
989 0 11
989 0 11
989 0 11
990 0 10
990 0 10
990 0 10
990 0 10
990 0 10
990 0 10
990 0 10
990 0 10
990 0 10
990 0 10
990 0 10
990 0 10
991 0 9
991 0 9
991 0 9
991 0 9
991 0 9
991 0 9
991 0 9
991 0 9
991 0 9
991 0 9
991 0 9
991 0 9
991 0 9
991 0 9
991 0 9
992 0 8
992 0 8
992 0 8
992 0 8
992 0 8
992 0 8
992 0 8
993 0 7
993 0 7
993 0 7
993 0 7
993 0 7
993 0 7
993 0 7
993 0 7
993 0 7
993 0 7
994 0 6
994 0 6
994 0 6
994 0 6
994 0 6
994 0 6
994 0 6
994 0 6
994 0 6
994 0 6
995 0 5
995 0 5
995 0 5
995 0 5
995 0 5
995 0 5
995 0 5
995 0 5
995 0 5
995 0 5
995 0 5
995 0 5
995 0 5
995 0 5
995 0 5
995 0 5
995 0 5
995 0 5
995 0 5
995 0 5
995 0 5
995 0 5
995 0 5
995 0 5
995 0 5
995 0 5
995 0 5
995 0 5
995 0 5
995 0 5
995 0 5
995 0 5
996 0 4
996 0 4
996 0 4
997 0 3
997 0 3
997 0 3
997 0 3
997 0 3
997 0 3
997 0 3
997 0 3
997 0 3
997 0 3
997 0 3
997 0 3
997 0 3
997 0 3
997 0 3
997 0 3
997 0 3
997 0 3
997 0 3
997 0 3
997 0 3
997 0 3
997 0 3
997 0 3
997 0 3
997 0 3
997 0 3
997 0 3
997 0 3
997 0 3
997 0 3
997 0 3
997 0 3
997 0 3
997 0 3
997 0 3
997 0 3
997 0 3
997 0 3
998 0 2
998 0 2
998 0 2
998 0 2
998 0 2
999 0 1
999 0 1
999 0 1
999 0 1
999 0 1
999 0 1
999 0 1
999 0 1
999 0 1
999 0 1
999 0 1
999 0 1
999 0 1
999 0 1
1000 0 0
1000 0 0
1000 0 0
1000 0 0
1000 0 0
1000 0 0
1000 0 0
1000 0 0
1000 0 0
1000 0 0
1000 0 0
1000 0 0
1000 0 0
1000 0 0
1000 0 0
1000 0 0
1000 0 0
1000 0 0
1000 0 0
1000 0 0
1000 0 0
1000 0 0
1000 0 0
1000 0 0
1000 0 0
1000 0 0
1000 0 0
1000 0 0
1000 0 0
1000 0 0
1000 0 0
1000 0 0
1000 0 0
1000 0 0
1000 0 0
1000 0 0
1000 0 0
1000 0 0
1000 0 0
1000 0 0
1000 0 0
1000 0 0
1000 0 0
1000 0 0
1000 0 0
1000 0 0
1000 0 0
1000 0 0
1000 0 0
1000 0 0
1000 0 0
1000 0 0
1000 0 0
1000 0 0
1000 0 0
1000 0 0
1000 0 0
1000 0 0
1000 0 0
1000 0 0
1000 0 0
1000 0 0
1000 0 0
1000 0 0
1000 0 0
1000 0 0
1000 0 0
1000 0 0
1000 0 0
1000 0 0
1000 0 0
1000 0 0
1000 0 0
1000 0 0
1000 0 0
1000 0 0
1000 0 0
1000 0 0
1000 0 0
1000 0 0
1000 0 0
1000 0 0
1000 0 0
1000 0 0
1000 0 0
1000 0 0
1000 0 0
1000 0 0
1000 0 0
1000 0 0
1000 0 0
1000 0 0
1000 0 0
1000 0 0
1000 0 0
1000 0 0
1000 0 0
1000 0 0
1000 0 0
1000 0 0
1000 0 0
1000 0 0
1000 0 0
1000 0 0
1000 0 0
1000 0 0
1000 0 0
1000 0 0
1000 0 0
1000 0 0
1000 0 0
1000 0 0
1000 0 0
1000 0 0
1000 0 0
1000 0 0
1000 0 0
1000 0 0
1000 0 0
1000 0 0
1000 0 0
1000 0 0
1000 0 0
1000 0 0
1000 0 0
1000 0 0
1000 0 0
1000 0 0
1000 0 0
1000 0 0
1000 0 0
1000 0 0
1000 0 0
1000 0 0
1000 0 0
1000 0 0
1000 0 0
1000 0 0
1000 0 0
1000 0 0
1000 0 0
1000 0 0
1000 0 0
1000 0 0
1000 0 0
1000 0 0
1000 0 0
1000 0 0
1000 0 0
1000 0 0
1000 0 0
1000 0 0
1000 0 0
1000 0 0
