995 5 0
994 5 1
991 8 1
988 9 3
982 14 4
977 17 6
972 21 7
964 24 12
959 24 17
957 26 17
953 28 19
943 32 25
934 36 30
924 41 35
914 45 41
886 67 47
863 83 54
840 92 68
813 106 81
791 109 100
765 118 117
752 114 134
728 131 141
709 139 152
683 143 174
664 144 192
649 139 212
630 132 238
624 124 252
615 120 265
610 114 276
608 100 292
600 101 299
592 99 309
585 96 319
578 94 328
575 86 339
575 77 348
572 75 353
572 70 358
568 71 361
567 65 368
564 64 372
563 64 373
566 57 377
566 58 376
566 56 378
567 53 380
575 43 382
573 43 384
573 43 384
576 45 379
570 50 380
571 44 385
581 41 378
581 41 378
584 39 377
589 34 377
587 37 376
586 32 382
587 33 380
589 30 381
590 29 381
593 29 378
595 27 378
598 24 378
601 22 377
609 16 375
612 15 373
611 19 370
606 25 369
611 24 365
613 21 366
621 16 363
623 16 361
628 16 356
634 15 351
639 18 343
644 18 338
646 19 335
650 15 335
658 15 327
663 14 323
665 17 318
664 19 317
667 16 317
667 22 311
668 27 305
665 29 306
656 35 309
659 35 306
662 35 303
663 31 306
661 27 312
652 39 309
645 44 311
638 47 315
632 49 319
628 52 320
620 59 321
614 64 322
609 66 325
605 67 328
603 69 328
605 66 329
603 70 327
601 63 336
597 57 346
594 54 352
594 50 356
591 48 361
593 47 360
594 46 360
597 43 360
598 45 357
599 44 357
608 41 351
611 36 353
611 35 354
612 32 356
612 32 356
609 35 356
611 35 354
611 41 348
611 42 347
610 46 344
608 45 347
605 46 349
611 46 343
616 43 341
617 43 340
618 44 338
618 45 337
618 46 336
614 45 341
605 42 353
607 41 352
607 41 352
611 39 350
611 36 353
611 31 358
615 29 356
615 28 357
619 27 354
625 25 350
635 21 344
636 20 344
639 17 344
647 17 336
650 15 335
656 12 332
656 14 330
662 11 327
661 16 323
661 13 326
666 11 323
672 9 319
675 10 315
678 10 312
684 9 307
686 9 305
687 7 306
686 8 306
688 10 302
684 15 301
689 18 293
691 22 287
689 23 288
693 20 287
692 20 288
688 28 284
682 34 284
677 45 278
668 54 278
660 60 280
657 52 291
655 51 294
652 50 298
644 50 306
641 52 307
636 52 312
639 50 311
640 54 306
638 54 308
639 51 310
641 49 310
640 46 314
635 42 323
635 42 323
641 42 317
644 40 316
645 40 315
647 36 317
646 33 321
650 27 323
651 29 320
649 33 318
650 34 316
647 36 317
651 36 313
647 34 319
643 37 320
645 39 316
649 38 313
651 39 310
650 36 314
644 35 321
643 34 323
645 32 323
645 38 317
648 32 320
650 30 320
653 29 318
651 29 320
659 25 316
659 26 315
664 27 309
654 31 315
651 31 318
651 31 318
652 32 316
654 32 314
654 29 317
657 27 316
657 27 316
656 27 317
655 30 315
650 30 320
646 32 322
648 36 316
646 32 322
643 33 324
641 30 329
646 30 324
647 30 323
647 32 321
638 41 321
637 43 320
631 41 328
632 40 328
633 39 328
628 40 332
627 40 333
634 35 331
634 39 327
637 34 329
635 34 331
638 35 327
638 37 325
641 33 326
638 34 328
640 34 326
639 30 331
635 35 330
639 34 327
636 35 329
634 34 332
632 29 339
636 30 334
637 29 334
639 32 329
643 23 334
649 22 329
652 21 327
651 26 323
652 30 318
647 37 316
642 43 315
637 47 316
636 53 311
632 52 316
635 46 319
641 44 315
642 36 322
643 31 326
644 28 328
648 22 330
653 26 321
646 33 321
653 29 318
654 30 316
651 31 318
650 36 314
646 37 317
648 34 318
646 34 320
643 36 321
642 30 328
639 35 326
636 39 325
637 46 317
634 45 321
633 39 328
631 34 335
629 38 333
630 31 339
625 38 337
629 36 335
627 36 337
624 38 338
628 33 339
630 26 344
632 21 347
640 18 342
644 16 340
649 17 334
649 15 336
653 14 333
657 12 331
661 12 327
663 10 327
667 14 319
669 17 314
672 14 314
673 11 316
677 9 314
682 9 309
686 10 304
691 7 302
693 7 300
697 8 295
702 5 293
704 7 289
704 5 291
707 6 287
709 9 282
711 10 279
714 8 278
718 9 273
723 10 267
727 10 263
729 8 263
730 10 260
733 9 258
733 8 259
737 6 257
741 8 251
744 10 246
746 10 244
754 8 238
755 10 235
752 11 237
753 11 236
754 11 235
754 11 235
757 12 231
755 17 228
752 21 227
746 22 232
747 19 234
748 20 232
747 24 229
745 22 233
741 27 232
738 29 233
737 31 232
737 30 233
732 32 236
728 34 238
721 37 242
721 36 243
724 37 239
720 38 242
720 36 244
722 34 244
724 32 244
723 34 243
721 35 244
718 37 245
720 35 245
715 38 247
718 34 248
718 36 246
717 37 246
708 44 248
701 54 245
694 52 254
692 49 259
687 53 260
682 56 262
679 48 273
673 52 275
676 50 274
673 49 278
665 48 287
662 49 289
659 47 294
657 44 299
649 46 305
645 48 307
645 48 307
644 41 315
639 40 321
642 35 323
646 35 319
651 31 318
655 30 315
656 30 314
659 31 310
657 32 311
660 28 312
664 25 311
667 22 311
668 25 307
665 31 304
663 32 305
660 38 302
659 34 307
659 32 309
659 33 308
670 30 300
672 27 301
671 26 303
662 34 304
656 42 302
652 49 299
650 48 302
647 54 299
645 50 305
650 40 310
644 47 309
641 50 309
639 46 315
639 51 310
633 50 317
626 54 320
618 59 323
609 67 324
602 63 335
593 58 349
593 55 352
584 55 361
580 53 367
580 49 371
580 51 369
583 45 372
587 41 372
590 41 369
590 38 372
591 34 375
593 29 378
591 29 380
594 31 375
595 34 371
596 28 376
598 27 375
604 28 368
605 27 368
608 23 369
615 20 365
615 21 364
622 19 359
624 17 359
626 15 359
625 16 359
630 16 354
634 14 352
634 18 348
638 13 349
640 12 348
650 10 340
652 9 339
658 7 335
663 4 333
669 5 326
675 4 321
675 3 322
678 3 319
683 3 314
687 4 309
691 4 305
694 3 303
700 3 297
704 4 292
709 4 287
708 5 287
716 4 280
721 4 275
725 4 271
730 3 267
734 4 262
740 2 258
745 2 253
748 2 250
752 3 245
757 2 241
765 1 234
772 0 228
776 0 224
782 0 218
785 0 215
791 0 209
795 0 205
797 0 203
799 0 201
800 0 200
804 0 196
806 0 194
808 0 192
815 0 185
822 0 178
825 0 175
827 0 173
831 0 169
833 0 167
835 0 165
836 0 164
838 0 162
842 0 158
846 0 154
848 0 152
849 0 151
849 0 151
852 0 148
858 0 142
862 0 138
862 0 138
866 0 134
869 0 131
871 0 129
872 0 128
875 0 125
876 0 124
877 0 123
879 0 121
881 0 119
882 0 118
885 0 115
886 0 114
887 0 113
887 0 113
890 0 110
893 0 107
895 0 105
898 0 102
901 0 99
904 0 96
905 0 95
908 0 92
908 0 92
910 0 90
912 0 88
913 0 87
916 0 84
918 0 82
920 0 80
919 1 80
918 1 81
919 2 79
915 7 78
908 12 80
902 16 82
892 27 81
880 40 80
864 46 90
850 54 96
839 53 108
826 58 116
811 66 123
797 66 137
786 64 150
772 70 158
761 68 171
749 74 177
737 76 187
728 74 198
722 74 204
710 77 213
698 78 224
692 79 229
688 70 242
680 68 252
675 66 259
668 69 263
664 66 270
658 64 278
655 62 283
652 52 296
645 51 304
648 50 302
651 43 306
656 38 306
658 41 301
654 44 302
652 41 307
654 41 305
654 40 306
658 34 308
659 33 308
662 28 310
666 24 310
671 20 309
682 19 299
686 16 298
693 14 293
696 16 288
699 14 287
707 11 282
710 12 278
710 15 275
713 15 272
714 15 271
715 16 269
715 13 272
712 17 271
710 21 269
711 23 266
708 24 268
703 28 269
707 24 269
708 26 266
708 22 270
701 28 271
702 26 272
698 33 269
701 26 273
700 26 274
703 24 273
705 22 273
710 20 270
716 19 265
716 16 268
717 17 266
717 20 263
721 23 256
724 23 253
725 22 253
726 23 251
723 24 253
728 23 249
731 21 248
732 20 248
731 13 256
732 14 254
734 20 246
731 21 248
731 23 246
730 23 247
727 29 244
720 35 245
723 27 250
723 30 247
719 31 250
723 33 244
724 36 240
722 35 243
725 37 238
714 41 245
697 52 251
688 58 254
677 67 256
670 66 264
665 68 267
658 70 272
653 63 284
646 62 292
646 60 294
643 56 301
638 58 304
640 51 309
643 48 309
642 50 308
639 46 315
633 53 314
629 51 320
630 49 321
629 42 329
632 41 327
634 38 328
635 34 331
633 33 334
632 33 335
630 32 338
628 32 340
626 37 337
629 27 344
631 23 346
630 21 349
635 19 346
637 22 341
646 18 336
651 17 332
651 15 334
655 13 332
653 13 334
652 12 336
657 11 332
660 10 330
663 10 327
665 9 326
666 9 325
671 7 322
677 7 316
680 5 315
684 6 310
694 5 301
696 7 297
702 8 290
710 6 284
716 5 279
721 6 273
725 7 268
728 9 263
727 13 260
731 16 253
730 17 253
731 17 252
733 19 248
735 18 247
740 12 248
743 13 244
742 14 244
735 19 246
729 22 249
730 21 249
729 20 251
721 32 247
719 31 250
709 42 249
702 52 246
695 59 246
684 61 255
683 60 257
675 62 263
674 62 264
673 63 264
660 69 271
655 65 280
650 63 287
645 64 291
639 63 298
638 65 297
628 70 302
631 70 299
624 67 309
625 62 313
622 57 321
620 55 325
620 57 323
620 53 327
626 48 326
626 42 332
627 39 334
632 37 331
632 40 328
629 42 329
632 40 328
628 46 326
627 45 328
631 47 322
630 46 324
634 40 326
630 44 326
625 47 328
618 54 328
616 45 339
607 48 345
607 48 345
601 52 347
602 53 345
602 47 351
602 53 345
605 49 346
609 44 347
608 46 346
606 46 348
605 49 346
600 54 346
603 48 349
606 46 348
608 42 350
612 41 347
614 39 347
618 33 349
619 33 348
621 30 349
620 28 352
622 29 349
625 23 352
628 23 349
631 22 347
632 20 348
635 15 350
636 19 345
636 18 346
637 16 347
642 14 344
652 14 334
656 15 329
657 12 331
661 12 327
666 12 322
667 14 319
669 17 314
670 17 313
669 18 313
674 18 308
673 18 309
672 19 309
667 23 310
664 28 308
662 29 309
663 27 310
663 29 308
665 29 306
666 27 307
673 22 305
680 21 299
686 17 297
690 13 297
694 11 295
697 10 293
704 9 287
709 10 281
712 11 277
714 9 277
715 10 275
719 11 270
722 10 268
724 11 265
726 9 265
730 7 263
737 6 257
743 7 250
750 4 246
752 4 244
758 4 238
761 5 234
763 5 232
764 3 233
765 3 232
768 1 231
771 1 228
772 2 226
776 2 222
777 1 222
781 1 218
783 1 216
784 3 213
788 3 209
791 2 207
795 2 203
797 3 200
801 2 197
803 2 195
806 2 192
804 5 191
798 12 190
791 19 190
786 22 192
781 26 193
779 29 192
777 29 194
780 29 191
779 28 193
778 26 196
772 27 201
767 31 202
769 30 201
766 30 204
762 31 207
758 33 209
753 36 211
745 36 219
743 35 222
737 41 222
732 43 225
732 44 224
725 42 233
720 46 234
721 43 236
714 53 233
706 57 237
701 55 244
693 61 246
688 66 246
679 69 252
676 74 250
658 86 256
648 85 267
633 90 277
622 88 290
615 89 296
605 92 303
597 97 306
585 98 317
570 94 336
558 91 351
551 94 355
543 103 354
542 96 362
543 89 368
539 88 373
526 95 379
509 104 387
496 114 390
491 113 396
492 101 407
487 95 418
490 85 425
490 72 438
499 70 431
500 62 438
507 56 437
508 46 446
510 47 443
519 40 441
529 31 440
534 29 437
538 27 435
547 32 421
548 35 417
552 33 415
549 34 417
551 33 416
553 33 414
557 37 406
559 36 405
561 27 412
563 26 411
567 23 410
570 20 410
566 23 411
573 25 402
579 20 401
591 18 391
597 20 383
598 21 381
606 18 376
612 21 367
614 21 365
615 21 364
608 27 365
610 27 363
607 33 360
602 43 355
602 40 358
606 35 359
610 37 353
610 38 352
615 35 350
616 33 351
613 32 355
619 30 351
618 34 348
615 34 351
617 33 350
622 31 347
624 27 349
629 25 346
629 27 344
633 22 345
637 23 340
643 23 334
641 27 332
639 32 329
637 35 328
638 34 328
639 32 329
639 28 333
643 22 335
638 24 338
636 27 337
643 28 329
644 22 334
649 19 332
651 17 332
657 18 325
662 18 320
667 17 316
669 17 314
670 16 314
669 17 314
674 15 311
676 16 308
683 14 303
683 16 301
685 19 296
690 16 294
690 17 293
695 19 286
693 23 284
696 22 282
700 22 278
703 20 277
704 20 276
699 26 275
703 27 270
695 35 270
696 33 271
691 38 271
690 38 272
690 36 274
690 35 275
693 34 273
700 35 265
695 36 269
692 39 269
694 39 267
693 40 267
688 37 275
