1000 0 0
1000 0 0
1000 0 0
1000 0 0
1000 0 0
1000 0 0
1000 0 0
1000 0 0
1000 0 0
1000 0 0
1000 0 0
1000 0 0
1000 0 0
1000 0 0
1000 0 0
1000 0 0
1000 0 0
1000 0 0
1000 0 0
1000 0 0
1000 0 0
1000 0 0
1000 0 0
1000 0 0
1000 0 0
1000 0 0
1000 0 0
1000 0 0
1000 0 0
1000 0 0
1000 0 0
1000 0 0
1000 0 0
1000 0 0
1000 0 0
1000 0 0
1000 0 0
1000 0 0
1000 0 0
1000 0 0
1000 0 0
1000 0 0
1000 0 0
1000 0 0
1000 0 0
1000 0 0
1000 0 0
1000 0 0
1000 0 0
1000 0 0
1000 0 0
1000 0 0
1000 0 0
1000 0 0
1000 0 0
1000 0 0
1000 0 0
1000 0 0
1000 0 0
1000 0 0
1000 0 0
1000 0 0
1000 0 0
1000 0 0
1000 0 0
1000 0 0
1000 0 0
1000 0 0
1000 0 0
1000 0 0
1000 0 0
1000 0 0
1000 0 0
1000 0 0
1000 0 0
1000 0 0
1000 0 0
1000 0 0
1000 0 0
999 1 0
999 1 0
999 1 0
993 7 0
989 9 2
985 8 7
983 9 8
980 11 9
977 11 12
971 15 14
965 14 21
956 20 24
948 25 27
942 27 31
938 27 35
931 28 41
926 30 44
925 32 43
914 35 51
906 38 56
897 39 64
890 42 68
884 47 69
876 53 71
865 57 78
857 51 92
852 51 97
839 53 108
830 59 111
817 67 116
808 58 134
796 64 140
789 62 149
784 63 153
781 59 160
775 58 167
765 62 173
760 58 182
754 62 184
741 65 194
737 64 199
739 67 194
732 70 198
730 65 205
718 68 214
710 66 224
716 62 222
711 61 228
713 61 226
705 69 226
692 75 233
682 76 242
674 72 254
669 68 263
665 67 268
667 65 268
666 71 263
659 69 272
658 65 277
653 65 282
649 63 288
646 56 298
648 57 295
648 50 302
647 46 307
648 46 306
648 44 308
648 40 312
647 36 317
641 38 321
640 39 321
641 40 319
644 40 316
644 41 315
643 43 314
641 38 321
642 32 326
647 27 326
649 26 325
647 28 325
642 28 330
646 27 327
648 31 321
649 32 319
654 24 322
668 19 313
665 19 316
669 19 312
675 19 306
677 19 304
680 16 304
685 17 298
689 14 297
697 14 289
703 10 287
708 9 283
716 8 276
720 7 273
721 6 273
729 6 265
730 9 261
734 8 258
737 6 257
742 6 252
746 5 249
749 5 246
751 4 245
752 4 244
755 2 243
760 2 238
760 2 238
763 2 235
766 2 232
766 5 229
767 7 226
764 9 227
765 7 228
765 9 226
764 8 228
766 7 227
767 9 224
770 8 222
773 4 223
775 5 220
779 4 217
780 5 215
782 7 211
782 9 209
784 8 208
793 9 198
790 13 197
794 12 194
794 13 193
798 13 189
796 16 188
800 15 185
796 18 186
796 16 188
798 13 189
801 12 187
800 13 187
800 16 184
799 19 182
804 16 180
805 14 181
806 14 180
808 8 184
810 5 185
811 5 184
818 4 178
823 4 173
825 4 171
825 6 169
826 8 166
828 7 165
828 3 169
830 3 167
833 1 166
834 0 166
835 2 163
835 5 160
834 8 158
837 7 156
836 9 155
838 6 156
839 6 155
840 8 152
839 9 152
845 8 147
846 7 147
847 8 145
846 6 148
848 7 145
852 6 142
853 7 140
854 7 139
855 7 138
856 7 137
855 10 135
855 7 138
854 8 138
856 8 136
856 8 136
860 7 133
859 9 132
856 12 132
858 11 131
860 9 131
859 11 130
862 11 127
859 13 128
860 13 127
858 14 128
855 12 133
854 13 133
856 14 130
856 10 134
855 10 135
857 8 135
851 13 136
848 14 138
842 19 139
844 16 140
846 14 140
847 16 137
844 16 140
842 13 145
843 14 143
842 17 141
837 20 143
833 19 148
832 20 148
827 25 148
830 24 146
827 26 147
825 22 153
824 22 154
825 18 157
822 21 157
821 18 161
822 18 160
821 21 158
819 21 160
818 15 167
818 13 169
818 14 168
815 16 169
815 17 168
814 15 171
807 26 167
805 27 168
806 24 170
807 19 174
806 19 175
801 21 178
799 22 179
798 23 179
800 23 177
797 24 179
802 20 178
803 19 178
802 18 180
803 16 181
800 18 182
798 18 184
796 20 184
799 13 188
804 16 180
805 16 179
806 14 180
808 13 179
809 16 175
812 16 172
812 15 173
809 17 174
811 16 173
813 15 172
815 14 171
818 12 170
818 10 172
818 12 170
820 12 168
820 14 166
821 14 165
819 15 166
820 14 166
817 14 169
816 15 169
816 18 166
814 21 165
813 18 169
819 17 164
817 17 166
814 23 163
816 22 162
813 19 168
815 19 166
817 19 164
817 16 167
817 15 168
819 12 169
820 10 170
819 14 167
818 14 168
823 13 164
825 15 160
830 13 157
829 15 156
830 12 158
827 14 159
828 18 154
826 20 154
829 18 153
826 20 154
823 24 153
822 25 153
821 24 155
822 20 158
824 18 158
824 19 157
822 22 156
817 28 155
816 24 160
814 25 161
811 22 167
812 20 168
813 19 168
816 18 166
813 19 168
809 19 172
806 21 173
806 21 173
812 21 167
815 23 162
815 19 166
816 18 166
812 21 167
811 20 169
811 20 169
811 21 168
810 22 168
808 25 167
810 24 166
810 24 166
813 26 161
812 28 160
809 27 164
807 32 161
807 29 164
805 29 166
802 33 165
805 30 165
805 30 165
800 33 167
796 33 171
794 35 171
790 35 175
780 39 181
772 41 187
771 38 191
770 36 194
764 37 199
760 41 199
761 36 203
752 40 208
744 47 209
738 47 215
733 44 223
729 49 222
731 48 221
726 49 225
717 57 226
710 57 233
708 58 234
705 56 239
698 60 242
698 59 243
694 58 248
684 67 249
680 66 254
674 58 268
673 59 268
667 56 277
665 49 286
663 48 289
660 48 292
660 47 293
659 43 298
657 45 298
656 45 299
653 48 299
647 50 303
640 49 311
639 47 314
631 49 320
626 48 326
620 55 325
619 62 319
609 64 327
605 62 333
603 62 335
597 62 341
599 53 348
596 52 352
588 60 352
589 58 353
589 54 357
588 51 361
586 48 366
588 49 363
593 40 367
592 40 368
587 42 371
592 38 370
590 40 370
597 35 368
602 32 366
600 38 362
603 36 361
604 36 360
602 36 362
608 29 363
612 26 362
610 30 360
608 30 362
608 29 363
605 31 364
605 34 361
607 33 360
609 35 356
605 37 358
602 40 358
601 42 357
599 46 355
603 40 357
611 38 351
612 42 346
613 43 344
617 41 342
621 36 343
623 37 340
623 34 343
623 34 343
623 34 343
626 31 343
631 30 339
631 31 338
632 28 340
628 31 341
632 31 337
637 30 333
636 32 332
641 32 327
641 30 329
640 32 328
640 33 327
640 30 330
640 32 328
637 32 331
644 27 329
644 28 328
645 27 328
647 25 328
647 27 326
651 22 327
653 21 326
655 19 326
658 18 324
662 19 319
664 22 314
669 21 310
668 21 311
666 23 311
672 21 307
674 20 306
674 19 307
678 18 304
676 15 309
681 14 305
682 10 308
683 11 306
687 9 304
687 10 303
690 10 300
695 7 298
698 10 292
702 9 289
704 11 285
711 11 278
719 9 272
720 9 271
725 10 265
728 7 265
730 6 264
737 2 261
741 2 257
746 2 252
749 3 248
756 4 240
759 2 239
764 2 234
765 3 232
770 3 227
775 5 220
778 4 218
782 4 214
784 4 212
785 2 213
790 1 209
794 2 204
796 1 203
801 1 198
803 1 196
805 2 193
811 2 187
816 1 183
817 1 182
824 1 175
826 1 173
827 1 172
829 2 169
832 2 166
834 1 165
840 1 159
843 1 156
844 1 155
847 0 153
850 0 150
852 0 148
855 0 145
858 0 142
861 0 139
867 0 133
869 0 131
871 0 129
873 0 127
879 0 121
882 0 118
884 0 116
887 0 113
888 0 112
891 0 109
894 0 106
895 0 105
896 0 104
900 0 100
903 0 97
907 0 93
910 0 90
912 0 88
912 0 88
916 0 84
918 0 82
919 0 81
919 0 81
920 0 80
920 0 80
921 0 79
923 0 77
925 0 75
926 0 74
926 0 74
927 0 73
928 0 72
928 0 72
928 0 72
930 0 70
931 0 69
931 0 69
932 0 68
933 0 67
934 0 66
935 0 65
935 0 65
938 0 62
940 0 60
941 0 59
941 0 59
942 0 58
942 0 58
944 0 56
945 0 55
945 0 55
945 0 55
945 0 55
946 0 54
948 0 52
949 0 51
949 0 51
951 0 49
951 0 49
951 0 49
953 0 47
953 0 47
954 0 46
955 0 45
955 0 45
955 0 45
955 0 45
955 0 45
956 0 44
958 0 42
958 0 42
960 0 40
960 0 40
961 0 39
961 0 39
964 0 36
964 0 36
964 0 36
965 0 35
965 0 35
967 0 33
968 0 32
968 0 32
969 0 31
970 0 30
970 0 30
973 0 27
973 0 27
973 0 27
974 0 26
975 0 25
975 0 25
976 0 24
976 0 24
977 0 23
977 0 23
977 0 23
977 0 23
978 0 22
978 0 22
978 0 22
980 0 20
981 0 19
981 0 19
981 0 19
981 0 19
981 0 19
981 0 19
982 0 18
982 0 18
983 0 17
983 0 17
983 0 17
983 0 17
983 0 17
983 0 17
983 0 17
983 0 17
983 0 17
983 0 17
984 0 16
984 0 16
985 0 15
985 0 15
985 0 15
985 0 15
985 0 15
985 0 15
985 0 15
987 0 13
987 0 13
987 0 13
988 0 12
988 0 12
988 0 12
988 0 12
988 0 12
988 0 12
988 0 12
989 0 11
989 0 11
989 0 11
989 0 11
989 0 11
989 0 11
989 0 11
989 0 11
989 0 11
989 0 11
989 0 11
990 0 10
990 0 10
990 0 10
991 0 9
991 0 9
991 0 9
991 0 9
991 0 9
991 0 9
991 0 9
992 0 8
992 0 8
992 0 8
992 0 8
992 0 8
992 0 8
992 0 8
992 0 8
992 0 8
992 0 8
992 0 8
992 0 8
992 0 8
993 0 7
993 0 7
993 0 7
993 0 7
993 0 7
993 0 7
993 0 7
993 0 7
993 0 7
993 0 7
993 0 7
993 0 7
993 0 7
993 0 7
993 0 7
994 0 6
994 0 6
994 0 6
995 0 5
995 0 5
995 0 5
995 0 5
995 0 5
995 0 5
995 0 5
996 0 4
996 0 4
996 0 4
996 0 4
996 0 4
996 0 4
996 0 4
996 0 4
996 0 4
996 0 4
996 0 4
996 0 4
996 0 4
996 0 4
996 0 4
996 0 4
996 0 4
996 0 4
996 0 4
996 0 4
996 0 4
996 0 4
996 0 4
996 0 4
996 0 4
996 0 4
996 0 4
996 0 4
996 0 4
996 0 4
996 0 4
996 0 4
996 0 4
996 0 4
996 0 4
996 0 4
996 0 4
996 0 4
997 0 3
997 0 3
997 0 3
998 0 2
998 0 2
998 0 2
998 0 2
998 0 2
998 0 2
998 0 2
998 0 2
998 0 2
998 0 2
998 0 2
998 0 2
998 0 2
998 0 2
998 0 2
998 0 2
998 0 2
998 0 2
998 0 2
998 0 2
998 0 2
998 0 2
998 0 2
998 0 2
998 0 2
998 0 2
998 0 2
998 0 2
998 0 2
998 0 2
998 0 2
998 0 2
999 0 1
999 0 1
999 0 1
999 0 1
999 0 1
999 0 1
999 0 1
999 0 1
999 0 1
999 0 1
999 0 1
999 0 1
999 0 1
999 0 1
999 0 1
999 0 1
999 0 1
999 0 1
999 0 1
999 0 1
999 0 1
999 0 1
999 0 1
999 0 1
999 0 1
999 0 1
999 0 1
999 0 1
999 0 1
999 0 1
999 0 1
999 0 1
999 0 1
999 0 1
999 0 1
999 0 1
999 0 1
999 0 1
999 0 1
999 0 1
999 0 1
999 0 1
999 0 1
999 0 1
999 0 1
999 0 1
999 0 1
999 0 1
999 0 1
999 0 1
999 0 1
999 0 1
1000 0 0
1000 0 0
1000 0 0
1000 0 0
1000 0 0
1000 0 0
1000 0 0
1000 0 0
1000 0 0
1000 0 0
1000 0 0
1000 0 0
1000 0 0
1000 0 0
1000 0 0
1000 0 0
1000 0 0
1000 0 0
1000 0 0
1000 0 0
1000 0 0
1000 0 0
1000 0 0
1000 0 0
1000 0 0
1000 0 0
1000 0 0
1000 0 0
1000 0 0
1000 0 0
1000 0 0
1000 0 0
1000 0 0
1000 0 0
1000 0 0
1000 0 0
1000 0 0
1000 0 0
1000 0 0
1000 0 0
1000 0 0
1000 0 0
1000 0 0
1000 0 0
1000 0 0
1000 0 0
1000 0 0
1000 0 0
1000 0 0
1000 0 0
1000 0 0
1000 0 0
1000 0 0
1000 0 0
1000 0 0
1000 0 0
1000 0 0
1000 0 0
1000 0 0
1000 0 0
1000 0 0
1000 0 0
1000 0 0
1000 0 0
1000 0 0
1000 0 0
1000 0 0
1000 0 0
1000 0 0
1000 0 0
1000 0 0
1000 0 0
1000 0 0
1000 0 0
1000 0 0
1000 0 0
1000 0 0
1000 0 0
1000 0 0
1000 0 0
1000 0 0
1000 0 0
1000 0 0
1000 0 0
1000 0 0
1000 0 0
1000 0 0
