997 3 0
997 3 0
997 2 1
997 2 1
997 2 1
996 2 2
996 2 2
996 1 3
995 2 3
994 3 3
993 3 4
993 3 4
990 6 4
988 6 6
987 6 7
987 4 9
987 4 9
987 4 9
984 6 10
982 6 12
980 6 14
976 9 15
960 25 15
942 39 19
922 55 23
908 67 25
893 67 40
870 77 53
843 89 68
813 103 84
793 107 100
762 116 122
745 109 146
730 103 167
708 112 180
687 117 196
663 120 217
657 110 233
639 115 246
628 110 262
614 97 289
595 99 306
590 87 323
587 85 328
579 84 337
574 84 342
563 96 341
554 94 352
554 91 355
542 92 366
538 82 380
538 74 388
532 71 397
531 76 393
529 70 401
535 68 397
532 65 403
539 57 404
535 55 410
535 55 410
536 54 410
544 50 406
550 48 402
548 49 403
549 48 403
550 47 403
554 40 406
556 39 405
553 35 412
555 38 407
558 38 404
562 38 400
565 38 397
570 37 393
568 39 393
576 36 388
578 39 383
577 40 383
577 40 383
577 36 387
578 36 386
580 39 381
580 37 383
575 43 382
572 37 391
573 34 393
575 29 396
573 32 395
575 32 393
577 31 392
580 34 386
587 34 379
591 31 378
599 30 371
604 29 367
604 28 368
598 33 369
602 33 365
598 34 368
599 35 366
605 33 362
610 30 360
616 29 355
617 23 360
619 19 362
627 17 356
631 16 353
636 17 347
641 18 341
642 16 342
646 17 337
649 19 332
652 21 327
647 22 331
649 21 330
646 22 332
646 20 334
644 25 331
643 31 326
644 32 324
645 33 322
641 33 326
636 42 322
635 47 318
637 52 311
634 56 310
630 52 318
618 52 330
611 50 339
616 44 340
618 44 338
621 41 338
622 38 340
624 37 339
621 33 346
624 33 343
624 35 341
626 30 344
623 33 344
625 36 339
629 36 335
628 38 334
632 35 333
628 38 334
630 35 335
632 35 333
636 28 336
635 30 335
638 29 333
642 28 330
648 27 325
651 28 321
656 27 317
660 21 319
664 20 316
673 15 312
677 14 309
675 17 308
679 15 306
680 18 302
685 19 296
680 25 295
676 28 296
675 28 297
676 29 295
674 31 295
680 30 290
685 27 288
687 27 286
685 28 287
690 26 284
690 23 287
689 22 289
692 20 288
694 18 288
698 20 282
706 20 274
709 16 275
709 15 276
704 21 275
710 19 271
705 21 274
695 27 278
691 34 275
686 39 275
681 38 281
673 44 283
665 48 287
657 46 297
645 54 301
646 51 303
637 51 312
645 45 310
643 43 314
639 48 313
634 51 315
635 50 315
630 52 318
623 54 323
616 58 326
616 58 326
609 60 331
598 65 337
590 72 338
581 75 344
570 72 358
568 69 363
558 71 371
551 67 382
547 67 386
546 57 397
545 59 396
553 50 397
556 43 401
556 39 405
558 38 404
563 33 404
569 25 406
574 24 402
580 21 399
586 15 399
591 13 396
596 9 395
601 8 391
602 10 388
605 11 384
611 9 380
614 8 378
615 6 379
621 5 374
628 4 368
632 4 364
641 5 354
647 4 349
650 4 346
657 4 339
655 7 338
656 9 335
657 11 332
662 10 328
662 10 328
665 11 324
668 9 323
672 8 320
676 9 315
675 11 314
678 12 310
683 11 306
684 11 305
690 14 296
692 11 297
698 10 292
698 11 291
701 14 285
702 14 284
706 13 281
709 14 277
706 18 276
705 23 272
704 24 272
702 24 274
700 27 273
706 26 268
703 33 264
697 36 267
698 35 267
697 37 266
691 42 267
683 44 273
686 42 272
687 42 271
682 45 273
681 40 279
685 38 277
683 40 277
680 43 277
679 45 276
678 48 274
678 44 278
681 44 275
679 44 277
676 46 278
672 44 284
671 44 285
673 47 280
667 48 285
656 60 284
657 58 285
653 57 290
651 52 297
652 48 300
650 51 299
651 54 295
648 57 295
643 62 295
637 62 301
639 53 308
639 47 314
641 47 312
632 49 319
634 42 324
634 40 326
634 39 327
632 41 327
629 42 329
629 43 328
629 41 330
626 42 332
630 40 330
632 35 333
629 36 335
631 34 335
634 36 330
635 36 329
640 36 324
641 34 325
646 32 322
647 33 320
647 29 324
644 36 320
638 41 321
632 50 318
624 54 322
617 53 330
610 59 331
601 61 338
596 60 344
589 62 349
590 56 354
584 53 363
583 48 369
581 46 373
588 43 369
585 46 369
589 37 374
588 36 376
591 35 374
594 31 375
596 28 376
599 31 370
599 31 370
597 30 373
595 28 377
598 28 374
597 32 371
596 33 371
599 33 368
600 30 370
604 31 365
605 28 367
607 22 371
607 21 372
614 19 367
623 17 360
626 14 360
633 12 355
640 13 347
637 16 347
649 12 339
656 11 333
656 13 331
665 12 323
665 14 321
667 14 319
669 12 319
676 13 311
681 12 307
684 10 306
687 10 303
689 10 301
686 14 300
689 15 296
692 14 294
693 11 296
695 12 293
699 13 288
702 15 283
703 17 280
703 19 278
698 25 277
698 24 278
694 26 280
691 29 280
688 27 285
686 27 287
683 33 284
682 35 283
676 38 286
676 36 288
674 34 292
677 30 293
677 31 292
676 34 290
679 32 289
679 31 290
685 27 288
684 29 287
687 26 287
690 24 286
697 20 283
700 15 285
702 18 280
702 17 281
703 17 280
706 14 280
706 13 281
711 10 279
718 9 273
726 8 266
730 8 262
732 10 258
733 13 254
733 18 249
725 24 251
718 34 248
714 37 249
708 40 252
705 38 257
705 38 257
698 43 259
690 48 262
679 50 271
675 51 274
664 53 283
661 58 281
642 73 285
638 76 286
626 79 295
618 74 308
614 69 317
616 60 324
608 62 330
605 59 336
608 61 331
599 70 331
598 65 337
596 67 337
596 65 339
593 60 347
590 59 351
590 56 354
592 56 352
598 53 349
604 44 352
602 49 349
606 44 350
612 34 354
618 34 348
616 38 346
619 36 345
617 35 348
617 37 346
619 33 348
624 31 345
626 28 346
624 28 348
621 35 344
625 31 344
624 30 346
623 28 349
621 32 347
617 39 344
621 39 340
621 38 341
625 34 341
624 34 342
626 37 337
631 34 335
634 31 335
631 36 333
635 33 332
638 31 331
634 36 330
627 40 333
624 37 339
624 37 339
630 31 339
627 33 340
628 37 335
626 35 339
627 35 338
628 32 340
631 29 340
632 28 340
634 28 338
635 25 340
637 25 338
640 20 340
644 17 339
648 19 333
650 20 330
649 25 326
647 26 327
646 27 327
639 34 327
624 43 333
612 54 334
611 55 334
611 54 335
605 58 337
601 57 342
599 61 340
598 58 344
590 64 346
575 66 359
578 62 360
572 62 366
571 58 371
572 54 374
569 47 384
575 44 381
576 43 381
572 42 386
570 40 390
565 40 395
559 42 399
556 43 401
557 38 405
561 39 400
563 38 399
564 37 399
565 36 399
566 37 397
569 34 397
575 34 391
576 35 389
584 29 387
587 28 385
586 28 386
585 29 386
589 27 384
596 23 381
594 27 379
597 28 375
604 22 374
603 20 377
612 19 369
614 22 364
619 20 361
624 20 356
633 18 349
632 21 347
631 24 345
633 23 344
638 21 341
639 21 340
641 22 337
640 27 333
644 23 333
640 29 331
637 31 332
636 34 330
631 35 334
621 42 337
619 48 333
610 55 335
597 60 343
587 65 348
583 66 351
580 62 358
572 64 364
571 68 361
564 67 369
567 63 370
560 68 372
560 64 376
561 62 377
557 61 382
556 59 385
555 59 386
561 56 383
560 55 385
555 55 390
550 54 396
555 52 393
560 52 388
557 53 390
561 52 387
560 58 382
560 48 392
554 52 394
552 53 395
554 49 397
553 52 395
556 49 395
557 39 404
558 37 405
559 31 410
564 28 408
567 26 407
565 28 407
566 29 405
575 25 400
582 20 398
588 16 396
596 15 389
600 17 383
605 17 378
610 15 375
618 15 367
621 16 363
626 16 358
624 18 358
623 18 359
621 19 360
623 21 356
625 21 354
628 21 351
627 24 349
625 28 347
623 28 349
627 24 349
630 24 346
631 24 345
631 22 347
632 22 346
634 22 344
644 21 335
642 26 332
645 30 325
643 41 316
637 48 315
626 56 318
615 60 325
619 57 324
617 51 332
613 49 338
610 52 338
615 43 342
620 43 337
624 37 339
622 38 340
623 38 339
622 42 336
624 30 346
627 26 347
630 23 347
632 24 344
634 24 342
635 28 337
640 24 336
645 24 331
647 23 330
650 21 329
661 18 321
660 26 314
664 24 312
657 33 310
656 31 313
660 28 312
665 28 307
666 29 305
667 30 303
667 33 300
666 35 299
663 33 304
665 32 303
660 39 301
664 34 302
672 31 297
668 35 297
672 36 292
670 37 293
672 39 289
674 36 290
671 37 292
671 37 292
677 34 289
676 36 288
673 39 288
666 43 291
666 40 294
668 35 297
666 30 304
670 26 304
673 26 301
681 20 299
686 14 300
693 13 294
693 12 295
695 14 291
703 14 283
707 13 280
708 11 281
709 14 277
713 14 273
715 15 270
717 14 269
721 15 264
724 16 260
722 17 261
720 19 261
720 24 256
712 29 259
712 30 258
709 36 255
705 36 259
704 36 260
706 36 258
708 37 255
703 44 253
684 57 259
673 63 264
662 65 273
656 62 282
650 58 292
647 55 298
647 47 306
645 47 308
649 37 314
644 34 322
646 32 322
648 31 321
651 29 320
652 23 325
657 19 324
664 20 316
663 20 317
670 19 311
671 19 310
671 19 310
676 17 307
681 16 303
678 17 305
681 16 303
682 18 300
681 20 299
686 19 295
689 16 295
689 17 294
683 21 296
682 23 295
678 26 296
679 29 292
686 27 287
688 26 286
683 25 292
686 24 290
689 23 288
692 17 291
695 15 290
701 14 285
708 11 281
714 10 276
719 8 273
724 8 268
727 9 264
731 8 261
731 8 261
736 8 256
735 9 256
728 21 251
732 20 248
731 21 248
733 20 247
740 18 242
740 22 238
740 18 242
739 16 245
739 20 241
741 18 241
745 13 242
746 10 244
746 15 239
746 18 236
743 19 238
740 24 236
734 30 236
732 34 234
728 37 235
727 36 237
724 35 241
724 35 241
719 37 244
718 35 247
718 37 245
715 36 249
717 30 253
719 32 249
721 31 248
721 36 243
716 39 245
716 35 249
717 39 244
718 35 247
718 35 247
710 39 251
706 41 253
702 46 252
696 45 259
693 43 264
683 46 271
679 40 281
680 39 281
676 44 280
673 44 283
666 48 286
663 51 286
656 52 292
649 54 297
647 54 299
650 50 300
647 47 306
645 50 305
644 56 300
642 56 302
642 58 300
644 51 305
636 59 305
630 61 309
633 49 318
630 51 319
627 54 319
627 53 320
621 55 324
617 50 333
617 48 335
622 45 333
622 46 332
620 50 330
616 49 335
608 54 338
608 53 339
606 48 346
608 45 347
606 42 352
605 36 359
599 38 363
598 37 365
601 43 356
601 45 354
599 48 353
591 53 356
596 50 354
600 47 353
598 47 355
594 44 362
585 49 366
588 45 367
588 43 369
582 44 374
578 43 379
578 38 384
578 34 388
582 27 391
586 23 391
594 21 385
594 24 382
600 21 379
609 24 367
614 22 364
614 25 361
620 22 358
620 16 364
629 15 356
635 13 352
643 12 345
646 13 341
651 11 338
659 13 328
657 12 331
662 12 326
665 13 322
666 14 320
669 12 319
671 13 316
669 13 318
672 11 317
677 11 312
679 13 308
680 13 307
675 19 306
674 17 309
679 18 303
687 19 294
688 18 294
692 14 294
696 13 291
698 12 290
698 14 288
700 13 287
700 14 286
701 15 284
701 21 278
698 24 278
697 23 280
699 23 278
701 22 277
698 24 278
692 28 280
688 30 282
693 25 282
693 24 283
694 24 282
693 25 282
695 23 282
699 23 278
698 23 279
702 23 275
704 21 275
705 19 276
702 20 278
703 17 280
709 14 277
713 9 278
718 9 273
719 12 269
721 13 266
720 17 263
724 12 264
727 12 261
728 12 260
731 13 256
733 13 254
733 14 253
736 11 253
736 15 249
743 12 245
745 10 245
746 9 245
750 11 239
753 10 237
755 9 236
760 9 231
762 9 229
763 7 230
764 8 228
765 9 226
760 13 227
766 13 221
768 13 219
769 15 216
772 16 212
773 14 213
779 10 211
780 13 207
774 20 206
771 24 205
761 32 207
753 41 206
753 40 207
748 39 213
742 45 213
740 38 222
737 43 220
738 31 231
740 30 230
743 31 226
744 31 225
742 33 225
742 34 224
743 30 227
742 27 231
744 30 226
745 26 229
748 24 228
747 27 226
745 24 231
743 26 231
743 31 226
738 32 230
735 33 232
735 33 232
736 32 232
738 30 232
738 29 233
733 27 240
729 30 241
727 34 239
729 34 237
727 40 233
721 42 237
723 39 238
723 42 235
732 39 229
729 41 230
733 41 226
734 41 225
734 40 226
732 39 229
732 35 233
731 39 230
724 45 231
716 49 235
715 51 234
709 57 234
701 62 237
688 72 240
679 73 248
669 79 252
655 76 269
645 80 275
637 77 286
630 70 300
624 62 314
620 61 319
618 57 325
610 55 335
611 50 339
605 51 344
601 51 348
