997 3 0
994 5 1
993 5 2
990 8 2
990 7 3
990 7 3
990 4 6
990 3 7
989 3 8
988 4 8
984 8 8
975 17 8
965 24 11
943 42 15
911 68 21
865 103 32
829 121 50
789 137 74
747 159 94
720 165 115
681 179 140
649 179 172
615 187 198
582 191 227
558 193 249
531 191 278
506 194 300
495 185 320
484 168 348
471 160 369
452 165 383
442 149 409
432 147 421
432 129 439
433 108 459
438 100 462
445 86 469
448 78 474
450 79 471
450 74 476
449 64 487
449 69 482
450 63 487
457 53 490
464 45 491
470 41 489
474 37 489
477 33 490
490 27 483
495 21 484
498 20 482
504 16 480
508 14 478
518 13 469
525 11 464
529 16 455
537 16 447
539 15 446
545 12 443
552 13 435
553 11 436
561 9 430
565 10 425
573 10 417
579 10 411
580 12 408
584 13 403
593 14 393
597 9 394
599 9 392
604 8 388
611 10 379
614 10 376
622 9 369
626 9 365
629 10 361
638 9 353
644 9 347
642 10 348
647 10 343
648 12 340
649 10 341
655 7 338
657 5 338
658 6 336
663 6 331
664 5 331
663 8 329
667 9 324
668 12 320
673 14 313
676 16 308
673 24 303
665 29 306
663 34 303
648 48 304
633 58 309
629 61 310
627 66 307
622 69 309
618 71 311
618 66 316
618 59 323
626 51 323
628 53 319
633 49 318
627 54 319
629 48 323
632 47 321
632 46 322
635 38 327
642 37 321
648 33 319
649 27 324
653 24 323
653 24 323
656 24 320
659 26 315
663 22 315
666 18 316
676 15 309
681 14 305
688 12 300
695 13 292
696 16 288
703 13 284
711 10 279
714 10 276
717 9 274
719 9 272
722 7 271
724 5 271
726 6 268
730 7 263
729 10 261
726 13 261
724 16 260
722 21 257
717 25 258
716 30 254
707 40 253
696 47 257
689 45 266
688 49 263
693 42 265
693 41 266
688 35 277
686 33 281
684 34 282
688 31 281
689 26 285
690 23 287
689 22 289
690 22 288
694 20 286
690 25 285
692 27 281
690 23 287
691 23 286
692 24 284
688 28 284
688 29 283
689 29 282
692 28 280
689 23 288
694 23 283
697 17 286
704 16 280
703 15 282
713 14 273
720 12 268
722 12 266
727 10 263
734 10 256
742 9 249
747 6 247
750 6 244
753 5 242
757 5 238
761 3 236
759 6 235
763 7 230
766 7 227
766 6 228
770 6 224
773 7 220
778 6 216
784 7 209
785 5 210
781 10 209
784 11 205
784 9 207
788 9 203
794 10 196
794 9 197
793 12 195
791 12 197
793 13 194
791 19 190
790 25 185
778 34 188
769 40 191
759 44 197
746 54 200
734 60 206
719 73 208
713 70 217
699 79 222
685 84 231
672 89 239
654 96 250
645 92 263
632 86 282
625 85 290
612 91 297
615 90 295
603 95 302
596 96 308
594 88 318
590 91 319
588 84 328
584 82 334
579 80 341
580 80 340
580 78 342
578 70 352
575 63 362
575 59 366
575 55 370
575 53 372
577 50 373
580 42 378
580 41 379
585 37 378
586 40 374
588 38 374
595 36 369
596 36 368
592 35 373
595 25 380
598 22 380
604 22 374
606 21 373
610 21 369
616 20 364
614 22 364
616 20 364
623 18 359
630 17 353
631 16 353
636 14 350
641 13 346
650 13 337
654 13 333
656 19 325
654 27 319
659 23 318
663 25 312
671 24 305
668 27 305
667 29 304
670 27 303
670 27 303
672 32 296
672 31 297
673 29 298
675 31 294
667 38 295
659 42 299
661 42 297
656 44 300
652 48 300
649 50 301
634 54 312
621 62 317
614 70 316
608 71 321
593 70 337
586 64 350
579 64 357
582 62 356
576 62 362
575 63 362
575 57 368
570 58 372
567 55 378
568 52 380
569 50 381
573 44 383
572 37 391
578 34 388
573 39 388
568 42 390
567 49 384
576 47 377
585 43 372
585 45 370
580 51 369
580 49 371
584 47 369
589 47 364
590 48 362
585 48 367
582 45 373
584 44 372
579 48 373
580 47 373
577 42 381
575 40 385
574 38 388
567 45 388
571 42 387
575 39 386
577 43 380
577 38 385
574 34 392
581 31 388
582 32 386
587 30 383
589 31 380
593 31 376
596 29 375
595 31 374
598 27 375
595 30 375
600 24 376
603 24 373
599 25 376
598 30 372
599 31 370
598 33 369
598 38 364
601 32 367
596 37 367
601 38 361
599 40 361
596 39 365
591 46 363
592 44 364
593 43 364
599 38 363
601 37 362
606 37 357
610 30 360
613 28 359
626 19 355
633 17 350
635 15 350
641 14 345
643 12 345
646 11 343
649 11 340
654 11 335
657 13 330
658 15 327
656 19 325
645 29 326
641 27 332
635 34 331
637 32 331
636 32 332
638 29 333
634 31 335
634 31 335
633 34 333
631 38 331
625 38 337
619 40 341
617 40 343
615 39 346
615 38 347
618 35 347
616 35 349
610 43 347
606 48 346
601 53 346
604 44 352
598 46 356
596 44 360
587 47 366
587 45 368
589 45 366
593 40 367
594 41 365
597 43 360
594 43 363
593 43 364
599 44 357
593 53 354
596 47 357
592 49 359
591 51 358
588 53 359
589 49 362
590 48 362
584 49 367
584 43 373
588 40 372
593 30 377
598 33 369
607 31 362
607 33 360
608 27 365
607 32 361
601 36 363
594 44 362
583 52 365
579 51 370
581 50 369
585 51 364
582 56 362
581 51 368
579 51 370
583 49 368
582 48 370
585 47 368
589 44 367
587 50 363
586 42 372
588 36 376
588 34 378
596 37 367
603 34 363
601 29 370
595 35 370
592 34 374
594 31 375
593 31 376
602 24 374
604 22 374
606 26 368
612 25 363
619 24 357
621 29 350
624 31 345
619 37 344
617 37 346
620 36 344
624 36 340
622 42 336
616 49 335
607 54 339
608 57 335
607 57 336
600 57 343
597 57 346
590 59 351
591 61 348
590 59 351
586 55 359
592 46 362
589 46 365
592 39 369
591 43 366
592 47 361
592 42 366
592 43 365
596 38 366
595 42 363
599 40 361
604 35 361
607 35 358
611 35 354
607 43 350
605 45 350
604 49 347
599 58 343
596 55 349
594 55 351
596 51 353
598 50 352
599 47 354
606 44 350
604 39 357
604 36 360
603 33 364
601 36 363
602 36 362
605 33 362
605 28 367
610 28 362
616 24 360
620 20 360
622 20 358
623 22 355
627 22 351
626 23 351
636 21 343
637 19 344
639 21 340
644 17 339
647 20 333
647 25 328
638 35 327
640 41 319
642 42 316
638 45 317
639 41 320
635 44 321
634 44 322
630 50 320
625 42 333
624 40 336
626 39 335
631 40 329
635 36 329
631 43 326
633 43 324
631 45 324
637 46 317
637 43 320
635 42 323
635 42 323
634 43 323
636 41 323
632 38 330
633 42 325
628 42 330
629 43 328
622 44 334
625 48 327
626 44 330
624 39 337
628 39 333
625 42 333
623 42 335
623 41 336
621 41 338
620 35 345
623 31 346
621 33 346
626 30 344
631 30 339
635 24 341
636 25 339
644 23 333
643 26 331
645 24 331
643 27 330
644 29 327
646 31 323
651 26 323
653 26 321
653 28 319
658 25 317
653 31 316
643 40 317
634 45 321
623 54 323
620 56 324
621 52 327
622 53 325
625 53 322
621 52 327
622 46 332
624 41 335
626 40 334
633 37 330
636 35 329
639 33 328
640 31 329
643 31 326
648 28 324
654 24 322
656 24 320
659 27 314
663 25 312
663 23 314
658 23 319
654 25 321
653 25 322
650 29 321
648 33 319
646 34 320
644 32 324
640 32 328
637 37 326
641 37 322
637 42 321
640 40 320
643 41 316
646 42 312
645 43 312
643 47 310
648 46 306
649 41 310
647 38 315
645 36 319
642 37 321
644 29 327
644 25 331
652 26 322
657 27 316
660 26 314
659 27 314
659 31 310
662 26 312
661 26 313
658 27 315
654 25 321
655 24 321
662 19 319
667 17 316
667 19 314
667 17 316
671 17 312
678 15 307
681 15 304
680 18 302
679 24 297
682 25 293
687 24 289
687 18 295
690 17 293
693 15 292
694 18 288
693 22 285
694 21 285
694 24 282
695 24 281
696 24 280
697 24 279
702 20 278
701 19 280
704 16 280
710 14 276
710 13 277
711 12 277
714 13 273
719 12 269
720 12 268
724 13 263
729 13 258
735 11 254
735 12 253
735 10 255
741 10 249
740 13 247
742 15 243
745 16 239
746 16 238
745 17 238
746 15 239
743 21 236
736 30 234
728 35 237
732 30 238
737 24 239
739 24 237
743 23 234
742 25 233
741 28 231
733 36 231
729 39 232
725 41 234
715 43 242
711 45 244
714 42 244
710 42 248
710 42 248
711 41 248
714 37 249
718 36 246
713 40 247
709 45 246
707 49 244
702 48 250
703 50 247
699 51 250
695 54 251
691 45 264
690 41 269
692 37 271
689 42 269
686 42 272
686 45 269
684 42 274
682 39 279
676 40 284
672 38 290
671 37 292
669 40 291
666 40 294
666 38 296
668 36 296
669 33 298
669 34 297
668 32 300
664 35 301
663 34 303
665 35 300
669 32 299
670 30 300
666 32 302
663 33 304
661 34 305
663 37 300
664 34 302
665 29 306
668 28 304
675 25 300
676 22 302
676 24 300
677 21 302
682 17 301
686 15 299
690 18 292
689 18 293
691 17 292
696 17 287
694 18 288
692 19 289
690 23 287
694 20 286
691 19 290
696 15 289
705 15 280
707 17 276
709 14 277
714 13 273
716 11 273
721 11 268
725 11 264
723 14 263
723 19 258
721 22 257
725 22 253
725 22 253
727 18 255
727 18 255
731 15 254
732 11 257
734 9 257
739 10 251
742 8 250
746 6 248
752 6 242
756 6 238
755 8 237
759 7 234
760 8 232
767 6 227
774 2 224
780 2 218
782 1 217
784 1 215
788 1 211
792 3 205
793 5 202
796 5 199
796 5 199
796 3 201
798 3 199
801 3 196
805 3 192
808 3 189
812 3 185
812 4 184
814 4 182
812 5 183
813 7 180
815 7 178
815 8 177
814 11 175
817 11 172
818 10 172
816 13 171
816 14 170
819 16 165
817 19 164
817 19 164
815 17 168
816 21 163
815 25 160
811 27 162
811 25 164
805 33 162
797 35 168
779 53 168
765 65 170
760 59 181
750 59 191
732 74 194
720 72 208
715 68 217
713 65 222
707 62 231
695 72 233
688 69 243
678 76 246
670 77 253
667 74 259
659 75 266
651 77 272
651 71 278
641 74 285
640 76 284
630 83 287
623 88 289
612 87 301
609 86 305
595 97 308
584 96 320
574 98 328
564 96 340
557 98 345
547 94 359
542 84 374
537 75 388
531 74 395
526 75 399
528 64 408
530 53 417
529 42 429
529 44 427
527 45 428
529 47 424
532 44 424
531 43 426
536 40 424
542 38 420
550 34 416
550 35 415
552 41 407
558 38 404
559 38 403
560 37 403
559 39 402
557 40 403
562 42 396
564 44 392
568 41 391
578 40 382
579 33 388
586 31 383
590 30 380
594 31 375
594 32 374
597 31 372
601 29 370
597 36 367
603 36 361
610 26 364
616 24 360
616 20 364
625 20 355
627 19 354
630 18 352
633 17 350
635 19 346
636 24 340
639 26 335
640 29 331
637 28 335
637 31 332
625 42 333
629 38 333
625 43 332
629 45 326
622 49 329
618 51 331
615 54 331
609 52 339
606 53 341
599 57 344
600 52 348
599 48 353
593 46 361
597 45 358
601 41 358
598 41 361
600 36 364
602 35 363
603 29 368
607 28 365
605 29 366
608 26 366
611 30 359
607 34 359
602 41 357
598 41 361
596 45 359
592 43 365
594 45 361
593 38 369
601 35 364
597 34 369
604 30 366
610 30 360
615 29 356
622 23 355
622 24 354
625 25 350
632 25 343
637 25 338
637 29 334
642 30 328
641 35 324
646 31 323
648 28 324
648 28 324
649 29 322
651 29 320
654 28 318
656 30 314
662 24 314
663 25 312
664 28 308
669 26 305
671 23 306
670 26 304
669 26 305
670 25 305
665 30 305
670 29 301
668 34 298
669 34 297
669 34 297
670 34 296
670 35 295
666 39 295
662 41 297
658 41 301
659 41 300
657 45 298
647 50 303
653 49 298
652 49 299
651 50 299
650 51 299
652 49 299
656 41 303
654 40 306
658 34 308
660 38 302
662 35 303
665 35 300
664 36 300
660 33 307
656 36 308
655 38 307
658 33 309
657 35 308
665 33 302
667 32 301
667 35 298
669 31 300
668 30 302
664 32 304
665 30 305
657 37 306
652 34 314
652 36 312
644 46 310
643 34 323
639 29 332
642 27 331
641 29 330
647 22 331
654 20 326
649 22 329
652 18 330
656 17 327
661 11 328
667 12 321
667 13 320
676 14 310
683 13 304
690 11 299
690 11 299
685 18 297
686 23 291
678 31 291
678 34 288
678 33 289
675 31 294
680 30 290
678 34 288
674 35 291
676 33 291
675 38 287
673 43 284
672 40 288
670 41 289
670 38 292
670 36 294
673 35 292
677 35 288
676 32 292
677 30 293
670 40 290
666 43 291
666 44 290
660 47 293
654 50 296
650 54 296
650 54 296
648 48 304
644 50 306
634 57 309
632 57 311
