998 2 0
998 2 0
996 4 0
995 5 0
993 6 1
990 8 2
989 7 4
987 8 5
984 8 8
984 6 10
978 9 13
973 13 14
963 21 16
950 31 19
935 47 18
910 64 26
876 90 34
839 114 47
809 128 63
771 151 78
737 163 100
705 169 126
680 176 144
656 172 172
631 175 194
614 168 218
596 169 235
568 175 257
550 172 278
535 163 302
516 160 324
501 151 348
490 150 360
478 139 383
466 139 395
461 128 411
455 121 424
451 117 432
436 112 452
439 100 461
439 96 465
436 88 476
440 85 475
437 81 482
440 77 483
445 62 493
445 61 494
446 57 497
453 55 492
459 49 492
461 53 486
467 49 484
463 46 491
465 46 489
465 47 488
466 48 486
470 44 486
475 36 489
482 35 483
491 33 476
491 36 473
496 34 470
503 30 467
502 30 468
505 34 461
509 35 456
510 34 456
515 33 452
521 33 446
520 33 447
523 37 440
530 35 435
526 33 441
529 37 434
534 30 436
532 29 439
536 27 437
545 26 429
550 27 423
557 26 417
553 30 417
557 25 418
558 24 418
566 23 411
573 23 404
579 17 404
584 15 401
594 12 394
600 11 389
608 11 381
613 10 377
618 10 372
621 9 370
622 8 370
626 6 368
634 6 360
640 7 353
647 7 346
654 8 338
656 9 335
655 12 333
650 18 332
646 21 333
648 18 334
649 21 330
650 20 330
655 22 323
657 21 322
663 23 314
659 27 314
659 26 315
663 28 309
665 25 310
661 32 307
665 32 303
660 37 303
660 29 311
663 27 310
664 30 306
664 31 305
665 30 305
664 27 309
671 27 302
672 31 297
674 31 295
675 29 296
676 26 298
671 33 296
673 23 304
677 23 300
684 21 295
688 19 293
689 12 299
691 10 299
693 12 295
696 12 292
698 11 291
704 11 285
704 15 281
706 16 278
706 21 273
700 31 269
701 35 264
696 34 270
692 40 268
688 44 268
684 47 269
676 50 274
671 53 276
665 54 281
663 51 286
662 52 286
658 53 289
651 55 294
645 55 300
645 51 304
637 60 303
637 62 301
634 64 302
632 63 305
629 63 308
623 62 315
624 56 320
620 59 321
623 54 323
621 58 321
620 57 323
620 51 329
627 51 322
624 53 323
623 50 327
625 49 326
622 49 329
620 49 331
621 51 328
617 54 329
608 57 335
606 55 339
606 51 343
605 47 348
602 48 350
595 50 355
596 45 359
597 46 357
602 43 355
603 40 357
608 33 359
604 35 361
610 35 355
604 40 356
605 39 356
607 35 358
608 33 359
611 32 357
614 30 356
617 29 354
616 37 347
616 40 344
617 45 338
613 45 342
608 49 343
598 60 342
593 66 341
587 73 340
585 66 349
580 67 353
576 70 354
566 70 364
566 65 369
560 64 376
558 63 379
561 62 377
568 54 378
574 50 376
579 49 372
579 48 373
578 54 368
579 50 371
582 44 374
583 42 375
583 44 373
580 44 376
580 45 375
579 48 373
580 47 373
585 41 374
582 45 373
582 45 373
585 45 370
585 46 369
579 51 370
581 43 376
584 44 372
585 44 371
586 42 372
593 34 373
592 32 376
589 31 380
589 33 378
589 29 382
598 22 380
601 20 379
608 19 373
607 24 369
600 28 372
600 25 375
608 26 366
607 25 368
608 21 371
610 20 370
617 22 361
621 21 358
621 22 357
625 19 356
630 20 350
633 23 344
635 21 344
637 21 342
642 19 339
642 18 340
649 21 330
648 20 332
652 21 327
659 18 323
656 27 317
656 27 317
653 30 317
656 32 312
659 34 307
657 37 306
657 42 301
657 40 303
654 41 305
654 40 306
647 46 307
641 48 311
642 42 316
636 45 319
629 50 321
629 44 327
623 44 333
623 48 329
619 47 334
609 54 337
603 56 341
598 58 344
597 58 345
598 57 345
598 56 346
600 51 349
602 47 351
604 43 353
605 39 356
600 44 356
603 43 354
600 45 355
602 48 350
602 44 354
606 37 357
602 41 357
602 43 355
602 38 360
601 37 362
605 33 362
610 31 359
611 34 355
612 34 354
607 41 352
607 39 354
606 35 359
606 34 360
609 26 365
614 22 364
614 27 359
617 29 354
617 27 356
616 29 355
622 23 355
626 21 353
632 20 348
644 19 337
646 19 335
649 14 337
654 15 331
661 15 324
664 15 321
663 21 316
667 17 316
664 20 316
668 21 311
669 26 305
676 23 301
679 24 297
682 20 298
686 20 294
685 20 295
684 24 292
685 26 289
683 27 290
686 24 290
682 29 289
679 33 288
682 35 283
680 29 291
678 31 291
681 32 287
681 30 289
674 38 288
677 36 287
670 43 287
672 33 295
668 35 297
662 46 292
657 48 295
658 48 294
655 46 299
648 49 303
641 48 311
642 44 314
648 40 312
649 40 311
654 41 305
651 40 309
654 38 308
660 30 310
659 28 313
659 31 310
662 27 311
666 27 307
669 24 307
672 18 310
675 17 308
679 14 307
685 12 303
687 14 299
691 13 296
698 12 290
698 12 290
707 11 282
708 12 280
707 15 278
707 15 278
704 17 279
702 17 281
703 15 282
700 17 283
702 16 282
706 16 278
711 13 276
715 12 273
715 15 270
717 14 269
709 26 265
706 29 265
709 28 263
710 29 261
705 31 264
704 33 263
702 32 266
701 32 267
693 39 268
686 43 271
682 41 277
682 39 279
689 38 273
686 32 282
683 33 284
682 36 282
684 35 281
684 30 286
684 31 285
680 36 284
679 33 288
683 32 285
686 30 284
685 28 287
686 30 284
685 31 284
683 37 280
684 33 283
683 35 282
682 37 281
681 35 284
677 30 293
680 27 293
676 32 292
681 31 288
680 28 292
677 27 296
680 24 296
683 23 294
681 26 293
684 21 295
685 24 291
689 21 290
688 24 288
690 24 286
687 31 282
684 34 282
686 28 286
686 30 284
687 31 282
691 32 277
690 32 278
690 33 277
690 32 278
683 37 280
676 39 285
676 36 288
672 39 289
671 41 288
669 38 293
669 39 292
665 36 299
669 29 302
673 24 303
677 20 303
682 17 301
683 16 301
687 13 300
691 10 299
689 13 298
691 11 298
693 11 296
689 14 297
691 15 294
693 14 293
695 17 288
696 13 291
699 12 289
699 12 289
703 13 284
706 10 284
713 10 277
718 10 272
720 8 272
727 7 266
734 5 261
740 5 255
746 5 249
753 5 242
759 5 236
765 6 229
767 5 228
767 9 224
759 17 224
758 18 224
758 20 222
754 22 224
747 27 226
736 39 225
732 40 228
719 51 230
714 53 233
713 50 237
706 53 241
700 56 244
691 61 248
673 73 254
662 85 253
646 86 268
634 84 282
635 77 288
629 74 297
628 71 301
621 69 310
612 73 315
606 72 322
599 72 329
589 71 340
584 64 352
581 65 354
578 68 354
577 67 356
572 64 364
569 59 372
570 60 370
572 54 374
569 52 379
567 54 379
568 52 380
572 52 376
568 51 381
572 47 381
571 49 380
573 44 383
572 38 390
577 32 391
580 34 386
585 29 386
588 31 381
583 37 380
586 40 374
587 41 372
586 40 374
582 44 374
579 42 379
577 45 378
571 45 384
563 45 392
563 42 395
566 42 392
568 38 394
574 35 391
579 35 386
585 29 386
589 26 385
588 24 388
590 23 387
592 24 384
595 20 385
599 23 378
598 17 385
601 19 380
609 20 371
606 23 371
613 20 367
617 15 368
619 13 368
629 12 359
634 12 354
638 12 350
644 12 344
646 14 340
648 13 339
653 13 334
651 14 335
652 14 334
651 18 331
651 20 329
651 23 326
653 20 327
657 22 321
661 19 320
664 19 317
668 19 313
666 19 315
666 20 314
666 19 315
671 19 310
674 19 307
675 19 306
676 19 305
675 19 306
676 18 306
670 24 306
670 24 306
669 23 308
671 26 303
675 27 298
674 29 297
676 30 294
673 32 295
678 32 290
678 31 291
671 31 298
672 32 296
673 28 299
674 25 301
679 19 302
678 22 300
676 24 300
673 27 300
676 34 290
664 45 291
667 46 287
656 53 291
650 53 297
644 55 301
635 65 300
633 62 305
624 62 314
623 58 319
616 67 317
609 62 329
600 64 336
597 66 337
594 63 343
592 59 349
589 58 353
589 61 350
588 58 354
587 58 355
589 50 361
585 54 361
583 51 366
584 48 368
584 45 371
587 37 376
591 38 371
593 41 366
590 45 365
587 43 370
586 43 371
589 35 376
595 33 372
604 32 364
603 30 367
610 28 362
605 30 365
604 34 362
606 36 358
613 36 351
614 38 348
618 35 347
617 35 348
622 33 345
627 32 341
626 31 343
626 29 345
635 26 339
638 25 337
643 20 337
653 19 328
658 20 322
663 18 319
668 17 315
676 17 307
676 16 308
677 13 310
679 14 307
681 13 306
693 11 296
696 10 294
698 9 293
701 10 289
706 10 284
710 8 282
716 8 276
722 7 271
725 8 267
722 12 266
722 14 264
723 12 265
727 11 262
733 11 256
736 10 254
741 15 244
740 16 244
742 18 240
740 19 241
741 22 237
741 21 238
741 21 238
746 20 234
744 21 235
737 26 237
732 29 239
725 32 243
717 37 246
718 36 246
713 42 245
712 40 248
709 43 248
706 45 249
706 41 253
706 37 257
703 40 257
703 43 254
701 45 254
687 56 257
677 62 261
673 69 258
660 73 267
650 80 270
647 78 275
642 77 281
630 83 287
627 77 296
623 73 304
618 71 311
612 78 310
607 64 329
608 60 332
609 55 336
606 57 337
602 61 337
594 67 339
588 66 346
587 62 351
583 63 354
580 60 360
582 54 364
577 50 373
576 42 382
581 33 386
578 35 387
583 37 380
586 40 374
583 42 375
584 40 376
592 39 369
593 33 374
598 30 372
602 27 371
608 24 368
614 23 363
617 21 362
627 17 356
635 16 349
642 12 346
649 11 340
648 10 342
651 10 339
652 9 339
661 9 330
667 8 325
675 6 319
684 5 311
689 7 304
691 9 300
701 8 291
704 7 289
706 9 285
710 8 282
710 11 279
714 10 276
715 12 273
713 17 270
713 18 269
712 17 271
710 22 268
706 25 269
704 25 271
706 24 270
708 23 269
706 29 265
704 37 259
698 41 261
691 47 262
687 45 268
679 48 273
672 53 275
662 57 281
659 53 288
662 43 295
656 45 299
653 40 307
655 33 312
658 35 307
655 33 312
654 38 308
652 37 311
650 38 312
643 42 315
636 46 318
634 52 314
630 54 316
628 49 323
629 49 322
630 52 318
631 46 323
629 42 329
633 41 326
632 39 329
626 46 328
624 46 330
623 40 337
621 38 341
620 34 346
618 31 351
622 32 346
621 32 347
622 29 349
623 26 351
632 25 343
638 21 341
640 24 336
642 24 334
646 20 334
646 23 331
655 21 324
657 20 323
660 19 321
659 20 321
662 19 319
667 13 320
668 14 318
671 10 319
675 10 315
676 10 314
677 11 312
680 14 306
682 13 305
682 12 306
687 14 299
685 18 297
688 21 291
687 24 289
688 27 285
685 27 288
683 29 288
681 34 285
678 41 281
677 39 284
673 36 291
671 29 300
670 32 298
667 33 300
665 31 304
666 27 307
669 33 298
664 36 300
661 33 306
662 34 304
653 43 304
650 47 303
646 52 302
645 53 302
646 57 297
640 57 303
633 58 309
630 55 315
635 49 316
635 49 316
632 47 321
632 47 321
633 45 322
634 40 326
631 41 328
638 38 324
635 40 325
633 39 328
630 41 329
633 40 327
628 45 327
621 46 333
626 38 336
624 35 341
623 37 340
621 42 337
617 44 339
616 43 341
619 40 341
616 46 338
618 45 337
620 39 341
623 39 338
624 41 335
624 35 341
621 35 344
624 32 344
624 33 343
618 39 343
621 37 342
618 39 343
613 44 343
623 44 333
628 42 330
624 45 331
623 43 334
623 47 330
625 44 331
626 43 331
627 39 334
629 34 337
635 28 337
634 29 337
633 36 331
632 39 329
630 42 328
632 41 327
631 39 330
629 39 332
626 41 333
626 40 334
625 43 332
625 38 337
623 40 337
624 42 334
620 47 333
620 44 336
622 41 337
621 38 341
625 36 339
618 41 341
616 41 343
616 36 348
615 37 348
622 32 346
628 32 340
632 32 336
638 30 332
638 30 332
640 31 329
642 31 327
643 30 327
648 29 323
647 30 323
649 32 319
645 37 318
643 34 323
638 39 323
638 40 322
638 41 321
637 40 323
636 40 324
637 41 322
633 45 322
636 41 323
635 41 324
637 38 325
632 40 328
630 39 331
628 36 336
628 37 335
620 40 340
619 40 341
617 39 344
615 38 347
608 45 347
603 45 352
608 46 346
608 48 344
606 48 346
606 52 342
602 53 345
598 57 345
596 56 348
592 53 355
584 59 357
575 66 359
574 64 362
578 55 367
575 58 367
578 54 368
572 56 372
571 52 377
575 49 376
569 54 377
569 49 382
572 42 386
577 31 392
577 24 399
583 21 396
588 20 392
591 21 388
594 23 383
602 22 376
610 18 372
611 20 369
609 23 368
608 27 365
611 27 362
613 29 358
622 25 353
626 22 352
625 25 350
632 21 347
629 20 351
630 20 350
634 24 342
636 25 339
635 28 337
631 30 339
628 29 343
634 29 337
635 31 334
627 38 335
630 37 333
635 35 330
