998 2 0
998 1 1
998 1 1
998 1 1
997 2 1
996 3 1
995 4 1
989 8 3
984 10 6
976 17 7
966 24 10
959 27 14
938 45 17
908 68 24
870 91 39
842 111 47
816 125 59
780 140 80
755 140 105
726 148 126
701 155 144
669 158 173
644 161 195
622 165 213
601 169 230
572 170 258
543 178 279
529 179 292
529 168 303
505 174 321
484 170 346
466 163 371
462 153 385
457 143 400
454 126 420
459 107 434
458 92 450
451 89 460
452 81 467
452 77 471
451 70 479
457 60 483
460 57 483
465 49 486
468 46 486
465 45 490
471 41 488
476 41 483
483 37 480
488 36 476
493 29 478
498 28 474
503 22 475
510 21 469
524 17 459
529 15 456
536 14 450
541 12 447
546 13 441
558 10 432
569 11 420
576 10 414
581 9 410
587 12 401
590 13 397
593 11 396
596 11 393
601 9 390
612 7 381
618 6 376
624 5 371
632 4 364
635 4 361
639 2 359
643 2 355
646 3 351
652 2 346
657 2 341
661 1 338
665 2 333
670 3 327
675 1 324
680 0 320
684 0 316
688 0 312
697 0 303
701 0 299
708 0 292
713 0 287
716 0 284
720 0 280
725 0 275
733 0 267
734 0 266
735 0 265
739 0 261
743 0 257
749 0 251
755 0 245
765 0 235
770 0 230
773 0 227
776 0 224
782 0 218
786 0 214
793 0 207
794 0 206
799 0 201
801 0 199
808 0 192
813 0 187
818 0 182
819 0 181
823 0 177
824 0 176
828 0 172
833 0 167
833 4 163
833 3 164
834 2 164
836 1 163
840 1 159
845 1 154
845 1 154
847 0 153
849 0 151
855 1 144
854 2 144
857 2 141
857 4 139
849 12 139
844 13 143
836 20 144
828 26 146
821 31 148
812 38 150
803 44 153
795 48 157
771 66 163
752 77 171
736 84 180
708 101 191
685 112 203
664 121 215
641 141 218
619 139 242
597 145 258
587 137 276
576 129 295
561 128 311
551 122 327
546 110 344
542 101 357
533 101 366
531 88 381
531 74 395
536 63 401
534 58 408
537 56 407
540 58 402
541 58 401
540 50 410
540 45 415
543 44 413
552 39 409
550 39 411
555 38 407
560 34 406
567 30 403
569 29 402
575 30 395
573 31 396
580 31 389
588 29 383
590 29 381
586 30 384
578 38 384
573 40 387
568 44 388
569 39 392
573 39 388
572 40 388
577 39 384
582 37 381
581 36 383
584 36 380
586 35 379
590 33 377
592 33 375
595 35 370
598 35 367
603 34 363
606 31 363
602 34 364
594 36 370
597 33 370
591 42 367
585 45 370
586 40 374
584 40 376
585 41 374
585 38 377
592 28 380
593 30 377
590 33 377
594 34 372
597 35 368
598 38 364
599 43 358
599 45 356
605 41 354
607 39 354
605 42 353
604 42 354
603 42 355
597 40 363
601 37 362
605 35 360
608 36 356
611 32 357
614 33 353
615 33 352
617 29 354
620 26 354
619 29 352
624 27 349
626 28 346
622 33 345
624 32 344
624 27 349
624 25 351
623 23 354
628 25 347
629 23 348
626 23 351
629 23 348
632 20 348
630 26 344
624 31 345
627 31 342
624 34 342
618 38 344
612 41 347
606 43 351
606 43 351
603 47 350
607 43 350
598 45 357
597 47 356
587 48 365
588 42 370
589 36 375
591 33 376
587 40 373
590 39 371
596 34 370
595 34 371
594 35 371
592 39 369
593 39 368
596 33 371
599 32 369
606 27 367
609 21 370
608 21 371
613 20 367
619 20 361
624 20 356
626 25 349
627 19 354
628 21 351
625 27 348
625 32 343
630 29 341
630 31 339
635 28 337
633 31 336
630 28 342
633 24 343
635 22 343
638 22 340
648 17 335
648 18 334
646 25 329
646 23 331
647 24 329
650 18 332
656 20 324
657 22 321
654 27 319
658 25 317
663 23 314
665 23 312
668 21 311
671 21 308
674 19 307
678 19 303
680 19 301
685 17 298
688 17 295
692 18 290
698 18 284
705 15 280
706 13 281
704 13 283
705 14 281
709 13 278
706 19 275
704 22 274
707 18 275
711 18 271
712 21 267
712 18 270
710 21 269
712 21 267
711 20 269
706 26 268
708 24 268
708 24 268
708 20 272
716 20 264
714 19 267
710 24 266
708 29 263
701 31 268
702 37 261
701 34 265
701 35 264
697 37 266
698 38 264
697 39 264
693 41 266
687 47 266
688 47 265
680 47 273
675 47 278
672 49 279
662 52 286
661 53 286
658 57 285
647 64 289
630 68 302
624 69 307
618 70 312
621 69 310
619 70 311
605 75 320
602 71 327
594 67 339
598 63 339
599 53 348
601 50 349
608 48 344
609 44 347
605 48 347
608 47 345
605 44 351
606 43 351
605 37 358
597 43 360
596 39 365
598 38 364
596 38 366
594 41 365
598 31 371
598 34 368
603 29 368
604 27 369
610 25 365
619 21 360
623 22 355
634 17 349
635 14 351
638 17 345
644 13 343
653 11 336
662 11 327
668 9 323
671 7 322
677 3 320
684 2 314
687 2 311
690 2 308
695 2 303
701 2 297
703 2 295
704 2 294
709 3 288
712 6 282
717 7 276
718 13 269
720 13 267
726 10 264
728 11 261
729 10 261
730 11 259
732 10 258
734 11 255
732 14 254
730 16 254
738 11 251
741 9 250
737 14 249
740 16 244
727 29 244
723 29 248
723 23 254
716 31 253
717 34 249
711 31 258
716 29 255
710 36 254
705 41 254
704 40 256
697 43 260
692 40 268
685 40 275
677 44 279
674 46 280
672 44 284
673 46 281
670 48 282
661 54 285
652 51 297
650 51 299
646 54 300
636 60 304
629 65 306
629 67 304
623 65 312
613 69 318
607 73 320
602 64 334
598 67 335
593 57 350
584 62 354
584 60 356
585 54 361
588 46 366
583 48 369
586 46 368
588 42 370
589 34 377
591 35 374
597 34 369
599 32 369
602 26 372
605 23 372
607 26 367
610 26 364
613 29 358
610 32 358
614 33 353
612 32 356
617 32 351
609 40 351
605 43 352
606 44 350
604 47 349
600 42 358
599 44 357
595 45 360
593 49 358
591 47 362
592 48 360
586 58 356
571 69 360
570 71 359
565 67 368
564 63 373
560 63 377
558 58 384
558 56 386
557 56 387
555 57 388
552 61 387
549 63 388
546 64 390
540 67 393
545 58 397
542 56 402
548 51 401
549 48 403
555 41 404
561 36 403
570 36 394
575 26 399
579 20 401
587 18 395
593 16 391
595 16 389
602 14 384
607 12 381
615 12 373
621 15 364
628 16 356
631 16 353
642 14 344
645 14 341
647 12 341
650 13 337
654 12 334
658 11 331
662 8 330
670 10 320
675 7 318
678 6 316
682 6 312
688 6 306
695 5 300
703 5 292
705 4 291
708 3 289
713 3 284
716 2 282
721 3 276
727 3 270
731 3 266
738 2 260
745 1 254
746 0 254
751 0 249
758 0 242
762 0 238
768 0 232
771 0 229
775 0 225
777 0 223
780 0 220
785 0 215
788 0 212
793 0 207
795 0 205
797 0 203
802 0 198
808 0 192
811 0 189
813 0 187
814 0 186
817 0 183
819 0 181
821 0 179
821 0 179
822 0 178
825 0 175
827 0 173
829 0 171
831 0 169
835 0 165
837 0 163
839 0 161
844 0 156
849 0 151
851 0 149
855 0 145
856 0 144
856 0 144
859 0 141
860 0 140
865 0 135
865 0 135
867 0 133
870 0 130
873 0 127
876 0 124
877 0 123
881 0 119
885 0 115
888 0 112
890 0 110
891 0 109
892 0 108
895 0 105
900 0 100
904 0 96
906 0 94
909 0 91
912 0 88
915 0 85
918 0 82
918 0 82
921 0 79
924 0 76
925 0 75
925 0 75
926 0 74
928 0 72
928 0 72
928 0 72
930 0 70
930 0 70
932 0 68
933 0 67
936 0 64
939 0 61
939 0 61
939 0 61
939 0 61
941 0 59
943 0 57
943 0 57
943 0 57
943 0 57
943 0 57
944 0 56
945 0 55
946 0 54
946 0 54
949 0 51
949 0 51
951 0 49
952 0 48
953 0 47
954 0 46
954 0 46
954 0 46
954 0 46
955 0 45
955 0 45
955 0 45
955 0 45
956 0 44
957 0 43
957 0 43
958 0 42
959 0 41
961 0 39
962 0 38
962 0 38
962 0 38
963 0 37
963 0 37
963 0 37
963 0 37
963 0 37
965 0 35
965 0 35
965 0 35
965 0 35
965 0 35
966 0 34
966 0 34
966 0 34
967 0 33
967 0 33
968 0 32
968 0 32
968 0 32
968 0 32
969 0 31
970 0 30
971 0 29
971 0 29
973 0 27
974 0 26
974 0 26
976 0 24
977 0 23
977 0 23
977 0 23
977 0 23
977 0 23
977 0 23
977 0 23
977 0 23
978 0 22
979 0 21
979 0 21
980 0 20
980 0 20
980 0 20
981 0 19
981 0 19
981 0 19
981 0 19
981 0 19
983 0 17
983 0 17
984 0 16
984 0 16
984 0 16
984 0 16
984 0 16
985 0 15
985 0 15
985 0 15
985 0 15
985 0 15
985 0 15
986 0 14
986 0 14
986 0 14
986 0 14
986 0 14
986 0 14
987 0 13
987 0 13
987 0 13
987 0 13
987 0 13
987 0 13
988 0 12
989 0 11
989 0 11
989 0 11
989 0 11
989 0 11
989 0 11
989 0 11
989 0 11
989 0 11
989 0 11
989 0 11
989 0 11
989 0 11
989 0 11
990 0 10
990 0 10
991 0 9
991 0 9
991 0 9
991 0 9
991 0 9
991 0 9
991 0 9
991 0 9
991 0 9
991 0 9
991 0 9
991 0 9
991 0 9
991 0 9
991 0 9
991 0 9
991 0 9
991 0 9
992 0 8
992 0 8
992 0 8
992 0 8
992 0 8
992 0 8
992 0 8
992 0 8
992 0 8
992 0 8
992 0 8
992 0 8
992 0 8
992 0 8
992 0 8
992 0 8
992 0 8
992 0 8
993 0 7
993 0 7
993 0 7
993 0 7
993 0 7
993 0 7
993 0 7
993 0 7
993 0 7
993 0 7
993 0 7
993 0 7
993 0 7
993 0 7
993 0 7
993 0 7
993 0 7
993 0 7
993 0 7
993 0 7
993 0 7
993 0 7
993 0 7
993 0 7
993 0 7
993 0 7
993 0 7
993 0 7
993 0 7
993 0 7
993 0 7
993 0 7
993 0 7
993 0 7
993 0 7
993 0 7
993 0 7
993 0 7
993 0 7
993 0 7
993 0 7
993 0 7
993 0 7
993 0 7
993 0 7
993 0 7
993 0 7
993 0 7
994 0 6
994 0 6
994 0 6
995 0 5
995 0 5
995 0 5
995 0 5
995 0 5
995 0 5
995 0 5
996 0 4
996 0 4
996 0 4
996 0 4
996 0 4
996 0 4
996 0 4
996 0 4
996 0 4
996 0 4
997 0 3
997 0 3
997 0 3
997 0 3
997 0 3
997 0 3
997 0 3
997 0 3
997 0 3
997 0 3
997 0 3
998 0 2
998 0 2
999 0 1
999 0 1
999 0 1
999 0 1
999 0 1
999 0 1
999 0 1
999 0 1
999 0 1
999 0 1
999 0 1
999 0 1
999 0 1
999 0 1
999 0 1
999 0 1
999 0 1
999 0 1
999 0 1
999 0 1
999 0 1
999 0 1
999 0 1
999 0 1
999 0 1
999 0 1
999 0 1
999 0 1
999 0 1
999 0 1
999 0 1
999 0 1
999 0 1
999 0 1
999 0 1
999 0 1
999 0 1
999 0 1
999 0 1
999 0 1
999 0 1
999 0 1
999 0 1
999 0 1
999 0 1
999 0 1
999 0 1
999 0 1
999 0 1
999 0 1
999 0 1
999 0 1
999 0 1
1000 0 0
1000 0 0
1000 0 0
1000 0 0
1000 0 0
1000 0 0
1000 0 0
1000 0 0
1000 0 0
1000 0 0
1000 0 0
1000 0 0
1000 0 0
1000 0 0
1000 0 0
1000 0 0
1000 0 0
1000 0 0
1000 0 0
1000 0 0
1000 0 0
1000 0 0
1000 0 0
1000 0 0
1000 0 0
1000 0 0
1000 0 0
1000 0 0
1000 0 0
1000 0 0
1000 0 0
1000 0 0
1000 0 0
1000 0 0
1000 0 0
1000 0 0
1000 0 0
1000 0 0
1000 0 0
1000 0 0
1000 0 0
1000 0 0
1000 0 0
1000 0 0
1000 0 0
1000 0 0
1000 0 0
1000 0 0
1000 0 0
1000 0 0
1000 0 0
1000 0 0
1000 0 0
1000 0 0
1000 0 0
1000 0 0
1000 0 0
1000 0 0
1000 0 0
1000 0 0
1000 0 0
1000 0 0
1000 0 0
1000 0 0
1000 0 0
1000 0 0
1000 0 0
1000 0 0
1000 0 0
1000 0 0
1000 0 0
1000 0 0
1000 0 0
1000 0 0
1000 0 0
1000 0 0
1000 0 0
1000 0 0
1000 0 0
1000 0 0
1000 0 0
1000 0 0
1000 0 0
1000 0 0
1000 0 0
1000 0 0
1000 0 0
1000 0 0
1000 0 0
1000 0 0
1000 0 0
1000 0 0
1000 0 0
1000 0 0
1000 0 0
1000 0 0
1000 0 0
1000 0 0
1000 0 0
1000 0 0
1000 0 0
1000 0 0
1000 0 0
1000 0 0
1000 0 0
1000 0 0
1000 0 0
1000 0 0
1000 0 0
1000 0 0
1000 0 0
1000 0 0
1000 0 0
