998 2 0
997 3 0
996 4 0
996 2 2
995 2 3
995 2 3
994 3 3
991 6 3
989 6 5
981 13 6
976 17 7
968 21 11
963 23 14
957 26 17
951 29 20
942 34 24
925 44 31
909 54 37
887 65 48
868 67 65
843 80 77
816 94 90
790 103 107
754 123 123
734 125 141
710 127 163
681 139 180
670 132 198
638 154 208
630 130 240
609 130 261
598 119 283
583 118 299
576 104 320
565 102 333
557 98 345
558 89 353
557 88 355
550 87 363
544 85 371
543 81 376
536 82 382
527 78 395
518 71 411
522 66 412
527 59 414
531 57 412
538 51 411
540 49 411
534 52 414
539 49 412
540 43 417
541 38 421
540 40 420
544 37 419
550 36 414
555 31 414
559 30 411
562 27 411
566 25 409
571 26 403
579 25 396
587 20 393
596 19 385
602 15 383
608 11 381
615 10 375
622 8 370
627 6 367
630 5 365
638 5 357
643 3 354
650 5 345
657 7 336
660 7 333
667 6 327
667 6 327
678 5 317
683 4 313
686 6 308
691 7 302
694 8 298
697 7 296
701 7 292
701 10 289
700 13 287
698 15 287
698 17 285
698 16 286
696 21 283
691 27 282
684 37 279
681 38 281
676 38 286
670 39 291
668 37 295
672 40 288
671 38 291
670 39 291
667 36 297
665 34 301
658 36 306
657 38 305
654 39 307
653 42 305
653 36 311
647 45 308
636 48 316
626 53 321
619 58 323
618 54 328
618 51 331
611 52 337
613 48 339
608 51 341
609 45 346
610 41 349
610 39 351
611 41 348
606 45 349
604 44 352
603 43 354
595 49 356
590 47 363
591 41 368
593 38 369
595 40 365
601 33 366
602 28 370
604 32 364
608 29 363
608 30 362
613 27 360
618 28 354
621 26 353
626 27 347
629 23 348
625 23 352
630 22 348
639 18 343
641 18 341
644 17 339
650 17 333
653 15 332
652 19 329
647 26 327
645 32 323
641 36 323
646 33 321
641 32 327
638 36 326
642 32 326
640 32 328
638 34 328
643 32 325
641 29 330
643 31 326
641 27 332
649 26 325
661 24 315
661 25 314
659 25 316
656 26 318
653 28 319
648 28 324
650 29 321
654 26 320
655 22 323
660 18 322
662 20 318
663 18 319
661 17 322
662 19 319
666 22 312
663 25 312
667 23 310
670 22 308
673 20 307
673 19 308
672 20 308
676 15 309
681 12 307
683 13 304
685 14 301
688 14 298
688 14 298
692 15 293
695 15 290
698 16 286
700 14 286
700 16 284
702 14 284
706 12 282
714 12 274
717 10 273
725 8 267
729 5 266
731 4 265
735 5 260
736 8 256
734 10 256
736 9 255
734 10 256
727 16 257
728 19 253
724 24 252
721 27 252
712 37 251
707 43 250
698 51 251
687 50 263
678 51 271
669 56 275
672 54 274
672 47 281
667 43 290
661 50 289
662 43 295
659 44 297
656 48 296
651 54 295
651 52 297
648 52 300
649 51 300
645 46 309
648 46 306
648 45 307
641 46 313
642 41 317
635 44 321
637 40 323
637 41 322
633 45 322
638 45 317
635 45 320
632 48 320
632 44 324
629 42 329
627 45 328
629 42 329
626 37 337
634 35 331
637 37 326
640 36 324
644 33 323
649 32 319
656 29 315
657 24 319
657 26 317
660 22 318
662 24 314
659 28 313
663 28 309
660 33 307
655 39 306
653 42 305
653 43 304
649 45 306
656 43 301
656 46 298
653 46 301
654 44 302
658 43 299
657 42 301
650 42 308
649 38 313
658 34 308
659 33 308
659 35 306
659 38 303
660 38 302
657 33 310
657 38 305
657 39 304
656 41 303
651 41 308
651 38 311
654 31 315
653 33 314
647 35 318
640 39 321
635 41 324
634 41 325
633 39 328
632 36 332
636 35 329
637 30 333
634 31 335
639 28 333
637 34 329
638 35 327
650 33 317
650 34 316
658 29 313
660 23 317
667 18 315
669 19 312
675 17 308
682 18 300
684 17 299
691 16 293
694 15 291
699 12 289
700 10 290
706 9 285
709 8 283
711 8 281
717 5 278
721 3 276
723 5 272
717 12 271
714 17 269
715 20 265
715 23 262
703 35 262
696 38 266
687 44 269
682 52 266
675 51 274
672 54 274
663 59 278
657 59 284
649 61 290
648 54 298
649 50 301
646 52 302
648 43 309
647 45 308
652 41 307
646 45 309
639 44 317
636 47 317
634 45 321
632 45 323
631 46 323
626 50 324
621 45 334
617 43 340
624 40 336
623 42 335
620 41 339
625 40 335
623 42 335
627 35 338
628 31 341
632 31 337
637 29 334
639 25 336
641 26 333
640 31 329
642 31 327
644 29 327
647 27 326
648 24 328
651 23 326
653 24 323
654 24 322
653 28 319
652 28 320
655 28 317
662 21 317
662 19 319
664 20 316
671 15 314
676 15 309
683 11 306
681 14 305
686 14 300
688 13 299
690 14 296
696 14 290
693 17 290
697 14 289
703 14 283
702 13 285
703 14 283
701 17 282
701 17 282
703 19 278
707 13 280
709 13 278
716 11 273
715 14 271
709 20 271
710 18 272
710 20 270
705 24 271
705 21 274
707 23 270
714 20 266
719 17 264
721 14 265
726 13 261
729 16 255
729 18 253
730 21 249
731 18 251
733 16 251
736 17 247
737 20 243
737 18 245
736 16 248
740 18 242
744 14 242
747 13 240
749 12 239
751 11 238
752 11 237
752 12 236
758 13 229
761 12 227
759 14 227
765 17 218
766 18 216
773 14 213
774 17 209
771 22 207
772 20 208
770 23 207
768 29 203
747 48 205
730 60 210
711 75 214
703 78 219
694 79 227
684 77 239
673 84 243
657 85 258
651 75 274
644 73 283
637 71 292
637 65 298
639 56 305
641 49 310
642 44 314
645 40 315
644 46 310
652 44 304
656 39 305
653 39 308
652 43 305
644 39 317
643 39 318
646 34 320
647 37 316
643 36 321
639 43 318
635 47 318
630 51 319
633 44 323
623 51 326
611 56 333
612 51 337
606 48 346
608 49 343
605 52 343
608 51 341
604 53 343
603 54 343
603 49 348
609 37 354
607 32 361
607 33 360
608 35 357
609 32 359
610 29 361
612 31 357
610 39 351
615 35 350
618 35 347
619 34 347
627 30 343
633 27 340
635 28 337
640 24 336
640 26 334
651 20 329
655 19 326
651 26 323
654 24 322
650 30 320
643 33 324
650 26 324
653 24 323
656 25 319
661 22 317
656 27 317
649 33 318
640 42 318
636 46 318
626 51 323
616 57 327
616 52 332
610 52 338
603 55 342
601 54 345
595 60 345
595 58 347
595 55 350
596 46 358
594 46 360
596 45 359
597 37 366
601 30 369
602 32 366
604 29 367
596 36 368
595 34 371
597 31 372
596 29 375
602 25 373
605 22 373
609 20 371
616 18 366
616 19 365
620 19 361
621 21 358
627 22 351
625 23 352
628 21 351
625 26 349
626 27 347
630 25 345
629 24 347
631 24 345
624 31 345
626 33 341
626 34 340
623 41 336
620 46 334
610 51 339
605 52 343
596 59 345
593 56 351
591 54 355
584 58 358
577 57 366
581 48 371
583 44 373
584 44 372
594 38 368
599 32 369
602 31 367
603 29 368
606 26 368
615 25 360
619 24 357
623 24 353
626 24 350
630 23 347
639 23 338
640 25 335
645 28 327
650 27 323
644 36 320
644 39 317
641 39 320
635 44 321
633 44 323
631 42 327
625 45 330
619 46 335
615 48 337
614 47 339
608 48 344
611 43 346
614 45 341
615 41 344
618 38 344
617 35 348
617 41 342
610 47 343
610 44 346
603 50 347
595 50 355
588 58 354
581 66 353
584 67 349
587 57 356
579 55 366
583 47 370
584 42 374
586 41 373
591 40 369
593 41 366
600 36 364
599 35 366
606 28 366
608 29 363
612 29 359
604 37 359
602 37 361
600 42 358
604 41 355
609 32 359
610 32 358
610 33 357
611 29 360
615 30 355
618 27 355
621 25 354
620 24 356
625 26 349
627 25 348
633 22 345
630 25 345
633 26 341
629 34 337
630 36 334
635 37 328
637 35 328
633 38 329
630 40 330
629 37 334
629 32 339
636 30 334
637 29 334
640 27 333
643 23 334
652 24 324
656 22 322
655 21 324
660 22 318
662 19 319
668 15 317
674 14 312
676 16 308
675 19 306
668 25 307
664 33 303
660 31 309
655 37 308
652 31 317
650 36 314
648 32 320
638 35 327
642 29 329
640 31 329
635 37 328
636 36 328
635 34 331
637 34 329
635 31 334
638 25 337
638 27 335
635 27 338
634 30 336
640 29 331
642 25 333
641 25 334
641 25 334
642 26 332
644 23 333
650 20 330
658 16 326
660 16 324
667 16 317
673 14 313
675 16 309
680 6 314
689 7 304
690 9 301
695 7 298
693 12 295
695 17 288
692 25 283
692 19 289
694 18 288
695 15 290
693 15 292
694 16 290
701 15 284
703 15 282
709 13 278
709 14 277
707 17 276
711 19 270
709 20 271
705 26 269
709 26 265
700 39 261
699 39 262
690 43 267
683 45 272
680 52 268
674 54 272
664 58 278
653 64 283
646 66 288
633 73 294
620 76 304
626 68 306
623 65 312
617 59 324
611 65 324
602 67 331
599 65 336
598 59 343
598 58 344
594 56 350
594 56 350
595 49 356
596 48 356
596 50 354
592 53 355
582 61 357
574 55 371
576 51 373
571 51 378
580 45 375
582 41 377
584 38 378
587 36 377
590 34 376
591 31 378
598 28 374
601 30 369
606 23 371
608 21 371
613 16 371
619 15 366
617 18 365
624 15 361
630 14 356
631 14 355
631 15 354
635 13 352
640 12 348
650 14 336
653 15 332
649 18 333
651 17 332
662 19 319
661 20 319
663 17 320
669 16 315
671 14 315
676 14 310
679 12 309
678 9 313
684 7 309
689 7 304
691 9 300
689 13 298
691 11 298
696 12 292
693 20 287
692 25 283
682 31 287
682 30 288
680 33 287
678 39 283
680 34 286
681 36 283
687 34 279
692 30 278
692 29 279
696 26 278
691 30 279
690 28 282
685 32 283
679 40 281
673 42 285
669 44 287
670 45 285
671 43 286
675 43 282
672 43 285
676 43 281
674 46 280
672 41 287
672 39 289
660 48 292
659 45 296
653 42 305
650 41 309
647 36 317
644 34 322
643 34 323
644 32 324
649 34 317
643 34 323
645 31 324
643 35 322
650 32 318
653 29 318
654 31 315
659 32 309
653 33 314
653 35 312
658 32 310
655 32 313
653 32 315
651 36 313
655 38 307
656 40 304
652 43 305
644 46 310
639 46 315
639 45 316
639 41 320
638 41 321
642 36 322
644 34 322
649 29 322
658 30 312
659 28 313
660 26 314
667 25 308
670 23 307
667 27 306
671 24 305
673 24 303
672 24 304
667 26 307
663 31 306
662 30 308
660 26 314
667 22 311
668 23 309
670 27 303
666 28 306
671 26 303
672 22 306
671 20 309
671 20 309
673 21 306
671 22 307
673 19 308
674 18 308
676 18 306
679 15 306
684 15 301
691 12 297
695 12 293
694 11 295
696 11 293
699 10 291
705 6 289
709 7 284
716 5 279
723 4 273
727 3 270
728 4 268
732 4 264
733 6 261
736 6 258
743 7 250
740 11 249
736 11 253
737 17 246
734 23 243
729 32 239
722 38 240
719 39 242
713 41 246
704 42 254
709 41 250
714 42 244
713 39 248
709 36 255
707 31 262
706 29 265
712 29 259
707 36 257
702 42 256
701 43 256
690 49 261
686 52 262
682 53 265
674 65 261
662 75 263
651 82 267
646 74 280
642 72 286
637 70 293
633 68 299
625 71 304
614 67 319
618 60 322
621 53 326
621 54 325
621 57 322
616 54 330
613 55 332
613 45 342
611 43 346
612 42 346
608 50 342
601 55 344
599 50 351
595 51 354
594 58 348
597 49 354
596 46 358
601 45 354
601 47 352
596 46 358
594 45 361
594 46 360
595 48 357
596 41 363
605 41 354
606 42 352
611 36 353
612 34 354
609 36 355
611 33 356
614 31 355
619 31 350
624 31 345
626 29 345
628 26 346
634 27 339
636 29 335
632 35 333
632 39 329
626 46 328
623 49 328
618 47 335
612 45 343
606 46 348
602 55 343
603 49 348
603 54 343
602 51 347
593 58 349
590 57 353
591 60 349
586 53 361
588 52 360
585 54 361
581 53 366
576 55 369
570 61 369
568 53 379
570 49 381
562 55 383
557 54 389
552 55 393
548 57 395
548 55 397
544 65 391
543 61 396
538 62 400
535 59 406
538 50 412
542 45 413
548 43 409
549 43 408
553 37 410
561 26 413
568 25 407
576 23 401
579 23 398
582 21 397
593 20 387
596 16 388
597 14 389
603 11 386
610 9 381
614 9 377
618 11 371
626 13 361
629 15 356
633 16 351
636 18 346
635 18 347
636 15 349
641 15 344
643 17 340
647 17 336
647 22 331
650 23 327
650 22 328
654 19 327
662 18 320
665 18 317
671 18 311
673 19 308
678 19 303
677 19 304
672 21 307
676 25 299
671 27 302
668 31 301
671 28 301
668 32 300
666 32 302
663 36 301
664 38 298
661 37 302
659 32 309
663 28 309
663 31 306
663 28 309
662 27 311
662 27 311
658 28 314
661 22 317
667 18 315
