998 2 0
994 5 1
992 7 1
988 11 1
981 14 5
972 20 8
959 30 11
942 41 17
910 65 25
889 74 37
869 80 51
845 95 60
818 106 76
776 136 88
747 144 109
720 145 135
692 157 151
662 163 175
637 159 204
616 155 229
594 156 250
574 156 270
559 149 292
550 142 308
550 136 314
539 128 333
527 120 353
521 115 364
510 101 389
506 89 405
505 82 413
505 80 415
508 71 421
505 68 427
498 67 435
500 61 439
502 62 436
510 57 433
513 54 433
513 44 443
513 46 441
515 48 437
520 48 432
534 44 422
539 44 417
537 41 422
537 36 427
541 35 424
547 37 416
548 33 419
551 33 416
558 31 411
556 34 410
557 31 412
559 30 411
567 25 408
566 26 408
572 20 408
576 19 405
581 20 399
585 18 397
594 16 390
597 19 384
598 15 387
602 13 385
603 14 383
609 10 381
614 9 377
619 7 374
621 7 372
627 4 369
632 6 362
630 13 357
631 17 352
629 23 348
622 30 348
626 30 344
632 34 334
634 30 336
637 27 336
638 30 332
643 26 331
645 27 328
646 23 331
650 23 327
646 30 324
645 33 322
651 30 319
650 27 323
653 25 322
659 21 320
661 18 321
661 16 323
666 16 318
670 17 313
673 13 314
676 10 314
678 12 310
681 13 306
686 15 299
687 18 295
688 17 295
692 16 292
694 14 292
698 11 291
700 9 291
699 11 290
700 12 288
703 11 286
708 10 282
706 12 282
704 11 285
707 13 280
709 12 279
712 12 276
718 11 271
727 11 262
730 9 261
730 12 258
737 11 252
739 12 249
743 10 247
750 10 240
750 14 236
752 17 231
755 17 228
758 16 226
759 17 224
762 15 223
768 12 220
769 12 219
772 10 218
775 10 215
775 11 214
777 11 212
775 17 208
777 18 205
775 18 207
767 24 209
768 23 209
769 22 209
771 19 210
763 28 209
760 31 209
755 28 217
758 28 214
749 32 219
746 27 227
744 27 229
745 25 230
747 29 224
747 31 222
740 36 224
738 35 227
740 32 228
735 35 230
724 43 233
716 42 242
713 45 242
703 45 252
701 41 258
702 42 256
703 39 258
703 38 259
695 36 269
697 37 266
695 36 269
696 34 270
696 32 272
702 28 270
701 27 272
698 32 270
695 39 266
692 44 264
688 43 269
688 37 275
681 41 278
680 35 285
684 31 285
679 35 286
677 35 288
675 33 292
677 31 292
679 31 290
681 32 287
687 27 286
688 27 285
689 26 285
695 22 283
698 18 284
701 20 279
702 19 279
704 22 274
705 22 273
708 21 271
708 20 272
713 21 266
716 23 261
718 22 260
718 19 263
720 16 264
721 14 265
717 21 262
716 19 265
713 23 264
706 29 265
706 23 271
700 26 274
695 29 276
694 28 278
696 23 281
693 27 280
691 28 281
688 30 282
685 37 278
683 33 284
679 36 285
681 33 286
688 34 278
689 28 283
684 32 284
687 34 279
685 30 285
679 34 287
675 39 286
667 42 291
664 46 290
668 40 292
664 43 293
664 39 297
668 34 298
668 32 300
671 30 299
669 32 299
668 29 303
669 31 300
673 27 300
676 26 298
677 23 300
676 18 306
677 17 306
682 20 298
683 21 296
684 21 295
685 22 293
688 20 292
690 21 289
692 26 282
689 26 285
692 26 282
697 26 277
701 27 272
699 26 275
701 20 279
705 21 274
705 22 273
704 24 272
702 27 271
696 32 272
693 33 274
685 39 276
686 40 274
687 34 279
690 33 277
694 28 278
695 29 276
701 27 272
699 23 278
698 27 275
702 28 270
698 29 273
698 27 275
696 30 274
697 32 271
701 32 267
704 29 267
701 34 265
699 35 266
695 38 267
694 40 266
696 37 267
681 48 271
675 52 273
668 56 276
666 58 276
659 54 287
653 53 294
654 52 294
653 48 299
647 53 300
642 46 312
635 54 311
636 52 312
634 50 316
631 50 319
632 49 319
627 52 321
624 54 322
625 45 330
632 37 331
634 28 338
637 26 337
641 21 338
645 19 336
646 19 335
651 15 334
660 14 326
663 14 323
667 18 315
673 15 312
675 13 312
676 12 312
676 14 310
676 15 309
680 15 305
687 12 301
692 12 296
696 9 295
702 7 291
709 7 284
716 8 276
721 5 274
724 6 270
724 10 266
727 10 263
727 12 261
725 19 256
725 19 256
723 21 256
725 23 252
720 25 255
716 24 260
712 29 259
708 26 266
709 26 265
709 27 264
711 21 268
709 20 271
706 23 271
701 29 270
702 27 271
699 27 274
694 29 277
691 29 280
692 28 280
697 26 277
700 24 276
695 30 275
697 26 277
691 29 280
692 27 281
694 29 277
690 38 272
684 43 273
680 41 279
678 38 284
679 36 285
666 44 290
661 47 292
656 50 294
651 52 297
648 51 301
647 50 303
648 52 300
648 49 303
645 46 309
642 44 314
643 45 312
640 45 315
639 40 321
637 38 325
638 36 326
645 34 321
642 35 323
637 41 322
636 43 321
637 38 325
638 37 325
636 37 327
635 34 331
635 36 329
636 38 326
637 41 322
628 51 321
630 46 324
632 45 323
630 40 330
633 38 329
631 32 337
634 32 334
628 38 334
629 31 340
633 26 341
634 28 338
638 30 332
640 29 331
643 26 331
647 29 324
653 26 321
658 30 312
665 29 306
669 28 303
669 29 302
668 27 305
667 26 307
665 25 310
665 27 308
666 29 305
665 29 306
667 31 302
662 27 311
661 27 312
658 28 314
660 23 317
660 27 313
661 27 312
658 29 313
661 33 306
661 33 306
664 28 308
664 26 310
666 26 308
665 26 309
668 23 309
667 24 309
667 24 309
667 24 309
669 25 306
672 24 304
672 28 300
672 27 301
675 25 300
677 23 300
677 26 297
671 28 301
669 31 300
669 28 303
665 30 305
662 33 305
661 29 310
663 34 303
660 30 310
666 28 306
667 28 305
672 26 302
673 27 300
668 26 306
663 30 307
660 35 305
657 45 298
662 42 296
660 34 306
659 34 307
660 36 304
656 39 305
656 37 307
655 32 313
657 34 309
655 35 310
654 29 317
656 26 318
661 25 314
661 22 317
663 18 319
671 16 313
675 16 309
678 15 307
679 13 308
682 14 304
686 16 298
687 16 297
687 16 297
686 16 298
689 16 295
697 16 287
697 17 286
697 17 286
699 18 283
697 23 280
694 31 275
690 36 274
686 38 276
683 35 282
678 38 284
673 42 285
670 47 283
665 42 293
660 42 298
656 45 299
643 49 308
637 48 315
634 46 320
624 52 324
620 55 325
614 60 326
614 56 330
610 51 339
604 52 344
600 54 346
593 58 349
592 47 361
598 42 360
599 40 361
606 34 360
611 28 361
613 30 357
610 28 362
612 31 357
611 32 357
606 34 360
607 34 359
611 36 353
621 32 347
623 31 346
616 36 348
616 33 351
615 29 356
615 24 361
618 22 360
624 22 354
624 24 352
617 33 350
616 36 348
614 36 350
614 39 347
616 40 344
618 36 346
617 41 342
618 41 341
615 41 344
615 37 348
614 38 348
611 44 345
603 50 347
601 51 348
602 47 351
609 47 344
606 55 339
602 53 345
603 53 344
611 50 339
615 44 341
618 44 338
622 41 337
621 45 334
623 41 336
627 38 335
637 35 328
638 37 325
640 40 320
644 35 321
647 32 321
652 25 323
654 25 321
653 24 323
657 23 320
662 18 320
666 17 317
668 20 312
668 22 310
675 17 308
680 18 302
674 25 301
678 18 304
682 17 301
684 20 296
689 19 292
696 17 287
696 17 287
699 15 286
700 19 281
703 16 281
706 15 279
710 11 279
711 11 278
709 13 278
712 13 275
714 14 272
720 13 267
726 10 264
728 12 260
725 15 260
738 10 252
738 14 248
742 16 242
739 22 239
737 22 241
741 20 239
737 24 239
736 28 236
733 30 237
730 32 238
724 39 237
720 40 240
716 46 238
710 43 247
710 45 245
711 48 241
700 54 246
690 54 256
683 51 266
679 51 270
680 44 276
682 42 276
684 36 280
677 41 282
678 32 290
680 30 290
677 27 296
676 33 291
679 30 291
685 26 289
684 26 290
692 23 285
694 24 282
698 24 278
698 20 282
702 15 283
704 12 284
710 13 277
714 12 274
719 10 271
722 12 266
724 13 263
728 15 257
734 14 252
739 11 250
740 10 250
742 9 249
746 8 246
753 6 241
753 9 238
758 7 235
757 7 236
761 7 232
763 7 230
766 7 227
768 8 224
776 6 218
783 5 212
787 5 208
787 5 208
791 5 204
794 4 202
800 3 197
802 3 195
812 3 185
820 2 178
825 1 174
828 1 171
832 1 167
836 1 163
837 1 162
838 1 161
839 1 160
843 1 156
845 1 154
846 1 153
851 1 148
853 1 146
856 1 143
859 1 140
859 2 139
860 1 139
861 0 139
865 0 135
868 0 132
868 0 132
869 0 131
871 0 129
872 0 128
873 0 127
876 0 124
880 0 120
882 0 118
884 0 116
887 0 113
888 0 112
890 0 110
890 0 110
893 0 107
898 0 102
899 0 101
901 0 99
902 0 98
904 0 96
905 0 95
906 0 94
908 0 92
908 0 92
908 0 92
908 0 92
912 0 88
914 0 86
916 0 84
917 0 83
918 0 82
919 0 81
920 0 80
921 0 79
921 0 79
922 0 78
923 0 77
925 0 75
928 0 72
928 0 72
928 0 72
928 0 72
929 0 71
930 0 70
931 0 69
932 0 68
933 0 67
933 0 67
934 0 66
935 0 65
937 0 63
937 0 63
939 0 61
939 0 61
939 0 61
941 0 59
942 0 58
943 0 57
945 0 55
946 0 54
946 0 54
947 0 53
949 0 51
951 0 49
953 0 47
955 0 45
956 0 44
956 0 44
956 0 44
956 0 44
956 0 44
957 0 43
957 0 43
957 0 43
957 0 43
958 0 42
958 0 42
958 0 42
958 0 42
958 0 42
959 0 41
959 0 41
960 0 40
960 0 40
960 0 40
960 0 40
960 0 40
962 0 38
963 0 37
963 0 37
964 0 36
965 0 35
965 0 35
965 0 35
967 0 33
967 0 33
967 0 33
968 0 32
968 0 32
969 0 31
971 0 29
972 0 28
972 0 28
972 0 28
972 0 28
972 0 28
972 0 28
972 0 28
972 0 28
972 0 28
972 0 28
972 0 28
972 0 28
972 0 28
972 0 28
973 0 27
973 0 27
973 0 27
974 0 26
974 0 26
974 0 26
974 0 26
975 0 25
975 0 25
975 0 25
976 0 24
977 0 23
978 0 22
978 0 22
978 0 22
979 0 21
980 0 20
980 0 20
980 0 20
980 0 20
980 0 20
980 0 20
980 0 20
980 0 20
980 0 20
982 0 18
983 0 17
983 0 17
983 0 17
983 0 17
983 0 17
983 0 17
983 0 17
983 0 17
985 0 15
986 0 14
986 0 14
986 0 14
986 0 14
986 0 14
986 0 14
986 0 14
986 0 14
986 0 14
986 0 14
986 0 14
988 0 12
988 0 12
989 0 11
989 0 11
989 0 11
989 0 11
989 0 11
990 0 10
990 0 10
990 0 10
990 0 10
991 0 9
991 0 9
991 0 9
991 0 9
991 0 9
991 0 9
991 0 9
991 0 9
991 0 9
991 0 9
991 0 9
991 0 9
991 0 9
991 0 9
991 0 9
992 0 8
992 0 8
992 0 8
992 0 8
992 0 8
992 0 8
992 0 8
992 0 8
992 0 8
992 0 8
992 0 8
993 0 7
993 0 7
993 0 7
993 0 7
993 0 7
993 0 7
994 0 6
994 0 6
994 0 6
994 0 6
994 0 6
994 0 6
994 0 6
995 0 5
995 0 5
995 0 5
995 0 5
995 0 5
995 0 5
995 0 5
995 0 5
995 0 5
995 0 5
995 0 5
995 0 5
995 0 5
995 0 5
995 0 5
995 0 5
995 0 5
995 0 5
995 0 5
995 0 5
995 0 5
995 0 5
996 0 4
997 0 3
998 0 2
998 0 2
998 0 2
998 0 2
998 0 2
998 0 2
998 0 2
998 0 2
998 0 2
998 0 2
998 0 2
998 0 2
999 0 1
999 0 1
999 0 1
999 0 1
999 0 1
999 0 1
999 0 1
999 0 1
999 0 1
999 0 1
999 0 1
999 0 1
999 0 1
999 0 1
999 0 1
999 0 1
999 0 1
999 0 1
999 0 1
999 0 1
999 0 1
999 0 1
999 0 1
999 0 1
999 0 1
999 0 1
999 0 1
999 0 1
999 0 1
999 0 1
999 0 1
999 0 1
999 0 1
999 0 1
999 0 1
999 0 1
999 0 1
999 0 1
999 0 1
999 0 1
999 0 1
999 0 1
999 0 1
999 0 1
999 0 1
999 0 1
999 0 1
999 0 1
999 0 1
999 0 1
999 0 1
999 0 1
999 0 1
999 0 1
999 0 1
999 0 1
999 0 1
999 0 1
999 0 1
999 0 1
999 0 1
999 0 1
999 0 1
999 0 1
1000 0 0
1000 0 0
1000 0 0
1000 0 0
1000 0 0
1000 0 0
1000 0 0
1000 0 0
1000 0 0
1000 0 0
1000 0 0
1000 0 0
1000 0 0
1000 0 0
1000 0 0
1000 0 0
1000 0 0
1000 0 0
1000 0 0
1000 0 0
1000 0 0
1000 0 0
1000 0 0
1000 0 0
