1000 0 0
1000 0 0
1000 0 0
1000 0 0
999 1 0
998 2 0
996 3 1
989 8 3
986 10 4
983 10 7
969 24 7
952 38 10
937 39 24
927 40 33
908 57 35
890 62 48
875 70 55
853 84 63
838 84 78
824 79 97
805 92 103
782 103 115
759 110 131
744 116 140
727 121 152
715 111 174
700 116 184
685 116 199
667 121 212
644 129 227
625 130 245
618 116 266
611 117 272
596 122 282
586 117 297
574 112 314
566 106 328
561 98 341
557 91 352
556 90 354
554 83 363
554 78 368
552 77 371
548 73 379
548 67 385
553 57 390
560 50 390
561 49 390
564 45 391
563 43 394
564 44 392
572 42 386
569 41 390
570 40 390
571 39 390
573 35 392
572 35 393
571 39 390
572 40 388
576 43 381
574 41 385
574 35 391
577 33 390
580 33 387
584 36 380
590 33 377
593 33 374
597 31 372
599 26 375
606 20 374
610 18 372
620 16 364
623 13 364
630 12 358
636 10 354
644 9 347
643 14 343
642 19 339
646 17 337
652 16 332
654 14 332
657 12 331
660 13 327
668 11 321
674 11 315
676 11 313
682 10 308
680 14 306
684 15 301
688 14 298
692 13 295
696 10 294
699 12 289
698 15 287
694 19 287
696 20 284
699 15 286
700 14 286
700 14 286
704 13 283
707 10 283
712 8 280
719 8 273
720 10 270
725 10 265
727 6 267
727 6 267
733 6 261
735 6 259
739 5 256
741 4 255
745 5 250
751 5 244
756 3 241
757 2 241
762 2 236
764 3 233
767 3 230
769 4 227
767 7 226
772 3 225
772 4 224
776 4 220
780 3 217
780 3 217
784 3 213
788 3 209
797 3 200
802 4 194
802 6 192
800 11 189
803 11 186
804 9 187
810 10 180
811 14 175
809 16 175
809 18 173
809 19 172
810 19 171
811 21 168
810 23 167
805 26 169
807 22 171
805 22 173
808 17 175
808 15 177
805 15 180
800 20 180
801 17 182
802 21 177
798 26 176
796 27 177
783 40 177
780 40 180
781 41 178
776 45 179
770 47 183
772 46 182
769 45 186
766 44 190
763 46 191
758 49 193
752 52 196
744 52 204
742 47 211
731 56 213
727 56 217
719 61 220
709 63 228
703 66 231
698 70 232
684 73 243
676 70 254
669 70 261
662 63 275
661 61 278
658 58 284
657 54 289
647 56 297
646 52 302
648 54 298
644 55 301
640 55 305
632 54 314
628 56 316
616 58 326
612 59 329
608 63 329
606 68 326
596 70 334
590 70 340
586 70 344
589 60 351
591 57 352
588 58 354
581 57 362
581 54 365
587 46 367
595 42 363
593 41 366
604 35 361
608 36 356
614 34 352
614 26 360
614 21 365
613 20 367
611 23 366
612 26 362
614 25 361
618 23 359
616 22 362
622 16 362
623 16 361
631 16 353
633 13 354
635 14 351
636 14 350
636 14 350
635 14 351
635 15 350
639 14 347
641 14 345
647 12 341
645 14 341
647 14 339
650 13 337
651 16 333
652 13 335
656 11 333
657 12 331
658 14 328
660 14 326
661 14 325
660 14 326
667 13 320
671 10 319
672 7 321
680 7 313
681 9 310
685 11 304
694 10 296
696 10 294
702 8 290
708 7 285
710 7 283
714 8 278
719 6 275
723 6 271
730 5 265
737 5 258
738 3 259
743 2 255
748 3 249
752 3 245
757 4 239
757 7 236
759 7 234
762 7 231
768 5 227
778 6 216
782 4 214
783 7 210
784 6 210
786 5 209
788 5 207
791 4 205
793 4 203
795 4 201
802 4 194
806 3 191
809 3 188
809 5 186
810 6 184
810 9 181
815 8 177
812 11 177
811 11 178
809 14 177
806 16 178
811 15 174
810 16 174
805 21 174
807 19 174
805 24 171
803 22 175
800 26 174
798 26 176
797 28 175
796 27 177
796 26 178
794 25 181
787 28 185
783 25 192
781 28 191
779 28 193
780 28 192
773 28 199
771 28 201
773 28 199
772 29 199
768 33 199
767 32 201
761 37 202
759 38 203
753 43 204
741 56 203
737 52 211
732 49 219
726 53 221
724 49 227
719 47 234
719 47 234
715 45 240
710 48 242
699 52 249
695 56 249
690 51 259
681 62 257
675 62 263
672 59 269
673 54 273
665 58 277
662 61 277
656 70 274
643 77 280
637 69 294
628 77 295
622 76 302
621 71 308
615 71 314
612 64 324
615 59 326
616 52 332
620 44 336
627 38 335
633 31 336
633 30 337
634 26 340
636 28 336
639 29 332
640 30 330
642 28 330
635 36 329
633 33 334
631 29 340
633 30 337
635 29 336
637 29 334
641 25 334
646 27 327
646 27 327
642 31 327
637 33 330
638 30 332
641 27 332
642 29 329
645 26 329
650 24 326
650 25 325
652 23 325
656 23 321
660 22 318
660 24 316
665 22 313
668 19 313
673 19 308
676 12 312
680 10 310
680 11 309
684 9 307
686 7 307
688 7 305
691 6 303
698 3 299
700 2 298
706 2 292
710 2 288
714 1 285
715 2 283
721 3 276
722 7 271
724 5 271
726 8 266
732 5 263
739 5 256
738 6 256
740 7 253
743 7 250
748 6 246
752 6 242
753 11 236
756 12 232
755 15 230
760 15 225
758 19 223
761 17 222
759 17 224
762 13 225
766 13 221
770 13 217
771 14 215
776 8 216
779 9 212
778 9 213
778 9 213
780 10 210
780 11 209
780 12 208
783 13 204
782 9 209
781 11 208
780 13 207
779 16 205
780 16 204
784 15 201
787 13 200
790 12 198
793 11 196
796 12 192
796 9 195
792 13 195
791 15 194
788 17 195
788 18 194
789 17 194
789 16 195
786 18 196
784 18 198
780 23 197
777 25 198
774 27 199
775 26 199
774 26 200
779 24 197
780 23 197
779 23 198
774 25 201
772 28 200
774 25 201
771 25 204
769 27 204
770 29 201
770 29 201
766 28 206
764 25 211
765 23 212
761 25 214
763 22 215
761 24 215
757 24 219
760 23 217
759 23 218
757 25 218
762 23 215
765 21 214
764 21 215
765 26 209
769 22 209
771 17 212
775 16 209
779 13 208
787 10 203
791 6 203
792 7 201
793 7 200
796 5 199
799 3 198
805 3 192
805 4 191
811 4 185
813 4 183
818 3 179
820 2 178
824 2 174
827 2 171
830 3 167
832 5 163
833 4 163
835 4 161
838 4 158
839 5 156
838 7 155
838 8 154
840 9 151
841 8 151
841 9 150
844 11 145
843 14 143
837 18 145
837 18 145
836 16 148
837 15 148
838 17 145
835 17 148
835 17 148
836 14 150
834 15 151
834 16 150
835 16 149
830 19 151
829 18 153
830 20 150
833 18 149
829 20 151
829 20 151
832 18 150
830 21 149
827 21 152
828 22 150
830 20 150
829 19 152
823 23 154
820 26 154
816 28 156
817 31 152
815 31 154
810 33 157
808 33 159
807 32 161
803 32 165
798 36 166
796 33 171
793 35 172
792 34 174
789 37 174
784 38 178
780 37 183
776 42 182
772 47 181
769 48 183
763 54 183
753 56 191
747 59 194
738 60 202
721 70 209
710 74 216
700 71 229
682 79 239
678 77 245
664 83 253
654 85 261
640 84 276
632 74 294
621 74 305
612 73 315
606 76 318
593 81 326
586 82 332
580 78 342
577 71 352
577 63 360
577 60 363
578 60 362
574 58 368
570 57 373
572 44 384
577 39 384
580 42 378
582 38 380
583 36 381
587 36 377
588 33 379
591 31 378
599 33 368
600 27 373
603 24 373
611 24 365
616 20 364
614 22 364
613 24 363
618 19 363
617 21 362
623 19 358
631 19 350
636 17 347
636 17 347
636 15 349
640 11 349
641 10 349
644 11 345
647 14 339
648 11 341
654 11 335
662 8 330
666 10 324
667 9 324
672 7 321
679 5 316
680 6 314
687 4 309
694 5 301
699 6 295
702 9 289
709 6 285
715 6 279
718 8 274
720 11 269
722 12 266
722 17 261
723 15 262
724 20 256
723 24 253
725 22 253
725 18 257
729 19 252
730 21 249
732 24 244
731 25 244
733 27 240
726 31 243
727 30 243
731 31 238
730 28 242
732 28 240
733 30 237
732 32 236
732 31 237
732 25 243
733 23 244
738 24 238
738 26 236
734 31 235
731 34 235
730 33 237
731 32 237
726 37 237
724 40 236
724 44 232
723 45 232
722 41 237
717 41 242
711 43 246
711 41 248
710 39 251
705 43 252
703 39 258
701 35 264
698 35 267
695 38 267
696 39 265
696 40 264
696 41 263
700 38 262
699 31 270
697 32 271
697 33 270
699 29 272
701 28 271
702 30 268
707 28 265
705 29 266
709 24 267
714 21 265
714 21 265
722 18 260
723 18 259
725 18 257
726 19 255
726 20 254
727 20 253
723 24 253
722 22 256
726 19 255
723 22 255
723 20 257
725 15 260
728 13 259
729 15 256
726 21 253
730 20 250
733 16 251
736 22 242
738 21 241
745 19 236
745 22 233
740 24 236
747 23 230
748 22 230
746 23 231
747 22 231
751 20 229
749 23 228
747 25 228
743 24 233
738 28 234
740 27 233
736 26 238
737 29 234
741 26 233
741 31 228
738 32 230
735 32 233
735 29 236
732 30 238
731 34 235
725 36 239
719 39 242
714 36 250
707 44 249
701 47 252
695 51 254
688 56 256
686 53 261
679 58 263
673 58 269
674 59 267
666 57 277
662 59 279
657 64 279
654 62 284
652 58 290
645 61 294
640 62 298
637 57 306
636 52 312
633 55 312
631 51 318
632 53 315
637 43 320
639 38 323
638 37 325
631 43 326
634 42 324
635 39 326
633 34 333
630 34 336
635 31 334
636 30 334
637 29 334
634 31 335
638 36 326
639 36 325
633 41 326
634 39 327
640 38 322
639 38 323
640 33 327
644 32 324
651 31 318
648 35 317
651 31 318
651 24 325
655 24 321
656 24 320
655 23 322
653 26 321
655 26 319
656 30 314
656 30 314
659 28 313
662 22 316
664 22 314
673 22 305
676 21 303
683 20 297
687 20 293
688 22 290
687 25 288
690 23 287
689 24 287
691 20 289
690 18 292
690 21 289
691 21 288
697 19 284
700 20 280
702 19 279
702 17 281
702 18 280
701 17 282
706 18 276
709 15 276
714 11 275
719 10 271
720 10 270
722 12 266
725 11 264
727 12 261
729 12 259
734 12 254
737 10 253
741 10 249
750 11 239
752 11 237
752 12 236
752 12 236
756 11 233
757 9 234
758 9 233
758 11 231
760 10 230
764 9 227
766 12 222
767 7 226
767 6 227
769 4 227
770 5 225
772 7 221
776 7 217
781 7 212
781 7 212
782 6 212
782 7 211
783 8 209
788 7 205
798 6 196
797 8 195
806 7 187
809 6 185
808 9 183
810 10 180
813 8 179
814 7 179
818 9 173
818 6 176
818 7 175
821 7 172
819 9 172
822 10 168
824 7 169
824 7 169
822 12 166
819 12 169
817 12 171
816 16 168
817 16 167
812 21 167
804 26 170
795 29 176
792 27 181
786 30 184
780 30 190
777 33 190
772 33 195
769 25 206
773 18 209
775 23 202
773 24 203
770 25 205
769 28 203
765 32 203
761 33 206
758 33 209
752 36 212
752 36 212
754 35 211
748 36 216
746 37 217
749 34 217
747 35 218
742 38 220
742 36 222
743 36 221
734 40 226
731 39 230
729 38 233
726 42 232
730 35 235
729 39 232
724 39 237
722 40 238
719 40 241
716 39 245
713 36 251
720 35 245
719 34 247
713 38 249
715 35 250
717 33 250
719 29 252
719 31 250
719 27 254
717 23 260
718 25 257
725 21 254
728 19 253
732 19 249
732 19 249
732 18 250
733 16 251
735 12 253
733 13 254
734 16 250
732 17 251
735 17 248
735 15 250
737 13 250
737 15 248
731 22 247
729 20 251
730 17 253
729 19 252
729 22 249
730 24 246
726 28 246
728 27 245
727 26 247
728 25 247
728 23 249
724 26 250
726 25 249
728 28 244
724 29 247
725 27 248
731 28 241
729 32 239
732 24 244
736 19 245
737 17 246
736 15 249
740 17 243
745 13 242
745 17 238
743 19 238
740 22 238
748 20 232
746 24 230
744 26 230
741 30 229
741 30 229
739 28 233
736 29 235
733 30 237
734 28 238
735 25 240
736 22 242
739 23 238
741 19 240
742 15 243
741 13 246
744 11 245
744 10 246
745 9 246
751 10 239
757 10 233
759 11 230
759 12 229
760 13 227
761 12 227
761 16 223
759 19 222
761 19 220
760 19 221
766 18 216
769 17 214
762 24 214
765 19 216
765 16 219
766 15 219
761 20 219
757 24 219
756 25 219
761 24 215
765 23 212
764 20 216
769 15 216
769 16 215
769 20 211
765 21 214
761 25 214
763 23 214
758 29 213
757 25 218
759 27 214
762 26 212
757 28 215
758 29 213
758 31 211
752 32 216
750 31 219
750 30 220
750 29 221
749 32 219
753 30 217
758 34 208
756 35 209
754 38 208
749 39 212
747 35 218
745 34 221
743 38 219
739 38 223
742 35 223
739 38 223
739 36 225
732 38 230
732 38 230
734 39 227
727 46 227
716 53 231
706 58 236
704 57 239
699 54 247
697 51 252
692 56 252
683 62 255
677 61 262
675 57 268
676 56 268
668 61 271
662 67 271
