1000 0 0
1000 0 0
1000 0 0
1000 0 0
1000 0 0
1000 0 0
1000 0 0
997 3 0
996 4 0
994 5 1
992 4 4
992 3 5
987 6 7
983 9 8
979 11 10
976 12 12
976 10 14
966 16 18
955 25 20
948 29 23
937 37 26
926 35 39
920 35 45
911 42 47
906 43 51
895 49 56
884 49 67
871 51 78
862 54 84
858 49 93
851 45 104
844 46 110
840 45 115
825 52 123
807 58 135
797 57 146
781 62 157
774 58 168
769 58 173
755 66 179
738 70 192
729 77 194
712 85 203
700 82 218
690 77 233
682 74 244
677 75 248
674 64 262
660 66 274
659 61 280
653 64 283
649 62 289
649 56 295
650 52 298
650 52 298
650 47 303
651 44 305
649 40 311
651 42 307
649 34 317
647 33 320
643 35 322
642 35 323
640 34 326
648 29 323
653 26 321
657 26 317
658 30 312
656 32 312
648 39 313
644 44 312
650 45 305
649 44 307
649 47 304
650 45 305
655 44 301
653 44 303
651 44 305
647 43 310
645 41 314
654 36 310
654 36 310
653 39 308
653 39 308
654 43 303
651 44 305
647 43 310
647 44 309
647 46 307
645 45 310
652 43 305
647 46 307
648 47 305
653 44 303
651 45 304
657 38 305
655 41 304
653 34 313
653 31 316
648 40 312
646 45 309
641 46 313
637 43 320
633 45 322
636 47 317
638 49 313
635 47 318
635 46 319
634 36 330
636 36 328
636 41 323
630 45 325
636 42 322
639 43 318
637 37 326
638 42 320
637 41 322
633 45 322
630 43 327
631 39 330
637 32 331
636 31 333
640 34 326
642 30 328
649 28 323
650 27 323
651 22 327
656 23 321
657 20 323
660 20 320
666 19 315
667 20 313
666 22 312
673 22 305
669 25 306
670 23 307
671 24 305
674 25 301
673 29 298
671 29 300
675 23 302
677 23 300
678 21 301
680 17 303
683 13 304
684 13 303
685 10 305
692 8 300
690 12 298
697 12 291
694 13 293
698 11 291
703 9 288
706 8 286
713 9 278
716 10 274
717 12 271
715 15 270
717 17 266
717 17 266
716 20 264
716 21 263
719 18 263
719 21 260
717 26 257
717 25 258
722 21 257
722 19 259
726 20 254
727 21 252
730 21 249
736 20 244
739 21 240
736 22 242
732 23 245
729 25 246
736 24 240
736 23 241
734 23 243
736 22 242
738 18 244
740 19 241
742 15 243
745 13 242
747 12 241
752 11 237
752 14 234
751 18 231
750 20 230
753 20 227
744 29 227
742 37 221
738 36 226
737 37 226
728 43 229
728 49 223
725 44 231
724 39 237
721 42 237
713 46 241
709 45 246
696 55 249
692 54 254
679 64 257
682 60 258
676 63 261
667 68 265
653 71 276
653 66 281
649 65 286
646 64 290
639 61 300
636 53 311
631 56 313
630 57 313
628 55 317
632 46 322
633 44 323
639 39 322
640 36 324
643 31 326
645 29 326
646 28 326
651 30 319
644 32 324
646 33 321
647 28 325
647 29 324
645 36 319
651 34 315
652 36 312
653 37 310
656 34 310
657 31 312
659 30 311
657 31 312
661 25 314
658 26 316
660 22 318
667 17 316
669 18 313
673 22 305
675 17 308
680 18 302
686 18 296
684 21 295
686 20 294
690 18 292
693 17 290
697 16 287
702 10 288
706 10 284
709 9 282
714 10 276
715 10 275
716 11 273
719 6 275
725 8 267
727 10 263
732 10 258
735 10 255
734 12 254
733 14 253
738 14 248
740 13 247
746 13 241
748 14 238
749 16 235
744 20 236
742 21 237
746 23 231
748 20 232
750 18 232
754 17 229
751 21 228
752 21 227
750 23 227
750 20 230
750 22 228
749 24 227
747 20 233
747 24 229
742 28 230
736 30 234
728 33 239
726 33 241
720 36 244
724 32 244
725 26 249
729 22 249
725 26 249
726 28 246
729 30 241
729 33 238
728 28 244
730 29 241
724 38 238
728 32 240
728 35 237
730 34 236
725 35 240
723 34 243
720 35 245
714 38 248
712 37 251
707 35 258
705 36 259
703 35 262
700 39 261
697 39 264
700 39 261
696 43 261
697 40 263
692 37 271
691 38 271
694 40 266
697 34 269
696 34 270
699 34 267
698 36 266
693 39 268
693 40 267
693 40 267
694 38 268
694 37 269
693 35 272
691 36 273
692 31 277
691 35 274
691 33 276
692 28 280
692 31 277
693 31 276
691 33 276
693 31 276
692 27 281
691 25 284
691 23 286
689 23 288
686 24 290
685 26 289
689 24 287
692 22 286
695 18 287
694 16 290
696 16 288
697 18 285
702 20 278
707 23 270
711 20 269
709 24 267
713 23 264
714 26 260
714 27 259
713 25 262
710 25 265
714 26 260
714 24 262
716 25 259
712 24 264
713 21 266
713 23 264
716 22 262
714 22 264
713 21 266
711 18 271
713 17 270
713 14 273
716 14 270
723 15 262
726 14 260
727 12 261
726 15 259
728 16 256
728 18 254
729 19 252
731 17 252
735 19 246
741 16 243
745 16 239
746 14 240
751 12 237
751 9 240
753 12 235
758 13 229
763 13 224
763 11 226
763 10 227
764 11 225
765 14 221
766 14 220
767 16 217
766 15 219
763 18 219
770 15 215
771 16 213
770 18 212
772 14 214
770 16 214
768 15 217
766 19 215
768 18 214
774 19 207
779 21 200
774 23 203
773 24 203
772 26 202
770 30 200
766 36 198
768 32 200
765 28 207
759 32 209
754 33 213
752 27 221
752 25 223
755 19 226
754 17 229
753 15 232
755 15 230
756 16 228
758 16 226
758 18 224
755 18 227
753 22 225
755 20 225
755 21 224
752 23 225
749 26 225
746 29 225
746 27 227
744 27 229
737 27 236
739 26 235
739 27 234
731 31 238
729 33 238
727 28 245
727 28 245
725 29 246
724 31 245
724 30 246
718 30 252
714 34 252
716 32 252
718 34 248
718 31 251
721 28 251
719 31 250
713 34 253
713 35 252
710 37 253
707 37 256
699 45 256
688 48 264
685 45 270
684 42 274
685 39 276
686 42 272
682 44 274
674 43 283
673 42 285
672 39 289
671 46 283
666 45 289
668 44 288
669 46 285
665 49 286
667 47 286
670 45 285
669 47 284
669 42 289
668 42 290
668 43 289
665 43 292
662 47 291
657 50 293
658 44 298
652 46 302
655 48 297
656 47 297
648 53 299
644 54 302
642 58 300
642 57 301
636 65 299
631 68 301
626 66 308
634 62 304
629 56 315
633 52 315
638 49 313
639 49 312
635 52 313
635 51 314
636 49 315
635 54 311
636 55 309
638 58 304
640 58 302
638 57 305
635 53 312
634 52 314
628 55 317
626 52 322
630 49 321
626 50 324
626 48 326
624 48 328
617 51 332
616 48 336
618 52 330
611 52 337
602 57 341
599 52 349
595 47 358
596 51 353
602 51 347
603 47 350
604 44 352
602 42 356
598 39 363
603 37 360
607 34 359
608 36 356
608 31 361
612 25 363
615 26 359
619 25 356
619 24 357
621 21 358
627 19 354
632 15 353
636 17 347
639 17 344
645 14 341
644 17 339
648 18 334
647 17 336
651 15 334
654 11 335
657 14 329
656 16 328
659 16 325
657 19 324
656 22 322
654 22 324
661 20 319
659 26 315
656 30 314
655 30 315
657 28 315
654 25 321
654 25 321
650 26 324
644 27 329
650 28 322
654 26 320
656 26 318
656 26 318
654 30 316
650 31 319
652 25 323
659 25 316
664 22 314
664 22 314
666 19 315
669 24 307
671 25 304
676 25 299
681 24 295
679 26 295
673 27 300
680 25 295
680 28 292
678 30 292
682 24 294
682 21 297
680 22 298
679 21 300
682 15 303
682 18 300
683 18 299
678 23 299
682 25 293
683 23 294
687 24 289
687 26 287
685 26 289
685 24 291
688 23 289
693 20 287
696 18 286
698 18 284
700 19 281
696 17 287
692 20 288
693 20 287
693 20 287
691 19 290
696 18 286
698 19 283
697 20 283
699 20 281
703 21 276
706 25 269
709 23 268
709 21 270
710 19 271
714 21 265
715 22 263
710 25 265
709 25 266
706 28 266
707 29 264
704 29 267
709 23 268
710 23 267
712 23 265
711 24 265
714 22 264
718 24 258
723 25 252
727 27 246
727 27 246
724 29 247
719 28 253
721 30 249
720 28 252
719 25 256
724 26 250
726 26 248
719 32 249
720 28 252
717 29 254
718 22 260
717 22 261
715 25 260
718 22 260
721 23 256
720 24 256
723 21 256
722 23 255
723 20 257
727 20 253
735 16 249
737 18 245
735 19 246
733 21 246
732 23 245
734 24 242
731 23 246
728 23 249
728 22 250
729 25 246
728 28 244
730 26 244
732 27 241
730 30 240
733 27 240
732 26 242
730 27 243
729 27 244
728 25 247
725 26 249
719 27 254
714 30 256
714 27 259
709 29 262
707 27 266
701 29 270
701 31 268
694 35 271
692 38 270
690 32 278
687 31 282
685 28 287
686 27 287
685 26 289
685 23 292
683 25 292
680 26 294
680 26 294
680 29 291
681 31 288
680 34 286
680 33 287
681 33 286
679 32 289
678 31 291
674 35 291
675 31 294
677 30 293
678 29 293
676 30 294
677 27 296
676 27 297
679 24 297
682 24 294
677 27 296
678 28 294
676 27 297
672 32 296
678 32 290
680 30 290
678 32 290
676 34 290
679 34 287
681 31 288
687 31 282
691 31 278
684 34 282
683 31 286
689 28 283
686 28 286
684 30 286
682 30 288
680 30 290
682 25 293
685 22 293
685 20 295
687 16 297
692 16 292
690 16 294
696 13 291
699 12 289
700 16 284
700 15 285
701 16 283
702 18 280
704 17 279
705 16 279
709 16 275
711 15 274
708 22 270
711 19 270
719 19 262
719 22 259
719 23 258
721 21 258
724 19 257
726 17 257
728 19 253
726 22 252
725 27 248
727 29 244
731 26 243
730 25 245
731 26 243
733 24 243
737 26 237
743 27 230
747 22 231
753 22 225
749 25 226
751 27 222
749 30 221
750 29 221
751 30 219
746 34 220
751 32 217
751 28 221
752 26 222
752 29 219
744 34 222
741 30 229
739 31 230
742 28 230
735 33 232
737 32 231
735 33 232
732 30 238
731 29 240
732 32 236
730 35 235
731 33 236
723 39 238
722 45 233
720 46 234
714 47 239
714 43 243
712 43 245
705 47 248
703 46 251
698 49 253
696 51 253
687 55 258
682 55 263
678 54 268
679 51 270
675 55 270
668 58 274
660 59 281
654 54 292
636 67 297
636 66 298
630 64 306
629 49 322
627 47 326
628 39 333
629 42 329
627 47 326
622 48 330
622 43 335
625 44 331
627 44 329
625 44 331
621 42 337
625 42 333
623 40 337
625 37 338
623 41 336
623 38 339
619 42 339
621 43 336
624 38 338
628 34 338
630 37 333
628 44 328
632 39 329
636 36 328
637 35 328
634 32 334
632 34 334
636 33 331
640 32 328
643 29 328
640 31 329
637 35 328
635 34 331
635 35 330
635 37 328
638 37 325
638 42 320
638 41 321
641 36 323
646 30 324
653 26 321
658 23 319
661 23 316
664 25 311
664 26 310
666 30 304
668 31 301
669 32 299
663 38 299
658 43 299
664 40 296
661 42 297
658 41 301
654 49 297
656 44 300
649 42 309
655 39 306
654 37 309
659 36 305
659 39 302
659 36 305
660 35 305
661 32 307
660 34 306
660 32 308
657 33 310
655 32 313
659 30 311
662 30 308
667 32 301
675 29 296
675 31 294
670 33 297
673 31 296
671 33 296
668 37 295
667 31 302
669 29 302
674 29 297
671 34 295
673 30 297
676 26 298
679 25 296
676 25 299
678 24 298
673 28 299
675 28 297
674 32 294
679 33 288
684 30 286
682 26 292
683 24 293
685 22 293
682 21 297
681 24 295
685 23 292
686 22 292
695 21 284
700 18 282
701 13 286
703 15 282
710 12 278
713 14 273
711 18 271
712 15 273
713 16 271
713 15 272
719 12 269
728 10 262
731 8 261
735 10 255
734 11 255
741 12 247
747 9 244
747 11 242
750 10 240
749 10 241
752 10 238
757 11 232
758 11 231
761 12 227
764 13 223
760 18 222
758 19 223
756 24 220
754 25 221
754 22 224
751 25 224
752 23 225
754 21 225
755 19 226
751 19 230
752 18 230
751 18 231
753 15 232
755 13 232
756 15 229
758 16 226
761 16 223
758 20 222
760 22 218
755 22 223
755 25 220
746 31 223
738 33 229
730 39 231
722 42 236
714 45 241
713 38 249
707 42 251
707 42 251
698 47 255
695 50 255
689 52 259
688 45 267
689 44 267
681 48 271
677 53 270
680 47 273
673 50 277
674 48 278
666 51 283
659 48 293
661 49 290
659 50 291
654 54 292
647 55 298
643 51 306
636 51 313
630 51 319
633 49 318
640 48 312
642 42 316
643 41 316
642 37 321
644 38 318
642 36 322
642 34 324
644 37 319
640 40 320
635 41 324
634 43 323
631 41 328
624 48 328
615 52 333
613 49 338
612 48 340
610 48 342
614 44 342
618 41 341
617 39 344
616 36 348
613 37 350
619 32 349
627 30 343
629 30 341
630 29 341
639 26 335
644 26 330
646 25 329
644 28 328
647 26 327
653 26 321
657 20 323
659 17 324
