995 5 0
994 5 1
994 5 1
993 6 1
988 11 1
979 18 3
968 27 5
954 41 5
932 55 13
903 73 24
879 85 36
851 102 47
828 115 57
793 132 75
768 138 94
737 149 114
712 150 138
690 152 158
663 157 180
643 145 212
627 138 235
610 141 249
606 129 265
593 130 277
582 120 298
578 106 316
568 110 322
557 107 336
556 95 349
549 89 362
549 86 365
543 86 371
542 79 379
542 78 380
537 74 389
536 66 398
543 56 401
549 50 401
545 48 407
535 47 418
530 42 428
528 44 428
535 42 423
532 52 416
530 52 418
529 46 425
528 51 421
533 48 419
536 48 416
540 44 416
539 44 417
544 35 421
543 33 424
544 32 424
545 26 429
548 24 428
552 27 421
562 24 414
559 24 417
565 27 408
570 24 406
572 30 398
579 27 394
585 24 391
586 24 390
589 25 386
589 22 389
589 24 387
591 22 387
602 19 379
609 19 372
612 19 369
620 17 363
625 17 358
624 20 356
626 19 355
627 19 354
629 23 348
631 26 343
637 24 339
638 26 336
641 22 337
642 20 338
647 13 340
654 14 332
657 11 332
659 14 327
659 19 322
652 25 323
652 24 324
652 28 320
646 27 327
638 31 331
633 39 328
628 38 334
626 39 335
630 38 332
632 40 328
632 35 333
633 31 336
634 30 336
630 35 335
631 31 338
630 34 336
632 33 335
641 25 334
644 24 332
652 19 329
653 15 332
656 15 329
655 15 330
660 16 324
665 12 323
666 11 323
668 10 322
671 11 318
676 12 312
679 13 308
681 10 309
685 10 305
689 10 301
690 11 299
696 10 294
697 10 293
702 10 288
704 10 286
704 12 284
708 13 279
710 15 275
710 15 275
712 17 271
711 21 268
708 24 268
709 20 271
708 23 269
708 24 268
708 21 271
707 24 269
704 25 271
704 23 273
702 27 271
707 30 263
707 31 262
707 34 259
704 35 261
699 38 263
695 35 270
690 34 276
685 37 278
680 41 279
680 37 283
680 33 287
680 29 291
687 27 286
688 28 284
687 29 284
689 29 282
690 23 287
692 19 289
701 13 286
703 11 286
705 10 285
712 11 277
713 6 281
716 6 278
723 6 271
727 6 267
731 7 262
734 5 261
734 8 258
740 8 252
745 6 249
749 4 247
747 8 245
753 6 241
753 7 240
759 6 235
761 6 233
763 6 231
766 6 228
774 3 223
777 2 221
782 0 218
787 0 213
790 0 210
793 0 207
796 0 204
801 0 199
804 1 195
807 1 192
808 1 191
811 1 188
817 1 182
821 1 178
825 0 175
827 0 173
830 1 169
832 1 167
836 0 164
837 1 162
841 2 157
843 1 156
847 0 153
848 0 152
849 0 151
847 3 150
847 5 148
849 4 147
850 5 145
845 10 145
842 16 142
842 15 143
840 16 144
839 16 145
838 15 147
839 15 146
837 16 147
838 17 145
841 16 143
844 18 138
844 13 143
845 14 141
849 11 140
853 10 137
856 11 133
860 9 131
861 6 133
865 5 130
864 6 130
863 7 130
863 4 133
868 4 128
869 2 129
869 2 129
872 2 126
873 4 123
875 4 121
873 6 121
868 11 121
860 18 122
855 25 120
849 31 120
836 38 126
825 43 132
799 61 140
781 70 149
771 67 162
761 64 175
759 61 180
741 72 187
735 62 203
726 63 211
711 70 219
707 65 228
703 61 236
700 63 237
696 63 241
693 64 243
688 60 252
688 52 260
683 57 260
683 54 263
681 48 271
685 42 273
686 41 273
689 34 277
685 38 277
676 40 284
677 36 287
677 34 289
682 30 288
683 32 285
679 31 290
676 33 291
675 36 289
673 30 297
676 29 295
677 24 299
678 23 299
677 26 297
675 28 297
675 30 295
677 31 292
680 33 287
676 39 285
674 38 288
678 36 286
681 34 285
682 34 284
685 33 282
686 36 278
685 38 277
692 35 273
695 31 274
694 31 275
698 30 272
692 36 272
690 38 272
691 38 271
685 44 271
679 47 274
673 47 280
671 46 283
668 51 281
669 46 285
661 50 289
654 49 297
649 48 303
650 46 304
651 45 304
652 51 297
658 46 296
658 40 302
661 35 304
664 32 304
658 38 304
660 39 301
661 36 303
661 40 299
657 50 293
649 61 290
639 66 295
633 64 303
625 67 308
621 64 315
621 63 316
608 65 327
604 62 334
599 61 340
600 55 345
607 50 343
605 48 347
610 44 346
602 52 346
600 53 347
598 53 349
597 54 349
593 56 351
589 56 355
589 52 359
585 54 361
585 51 364
586 48 366
586 42 372
592 34 374
594 35 371
599 30 371
609 28 363
607 32 361
611 29 360
616 24 360
618 24 358
620 25 355
617 31 352
615 36 349
613 40 347
611 43 346
611 46 343
606 46 348
612 44 344
609 46 345
610 44 346
613 42 345
616 37 347
614 39 347
620 35 345
621 36 343
624 31 345
629 29 342
632 32 336
633 27 340
637 24 339
643 22 335
643 22 335
644 22 334
640 26 334
641 26 333
645 25 330
651 23 326
653 24 323
656 23 321
661 23 316
660 22 318
658 24 318
661 22 317
660 23 317
664 20 316
671 18 311
674 15 311
681 16 303
684 12 304
689 9 302
700 6 294
703 8 289
709 7 284
712 6 282
716 5 279
722 4 274
725 4 271
729 3 268
734 3 263
737 3 260
742 4 254
748 3 249
750 2 248
752 2 246
758 2 240
763 2 235
766 2 232
769 2 229
774 1 225
778 1 221
777 2 221
780 2 218
784 1 215
790 2 208
790 2 208
790 1 209
794 1 205
799 1 200
803 1 196
804 1 195
808 1 191
810 2 188
817 2 181
819 4 177
823 2 175
825 3 172
824 4 172
826 3 171
827 5 168
828 4 168
830 5 165
833 4 163
836 4 160
839 3 158
838 4 158
839 5 156
840 3 157
845 3 152
850 3 147
849 5 146
849 4 147
853 3 144
854 1 145
857 1 142
859 1 140
864 1 135
870 1 129
873 1 126
877 2 121
883 1 116
885 2 113
886 3 111
888 2 110
892 2 106
892 2 106
893 1 106
893 2 105
892 2 106
892 4 104
892 4 104
888 11 101
886 10 104
884 10 106
882 12 106
876 16 108
877 17 106
874 17 109
871 21 108
864 25 111
855 31 114
851 36 113
848 36 116
843 37 120
838 34 128
832 43 125
825 49 126
815 56 129
805 61 134
798 63 139
792 68 140
778 78 144
761 83 156
751 82 167
739 85 176
729 88 183
717 93 190
709 88 203
700 87 213
690 90 220
675 92 233
659 97 244
641 101 258
633 97 270
617 98 285
612 95 293
594 104 302
587 109 304
587 98 315
581 101 318
575 100 325
566 97 337
555 97 348
552 87 361
544 86 370
542 74 384
541 74 385
542 72 386
536 67 397
537 67 396
537 62 401
535 59 406
540 52 408
537 47 416
536 49 415
536 46 418
539 42 419
542 38 420
546 37 417
551 33 416
552 33 415
556 34 410
561 28 411
565 23 412
564 23 413
575 21 404
576 21 403
576 19 405
583 17 400
589 15 396
586 21 393
586 28 386
592 22 386
604 17 379
614 12 374
620 14 366
624 16 360
629 16 355
632 15 353
633 16 351
638 15 347
643 14 343
645 11 344
650 12 338
652 12 336
653 13 334
660 15 325
662 17 321
670 17 313
672 17 311
668 21 311
665 23 312
659 33 308
656 38 306
652 44 304
643 52 305
643 58 299
635 66 299
632 62 306
624 69 307
618 71 311
599 83 318
599 73 328
596 70 334
598 60 342
594 58 348
595 44 361
599 40 361
604 41 355
606 35 359
611 36 353
613 36 351
611 42 347
608 45 347
609 44 347
614 40 346
614 40 346
615 39 346
615 28 357
618 26 356
623 23 354
624 23 353
629 20 351
633 19 348
633 19 348
641 15 344
648 16 336
648 20 332
654 20 326
659 18 323
653 24 323
644 30 326
637 36 327
635 42 323
629 46 325
627 45 328
618 50 332
617 53 330
615 56 329
612 54 334
609 55 336
608 53 339
605 54 341
605 56 339
606 52 342
605 49 346
614 43 343
616 42 342
624 36 340
623 36 341
628 34 338
629 38 333
633 36 331
636 36 328
637 40 323
640 36 324
642 30 328
641 26 333
647 24 329
645 25 330
649 28 323
644 30 326
643 27 330
643 27 330
642 28 330
643 31 326
645 31 324
649 26 325
645 26 329
648 25 327
651 20 329
654 20 326
658 19 323
657 19 324
658 16 326
662 15 323
664 18 318
669 18 313
673 18 309
679 17 304
678 21 301
678 26 296
678 33 289
679 29 292
674 35 291
671 37 292
671 41 288
670 35 295
672 30 298
680 31 289
688 28 284
688 29 283
695 25 280
696 29 275
697 31 272
695 36 269
699 37 264
704 30 266
703 32 265
702 34 264
696 36 268
692 41 267
689 41 270
688 47 265
679 53 268
666 60 274
655 69 276
648 74 278
637 76 287
632 74 294
620 80 300
609 82 309
607 82 311
609 77 314
606 76 318
604 70 326
603 64 333
604 59 337
600 53 347
604 48 348
605 47 348
603 47 350
604 46 350
608 41 351
611 39 350
616 33 351
622 29 349
629 25 346
629 21 350
635 20 345
637 21 342
643 18 339
642 19 339
641 18 341
651 13 336
658 13 329
661 12 327
668 10 322
673 8 319
674 11 315
677 13 310
676 13 311
680 14 306
680 17 303
684 18 298
690 18 292
688 21 291
688 18 294
687 24 289
686 25 289
687 23 290
694 22 284
692 25 283
689 28 283
688 32 280
684 39 277
681 42 277
678 47 275
676 41 283
675 40 285
674 42 284
679 38 283
681 34 285
685 31 284
686 26 288
690 28 282
693 24 283
696 18 286
698 17 285
701 17 282
703 14 283
705 11 284
709 10 281
717 10 273
721 8 271
723 10 267
728 8 264
729 9 262
734 8 258
728 14 258
726 16 258
724 20 256
718 24 258
714 28 258
709 30 261
715 28 257
714 31 255
708 41 251
705 36 259
701 35 264
699 28 273
701 29 270
700 29 271
700 34 266
691 44 265
686 44 270
684 44 272
681 47 272
680 37 283
679 37 284
680 36 284
684 33 283
684 33 283
683 36 281
678 37 285
675 44 281
668 47 285
663 47 290
654 48 298
655 45 300
650 47 303
650 44 306
650 43 307
650 38 312
649 35 316
650 36 314
651 35 314
656 31 313
652 33 315
648 32 320
652 30 318
651 25 324
652 24 324
655 23 322
653 25 322
658 20 322
662 19 319
668 15 317
673 15 312
678 12 310
680 11 309
680 11 309
687 14 299
695 14 291
697 16 287
702 17 281
704 21 275
708 18 274
712 18 270
710 21 269
712 19 269
715 15 270
718 17 265
721 15 264
719 20 261
721 20 259
727 19 254
731 16 253
734 19 247
732 24 244
734 27 239
731 31 238
724 35 241
720 38 242
719 39 242
712 41 247
709 45 246
709 46 245
711 46 243
707 45 248
702 46 252
698 46 256
696 44 260
699 42 259
702 37 261
706 33 261
705 32 263
705 31 264
709 30 261
701 36 263
694 38 268
695 41 264
694 41 265
695 43 262
688 48 264
689 42 269
686 44 270
684 42 274
670 56 274
661 62 277
654 66 280
644 66 290
631 71 298
621 70 309
607 76 317
603 76 321
592 85 323
582 86 332
578 93 329
570 95 335
564 84 352
552 79 369
546 83 371
547 79 374
550 71 379
550 69 381
550 68 382
552 60 388
551 56 393
549 54 397
547 52 401
548 48 404
546 43 411
547 43 410
551 41 408
549 45 406
552 41 407
553 41 406
554 39 407
556 33 411
557 37 406
560 35 405
569 29 402
576 24 400
580 23 397
583 27 390
585 28 387
587 30 383
595 27 378
599 30 371
601 29 370
605 29 366
601 36 363
598 37 365
594 43 363
590 41 369
590 40 370
582 43 375
579 45 376
578 45 377
577 45 378
575 44 381
578 40 382
577 39 384
576 38 386
578 36 386
578 39 383
577 36 387
578 29 393
583 27 390
589 24 387
591 27 382
594 27 379
594 25 381
598 25 377
603 22 375
607 21 372
611 22 367
617 21 362
624 18 358
629 13 358
632 14 354
638 13 349
644 12 344
652 11 337
653 11 336
655 12 333
661 10 329
668 8 324
674 9 317
680 6 314
682 6 312
680 12 308
680 13 307
682 15 303
680 17 303
679 20 301
680 18 302
688 20 292
693 21 286
691 21 288
688 26 286
695 24 281
691 31 278
691 35 274
687 38 275
687 40 273
681 45 274
668 54 278
662 57 281
651 60 289
648 57 295
646 56 298
640 59 301
641 54 305
639 48 313
632 51 317
622 55 323
620 52 328
615 52 333
612 58 330
614 58 328
610 60 330
610 65 325
609 62 329
608 60 332
606 58 336
614 55 331
621 50 329
618 52 330
618 44 338
617 45 338
614 47 339
613 45 342
616 43 341
618 43 339
617 43 340
620 42 338
620 43 337
626 43 331
617 47 336
621 44 335
624 41 335
623 44 333
620 46 334
622 45 333
625 46 329
622 47 331
625 48 327
620 52 328
621 45 334
616 42 342
618 39 343
619 32 349
618 33 349
622 30 348
621 33 346
613 40 347
607 40 353
610 37 353
613 34 353
616 35 349
613 38 349
609 45 346
611 45 344
602 47 351
600 48 352
605 46 349
610 42 348
611 39 350
