1000 0 0
1000 0 0
1000 0 0
1000 0 0
1000 0 0
1000 0 0
1000 0 0
1000 0 0
1000 0 0
998 2 0
996 4 0
994 5 1
988 9 3
982 14 4
976 19 5
972 21 7
963 27 10
957 30 13
949 31 20
934 41 25
923 43 34
910 54 36
884 74 42
872 73 55
852 85 63
839 87 74
823 98 79
798 101 101
781 96 123
763 104 133
734 121 145
715 120 165
697 121 182
685 112 203
679 111 210
663 120 217
652 118 230
640 111 249
627 109 264
610 106 284
599 109 292
586 109 305
581 103 316
575 100 325
572 94 334
565 91 344
563 90 347
563 74 363
564 67 369
555 69 376
556 69 375
546 75 379
539 79 382
539 67 394
537 69 394
536 63 401
531 62 407
535 54 411
535 56 409
533 55 412
535 53 412
535 56 409
534 51 415
541 49 410
539 50 411
539 48 413
538 46 416
535 40 425
534 34 432
539 29 432
546 23 431
554 22 424
559 22 419
562 18 420
562 18 420
566 16 418
572 16 412
574 14 412
587 12 401
587 15 398
594 15 391
599 12 389
603 11 386
605 14 381
609 14 377
616 15 369
622 14 364
626 11 363
633 7 360
640 6 354
644 6 350
650 5 345
652 7 341
658 7 335
663 7 330
663 8 329
667 8 325
670 8 322
672 8 320
679 7 314
685 4 311
689 3 308
695 4 301
697 5 298
705 6 289
709 5 286
711 6 283
712 6 282
713 5 282
713 6 281
717 6 277
718 7 275
722 9 269
721 9 270
723 10 267
725 9 266
727 11 262
728 9 263
729 9 262
733 9 258
734 10 256
736 10 254
737 9 254
736 10 254
734 12 254
741 10 249
745 9 246
748 11 241
751 13 236
750 15 235
749 14 237
747 19 234
745 21 234
748 23 229
749 22 229
749 26 225
746 23 231
746 26 228
745 27 228
749 24 227
748 24 228
752 22 226
750 20 230
751 23 226
757 21 222
761 17 222
763 17 220
762 23 215
763 23 214
762 23 215
760 27 213
762 24 214
762 26 212
759 28 213
758 27 215
754 31 215
747 32 221
742 37 221
745 37 218
745 32 223
740 36 224
740 38 222
732 42 226
727 41 232
722 46 232
719 44 237
722 43 235
725 46 229
719 42 239
711 45 244
706 45 249
701 45 254
693 48 259
692 48 260
682 55 263
678 51 271
678 47 275
672 48 280
670 46 284
668 49 283
664 47 289
656 48 296
659 46 295
654 49 297
651 54 295
647 50 303
642 53 305
641 47 312
639 47 314
640 50 310
639 49 312
643 48 309
644 43 313
645 39 316
646 37 317
647 35 318
642 39 319
646 32 322
650 36 314
649 34 317
652 32 316
660 26 314
662 21 317
665 22 313
670 21 309
674 22 304
677 21 302
683 19 298
682 20 298
687 23 290
691 22 287
693 21 286
693 20 287
689 23 288
685 26 289
687 23 290
686 24 290
688 24 288
686 25 289
687 24 289
690 27 283
683 27 290
687 24 289
684 24 292
679 25 296
685 27 288
686 27 287
692 24 284
695 23 282
694 24 282
701 21 278
708 21 271
705 27 268
699 31 270
704 30 266
699 36 265
696 39 265
691 44 265
688 44 268
688 39 273
688 40 272
686 43 271
684 39 277
682 41 277
684 40 276
683 40 277
679 42 279
678 43 279
674 46 280
669 47 284
662 48 290
656 54 290
648 50 302
639 56 305
629 60 311
624 54 322
628 51 321
628 48 324
632 44 324
634 43 323
634 42 324
631 48 321
633 42 325
634 37 329
633 35 332
636 31 333
636 31 333
639 32 329
634 32 334
636 32 332
635 32 333
634 36 330
636 27 337
641 26 333
642 26 332
642 21 337
644 17 339
646 18 336
646 19 335
650 22 328
656 22 322
654 27 319
658 24 318
656 28 316
659 26 315
659 28 313
661 29 310
664 30 306
666 32 302
666 24 310
671 23 306
675 21 304
678 24 298
674 27 299
673 29 298
675 23 302
674 23 303
672 25 303
677 25 298
675 25 300
680 21 299
681 23 296
683 23 294
688 25 287
685 23 292
688 22 290
684 29 287
685 27 288
688 24 288
688 22 290
691 25 284
694 20 286
694 25 281
693 25 282
687 30 283
687 27 286
687 23 290
683 26 291
685 26 289
689 22 289
693 21 286
696 21 283
695 21 284
697 22 281
699 22 279
700 22 278
704 23 273
705 19 276
706 17 277
706 19 275
704 23 273
701 29 270
703 25 272
696 26 278
698 25 277
695 27 278
700 26 274
708 19 273
714 19 267
718 20 262
721 21 258
727 22 251
724 24 252
726 20 254
729 20 251
732 15 253
732 14 254
734 16 250
738 15 247
742 12 246
749 9 242
749 11 240
751 11 238
752 11 237
752 9 239
756 8 236
757 9 234
759 10 231
760 14 226
763 11 226
760 12 228
760 9 231
764 8 228
763 9 228
761 12 227
761 12 227
757 16 227
759 14 227
760 16 224
763 17 220
767 18 215
760 21 219
758 18 224
756 17 227
752 22 226
746 25 229
745 27 228
745 18 237
744 20 236
751 17 232
750 19 231
749 15 236
752 13 235
754 9 237
757 11 232
757 9 234
759 13 228
759 18 223
756 20 224
758 21 221
755 20 225
751 22 227
754 21 225
751 26 223
750 25 225
750 25 225
753 21 226
750 24 226
748 21 231
745 26 229
744 28 228
745 24 231
746 20 234
744 20 236
744 19 237
745 18 237
749 15 236
749 20 231
751 23 226
749 27 224
748 30 222
739 38 223
740 36 224
736 40 224
734 38 228
733 38 229
734 39 227
730 35 235
730 38 232
730 33 237
733 36 231
730 36 234
727 37 236
727 33 240
726 34 240
722 36 242
717 36 247
716 38 246
712 36 252
708 33 259
706 35 259
704 39 257
696 43 261
696 40 264
693 34 273
694 32 274
692 35 273
688 36 276
689 34 277
688 30 282
690 29 281
688 27 285
687 30 283
686 29 285
684 31 285
684 30 286
683 28 289
685 30 285
689 27 284
691 22 287
692 24 284
690 28 282
694 27 279
698 22 280
702 22 276
699 25 276
702 24 274
703 20 277
707 21 272
706 23 271
707 21 272
713 18 269
714 19 267
718 17 265
722 12 266
725 11 264
727 10 263
730 10 260
733 12 255
732 14 254
735 13 252
730 16 254
726 20 254
725 19 256
724 19 257
728 17 255
732 16 252
735 17 248
728 24 248
728 21 251
724 26 250
722 29 249
721 29 250
723 26 251
721 31 248
720 34 246
716 41 243
717 43 240
721 42 237
717 45 238
719 44 237
717 41 242
706 45 249
704 43 253
698 45 257
695 46 259
682 57 261
680 51 269
673 56 271
670 60 270
667 53 280
662 54 284
654 55 291
655 51 294
659 49 292
660 46 294
657 48 295
656 53 291
653 54 293
657 43 300
654 48 298
647 53 300
642 58 300
636 64 300
631 62 307
627 66 307
622 62 316
616 64 320
618 52 330
613 53 334
609 56 335
607 55 338
608 48 344
613 41 346
615 41 344
613 36 351
614 32 354
615 28 357
616 29 355
620 27 353
633 24 343
633 25 342
637 25 338
639 23 338
637 25 338
637 23 340
643 21 336
643 17 340
649 15 336
648 20 332
659 17 324
656 21 323
656 19 325
663 20 317
664 15 321
666 14 320
669 13 318
672 14 314
672 18 310
675 19 306
676 17 307
681 13 306
684 13 303
692 10 298
697 8 295
696 9 295
696 8 296
702 8 290
709 8 283
712 9 279
714 9 277
717 13 270
718 12 270
721 12 267
727 12 261
728 12 260
728 12 260
728 12 260
728 10 262
729 11 260
736 8 256
739 7 254
743 9 248
744 10 246
744 11 245
746 8 246
749 7 244
751 6 243
754 4 242
758 4 238
759 5 236
763 4 233
763 6 231
769 5 226
769 4 227
775 4 221
778 4 218
779 5 216
779 9 212
782 10 208
784 12 204
789 11 200
787 12 201
789 10 201
792 8 200
793 8 199
793 7 200
798 7 195
802 5 193
804 4 192
808 3 189
811 3 186
812 4 184
813 6 181
813 7 180
817 6 177
818 6 176
818 8 174
819 7 174
815 9 176
819 8 173
822 7 171
823 9 168
824 7 169
827 7 166
830 7 163
833 6 161
836 7 157
836 9 155
841 6 153
843 6 151
839 11 150
840 10 150
841 12 147
841 13 146
839 16 145
833 20 147
828 22 150
824 22 154
827 23 150
816 29 155
808 37 155
806 39 155
799 42 159
790 49 161
783 52 165
773 55 172
758 60 182
747 65 188
745 57 198
741 51 208
738 47 215
733 46 221
725 48 227
721 53 226
716 50 234
716 49 235
719 48 233
718 48 234
711 47 242
709 46 245
707 47 246
709 45 246
707 38 255
705 38 257
709 35 256
705 38 257
703 38 259
700 35 265
696 38 266
697 39 264
695 41 264
690 49 261
686 46 268
686 44 270
682 43 275
685 37 278
682 45 273
682 43 275
682 42 276
683 43 274
682 44 274
683 40 277
683 37 280
681 36 283
680 32 288
683 28 289
687 28 285
691 23 286
691 24 285
691 21 288
694 20 286
697 23 280
696 19 285
696 17 287
699 19 282
698 23 279
701 24 275
701 22 277
700 24 276
699 24 277
697 26 277
697 25 278
692 30 278
688 26 286
692 24 284
696 21 283
700 16 284
702 14 284
702 15 283
702 18 280
705 17 278
712 10 278
713 11 276
721 9 270
721 12 267
732 12 256
730 12 258
733 10 257
733 9 258
734 10 256
734 12 254
742 11 247
742 10 248
744 7 249
749 7 244
746 8 246
748 10 242
752 9 239
759 6 235
758 9 233
758 7 235
760 6 234
765 5 230
769 4 227
774 4 222
776 3 221
778 3 219
781 3 216
783 2 215
786 2 212
788 4 208
789 2 209
789 4 207
792 5 203
798 2 200
798 2 200
798 3 199
796 4 200
797 6 197
799 10 191
797 14 189
795 16 189
796 17 187
796 17 187
797 16 187
801 15 184
806 16 178
803 19 178
805 16 179
806 16 178
806 16 178
801 18 181
801 18 181
803 20 177
795 22 183
793 22 185
793 18 189
798 19 183
799 20 181
798 22 180
799 19 182
796 20 184
794 23 183
791 25 184
793 27 180
785 33 182
783 31 186
779 28 193
777 27 196
772 30 198
768 35 197
763 38 199
761 36 203
757 38 205
754 43 203
752 45 203
748 47 205
738 47 215
733 46 221
729 49 222
721 58 221
719 55 226
713 54 233
711 49 240
712 47 241
710 48 242
711 39 250
711 36 253
710 35 255
711 32 257
714 31 255
710 31 259
706 33 261
700 38 262
700 35 265
701 32 267
704 29 267
703 31 266
700 33 267
700 27 273
697 30 273
698 31 271
697 27 276
696 27 277
694 26 280
693 26 281
691 29 280
693 28 279
696 27 277
698 28 274
699 26 275
698 28 274
694 29 277
698 31 271
699 25 276
695 28 277
694 27 279
694 28 278
692 31 277
694 33 273
686 37 277
682 35 283
686 35 279
680 37 283
677 36 287
677 31 292
677 28 295
681 27 292
680 30 290
682 28 290
683 29 288
683 29 288
682 31 287
682 32 286
685 31 284
683 31 286
682 29 289
682 29 289
679 30 291
684 27 289
687 28 285
688 26 286
688 24 288
688 25 287
691 24 285
689 27 284
694 24 282
696 21 283
696 22 282
696 24 280
696 27 277
697 29 274
696 33 271
698 34 268
699 34 267
703 35 262
702 34 264
699 39 262
689 46 265
687 45 268
689 43 268
691 43 266
686 40 274
691 39 270
687 39 274
678 41 281
674 39 287
676 40 284
672 44 284
669 43 288
668 42 290
663 47 290
659 48 293
661 49 290
660 42 298
659 42 299
658 38 304
655 39 306
650 40 310
652 42 306
651 34 315
653 32 315
655 32 313
653 32 315
658 31 311
657 31 312
655 30 315
656 28 316
656 28 316
659 29 312
657 36 307
650 44 306
646 42 312
651 39 310
650 40 310
651 44 305
648 43 309
647 37 316
648 38 314
648 36 316
643 36 321
640 36 324
649 33 318
650 31 319
653 29 318
656 29 315
659 23 318
664 24 312
663 27 310
664 26 310
663 24 313
666 21 313
665 21 314
667 22 311
667 20 313
671 19 310
672 17 311
673 19 308
680 21 299
685 17 298
686 16 298
687 17 296
686 22 292
683 23 294
689 21 290
689 22 289
692 23 285
690 24 286
693 25 282
696 24 280
697 24 279
697 24 279
697 22 281
698 23 279
703 20 277
706 22 272
708 20 272
708 24 268
710 20 270
709 20 271
716 20 264
715 19 266
714 19 267
717 18 265
718 15 267
719 17 264
720 15 265
728 13 259
731 14 255
731 12 257
733 14 253
734 12 254
737 14 249
741 13 246
739 15 246
740 15 245
742 15 243
744 16 240
747 17 236
748 16 236
748 16 236
753 15 232
757 14 229
764 13 223
768 16 216
768 19 213
766 20 214
768 19 213
766 20 214
766 21 213
768 19 213
765 22 213
764 22 214
764 24 212
762 26 212
761 26 213
760 22 218
760 22 218
761 23 216
759 21 220
758 22 220
756 21 223
756 23 221
757 24 219
755 25 220
757 26 217
756 23 221
755 24 221
754 25 221
750 26 224
749 28 223
745 31 224
740 31 229
736 30 234
741 28 231
743 23 234
740 24 236
741 26 233
743 26 231
745 21 234
