1000 0 0
1000 0 0
1000 0 0
1000 0 0
1000 0 0
1000 0 0
999 1 0
999 1 0
999 1 0
997 3 0
995 3 2
991 5 4
991 5 4
990 4 6
987 5 8
985 5 10
979 8 13
979 8 13
977 11 12
972 13 15
964 16 20
957 19 24
954 20 26
949 24 27
936 29 35
928 32 40
916 39 45
903 47 50
898 44 58
888 51 61
878 57 65
872 55 73
867 55 78
861 56 83
845 60 95
836 60 104
824 69 107
812 70 118
808 62 130
800 58 142
785 66 149
775 71 154
773 64 163
759 67 174
753 61 186
745 59 196
744 57 199
734 59 207
727 62 211
720 63 217
710 73 217
703 73 224
698 70 232
689 67 244
680 70 250
673 77 250
670 72 258
668 64 268
662 63 275
658 62 280
652 59 289
654 55 291
653 57 290
652 53 295
645 55 300
644 60 296
646 57 297
639 55 306
639 58 303
636 55 309
639 48 313
638 45 317
639 42 319
641 39 320
645 37 318
646 34 320
650 28 322
653 27 320
658 27 315
660 25 315
665 24 311
668 23 309
664 29 307
664 34 302
662 34 304
657 30 313
661 29 310
661 32 307
662 32 306
664 29 307
666 27 307
664 30 306
668 32 300
659 38 303
655 43 302
654 48 298
652 48 300
649 48 303
657 41 302
661 39 300
660 37 303
661 37 302
657 44 299
662 41 297
666 39 295
663 39 298
657 39 304
659 36 305
662 35 303
655 34 311
657 33 310
658 34 308
662 31 307
664 24 312
669 20 311
675 17 308
681 14 305
678 16 306
684 17 299
685 16 299
688 17 295
691 15 294
690 15 295
693 13 294
696 13 291
700 14 286
703 11 286
712 11 277
716 12 272
719 12 269
723 11 266
731 10 259
733 8 259
737 10 253
735 13 252
735 15 250
738 10 252
743 10 247
747 12 241
748 11 241
748 9 243
751 13 236
755 10 235
756 10 234
756 14 230
759 14 227
763 16 221
766 13 221
767 13 220
764 17 219
762 21 217
758 22 220
753 27 220
753 29 218
753 30 217
755 28 217
757 32 211
758 30 212
755 33 212
752 31 217
746 37 217
743 38 219
738 40 222
738 34 228
732 38 230
727 43 230
728 41 231
723 44 233
722 40 238
724 39 237
725 37 238
724 37 239
726 30 244
721 29 250
725 22 253
727 22 251
723 25 252
723 27 250
724 28 248
721 33 246
717 30 253
718 30 252
719 26 255
724 23 253
725 25 250
728 28 244
728 28 244
727 26 247
727 26 247
727 24 249
727 26 247
723 30 247
721 32 247
718 34 248
722 27 251
722 26 252
723 27 250
724 29 247
720 34 246
720 36 244
713 39 248
710 40 250
705 40 255
700 40 260
702 39 259
696 44 260
695 46 259
691 45 264
697 35 268
697 36 267
699 36 265
696 40 264
692 37 271
688 37 275
685 40 275
686 39 275
686 39 275
687 41 272
684 42 274
684 37 279
687 35 278
690 37 273
691 33 276
694 29 277
694 30 276
693 26 281
699 29 272
693 34 273
692 32 276
695 35 270
693 33 274
694 31 275
693 33 274
699 32 269
699 34 267
699 31 270
697 30 273
700 28 272
697 29 274
698 30 272
702 24 274
707 22 271
707 20 273
710 19 271
713 16 271
716 16 268
722 15 263
723 14 263
729 12 259
729 14 257
731 11 258
734 11 255
731 16 253
737 15 248
739 14 247
744 12 244
744 13 243
747 13 240
750 13 237
748 15 237
746 17 237
753 15 232
757 15 228
755 16 229
754 18 228
751 21 228
754 19 227
754 20 226
755 18 227
752 20 228
752 23 225
753 23 224
750 26 224
754 28 218
754 28 218
755 32 213
749 34 217
744 37 219
746 35 219
742 37 221
735 41 224
729 42 229
726 38 236
728 35 237
724 39 237
721 39 240
719 41 240
708 42 250
705 39 256
704 42 254
698 47 255
698 48 254
693 49 258
691 45 264
689 39 272
690 32 278
695 30 275
696 27 277
700 22 278
698 19 283
701 19 280
702 21 277
699 21 280
700 21 279
699 19 282
695 24 281
697 24 279
697 19 284
694 20 286
693 25 282
689 30 281
694 25 281
697 20 283
701 21 278
703 22 275
707 17 276
701 20 279
708 17 275
711 17 272
713 14 273
716 12 272
724 11 265
724 12 264
730 12 258
733 12 255
734 12 254
738 15 247
743 14 243
747 12 241
750 11 239
752 11 237
757 11 232
757 14 229
757 15 228
758 15 227
757 13 230
756 14 230
760 12 228
758 16 226
755 17 228
752 20 228
754 23 223
750 25 225
744 25 231
742 22 236
742 21 237
744 21 235
743 22 235
747 16 237
744 23 233
746 18 236
742 23 235
745 19 236
745 22 233
747 22 231
745 25 230
755 22 223
754 21 225
761 18 221
762 20 218
764 22 214
767 22 211
771 23 206
772 26 202
767 28 205
764 25 211
770 21 209
772 20 208
767 27 206
767 29 204
764 27 209
765 26 209
766 27 207
764 28 208
760 33 207
753 39 208
749 37 214
744 45 211
738 51 211
732 46 222
727 45 228
724 45 231
721 45 234
720 43 237
718 46 236
715 45 240
711 39 250
711 36 253
707 41 252
703 38 259
701 34 265
695 36 269
695 29 276
692 24 284
690 26 284
690 28 282
693 22 285
693 20 287
691 17 292
686 20 294
692 22 286
695 19 286
696 21 283
697 25 278
695 25 280
696 23 281
693 24 283
698 24 278
695 29 276
695 28 277
698 25 277
690 32 278
685 33 282
684 34 282
682 41 277
682 39 279
687 37 276
690 31 279
696 28 276
689 35 276
691 33 276
692 27 281
694 24 282
695 22 283
697 24 279
695 26 279
699 22 279
699 22 279
701 21 278
702 19 279
704 18 278
707 16 277
711 16 273
720 14 266
722 13 265
727 15 258
729 19 252
725 22 253
724 22 254
722 27 251
721 25 254
721 31 248
716 33 251
715 33 252
712 35 253
712 38 250
712 36 252
707 40 253
707 39 254
706 35 259
707 36 257
707 33 260
704 35 261
702 35 263
700 39 261
702 36 262
700 37 263
698 38 264
693 42 265
692 43 265
693 39 268
699 39 262
697 34 269
694 32 274
690 38 272
692 42 266
688 48 264
688 44 268
685 48 267
679 52 269
676 46 278
672 47 281
679 46 275
674 51 275
670 48 282
670 46 284
667 46 287
663 50 287
662 49 289
656 51 293
650 58 292
646 57 297
642 59 299
637 57 306
632 56 312
623 61 316
620 55 325
612 60 328
611 49 340
613 46 341
611 45 344
614 42 344
618 37 345
624 32 344
627 30 343
627 30 343
630 30 340
634 27 339
633 30 337
629 35 336
625 40 335
624 42 334
627 38 335
628 37 335
631 35 334
631 32 337
635 33 332
641 30 329
643 32 325
645 30 325
642 34 324
647 37 316
648 31 321
647 29 324
651 28 321
656 27 317
659 25 316
660 28 312
658 29 313
661 23 316
657 24 319
661 21 318
665 19 316
669 16 315
671 15 314
678 13 309
681 16 303
678 21 301
681 20 299
679 20 301
679 15 306
684 15 301
687 14 299
688 15 297
689 19 292
694 19 287
699 16 285
706 14 280
710 13 277
713 11 276
717 9 274
719 9 272
719 11 270
721 11 268
727 9 264
731 7 262
737 7 256
741 8 251
744 8 248
745 11 244
755 8 237
753 13 234
753 13 234
747 16 237
747 16 237
749 14 237
749 15 236
746 17 237
743 16 241
741 21 238
736 23 241
734 28 238
731 31 238
732 30 238
732 28 240
730 31 239
732 28 240
733 27 240
733 31 236
730 32 238
732 30 238
730 29 241
732 29 239
730 26 244
733 24 243
732 24 244
733 26 241
735 28 237
734 30 236
730 33 237
727 35 238
727 31 242
723 33 244
720 35 245
725 33 242
723 32 245
727 34 239
728 36 236
723 38 239
725 35 240
719 41 240
721 40 239
713 46 241
713 45 242
714 47 239
714 44 242
713 41 246
714 41 245
707 42 251
705 44 251
709 41 250
707 39 254
704 46 250
699 47 254
699 44 257
697 45 258
692 47 261
687 49 264
684 53 263
689 54 257
686 49 265
681 49 270
674 51 275
672 54 274
667 52 281
665 46 289
663 48 289
660 51 289
653 54 293
648 53 299
649 47 304
643 46 311
646 42 312
644 44 312
648 44 308
649 47 304
642 46 312
635 47 318
630 45 325
629 46 325
628 47 325
628 44 328
631 41 328
625 43 332
628 42 330
630 37 333
629 37 334
629 35 336
631 33 336
633 33 334
636 35 329
634 38 328
635 37 328
639 28 333
646 27 327
652 25 323
656 25 319
659 22 319
658 23 319
662 24 314
661 27 312
661 28 311
666 25 309
667 25 308
667 27 306
666 28 306
671 25 304
674 24 302
678 25 297
681 24 295
684 16 300
683 17 300
687 16 297
691 14 295
695 12 293
698 11 291
704 11 285
706 12 282
707 12 281
707 14 279
709 15 276
709 16 275
707 20 273
708 18 274
708 19 273
711 18 271
717 17 266
718 16 266
718 14 268
720 15 265
717 17 266
717 21 262
720 22 258
718 26 256
720 22 258
720 22 258
720 22 258
720 19 261
722 22 256
722 23 255
723 27 250
723 31 246
728 29 243
730 29 241
730 27 243
729 29 242
729 27 244
726 30 244
724 31 245
722 31 247
723 26 251
724 31 245
723 31 246
728 31 241
730 30 240
723 30 247
720 36 244
719 35 246
717 36 247
720 37 243
718 39 243
715 42 243
710 44 246
706 45 249
702 45 253
697 46 257
692 46 262
685 50 265
687 44 269
684 43 273
681 45 274
679 46 275
677 41 282
678 43 279
676 34 290
673 36 291
673 35 292
668 37 295
671 36 293
668 45 287
667 42 291
671 42 287
671 44 285
667 47 286
668 38 294
663 35 302
665 31 304
665 33 302
664 31 305
668 31 301
669 29 302
670 33 297
674 36 290
666 42 292
670 32 298
673 30 297
665 38 297
662 41 297
662 42 296
655 45 300
656 34 310
653 36 311
655 30 315
657 31 312
658 24 318
665 26 309
667 29 304
663 31 306
665 29 306
662 31 307
665 32 303
663 35 302
662 36 302
665 34 301
665 34 301
662 33 305
660 31 309
658 35 307
658 37 305
657 33 310
660 27 313
657 23 320
663 22 315
665 23 312
672 21 307
675 20 305
675 22 303
675 25 300
677 26 297
676 30 294
678 27 295
680 28 292
676 28 296
675 30 295
669 30 301
669 33 298
673 32 295
666 34 300
661 35 304
657 38 305
652 45 303
654 46 300
650 44 306
643 52 305
647 53 300
641 54 305
638 53 309
636 57 307
637 54 309
636 49 315
636 44 320
636 44 320
636 41 323
634 45 321
632 47 321
637 41 322
637 38 325
642 33 325
643 31 326
642 29 329
648 22 330
653 22 325
657 17 326
660 17 323
668 16 316
672 14 314
676 17 307
679 16 305
686 16 298
697 14 289
698 11 291
698 13 289
701 11 288
706 9 285
714 9 277
717 10 273
721 11 268
727 12 261
729 10 261
735 10 255
739 10 251
738 12 250
741 13 246
741 13 246
748 10 242
750 9 241
749 9 242
755 7 238
760 9 231
759 10 231
762 10 228
763 14 223
766 13 221
765 15 220
766 18 216
771 20 209
766 21 213
765 23 212
766 27 207
760 32 208
762 26 212
761 27 212
757 28 215
753 31 216
750 28 222
751 28 221
752 25 223
752 25 223
756 26 218
756 27 217
753 30 217
754 28 218
754 24 222
756 23 221
754 22 224
755 23 222
754 27 219
753 29 218
759 25 216
758 27 215
755 28 217
749 32 219
742 33 225
740 37 223
738 38 224
738 37 225
734 35 231
728 39 233
732 37 231
731 36 233
728 38 234
734 32 234
729 37 234
732 35 233
727 33 240
725 38 237
721 40 239
722 41 237
717 37 246
712 37 251
708 41 251
703 43 254
697 39 264
700 42 258
698 45 257
692 52 256
676 59 265
667 62 271
672 55 273
666 57 277
662 57 281
661 54 285
664 49 287
665 50 285
660 48 292
659 49 292
658 46 296
654 43 303
651 46 303
653 43 304
642 48 310
640 47 313
639 45 316
637 45 318
637 43 320
643 38 319
637 43 320
633 43 324
634 42 324
636 38 326
633 37 330
632 36 332
631 31 338
637 26 337
638 26 336
636 24 340
638 24 338
640 23 337
638 30 332
638 24 338
641 22 337
646 20 334
649 18 333
651 19 330
654 17 329
660 16 324
664 14 322
672 17 311
671 15 314
677 17 306
685 15 300
692 11 297
694 12 294
697 14 289
703 13 284
705 14 281
708 15 277
710 16 274
707 20 273
707 25 268
706 21 273
709 21 270
708 21 271
714 17 269
713 21 266
711 23 266
710 20 270
715 20 265
724 19 257
726 18 256
735 19 246
739 14 247
742 13 245
743 14 243
748 14 238
753 9 238
756 8 236
761 9 230
762 10 228
769 9 222
771 8 221
772 9 219
771 10 219
772 8 220
774 8 218
774 9 217
772 11 217
777 11 212
780 12 208
780 12 208
782 10 208
787 11 202
789 13 198
791 12 197
794 10 196
798 12 190
797 15 188
792 20 188
791 19 190
794 21 185
793 24 183
793 24 183
793 23 184
792 24 184
788 27 185
786 32 182
782 35 183
778 34 188
774 35 191
774 32 194
774 35 191
