1000 0 0
1000 0 0
1000 0 0
1000 0 0
1000 0 0
1000 0 0
1000 0 0
998 2 0
996 4 0
994 5 1
991 8 1
987 11 2
983 11 6
976 13 11
965 20 15
956 26 18
944 34 22
935 34 31
924 41 35
909 49 42
893 55 52
890 56 54
873 66 61
856 73 71
840 78 82
812 90 98
787 108 105
771 110 119
760 108 132
737 114 149
723 112 165
713 106 181
700 103 197
692 97 211
680 98 222
671 102 227
661 109 230
661 100 239
650 103 247
641 97 262
632 94 274
620 93 287
615 90 295
608 84 308
608 82 310
595 94 311
590 98 312
589 94 317
577 88 335
568 92 340
556 94 350
558 82 360
561 70 369
560 63 377
555 67 378
553 73 374
545 73 382
546 64 390
541 63 396
538 68 394
540 60 400
539 61 400
541 58 401
542 58 400
548 57 395
542 60 398
543 55 402
546 50 404
550 46 404
549 46 405
550 44 406
548 44 408
550 41 409
555 41 404
555 42 403
560 41 399
555 37 408
564 30 406
566 27 407
565 30 405
568 27 405
570 26 404
573 28 399
577 27 396
578 27 395
580 24 396
587 24 389
593 18 389
601 18 381
605 19 376
611 18 371
615 17 368
624 18 358
623 22 355
634 21 345
633 20 347
641 15 344
641 17 342
643 14 343
650 14 336
654 13 333
661 10 329
665 9 326
669 7 324
675 5 320
681 4 315
687 4 309
692 4 304
693 6 301
695 7 298
701 5 294
706 5 289
708 5 287
710 5 285
712 6 282
715 6 279
718 5 277
723 6 271
730 4 266
729 7 264
734 6 260
736 6 258
737 5 258
736 7 257
739 7 254
743 8 249
745 9 246
746 8 246
747 9 244
748 12 240
752 14 234
752 15 233
754 17 229
756 11 233
760 9 231
763 11 226
760 13 227
766 10 224
770 10 220
772 11 217
775 13 212
776 11 213
781 9 210
780 10 210
781 10 209
785 9 206
780 12 208
780 13 207
785 12 203
784 10 206
781 13 206
785 12 203
785 12 203
786 15 199
786 16 198
781 21 198
781 22 197
778 25 197
776 23 201
777 24 199
773 26 201
772 25 203
772 24 204
770 27 203
770 29 201
767 29 204
760 33 207
756 31 213
754 31 215
751 33 216
752 29 219
749 33 218
748 31 221
746 31 223
740 34 226
739 33 228
737 34 229
729 39 232
728 42 230
726 37 237
725 40 235
724 38 238
722 37 241
720 36 244
721 37 242
718 35 247
717 35 248
719 35 246
721 36 243
721 36 243
721 32 247
722 26 252
728 21 251
725 20 255
731 19 250
736 19 245
741 19 240
741 21 238
743 22 235
737 28 235
735 32 233
733 34 233
736 32 232
732 35 233
730 38 232
726 35 239
727 33 240
729 26 245
736 25 239
736 25 239
737 23 240
741 23 236
737 30 233
737 32 231
733 35 232
739 36 225
732 41 227
736 39 225
733 41 226
730 39 231
733 36 231
732 37 231
730 37 233
732 33 235
732 35 233
737 35 228
731 36 233
731 34 235
733 31 236
733 29 238
727 28 245
727 26 247
729 26 245
726 27 247
727 27 246
732 31 237
732 30 238
729 30 241
731 33 236
728 39 233
726 36 238
727 37 236
731 33 236
731 32 237
728 34 238
728 34 238
731 30 239
729 28 243
726 26 248
724 32 244
721 33 246
717 37 246
710 45 245
706 46 248
704 46 250
702 41 257
695 42 263
693 38 269
692 38 270
686 41 273
682 44 274
679 40 281
678 41 281
672 46 282
669 43 288
667 41 292
667 39 294
670 32 298
667 36 297
662 37 301
660 34 306
657 30 313
655 32 313
661 30 309
663 30 307
666 31 303
664 32 304
669 30 301
671 28 301
674 25 301
676 24 300
680 23 297
679 22 299
676 22 302
677 24 299
681 21 298
682 23 295
677 26 297
676 26 298
673 30 297
669 36 295
668 37 295
670 41 289
674 35 291
674 34 292
671 31 298
670 32 298
672 32 296
671 33 296
673 31 296
675 28 297
677 27 296
676 29 295
674 29 297
676 29 295
678 31 291
682 27 291
686 24 290
690 24 286
690 25 285
685 26 289
686 27 287
687 26 287
690 20 290
690 19 291
690 21 289
692 19 289
698 18 284
697 16 287
703 12 285
712 11 277
717 14 269
713 19 268
713 16 271
719 16 265
730 16 254
732 15 253
734 10 256
739 11 250
736 12 252
736 13 251
738 14 248
741 15 244
740 12 248
745 10 245
748 11 241
752 12 236
756 13 231
760 11 229
759 10 231
761 8 231
761 8 231
761 9 230
758 9 233
762 8 230
764 8 228
766 8 226
770 8 222
770 9 221
774 8 218
778 10 212
779 12 209
780 13 207
781 12 207
787 11 202
792 8 200
793 9 198
791 7 202
795 5 200
794 6 200
794 8 198
795 10 195
802 9 189
806 9 185
810 8 182
814 7 179
815 11 174
818 12 170
819 12 169
820 12 168
820 14 166
819 16 165
817 19 164
814 21 165
813 23 164
810 30 160
805 26 169
801 25 174
800 29 171
801 31 168
794 37 169
788 43 169
780 47 173
778 47 175
773 42 185
765 48 187
754 53 193
751 53 196
746 48 206
734 57 209
722 64 214
715 64 221
714 69 217
700 72 228
693 68 239
687 64 249
682 65 253
676 60 264
676 56 268
669 55 276
667 49 284
670 40 290
666 44 290
666 42 292
668 33 299
661 36 303
658 38 304
654 41 305
654 40 306
650 42 308
648 42 310
649 39 312
650 34 316
648 36 316
642 39 319
639 43 318
643 40 317
647 38 315
651 37 312
650 36 314
658 33 309
655 39 306
659 38 303
658 41 301
656 44 300
657 33 310
662 35 303
658 38 304
655 41 304
654 39 307
652 41 307
651 45 304
645 51 304
650 48 302
652 47 301
650 46 304
647 51 302
644 51 305
644 49 307
638 45 317
642 46 312
639 41 320
641 41 318
644 41 315
640 44 316
643 47 310
639 46 315
637 42 321
634 42 324
634 36 330
638 29 333
640 27 333
644 23 333
648 23 329
648 26 326
655 23 322
652 25 323
659 23 318
662 21 317
668 14 318
676 13 311
678 15 307
680 16 304
686 14 300
689 12 299
688 13 299
689 15 296
685 22 293
687 23 290
687 25 288
683 28 289
683 27 290
688 26 286
690 25 285
689 25 286
685 24 291
684 24 292
685 26 289
684 26 290
683 35 282
680 36 284
677 35 288
676 33 291
672 35 293
676 32 292
670 37 293
664 33 303
670 25 305
674 23 303
684 18 298
688 17 295
689 17 294
689 15 296
693 16 291
699 14 287
699 19 282
700 17 283
701 18 281
697 20 283
696 22 282
695 24 281
691 25 284
692 24 284
690 23 287
688 30 282
692 30 278
687 31 282
683 32 285
682 31 287
687 29 284
693 31 276
695 30 275
697 28 275
697 30 273
698 28 274
704 25 271
703 24 273
705 22 273
704 22 274
702 26 272
706 26 268
705 24 271
709 18 273
711 22 267
715 22 263
720 19 261
720 20 260
718 25 257
722 22 256
728 22 250
727 24 249
730 20 250
729 19 252
729 18 253
728 18 254
728 18 254
731 16 253
733 17 250
737 17 246
741 20 239
747 21 232
751 21 228
755 21 224
765 19 216
761 23 216
763 19 218
761 23 216
754 30 216
754 30 216
748 33 219
747 35 218
743 38 219
737 41 222
736 35 229
734 33 233
734 30 236
733 26 241
730 22 248
731 22 247
729 20 251
734 17 249
736 18 246
735 17 248
740 18 242
741 18 241
743 17 240
742 18 240
746 19 235
747 19 234
745 20 235
742 21 237
742 19 239
743 21 236
749 17 234
754 15 231
758 17 225
752 21 227
748 27 225
744 27 229
746 22 232
748 21 231
749 20 231
747 24 229
744 26 230
740 31 229
737 35 228
734 34 232
733 34 233
733 33 234
731 36 233
725 40 235
721 43 236
719 42 239
712 46 242
711 43 246
707 36 257
708 35 257
712 31 257
710 28 262
707 33 260
703 32 265
701 36 263
688 41 271
683 40 277
679 41 280
675 43 282
674 42 284
670 42 288
662 50 288
663 50 287
663 48 289
660 48 292
659 48 293
656 49 295
652 51 297
650 52 298
650 51 299
654 47 299
648 51 301
642 54 304
641 52 307
635 51 314
637 49 314
635 46 319
632 53 315
623 55 322
618 56 326
611 57 332
611 56 333
616 50 334
615 44 341
618 41 341
620 37 343
623 37 340
627 38 335
629 37 334
627 40 333
633 40 327
631 44 325
633 42 325
632 41 327
634 36 330
631 33 336
630 32 338
631 31 338
632 29 339
642 27 331
644 27 329
643 31 326
649 29 322
652 28 320
653 27 320
653 25 322
658 25 317
660 31 309
662 25 313
662 27 311
665 24 311
664 21 315
670 22 308
668 22 310
669 22 309
671 22 307
677 18 305
680 17 303
686 15 299
690 14 296
692 13 295
697 11 292
702 8 290
706 9 285
710 11 279
710 15 275
709 19 272
710 19 271
713 18 269
720 15 265
723 14 263
723 14 263
730 15 255
731 17 252
733 16 251
734 14 252
733 15 252
733 18 249
739 17 244
737 19 244
739 22 239
738 23 239
737 25 238
736 25 239
733 26 241
735 27 238
737 26 237
731 32 237
726 35 239
722 36 242
721 37 242
720 40 240
718 40 242
720 43 237
724 41 235
721 38 241
714 39 247
712 43 245
713 38 249
711 36 253
705 36 259
705 34 261
707 32 261
707 33 260
712 33 255
708 33 259
708 31 261
706 30 264
705 32 263
700 36 264
703 32 265
703 30 267
704 27 269
707 24 269
707 24 269
705 24 271
701 28 271
699 33 268
700 35 265
700 33 267
701 27 272
701 30 269
706 29 265
708 30 262
709 30 261
716 28 256
712 32 256
715 30 255
708 31 261
712 30 258
707 25 268
707 21 272
711 17 272
713 19 268
710 19 271
715 21 264
716 24 260
718 23 259
718 21 261
717 20 263
721 15 264
722 18 260
725 16 259
718 24 258
716 25 259
720 25 255
717 26 257
719 25 256
719 28 253
720 24 256
724 22 254
725 24 251
730 21 249
730 21 249
730 21 249
734 19 247
737 16 247
740 15 245
743 13 244
747 13 240
750 13 237
754 12 234
754 11 235
755 15 230
758 16 226
757 19 224
757 21 222
754 20 226
761 18 221
763 17 220
762 19 219
761 21 218
762 27 211
766 26 208
765 26 209
759 29 212
756 32 212
759 28 213
758 26 216
755 25 220
756 23 221
758 19 223
754 22 224
757 22 221
755 23 222
754 27 219
753 28 219
755 29 216
752 30 218
753 32 215
757 27 216
755 28 217
759 25 216
762 22 216
757 26 217
753 28 219
757 22 221
757 19 224
762 18 220
763 15 222
763 14 223
770 13 217
777 13 210
780 14 206
778 19 203
777 21 202
776 24 200
778 26 196
774 29 197
772 33 195
769 37 194
762 38 200
759 38 203
761 38 201
758 37 205
756 39 205
751 41 208
752 37 211
747 40 213
743 41 216
743 35 222
736 37 227
734 41 225
730 45 225
725 42 233
722 42 236
726 31 243
724 29 247
725 26 249
725 26 249
724 30 246
724 31 245
723 34 243
721 33 246
720 35 245
720 34 246
719 37 244
722 34 244
724 34 242
720 32 248
714 31 255
715 28 257
716 35 249
718 34 248
720 32 248
720 32 248
716 33 251
714 31 255
717 29 254
717 28 255
724 25 251
726 22 252
730 19 251
736 17 247
736 17 247
736 17 247
741 17 242
742 16 242
741 19 240
745 17 238
749 12 239
748 15 237
750 16 234
751 18 231
753 15 232
750 19 231
750 21 229
752 22 226
751 24 225
748 27 225
746 30 224
745 29 226
742 32 226
741 34 225
738 31 231
735 33 232
735 33 232
733 32 235
734 35 231
731 30 239
727 30 243
729 34 237
726 39 235
724 36 240
725 36 239
724 34 242
726 32 242
729 28 243
731 30 239
728 32 240
728 34 238
723 40 237
726 36 238
729 32 239
726 32 242
729 30 241
726 31 243
726 29 245
724 30 246
721 31 248
719 35 246
717 36 247
714 38 248
716 34 250
717 35 248
718 32 250
718 33 249
711 41 248
702 45 253
695 51 254
684 55 261
687 52 261
687 47 266
681 53 266
682 51 267
680 46 274
678 46 276
673 50 277
673 47 280
665 55 280
664 49 287
659 48 293
658 43 299
656 40 304
651 38 311
655 36 309
660 38 302
657 42 301
657 39 304
661 32 307
662 29 309
664 30 306
666 30 304
666 26 308
668 28 304
667 27 306
667 25 308
668 26 306
675 25 300
674 26 300
675 25 300
677 21 302
677 19 304
683 20 297
688 20 292
686 23 291
691 22 287
691 21 288
695 21 284
689 27 284
689 28 283
688 31 281
689 36 275
693 35 272
693 36 271
689 42 269
683 46 271
683 46 271
683 44 273
679 44 277
675 45 280
668 42 290
666 41 293
659 40 301
662 41 297
668 37 295
666 40 294
671 39 290
667 40 293
665 41 294
660 45 295
658 42 300
658 39 303
660 37 303
656 37 307
656 36 308
660 35 305
658 34 308
660 32 308
665 30 305
668 28 304
676 29 295
679 29 292
681 31 288
678 29 293
675 26 299
674 23 303
670 27 303
675 23 302
677 23 300
678 21 301
679 20 301
679 20 301
678 20 302
