997 3 0
997 3 0
997 2 1
995 4 1
994 5 1
991 8 1
989 9 2
985 13 2
978 19 3
971 25 4
954 35 11
944 41 15
927 49 24
919 50 31
907 55 38
883 66 51
860 82 58
831 90 79
807 104 89
768 124 108
720 159 121
683 157 160
658 152 190
629 156 215
599 157 244
585 152 263
572 140 288
563 129 308
553 119 328
545 112 343
543 104 353
534 104 362
541 92 367
541 95 364
533 97 370
534 88 378
529 80 391
526 71 403
525 65 410
527 62 411
527 51 422
531 49 420
525 56 419
529 50 421
534 41 425
536 31 433
546 28 426
550 24 426
553 24 423
555 22 423
567 22 411
572 17 411
574 17 409
585 17 398
588 18 394
595 17 388
603 16 381
599 19 382
593 26 381
592 30 378
594 32 374
595 31 374
594 33 373
596 31 373
599 30 371
601 27 372
600 25 375
603 28 369
608 27 365
611 26 363
620 19 361
630 18 352
632 20 348
628 22 350
633 17 350
629 24 347
629 25 346
632 24 344
636 21 343
642 13 345
645 12 343
651 12 337
656 12 332
659 12 329
663 14 323
661 17 322
667 14 319
673 13 314
677 12 311
684 12 304
686 13 301
691 11 298
698 9 293
700 8 292
703 8 289
711 9 280
715 10 275
724 11 265
724 12 264
729 11 260
734 11 255
733 19 248
731 20 249
728 24 248
721 28 251
716 31 253
712 40 248
702 43 255
699 44 257
690 49 261
690 46 264
687 46 267
679 51 270
674 55 271
669 51 280
673 50 277
668 51 281
670 43 287
673 41 286
674 37 289
673 38 289
669 42 289
664 45 291
665 43 292
659 48 293
658 47 295
653 50 297
644 55 301
638 61 301
626 64 310
626 60 314
626 58 316
624 61 315
615 62 323
616 55 329
615 53 332
609 54 337
604 53 343
605 52 343
602 46 352
594 56 350
591 55 354
589 52 359
585 46 369
591 44 365
591 43 366
596 38 366
592 42 366
592 41 367
593 34 373
595 33 372
600 29 371
598 27 375
602 30 368
602 28 370
594 31 375
592 35 373
602 32 366
603 35 362
604 32 364
608 32 360
614 29 357
620 26 354
625 29 346
629 28 343
634 24 342
634 27 339
633 29 338
636 30 334
635 28 337
643 22 335
647 19 334
652 17 331
660 14 326
667 12 321
670 11 319
669 12 319
675 12 313
680 11 309
688 11 301
689 13 298
692 13 295
699 14 287
708 13 279
706 15 279
705 17 278
710 14 276
713 12 275
718 12 270
719 7 274
727 9 264
728 20 252
725 27 248
711 40 249
700 49 251
684 61 255
676 62 262
662 72 266
651 74 275
633 78 289
626 78 296
627 74 299
616 78 306
612 76 312
606 80 314
596 80 324
590 79 331
582 73 345
578 72 350
575 70 355
569 73 358
568 67 365
561 59 380
565 50 385
561 49 390
562 41 397
568 38 394
572 35 393
570 39 391
571 41 388
576 38 386
576 46 378
573 46 381
573 47 380
575 47 378
581 39 380
579 39 382
576 43 381
581 39 380
580 39 381
587 34 379
590 32 378
593 32 375
592 34 374
584 41 375
586 43 371
575 53 372
574 50 376
568 49 383
572 41 387
570 46 384
568 44 388
565 44 391
561 45 394
565 43 392
570 40 390
569 44 387
568 46 386
570 45 385
578 45 377
573 50 377
568 48 384
571 49 380
576 46 378
574 36 390
585 30 385
591 27 382
594 24 382
595 24 381
598 22 380
599 23 378
605 23 372
606 23 371
610 22 368
613 23 364
620 22 358
619 24 357
621 24 355
619 25 356
621 23 356
629 22 349
634 23 343
637 28 335
636 27 337
633 35 332
639 37 324
636 33 331
635 34 331
640 29 331
644 28 328
649 24 327
654 23 323
661 20 319
664 21 315
666 21 313
671 19 310
675 17 308
665 29 306
663 33 304
655 38 307
654 34 312
647 36 317
635 43 322
623 49 328
616 52 332
609 53 338
606 50 344
603 48 349
597 54 349
594 54 352
592 51 357
587 55 358
590 54 356
590 49 361
586 45 369
588 42 370
590 41 369
591 31 378
597 35 368
602 38 360
596 40 364
592 35 373
597 37 366
596 36 368
600 40 360
594 46 360
597 45 358
594 49 357
600 44 356
599 45 356
604 40 356
606 42 352
609 39 352
613 36 351
614 37 349
614 37 349
614 38 348
607 39 354
610 40 350
609 43 348
604 48 348
604 44 352
607 40 353
603 41 356
609 38 353
606 42 352
608 41 351
609 37 354
612 34 354
616 27 357
620 25 355
626 21 353
633 22 345
640 20 340
643 16 341
646 15 339
655 14 331
662 13 325
665 12 323
668 11 321
673 10 317
675 13 312
670 20 310
669 23 308
671 24 305
672 21 307
676 20 304
683 19 298
686 18 296
688 18 294
689 16 295
694 12 294
703 10 287
711 12 277
714 15 271
720 15 265
722 14 264
724 12 264
725 10 265
727 11 262
727 10 263
728 10 262
728 11 261
732 10 258
735 10 255
732 15 253
730 18 252
730 18 252
733 18 249
732 21 247
730 26 244
719 34 247
703 51 246
697 56 247
688 68 244
682 60 258
668 63 269
661 63 276
648 68 284
643 65 292
641 59 300
635 56 309
630 62 308
616 66 318
609 68 323
600 70 330
600 69 331
597 68 335
593 66 341
589 65 346
591 55 354
584 69 347
588 53 359
591 44 365
583 44 373
587 44 369
586 36 378
586 40 374
591 38 371
593 32 375
599 33 368
601 29 370
605 28 367
607 25 368
618 24 358
613 27 360
607 32 361
606 35 359
605 36 359
611 30 359
606 40 354
605 42 353
608 37 355
610 30 360
607 29 364
605 36 359
609 35 356
617 31 352
612 37 351
608 39 353
604 40 356
605 37 358
604 39 357
601 37 362
599 41 360
599 38 363
603 32 365
603 32 365
599 33 368
594 36 370
591 41 368
591 38 371
591 40 369
591 39 370
592 41 367
594 40 366
592 33 375
598 30 372
601 30 369
609 31 360
608 34 358
606 33 361
607 27 366
612 26 362
615 23 362
623 22 355
628 22 350
631 22 347
641 22 337
643 18 339
650 20 330
660 16 324
660 18 322
663 19 318
662 19 319
655 31 314
652 38 310
650 45 305
648 46 306
652 44 304
654 43 303
651 45 304
647 47 306
641 57 302
633 57 310
620 60 320
613 63 324
606 62 332
604 61 335
599 67 334
600 64 336
601 65 334
601 61 338
600 60 340
595 55 350
598 51 351
599 51 350
600 45 355
599 40 361
601 39 360
608 37 355
606 40 354
601 45 354
598 48 354
594 49 357
591 53 356
587 51 362
578 57 365
572 61 367
578 60 362
579 59 362
572 61 367
567 60 373
566 56 378
566 53 381
567 52 381
567 44 389
569 40 391
571 41 388
576 41 383
573 44 383
572 39 389
570 42 388
574 40 386
580 41 379
581 41 378
586 44 370
583 42 375
584 42 374
591 41 368
588 48 364
594 42 364
597 34 369
601 29 370
607 27 366
611 25 364
615 22 363
624 21 355
621 24 355
625 25 350
626 26 348
625 28 347
630 24 346
629 25 346
628 23 349
627 27 346
631 26 343
632 29 339
635 25 340
629 27 344
634 26 340
638 22 340
642 20 338
649 19 332
651 18 331
643 24 333
645 27 328
643 22 335
642 24 334
646 21 333
646 20 334
649 22 329
650 24 326
650 24 326
654 23 323
660 24 316
663 23 314
666 27 307
673 24 303
676 21 303
680 18 302
685 16 299
689 15 296
689 21 290
689 22 289
687 25 288
685 25 290
689 27 284
684 33 283
678 33 289
674 37 289
678 35 287
679 31 290
674 26 300
671 31 298
675 25 300
674 22 304
680 23 297
688 19 293
688 20 292
685 22 293
687 27 286
687 26 287
689 23 288
688 22 290
685 26 289
681 26 293
679 30 291
680 31 289
675 38 287
669 40 291
663 44 293
658 42 300
654 45 301
651 50 299
644 56 300
643 55 302
633 56 311
635 58 307
632 57 311
633 53 314
634 50 316
636 45 319
642 38 320
641 31 328
639 39 322
640 38 322
638 37 325
642 34 324
637 35 328
644 29 327
647 23 330
657 21 322
657 24 319
663 23 314
663 24 313
661 25 314
668 25 307
672 28 300
672 20 308
680 17 303
679 21 300
680 23 297
681 19 300
675 25 300
673 23 304
672 26 302
672 22 306
675 25 300
680 27 293
675 30 295
677 32 291
682 30 288
678 33 289
681 31 288
676 36 288
680 31 289
679 32 289
674 37 289
677 39 284
677 39 284
675 42 283
677 37 286
678 33 289
680 30 290
674 38 288
664 44 292
657 42 301
652 41 307
653 40 307
653 39 308
647 41 312
648 42 310
652 42 306
656 35 309
661 29 310
663 28 309
659 31 310
660 31 309
665 26 309
668 23 309
668 27 305
667 29 304
671 26 303
676 24 300
682 22 296
683 21 296
686 22 292
687 26 287
692 24 284
695 23 282
695 25 280
697 26 277
694 26 280
691 33 276
686 32 282
681 39 280
680 31 289
677 32 291
674 32 294
668 34 298
668 41 291
668 39 293
660 46 294
657 41 302
655 42 303
648 42 310
648 43 309
646 41 313
643 45 312
637 46 317
630 46 324
623 51 326
623 48 329
617 44 339
614 42 344
615 38 347
624 33 343
624 29 347
624 27 349
625 30 345
627 31 342
628 24 348
628 27 345
629 25 346
628 27 345
625 30 345
632 28 340
637 24 339
635 24 341
639 25 336
644 25 331
652 19 329
654 17 329
659 17 324
657 22 321
662 24 314
662 23 315
666 27 307
662 32 306
664 28 308
662 28 310
662 25 313
664 29 307
662 30 308
664 29 307
668 30 302
665 32 303
665 30 305
666 28 306
670 23 307
679 22 299
677 23 300
678 20 302
683 20 297
684 24 292
688 25 287
682 30 288
682 30 288
680 32 288
672 44 284
663 56 281
660 53 287
651 61 288
639 66 295
626 72 302
616 73 311
610 76 314
607 74 319
600 79 321
592 83 325
577 87 336
570 82 348
567 80 353
558 88 354
557 76 367
561 68 371
556 75 369
550 69 381
545 60 395
541 60 399
545 54 401
546 51 403
547 53 400
550 45 405
555 41 404
555 38 407
554 41 405
560 34 406
563 33 404
569 26 405
569 33 398
574 28 398
579 27 394
586 28 386
590 28 382
596 23 381
602 24 374
609 21 370
615 22 363
620 22 358
622 20 358
628 19 353
638 18 344
644 15 341
646 14 340
650 14 336
657 12 331
663 13 324
664 16 320
664 16 320
671 15 314
671 16 313
675 15 310
680 12 308
680 16 304
684 16 300
684 15 301
689 11 300
688 10 302
687 15 298
689 12 299
696 11 293
699 13 288
702 14 284
708 13 279
708 10 282
710 10 280
719 10 271
725 10 265
730 10 260
736 7 257
746 6 248
746 7 247
751 9 240
747 15 238
741 22 237
733 28 239
720 45 235
715 47 238
706 55 239
699 60 241
684 70 246
663 83 254
652 80 268
638 85 277
613 102 285
604 100 296
599 91 310
596 90 314
582 86 332
579 85 336
573 80 347
570 77 353
567 71 362
567 63 370
561 64 375
557 63 380
557 59 384
560 63 377
560 58 382
564 56 380
569 51 380
570 49 381
567 48 385
571 50 379
577 43 380
575 34 391
577 35 388
582 35 383
585 34 381
591 31 378
591 33 376
588 28 384
585 33 382
587 35 378
590 30 380
586 33 381
583 34 383
582 36 382
582 35 383
585 33 382
587 31 382
585 35 380
595 28 377
605 27 368
608 27 365
616 28 356
622 24 354
625 27 348
625 22 353
630 23 347
633 22 345
635 23 342
639 25 336
640 26 334
644 24 332
650 21 329
653 23 324
661 20 319
652 26 322
650 30 320
653 32 315
653 32 315
651 33 316
642 33 325
639 31 330
626 43 331
625 41 334
619 48 333
607 55 338
608 51 341
601 54 345
602 48 350
585 55 360
576 61 363
577 56 367
574 57 369
572 56 372
568 55 377
568 49 383
574 45 381
578 43 379
586 39 375
590 31 379
596 28 376
594 29 377
602 27 371
607 26 367
614 22 364
622 19 359
624 16 360
628 19 353
632 18 350
642 17 341
648 15 337
649 13 338
656 12 332
661 11 328
669 10 321
678 8 314
685 7 308
689 6 305
693 9 298
697 8 295
700 7 293
703 8 289
710 9 281
712 8 280
717 8 275
718 10 272
722 8 270
727 9 264
729 8 263
730 8 262
730 8 262
729 9 262
730 9 261
734 11 255
731 15 254
729 18 253
728 23 249
724 26 250
719 29 252
714 33 253
707 40 253
705 41 254
690 53 257
679 50 271
673 53 274
655 70 275
639 79 282
631 81 288
620 81 299
620 74 306
607 77 316
602 76 322
600 74 326
598 69 333
593 74 333
586 68 346
583 70 347
579 70 351
572 77 351
567 76 357
560 86 354
556 98 346
549 91 360
543 75 382
545 72 383
539 70 391
535 70 395
543 67 390
539 58 403
537 59 404
533 61 406
531 54 415
533 54 413
537 52 411
535 53 412
536 50 414
540 51 409
541 46 413
542 48 410
543 51 406
543 46 411
538 45 417
540 42 418
539 42 419
539 43 418
549 39 412
555 40 405
553 42 405
548 49 403
544 52 404
539 51 410
538 51 411
543 46 411
540 42 418
546 30 424
559 27 414
