998 2 0
998 2 0
997 3 0
997 3 0
997 2 1
988 11 1
981 18 1
963 33 4
950 36 14
942 38 20
928 48 24
913 54 33
896 61 43
881 71 48
848 92 60
800 121 79
768 129 103
742 135 123
687 170 143
649 180 171
605 191 204
584 182 234
558 186 256
531 189 280
511 181 308
486 178 336
474 156 370
472 143 385
469 123 408
465 110 425
459 105 436
463 90 447
457 85 458
459 77 464
469 72 459
468 68 464
467 62 471
471 52 477
478 51 471
484 52 464
486 48 466
490 47 463
492 44 464
492 43 465
505 34 461
504 31 465
505 29 466
506 31 463
509 31 460
514 25 461
524 22 454
535 19 446
543 16 441
553 17 430
557 16 427
559 16 425
563 15 422
572 10 418
581 11 408
585 11 404
587 17 396
592 16 392
601 14 385
602 12 386
607 13 380
615 11 374
620 10 370
626 12 362
633 11 356
635 14 351
638 11 351
638 8 354
641 7 352
648 8 344
654 8 338
661 8 331
664 4 332
669 4 327
667 8 325
666 12 322
669 13 318
673 17 310
676 16 308
670 22 308
672 21 307
670 28 302
667 30 303
666 27 307
664 30 306
659 35 306
659 40 301
654 41 305
655 42 303
648 34 318
645 35 320
646 29 325
648 24 328
651 25 324
653 24 323
662 19 319
662 21 317
660 21 319
665 20 315
665 22 313
667 25 308
661 36 303
660 38 302
649 43 308
639 53 308
637 53 310
633 54 313
635 44 321
634 44 322
636 39 325
635 34 331
638 37 325
637 36 327
636 35 329
633 39 328
631 42 327
620 45 335
617 47 336
605 53 342
604 55 341
599 61 340
599 59 342
596 63 341
588 72 340
588 68 344
582 65 353
571 70 359
560 75 365
553 73 374
548 67 385
548 62 390
547 60 393
552 60 388
555 56 389
561 51 388
560 50 390
562 48 390
564 46 390
562 46 392
564 46 390
563 47 390
563 46 391
567 41 392
577 38 385
576 35 389
580 36 384
585 36 379
583 40 377
583 36 381
584 31 385
583 30 387
588 31 381
585 34 381
583 34 383
588 32 380
584 39 377
586 38 376
586 34 380
584 34 382
587 29 384
595 23 382
594 21 385
593 24 383
598 23 379
599 25 376
603 28 369
609 23 368
607 32 361
609 32 359
608 37 355
608 38 354
609 32 359
611 30 359
616 28 356
615 26 359
615 28 357
615 26 359
623 21 356
630 20 350
637 16 347
645 13 342
651 12 337
652 16 332
657 16 327
659 19 322
666 15 319
671 12 317
667 15 318
661 22 317
658 22 320
661 20 319
661 24 315
663 23 314
660 25 315
652 31 317
647 33 320
641 43 316
632 47 321
628 51 321
623 49 328
613 52 335
611 49 340
614 45 341
609 46 345
611 40 349
613 35 352
615 37 348
608 45 347
605 47 348
604 41 355
602 45 353
607 41 352
605 43 352
607 43 350
613 40 347
617 35 348
615 38 347
621 36 343
622 28 350
622 28 350
623 28 349
621 28 351
624 29 347
627 28 345
630 31 339
632 32 336
638 22 340
641 22 337
650 21 329
653 17 330
658 18 324
660 19 321
664 18 318
668 20 312
671 19 310
679 21 300
686 19 295
693 20 287
691 22 287
693 24 283
692 29 279
692 29 279
691 29 280
692 29 279
690 29 281
686 33 281
682 33 285
679 28 293
682 30 288
680 29 291
674 33 293
668 32 300
674 29 297
674 33 293
671 37 292
667 39 294
664 44 292
663 46 291
655 48 297
646 50 304
635 59 306
617 72 311
606 83 311
596 89 315
591 83 326
582 88 330
578 84 338
570 82 348
564 80 356
558 77 365
561 67 372
564 65 371
570 62 368
573 56 371
572 54 374
570 56 374
570 57 373
566 52 382
557 56 387
548 64 388
536 68 396
533 65 402
532 61 407
526 66 408
519 69 412
519 66 415
516 68 416
520 58 422
527 53 420
525 51 424
516 55 429
519 50 431
523 49 428
528 43 429
517 55 428
515 54 431
519 50 431
523 53 424
527 48 425
526 47 427
526 41 433
529 36 435
529 32 439
533 29 438
545 23 432
550 19 431
558 15 427
568 11 421
574 11 415
578 9 413
581 5 414
587 5 408
593 6 401
602 6 392
607 7 386
607 10 383
611 10 379
612 13 375
618 10 372
625 7 368
632 10 358
634 13 353
635 13 352
635 12 353
635 16 349
638 16 346
638 20 342
636 25 339
639 31 330
636 30 334
633 34 333
630 37 333
628 41 331
621 43 336
619 47 334
619 47 334
617 43 340
621 38 341
619 39 342
624 38 338
623 34 343
625 36 339
623 40 337
627 37 336
627 37 336
631 35 334
632 33 335
631 31 338
631 31 338
632 28 340
635 28 337
638 26 336
641 22 337
637 27 336
642 23 335
648 21 331
653 21 326
657 23 320
663 19 318
661 20 319
669 15 316
672 12 316
675 17 308
685 13 302
689 15 296
694 16 290
703 17 280
706 12 282
713 14 273
715 13 272
719 13 268
721 16 263
721 17 262
717 21 262
720 20 260
722 23 255
724 22 254
724 22 254
722 20 258
720 17 263
724 14 262
726 18 256
723 23 254
726 20 254
724 28 248
715 38 247
709 37 254
704 43 253
703 42 255
700 42 258
697 47 256
700 45 255
689 56 255
682 55 263
680 52 268
675 48 277
659 61 280
658 58 284
657 53 290
651 47 302
647 51 302
647 46 307
638 53 309
638 49 313
630 56 314
627 59 314
623 60 317
619 57 324
620 50 330
626 43 331
630 49 321
627 53 320
625 54 321
621 54 325
624 48 328
628 44 328
625 44 331
621 47 332
613 46 341
608 48 344
600 50 350
596 55 349
598 53 349
595 52 353
598 46 356
597 46 357
593 52 355
585 57 358
583 58 359
587 56 357
581 59 360
576 60 364
577 55 368
576 56 368
577 56 367
570 57 373
567 57 376
568 56 376
574 45 381
575 44 381
574 47 379
577 38 385
583 38 379
594 33 373
594 39 367
594 39 367
592 39 369
590 37 373
592 38 370
593 39 368
581 50 369
575 55 370
569 61 370
562 63 375
562 62 376
555 63 382
549 63 388
545 66 389
545 62 393
541 65 394
537 61 402
535 61 404
528 68 404
528 66 406
523 63 414
527 53 420
527 54 419
529 47 424
527 47 426
524 49 427
528 48 424
532 48 420
527 53 420
522 57 421
520 49 431
523 49 428
526 48 426
528 42 430
534 40 426
533 41 426
540 34 426
541 32 427
544 31 425
550 29 421
550 28 422
553 25 422
557 23 420
559 29 412
557 28 415
564 25 411
569 21 410
573 20 407
579 15 406
581 16 403
588 15 397
596 14 390
602 10 388
605 13 382
612 13 375
614 15 371
619 14 367
627 14 359
630 16 354
632 18 350
637 16 347
640 18 342
646 16 338
641 18 341
638 19 343
638 22 340
642 24 334
648 21 331
650 21 329
648 20 332
653 15 332
657 16 327
656 19 325
657 23 320
661 22 317
660 25 315
655 28 317
659 27 314
661 23 316
662 22 316
663 22 315
664 20 316
666 21 313
671 27 302
668 34 298
664 34 302
664 27 309
661 31 308
663 33 304
659 38 303
660 39 301
658 44 298
654 44 302
651 43 306
648 43 309
645 44 311
642 40 318
636 41 323
638 44 318
636 44 320
633 42 325
630 35 335
630 39 331
630 40 330
632 37 331
631 43 326
626 45 329
623 42 335
618 45 337
615 41 344
613 40 347
614 39 347
614 42 344
614 37 349
614 41 345
612 39 349
613 36 351
617 35 348
611 39 350
600 51 349
594 54 352
593 49 358
590 44 366
589 45 366
590 43 367
590 40 370
591 38 371
596 34 370
600 35 365
596 37 367
604 39 357
608 37 355
602 42 356
598 40 362
599 38 363
599 35 366
594 37 369
593 38 369
592 42 366
593 34 373
593 36 371
597 31 372
598 31 371
605 32 363
603 39 358
603 41 356
603 44 353
605 47 348
605 37 358
603 34 363
597 41 362
596 42 362
597 40 363
595 38 367
599 34 367
600 30 370
601 33 366
598 41 361
595 37 368
601 31 368
604 33 363
602 38 360
602 41 357
605 42 353
609 36 355
618 32 350
617 32 351
617 25 358
621 25 354
629 25 346
634 18 348
639 19 342
646 20 334
648 18 334
652 21 327
653 22 325
656 24 320
656 23 321
651 26 323
656 26 318
658 26 316
664 23 313
672 21 307
671 21 308
675 17 308
679 16 305
684 12 304
687 11 302
693 9 298
699 7 294
705 7 288
710 7 283
715 5 280
719 5 276
724 5 271
728 3 269
732 3 265
735 4 261
737 1 262
741 0 259
745 0 255
750 0 250
754 0 246
759 0 241
767 0 233
771 0 229
775 0 225
779 0 221
782 0 218
786 0 214
789 0 211
792 0 208
795 0 205
799 0 201
802 0 198
805 0 195
811 0 189
814 0 186
818 0 182
822 0 178
822 0 178
824 0 176
827 0 173
827 0 173
829 0 171
833 0 167
837 0 163
840 0 160
840 0 160
842 0 158
846 0 154
850 0 150
853 0 147
856 0 144
857 0 143
858 0 142
861 0 139
861 0 139
862 0 138
867 0 133
871 0 129
873 0 127
874 0 126
878 0 122
878 0 122
880 0 120
882 0 118
883 0 117
884 0 116
884 0 116
884 0 116
886 0 114
886 0 114
886 0 114
889 0 111
891 0 109
892 0 108
893 0 107
893 0 107
894 0 106
895 0 105
896 0 104
898 0 102
898 0 102
901 0 99
902 0 98
902 0 98
903 0 97
906 0 94
910 0 90
913 0 87
914 0 86
915 0 85
916 0 84
917 0 83
919 0 81
921 0 79
921 0 79
921 0 79
924 0 76
925 0 75
927 0 73
927 0 73
928 0 72
929 0 71
930 0 70
934 0 66
935 0 65
937 0 63
938 0 62
941 0 59
941 0 59
941 0 59
943 0 57
944 0 56
945 0 55
946 0 54
947 0 53
947 0 53
949 0 51
950 0 50
951 0 49
951 0 49
953 0 47
954 0 46
954 0 46
954 0 46
955 0 45
955 0 45
955 0 45
958 0 42
958 0 42
960 0 40
961 0 39
961 0 39
961 0 39
962 0 38
963 0 37
964 0 36
964 0 36
964 0 36
964 0 36
967 0 33
968 0 32
968 0 32
969 0 31
969 0 31
969 0 31
970 0 30
970 0 30
970 0 30
971 0 29
972 0 28
973 0 27
973 0 27
973 0 27
973 0 27
973 0 27
973 0 27
973 0 27
974 0 26
975 0 25
976 0 24
976 0 24
976 0 24
976 0 24
977 0 23
977 0 23
977 0 23
980 0 20
981 0 19
982 0 18
983 0 17
983 0 17
983 0 17
983 0 17
983 0 17
983 0 17
983 0 17
983 0 17
984 0 16
985 0 15
986 0 14
986 0 14
986 0 14
987 0 13
987 0 13
987 0 13
987 0 13
988 0 12
988 0 12
988 0 12
988 0 12
988 0 12
988 0 12
988 0 12
988 0 12
988 0 12
989 0 11
991 0 9
991 0 9
991 0 9
991 0 9
991 0 9
991 0 9
992 0 8
992 0 8
992 0 8
992 0 8
992 0 8
992 0 8
992 0 8
992 0 8
993 0 7
993 0 7
993 0 7
993 0 7
993 0 7
993 0 7
993 0 7
993 0 7
993 0 7
993 0 7
993 0 7
993 0 7
993 0 7
993 0 7
993 0 7
993 0 7
993 0 7
993 0 7
993 0 7
993 0 7
993 0 7
993 0 7
993 0 7
994 0 6
994 0 6
994 0 6
994 0 6
995 0 5
995 0 5
995 0 5
995 0 5
995 0 5
995 0 5
995 0 5
995 0 5
995 0 5
995 0 5
995 0 5
995 0 5
996 0 4
996 0 4
996 0 4
996 0 4
996 0 4
996 0 4
996 0 4
996 0 4
996 0 4
996 0 4
996 0 4
996 0 4
996 0 4
996 0 4
996 0 4
996 0 4
996 0 4
996 0 4
996 0 4
996 0 4
996 0 4
996 0 4
996 0 4
996 0 4
996 0 4
996 0 4
996 0 4
996 0 4
996 0 4
996 0 4
996 0 4
996 0 4
996 0 4
996 0 4
996 0 4
996 0 4
996 0 4
996 0 4
997 0 3
997 0 3
997 0 3
997 0 3
997 0 3
997 0 3
997 0 3
998 0 2
998 0 2
998 0 2
998 0 2
998 0 2
998 0 2
998 0 2
998 0 2
998 0 2
998 0 2
998 0 2
998 0 2
998 0 2
998 0 2
998 0 2
998 0 2
998 0 2
998 0 2
998 0 2
998 0 2
998 0 2
998 0 2
998 0 2
998 0 2
998 0 2
998 0 2
998 0 2
998 0 2
998 0 2
998 0 2
998 0 2
998 0 2
998 0 2
998 0 2
998 0 2
998 0 2
998 0 2
998 0 2
998 0 2
998 0 2
998 0 2
998 0 2
998 0 2
998 0 2
998 0 2
998 0 2
998 0 2
998 0 2
998 0 2
998 0 2
998 0 2
998 0 2
998 0 2
998 0 2
998 0 2
998 0 2
998 0 2
998 0 2
998 0 2
998 0 2
998 0 2
998 0 2
998 0 2
998 0 2
998 0 2
998 0 2
998 0 2
998 0 2
998 0 2
998 0 2
998 0 2
998 0 2
998 0 2
998 0 2
998 0 2
998 0 2
