997 3 0
996 3 1
994 5 1
992 6 2
989 8 3
983 11 6
978 16 6
969 19 12
968 20 12
963 20 17
956 23 21
939 35 26
914 52 34
896 66 38
865 79 56
837 98 65
796 124 80
765 133 102
739 130 131
710 133 157
689 134 177
677 121 202
673 109 218
657 114 229
644 113 243
629 113 258
624 104 272
609 109 282
608 103 289
606 90 304
603 89 308
601 89 310
595 80 325
596 74 330
593 73 334
588 71 341
592 59 349
591 58 351
594 50 356
596 36 368
599 32 369
600 34 366
596 30 374
599 22 379
601 20 379
610 18 372
609 19 372
612 17 371
617 11 372
623 7 370
629 5 366
633 6 361
638 5 357
647 6 347
651 6 343
658 8 334
655 14 331
657 14 329
656 16 328
661 14 325
666 13 321
667 14 319
672 14 314
673 11 316
671 15 314
671 22 307
672 19 309
676 22 302
679 20 301
678 19 303
677 18 305
677 18 305
678 21 301
679 23 298
679 29 292
675 36 289
678 33 289
677 36 287
669 39 292
668 39 293
666 38 296
666 37 297
658 40 302
654 47 299
650 53 297
641 55 304
633 64 303
632 59 309
630 56 314
625 57 318
631 53 316
631 44 325
629 42 329
633 36 331
631 39 330
641 29 330
647 28 325
648 31 321
650 30 320
654 26 320
659 24 317
661 18 321
667 18 315
670 15 315
671 18 311
671 21 308
669 26 305
662 34 304
663 34 303
660 35 305
656 36 308
647 44 309
648 40 312
648 41 311
647 40 313
635 47 318
628 51 321
624 50 326
624 45 331
626 39 335
628 35 337
627 32 341
621 33 346
623 35 342
626 34 340
625 32 343
626 32 342
627 31 342
635 30 335
637 28 335
643 29 328
647 31 322
644 32 324
647 33 320
651 28 321
655 28 317
658 22 320
662 20 318
664 19 317
667 21 312
666 21 313
672 22 306
671 24 305
673 24 303
672 27 301
669 30 301
668 33 299
672 32 296
670 34 296
670 35 295
670 31 299
674 27 299
671 26 303
678 18 304
681 16 303
683 18 299
680 24 296
679 26 295
686 20 294
687 21 292
686 21 293
689 24 287
689 27 284
691 27 282
694 30 276
688 35 277
682 43 275
669 55 276
651 70 279
645 68 287
636 78 286
620 90 290
608 94 298
595 95 310
583 100 317
577 93 330
574 80 346
566 82 352
564 84 352
564 77 359
556 75 369
553 70 377
554 66 380
558 65 377
552 61 387
549 60 391
553 60 387
559 57 384
564 52 384
563 53 384
569 48 383
574 41 385
581 38 381
584 44 372
577 49 374
576 44 380
580 41 379
583 34 383
586 31 383
594 27 379
596 27 377
603 26 371
605 25 370
613 24 363
621 24 355
625 21 354
627 23 350
632 20 348
635 19 346
633 20 347
631 26 343
632 29 339
629 32 339
626 38 336
628 36 336
626 36 338
624 38 338
620 39 341
622 33 345
622 32 346
625 34 341
630 27 343
629 29 342
633 30 337
637 30 333
637 36 327
634 39 327
628 45 327
630 43 327
628 47 325
627 45 328
635 47 318
626 51 323
623 54 323
623 51 326
618 37 345
613 33 354
611 32 357
618 32 350
625 30 345
625 33 342
630 29 341
630 30 340
630 32 338
630 29 341
640 28 332
644 25 331
644 28 328
651 22 327
650 25 325
652 25 323
654 26 320
654 22 324
653 27 320
641 39 320
644 35 321
646 38 316
647 32 321
644 32 324
644 30 326
647 33 320
643 35 322
635 41 324
624 48 328
617 53 330
608 56 336
603 51 346
605 50 345
600 48 352
595 46 359
595 51 354
591 54 355
586 53 361
587 52 361
578 55 367
579 48 373
578 51 371
579 51 370
575 55 370
581 50 369
580 52 368
574 51 375
573 49 378
580 46 374
577 46 377
568 52 380
568 50 382
567 49 384
562 54 384
555 54 391
549 59 392
550 55 395
552 53 395
560 47 393
565 42 393
568 36 396
578 33 389
575 38 387
576 35 389
577 38 385
579 35 386
584 28 388
592 24 384
604 23 373
610 20 370
612 19 369
616 16 368
626 12 362
632 12 356
640 12 348
645 14 341
655 15 330
656 17 327
663 14 323
665 12 323
669 11 320
664 15 321
669 17 314
669 18 313
663 23 314
654 31 315
640 41 319
631 47 322
629 53 318
626 47 327
625 42 333
627 34 339
628 33 339
628 35 337
628 33 339
633 27 340
638 22 340
637 20 343
641 19 340
642 17 341
649 17 334
650 15 335
654 14 332
654 17 329
657 22 321
661 21 318
664 22 314
672 20 308
673 26 301
674 30 296
678 30 292
675 31 294
679 29 292
682 25 293
682 21 297
689 18 293
693 17 290
696 20 284
691 26 283
692 22 286
693 21 286
688 26 286
679 35 286
670 37 293
662 45 293
657 47 296
656 40 304
652 45 303
646 54 300
644 53 303
635 55 310
639 51 310
633 47 320
634 43 323
635 40 325
634 38 328
630 41 329
639 37 324
639 32 329
644 29 327
646 29 325
651 26 323
650 28 322
648 27 325
640 30 330
640 32 328
640 31 329
642 33 325
641 34 325
643 32 325
645 35 320
646 33 321
647 35 318
651 33 316
657 32 311
653 36 311
655 29 316
650 31 319
651 33 316
651 29 320
654 26 320
650 34 316
654 31 315
657 31 312
659 31 310
664 29 307
665 33 302
666 33 301
659 38 303
650 43 307
630 60 310
629 59 312
624 62 314
623 52 325
623 49 328
625 46 329
624 45 331
617 49 334
612 47 341
614 45 341
612 42 346
614 45 341
622 42 336
625 43 332
625 40 335
626 46 328
624 50 326
629 45 326
633 38 329
636 40 324
641 38 321
644 33 323
650 30 320
652 29 319
652 32 316
660 31 309
664 30 306
667 29 304
665 30 305
667 25 308
673 22 305
680 22 298
682 19 299
681 24 295
682 27 291
676 30 294
673 29 298
670 33 297
660 39 301
654 46 300
644 51 305
636 62 302
634 58 308
631 59 310
626 56 318
631 53 316
635 46 319
637 42 321
633 40 327
633 38 329
638 36 326
642 30 328
644 31 325
646 28 326
651 30 319
648 33 319
652 32 316
646 36 318
647 38 315
653 35 312
657 32 311
654 33 313
649 34 317
646 33 321
649 34 317
649 35 316
647 36 317
647 43 310
648 45 307
643 45 312
633 47 320
632 41 327
629 45 326
627 47 326
629 46 325
629 43 328
626 48 326
613 53 334
618 43 339
617 43 340
617 42 341
618 40 342
618 36 346
614 39 347
613 40 347
611 39 350
609 43 348
608 46 346
602 48 350
601 49 350
592 50 358
589 50 361
583 54 363
577 52 371
582 48 370
579 51 370
576 47 377
572 47 381
573 44 383
572 40 388
565 43 392
567 43 390
567 38 395
571 32 397
581 25 394
585 23 392
593 24 383
594 26 380
598 25 377
606 26 368
607 28 365
615 26 359
619 21 360
622 21 357
619 24 357
620 25 355
624 27 349
622 29 349
624 31 345
621 35 344
620 37 343
627 35 338
626 40 334
624 42 334
626 39 335
630 33 337
633 33 334
627 43 330
629 43 328
638 40 322
637 39 324
638 41 321
637 43 320
637 39 324
630 43 327
622 46 332
614 50 336
618 46 336
620 39 341
617 46 337
614 43 343
621 40 339
621 34 345
622 29 349
613 39 348
614 39 347
614 41 345
613 36 351
616 34 350
618 34 348
619 33 348
622 30 348
620 31 349
622 28 350
619 28 353
623 28 349
617 33 350
620 29 351
621 29 350
625 27 348
618 29 353
622 30 348
630 26 344
635 27 338
640 24 336
639 23 338
638 28 334
637 32 331
634 34 332
631 37 332
624 40 336
626 37 337
631 35 334
622 42 336
623 41 336
623 41 336
618 40 342
625 36 339
621 38 341
625 38 337
622 37 341
625 30 345
626 28 346
626 32 342
627 32 341
628 28 344
635 24 341
638 27 335
637 31 332
638 33 329
637 34 329
642 31 327
648 30 322
655 27 318
662 19 319
657 28 315
657 28 315
657 29 314
653 34 313
650 34 316
645 29 326
647 25 328
646 26 328
651 25 324
655 25 320
660 25 315
661 23 316
662 22 316
664 19 317
666 17 317
667 18 315
673 17 310
675 18 307
678 17 305
681 17 302
678 21 301
682 18 300
689 19 292
688 20 292
684 22 294
684 25 291
684 27 289
678 39 283
679 36 285
672 43 285
665 48 287
653 54 293
653 51 296
645 56 299
642 58 300
645 52 303
646 49 305
649 44 307
651 38 311
647 38 315
647 40 313
645 36 319
644 36 320
643 34 323
645 36 319
633 43 324
632 38 330
625 42 333
617 48 335
610 61 329
603 63 334
603 52 345
607 49 344
605 54 341
608 52 340
606 46 348
606 48 346
604 53 343
608 51 341
601 54 345
606 52 342
605 51 344
602 51 347
614 43 343
616 35 349
621 34 345
620 36 344
622 34 344
625 35 340
623 35 342
627 30 343
627 29 344
633 26 341
630 20 350
637 17 346
638 17 345
643 16 341
644 16 340
648 13 339
652 13 335
656 12 332
662 12 326
663 16 321
663 18 319
662 23 315
665 23 312
661 22 317
660 20 320
664 20 316
666 20 314
671 22 307
676 23 301
679 24 297
681 21 298
683 24 293
682 26 292
677 33 290
675 34 291
674 34 292
673 35 292
675 33 292
677 32 291
677 30 293
672 36 292
666 39 295
667 36 297
663 41 296
665 36 299
668 36 296
665 36 299
661 38 301
656 43 301
657 36 307
661 35 304
665 27 308
674 26 300
674 24 302
678 24 298
680 25 295
679 24 297
680 23 297
673 28 299
669 32 299
676 35 289
678 35 287
677 32 291
676 37 287
675 36 289
678 37 285
669 40 291
668 39 293
668 27 305
673 24 303
675 29 296
673 29 298
675 28 297
673 30 297
677 28 295
683 26 291
682 25 293
686 23 291
687 26 287
685 32 283
685 35 280
684 34 282
677 34 289
670 41 289
669 39 292
667 43 290
667 45 288
668 38 294
663 38 299
660 39 301
656 41 303
651 41 308
645 44 311
645 45 310
644 43 313
645 42 313
637 50 313
636 48 316
624 54 322
628 53 319
630 48 322
624 55 321
622 47 331
624 46 330
620 47 333
622 46 332
616 49 335
614 53 333
613 53 334
611 55 334
606 53 341
600 64 336
598 55 347
595 52 353
588 49 363
586 45 369
585 43 372
587 45 368
595 40 365
592 40 368
597 39 364
599 37 364
606 37 357
608 37 355
605 40 355
605 43 352
607 44 349
597 56 347
605 46 349
598 45 357
601 43 356
603 39 358
603 39 358
605 34 361
615 31 354
615 33 352
607 42 351
611 39 350
609 39 352
615 43 342
620 37 343
621 38 341
622 40 338
619 39 342
619 40 341
619 42 339
617 47 336
614 45 341
609 47 344
602 47 351
602 46 352
598 48 354
591 46 363
584 55 361
577 62 361
575 56 369
577 54 369
574 47 379
574 46 380
570 41 389
563 46 391
563 39 398
564 40 396
573 36 391
569 41 390
564 45 391
564 45 391
569 42 389
569 46 385
568 49 383
572 44 384
575 43 382
575 44 381
578 39 383
583 39 378
582 37 381
577 39 384
577 37 386
577 39 384
573 41 386
567 44 389
567 41 392
568 42 390
563 42 395
564 42 394
564 43 393
563 42 395
570 38 392
574 46 380
576 38 386
581 32 387
583 32 385
586 35 379
582 34 384
580 38 382
581 31 388
586 36 378
582 39 379
587 37 376
582 40 378
583 39 378
584 42 374
584 41 375
585 34 381
588 28 384
594 27 379
602 23 375
612 21 367
620 17 363
620 19 361
626 17 357
635 12 353
642 9 349
648 9 343
662 8 330
664 10 326
669 11 320
664 18 318
669 20 311
671 23 306
669 31 300
666 36 298
665 39 296
660 46 294
649 56 295
642 55 303
634 58 308
627 53 320
622 54 324
610 64 326
606 70 324
603 65 332
600 67 333
588 64 348
584 63 353
577 65 358
575 67 358
572 69 359
570 56 374
571 47 382
576 45 379
572 49 379
577 46 377
582 43 375
585 37 378
589 36 375
594 36 370
598 33 369
604 26 370
607 28 365
621 26 353
620 31 349
621 29 350
625 25 350
627 28 345
634 25 341
643 24 333
645 24 331
649 26 325
652 25 323
654 21 325
658 18 324
662 12 326
664 13 323
667 12 321
673 11 316
671 12 317
671 11 318
668 13 319
672 11 317
675 11 314
681 11 308
687 10 303
687 13 300
690 14 296
690 13 297
692 12 296
697 13 290
698 10 292
693 15 292
694 18 288
700 17 283
699 15 286
704 13 283
705 12 283
709 12 279
714 11 275
720 7 273
723 6 271
727 3 270
730 2 268
735 2 263
738 3 259
745 3 252
749 5 246
752 4 244
756 4 240
755 6 239
753 8 239
751 12 237
750 16 234
751 21 228
749 21 230
741 28 231
738 26 236
740 27 233
735 24 241
736 24 240
736 26 238
730 29 241
728 26 246
724 30 246
724 32 244
718 30 252
719 29 252
721 26 253
721 25 254
719 29 252
712 31 257
710 29 261
716 24 260
717 25 258
716 23 261
720 21 259
721 22 257
723 20 257
733 20 247
733 21 246
734 22 244
734 22 244
734 21 245
741 21 238
741 21 238
738 21 241
735 24 241
738 25 237
741 23 236
733 32 235
