998 2 0
998 1 1
997 2 1
996 3 1
995 3 2
995 3 2
992 6 2
986 10 4
973 20 7
958 29 13
935 45 20
909 61 30
876 86 38
831 113 56
795 127 78
761 142 97
730 142 128
701 151 148
680 147 173
653 141 206
634 136 230
620 130 250
602 127 271
581 134 285
565 132 303
554 123 323
543 104 353
546 92 362
548 83 369
541 80 379
541 81 378
542 75 383
543 63 394
541 60 399
540 60 400
537 61 402
540 55 405
546 53 401
548 52 400
543 54 403
547 45 408
554 41 405
562 42 396
564 42 394
564 41 395
567 39 394
565 38 397
565 34 401
567 35 398
573 31 396
577 29 394
582 29 389
586 33 381
583 36 381
582 34 384
591 31 378
594 26 380
596 26 378
600 26 374
604 25 371
607 26 367
610 25 365
619 18 363
620 16 364
624 13 363
634 12 354
638 11 351
645 10 345
651 8 341
654 13 333
667 11 322
669 12 319
671 14 315
673 16 311
669 19 312
677 20 303
678 23 299
684 21 295
684 22 294
686 18 296
685 23 292
677 27 296
678 29 293
673 29 298
679 29 292
687 27 286
691 30 279
688 30 282
684 34 282
680 36 284
675 41 284
674 40 286
671 40 289
667 39 294
661 46 293
658 50 292
651 49 300
650 53 297
650 50 300
650 55 295
649 58 293
641 59 300
639 55 306
637 60 303
632 58 310
616 64 320
616 55 329
608 57 335
604 59 337
600 55 345
595 54 351
594 48 358
588 49 363
587 51 362
587 52 361
582 57 361
582 52 366
585 45 370
584 43 373
588 44 368
590 44 366
593 34 373
593 30 377
597 31 372
603 33 364
605 28 367
611 26 363
610 28 362
614 29 357
605 39 356
598 37 365
595 42 363
595 38 367
596 33 371
594 32 374
595 34 371
593 36 371
595 38 367
598 40 362
593 43 364
582 55 363
584 56 360
580 62 358
576 59 365
577 48 375
581 46 373
582 48 370
582 50 368
580 50 370
577 51 372
575 47 378
577 39 384
573 42 385
573 44 383
574 45 381
575 45 380
573 44 383
565 48 387
569 43 388
570 44 386
581 40 379
578 42 380
583 44 373
591 39 370
594 35 371
599 27 374
601 26 373
604 22 374
607 18 375
610 18 372
612 14 374
613 12 375
619 13 368
625 11 364
629 10 361
633 9 358
637 9 354
641 8 351
646 8 346
649 10 341
653 11 336
652 14 334
644 18 338
645 17 338
650 15 335
648 16 336
651 16 333
646 21 333
644 22 334
641 28 331
645 27 328
643 30 327
642 34 324
641 34 325
643 32 325
644 36 320
642 35 323
635 38 327
633 39 328
637 38 325
639 35 326
641 33 326
649 30 321
653 30 317
658 31 311
659 32 309
656 31 313
655 35 310
662 31 307
665 31 304
664 28 308
665 24 311
671 22 307
673 21 306
671 22 307
670 26 304
668 26 306
667 30 303
669 27 304
670 27 303
668 25 307
661 34 305
657 36 307
662 28 310
662 27 311
664 24 312
661 27 312
662 26 312
669 25 306
671 27 302
676 25 299
678 28 294
682 26 292
681 26 293
685 24 291
685 25 290
683 24 293
686 23 291
685 27 288
681 29 290
681 33 286
681 35 284
684 31 285
689 30 281
694 28 278
694 23 283
692 26 282
693 28 279
695 25 280
697 24 279
693 25 282
696 27 277
695 26 279
698 22 280
698 27 275
699 21 280
705 21 274
711 20 269
710 20 270
712 19 269
710 20 270
709 20 271
708 26 266
707 34 259
701 40 259
696 43 261
684 51 265
681 49 270
676 50 274
672 56 272
667 54 279
667 52 281
668 47 285
670 43 287
674 45 281
674 35 291
678 34 288
677 33 290
679 32 289
686 27 287
686 28 286
684 27 289
691 21 288
686 26 288
684 31 285
677 36 287
672 42 286
667 40 293
665 41 294
658 49 293
654 49 297
651 48 301
647 50 303
649 46 305
650 47 303
649 49 302
656 48 296
655 44 301
656 45 299
663 39 298
661 39 300
657 45 298
654 50 296
659 49 292
653 53 294
648 54 298
641 52 307
640 47 313
642 42 316
642 40 318
640 41 319
640 33 327
636 32 332
637 33 330
639 31 330
637 31 332
636 31 333
636 38 326
636 40 324
637 39 324
637 41 322
634 39 327
639 42 319
638 44 318
637 43 320
635 44 321
634 47 319
636 47 317
634 41 325
639 35 326
638 35 327
643 34 323
643 30 327
643 31 326
643 27 330
649 28 323
650 29 321
653 29 318
653 32 315
659 29 312
657 30 313
659 30 311
663 30 307
672 27 301
673 21 306
676 21 303
679 20 301
677 20 303
682 21 297
686 22 292
682 22 296
679 24 297
683 19 298
678 27 295
673 30 297
678 31 291
678 29 293
678 28 294
675 26 299
678 21 301
687 17 296
691 16 293
693 20 287
695 19 286
692 20 288
694 20 286
689 27 284
687 27 286
680 34 286
678 31 291
674 32 294
666 38 296
670 38 292
673 32 295
670 30 300
669 34 297
669 32 299
668 36 296
670 37 293
667 35 298
664 35 301
659 38 303
662 37 301
668 33 299
674 27 299
677 31 292
675 30 295
677 23 300
682 19 299
691 18 291
690 20 290
687 26 287
683 30 287
676 35 289
665 48 287
661 53 286
658 60 282
648 65 287
643 54 303
639 53 308
640 52 308
638 55 307
629 54 317
634 47 319
637 43 320
633 53 314
628 48 324
628 47 325
626 40 334
624 44 332
624 43 333
624 42 334
624 43 333
625 38 337
626 38 336
625 40 335
630 35 335
632 30 338
631 29 340
634 27 339
629 30 341
634 30 336
637 27 336
644 21 335
647 20 333
650 16 334
654 13 333
654 16 330
664 16 320
670 13 317
672 13 315
674 13 313
676 12 312
680 15 305
680 15 305
677 17 306
678 20 302
679 26 295
678 28 294
677 29 294
682 30 288
677 37 286
679 37 284
678 36 286
679 33 288
683 31 286
677 36 287
674 33 293
672 36 292
676 35 289
673 31 296
678 30 292
677 29 294
681 25 294
678 23 299
684 23 293
688 23 289
692 24 284
691 20 289
692 16 292
694 16 290
690 22 288
696 21 283
687 31 282
679 41 280
671 43 286
670 43 287
662 49 289
653 52 295
645 56 299
640 59 301
636 58 306
628 59 313
612 68 320
606 65 329
604 64 332
601 63 336
592 63 345
588 56 356
589 50 361
592 41 367
595 34 371
595 35 370
596 38 366
603 38 359
601 34 365
604 34 362
608 28 364
611 24 365
610 29 361
612 25 363
604 27 369
613 22 365
616 20 364
617 14 369
622 13 365
624 15 361
627 15 358
629 14 357
636 12 352
637 14 349
641 15 344
646 13 341
650 11 339
652 11 337
662 11 327
664 10 326
669 15 316
672 17 311
671 23 306
665 26 309
668 23 309
666 25 309
669 26 305
669 24 307
671 25 304
667 25 308
675 25 300
681 21 298
679 23 298
680 20 300
678 18 304
682 18 300
682 22 296
678 29 293
680 23 297
681 23 296
680 26 294
679 24 297
683 21 296
690 21 289
690 24 286
698 23 279
698 27 275
693 26 281
684 31 285
678 38 284
666 47 287
663 47 290
662 53 285
657 55 288
653 57 290
648 49 303
644 54 302
644 54 302
643 51 306
637 53 310
633 54 313
633 53 314
638 55 307
632 53 315
629 52 319
621 61 318
615 58 327
614 57 329
607 59 334
611 57 332
610 59 331
608 61 331
602 58 340
602 49 349
606 46 348
607 48 345
605 53 342
603 58 339
592 64 344
591 58 351
586 60 354
582 57 361
573 60 367
574 51 375
582 43 375
581 39 380
585 35 380
589 34 377
589 36 375
590 36 374
590 34 376
586 38 376
588 33 379
591 34 375
592 35 373
591 36 373
591 34 375
591 36 373
593 32 375
590 37 373
589 36 375
596 33 371
604 31 365
613 29 358
617 30 353
624 31 345
618 34 348
623 36 341
632 34 334
636 35 329
637 34 329
636 39 325
637 35 328
638 31 331
642 30 328
641 29 330
646 32 322
645 31 324
651 28 321
646 35 319
644 35 321
637 39 324
629 42 329
630 40 330
628 33 339
634 34 332
636 34 330
637 36 327
640 28 332
640 31 329
638 32 330
633 38 329
633 37 330
632 36 332
633 34 333
632 32 336
635 31 334
636 31 333
640 26 334
638 27 335
641 22 337
648 21 331
653 19 328
661 15 324
664 11 325
671 13 316
672 13 315
680 13 307
685 15 300
686 17 297
683 22 295
680 30 290
678 30 292
684 24 292
689 25 286
694 22 284
694 23 283
692 18 290
695 15 290
693 18 289
691 19 290
694 19 287
690 24 286
688 25 287
683 32 285
679 37 284
682 34 284
679 36 285
673 39 288
664 47 289
660 50 290
648 56 296
648 54 298
639 63 298
641 57 302
639 59 302
636 58 306
636 51 313
632 55 313
633 53 314
628 49 323
627 44 329
626 40 334
619 41 340
620 44 336
621 41 338
622 37 341
617 39 344
622 31 347
623 30 347
624 30 346
625 24 351
634 21 345
635 24 341
641 18 341
647 15 338
656 19 325
661 14 325
669 12 319
671 7 322
675 6 319
680 5 315
682 9 309
689 9 302
691 7 302
691 10 299
695 10 295
703 11 286
700 13 287
702 16 282
705 11 284
708 12 280
706 13 281
708 10 282
712 10 278
718 9 273
722 12 266
721 17 262
724 18 258
719 23 258
720 22 258
712 29 259
712 24 264
711 29 260
709 30 261
711 35 254
708 40 252
709 37 254
710 38 252
709 39 252
707 35 258
712 29 259
713 27 260
709 32 259
707 27 266
709 26 265
708 22 270
704 20 276
709 18 273
712 20 268
709 20 271
708 20 272
706 21 273
705 23 272
709 20 271
713 15 272
717 13 270
714 19 267
716 18 266
720 16 264
723 15 262
725 16 259
730 16 254
727 18 255
734 17 249
736 22 242
729 30 241
718 41 241
715 42 243
713 44 243
707 47 246
699 54 247
694 60 246
689 61 250
687 60 253
675 66 259
663 72 265
654 68 278
649 72 279
648 70 282
641 68 291
635 70 295
632 58 310
629 60 311
631 63 306
628 61 311
625 66 309
618 64 318
611 64 325
612 63 325
611 64 325
610 58 332
610 60 330
600 63 337
587 64 349
584 58 358
576 68 356
580 62 358
582 63 355
587 64 349
582 60 358
583 58 359
585 56 359
585 53 362
584 46 370
590 40 370
586 40 374
590 37 373
593 30 377
594 27 379
596 22 382
603 18 379
610 14 376
617 12 371
623 12 365
627 11 362
630 11 359
635 9 356
644 8 348
651 4 345
656 3 341
661 3 336
666 3 331
676 2 322
681 3 316
686 3 311
690 4 306
694 5 301
701 4 295
704 6 290
712 6 282
712 5 283
719 4 277
722 5 273
726 5 269
730 6 264
731 5 264
732 7 261
738 8 254
738 8 254
745 8 247
749 8 243
753 8 239
755 7 238
759 7 234
759 6 235
759 9 232
761 9 230
761 11 228
763 9 228
763 9 228
766 8 226
772 7 221
774 6 220
778 7 215
780 7 213
779 9 212
779 8 213
779 9 212
779 11 210
779 11 210
778 8 214
778 10 212
781 13 206
781 14 205
786 17 197
791 16 193
791 18 191
791 14 195
787 23 190
780 28 192
769 34 197
755 41 204
748 40 212
743 41 216
737 45 218
737 37 226
733 38 229
735 32 233
730 38 232
721 46 233
716 42 242
711 38 251
712 37 251
711 41 248
708 44 248
710 32 258
713 28 259
711 26 263
714 28 258
718 26 256
719 29 252
716 24 260
718 27 255
713 38 249
704 39 257
699 40 261
696 42 262
687 46 267
676 49 275
679 50 271
676 49 275
675 49 276
679 48 273
681 47 272
675 44 281
671 46 283
671 44 285
667 45 288
667 48 285
661 53 286
658 56 286
651 49 300
650 52 298
651 51 298
642 53 305
644 51 305
638 52 310
621 60 319
617 64 319
608 70 322
605 76 319
595 80 325
593 70 337
584 68 348
588 58 354
587 58 355
587 56 357
588 54 358
583 57 360
588 56 356
581 57 362
580 46 374
585 48 367
589 45 366
592 43 365
588 47 365
587 48 365
585 40 375
586 38 376
587 40 373
591 45 364
591 47 362
598 44 358
604 42 354
608 37 355
614 34 352
616 37 347
614 33 353
614 31 355
619 29 352
624 26 350
627 26 347
629 26 345
633 21 346
632 22 346
633 21 346
640 20 340
640 23 337
645 21 334
648 22 330
651 22 327
650 19 331
659 19 322
664 19 317
667 18 315
677 18 305
682 18 300
688 16 296
690 16 294
693 11 296
693 12 295
694 16 290
693 21 286
701 21 278
693 26 281
686 34 280
686 30 284
690 28 282
692 29 279
693 26 281
699 22 279
700 23 277
700 17 283
703 19 278
708 21 271
710 22 268
713 23 264
711 25 264
706 28 266
704 26 270
705 27 268
705 26 269
705 26 269
702 27 271
695 35 270
689 44 267
686 46 268
679 51 270
666 61 273
664 64 272
664 64 272
657 66 277
645 74 281
636 79 285
627 75 298
612 80 308
612 77 311
602 78 320
598 74 328
590 75 335
580 80 340
576 71 353
564 78 358
556 78 366
553 73 374
557 68 375
555 67 378
555 73 372
548 70 382
543 73 384
545 73 382
548 72 380
548 67 385
