998 2 0
998 2 0
987 12 1
975 21 4
969 24 7
955 34 11
943 40 17
920 57 23
900 68 32
877 80 43
850 93 57
805 123 72
779 125 96
739 147 114
692 165 143
648 189 163
612 198 190
569 201 230
540 203 257
525 185 290
510 173 317
500 168 332
482 169 349
475 162 363
470 153 377
463 142 395
451 138 411
450 132 418
443 128 429
446 114 440
448 105 447
445 95 460
448 80 472
445 77 478
453 70 477
460 62 478
462 54 484
463 53 484
466 49 485
472 50 478
478 44 478
477 45 478
482 37 481
492 30 478
496 28 476
501 30 469
508 31 461
514 27 459
518 28 454
519 27 454
534 25 441
543 22 435
550 18 432
555 18 427
559 15 426
564 13 423
572 12 416
579 12 409
584 10 406
592 8 400
600 8 392
604 14 382
606 14 380
608 16 376
612 18 370
616 12 372
619 12 369
626 12 362
630 9 361
643 6 351
649 5 346
652 6 342
656 8 336
663 8 329
661 12 327
668 15 317
673 16 311
672 15 313
679 13 308
686 12 302
691 14 295
698 10 292
698 11 291
698 14 288
687 30 283
687 27 286
692 26 282
701 28 271
700 31 269
693 38 269
686 38 276
680 45 275
676 42 282
678 40 282
676 39 285
675 39 286
674 41 285
672 41 287
669 38 293
665 41 294
664 41 295
660 42 298
656 46 298
639 59 302
636 53 311
626 61 313
621 64 315
615 64 321
621 57 322
618 56 326
618 51 331
615 46 339
623 41 336
621 43 336
629 38 333
628 35 337
631 32 337
631 28 341
633 29 338
630 36 334
627 37 336
629 33 338
624 37 339
624 36 340
623 34 343
620 37 343
615 38 347
608 43 349
609 43 348
612 36 352
608 37 355
606 37 357
607 35 358
609 35 356
609 36 355
616 32 352
618 30 352
623 23 354
626 23 351
628 21 351
636 22 342
642 16 342
649 16 335
651 19 330
653 20 327
658 23 319
664 27 309
661 29 310
663 32 305
663 29 308
661 29 310
662 34 304
654 38 308
650 41 309
634 55 311
625 64 311
613 72 315
608 70 322
603 63 334
595 63 342
587 68 345
585 67 348
579 67 354
584 63 353
579 60 361
579 58 363
576 58 366
570 62 368
570 62 368
560 63 377
566 56 378
571 52 377
568 51 381
567 55 378
564 54 382
561 57 382
555 56 389
558 49 393
559 51 390
555 51 394
554 51 395
558 50 392
563 44 393
563 39 398
560 41 399
557 35 408
560 27 413
567 20 413
573 22 405
578 19 403
584 17 399
586 16 398
589 18 393
594 16 390
592 17 391
589 19 392
588 19 393
595 19 386
601 17 382
610 21 369
614 22 364
616 23 361
613 27 360
613 27 360
616 23 361
622 22 356
629 17 354
634 17 349
638 18 344
638 16 346
639 18 343
641 23 336
641 21 338
645 20 335
647 22 331
648 20 332
652 17 331
657 17 326
658 17 325
661 17 322
664 17 319
664 20 316
662 23 315
668 25 307
672 21 307
674 21 305
673 21 306
678 22 300
682 21 297
692 16 292
693 12 295
693 13 294
692 12 296
697 11 292
699 12 289
700 11 289
705 11 284
710 10 280
712 8 280
714 8 278
712 9 279
717 10 273
714 14 272
718 16 266
718 15 267
722 13 265
725 13 262
726 15 259
730 15 255
726 18 256
721 25 254
709 33 258
710 35 255
704 34 262
695 42 263
691 43 266
684 48 268
685 45 270
672 52 276
668 56 276
664 58 278
654 59 287
641 67 292
639 64 297
640 60 300
637 64 299
630 65 305
626 59 315
622 60 318
618 60 322
618 56 326
617 53 330
614 49 337
612 41 347
613 37 350
615 37 348
620 36 344
623 33 344
628 32 340
629 33 338
625 36 339
630 38 332
630 40 330
632 41 327
631 39 330
632 43 325
637 41 322
638 40 322
635 38 327
629 42 329
633 42 325
632 41 327
633 40 327
629 39 332
633 35 332
644 28 328
645 26 329
649 23 328
647 24 329
652 19 329
653 17 330
657 12 331
662 13 325
661 22 317
658 32 310
657 32 311
662 34 304
658 35 307
654 34 312
656 33 311
657 33 310
658 30 312
664 29 307
661 34 305
657 36 307
658 31 311
663 31 306
668 24 308
669 24 307
668 23 309
672 25 303
670 25 305
671 23 306
680 18 302
678 20 302
681 21 298
683 23 294
679 23 298
683 18 299
689 16 295
686 28 286
678 34 288
673 37 290
667 48 285
662 49 289
659 45 296
661 42 297
658 41 301
654 46 300
654 43 303
652 46 302
654 42 304
655 38 307
653 38 309
652 39 309
650 39 311
654 36 310
654 32 314
654 29 317
656 28 316
659 28 313
663 26 311
662 28 310
667 28 305
668 33 299
667 30 303
669 29 302
668 29 303
672 25 303
680 24 296
681 21 298
683 19 298
678 25 297
679 22 299
682 20 298
687 19 294
688 18 294
688 15 297
687 15 298
685 21 294
683 23 294
676 29 295
673 34 293
676 32 292
678 33 289
677 37 286
670 45 285
659 48 293
654 49 297
647 50 303
644 47 309
633 59 308
621 65 314
618 62 320
611 64 325
613 56 331
611 59 330
606 53 341
598 54 348
597 55 348
587 62 351
583 61 356
581 65 354
577 70 353
570 72 358
565 72 363
553 81 366
545 80 375
538 83 379
534 77 389
526 78 396
527 65 408
526 57 417
529 56 415
535 55 410
540 51 409
542 49 409
547 44 409
545 41 414
546 36 418
550 33 417
551 31 418
556 29 415
560 30 410
560 26 414
564 27 409
574 26 400
588 24 388
597 21 382
610 18 372
618 16 366
626 15 359
629 16 355
632 15 353
629 19 352
630 19 351
628 19 353
631 21 348
635 22 343
635 20 345
640 12 348
647 10 343
652 10 338
654 9 337
664 7 329
665 10 325
667 8 325
664 13 323
668 13 319
671 11 318
670 16 314
672 18 310
669 21 310
668 25 307
661 28 311
656 30 314
658 29 313
657 27 316
656 23 321
661 22 317
673 20 307
676 21 303
678 20 302
680 20 300
687 20 293
688 20 292
687 18 295
683 24 293
682 27 291
682 26 292
684 25 291
686 24 290
685 26 289
690 24 286
688 25 287
690 26 284
699 20 281
702 17 281
702 20 278
699 25 276
694 32 274
691 35 274
689 36 275
690 38 272
691 32 277
694 32 274
691 31 278
690 29 281
686 31 283
687 27 286
686 27 287
680 35 285
674 41 285
669 42 289
668 40 292
671 41 288
664 45 291
656 51 293
650 57 293
650 60 290
648 59 293
647 55 298
645 52 303
643 48 309
642 43 315
642 35 323
645 29 326
650 27 323
652 28 320
649 31 320
645 32 323
648 32 320
649 26 325
646 29 325
645 30 325
644 27 329
635 36 329
631 40 329
627 41 332
631 40 329
621 42 337
613 47 340
609 50 341
601 53 346
587 57 356
577 65 358
562 71 367
558 71 371
554 72 374
547 73 380
543 75 382
539 70 391
537 61 402
532 57 411
532 55 413
529 57 414
532 53 415
534 48 418
541 41 418
544 38 418
547 39 414
556 33 411
552 38 410
549 40 411
553 37 410
554 40 406
551 43 406
546 46 408
540 50 410
538 49 413
534 49 417
539 48 413
540 43 417
534 47 419
535 48 417
539 46 415
542 44 414
548 39 413
555 32 413
561 26 413
559 31 410
564 30 406
557 37 406
563 34 403
565 37 398
560 42 398
561 43 396
565 39 396
567 36 397
571 31 398
570 32 398
579 26 395
582 22 396
589 25 386
594 26 380
595 25 380
601 24 375
602 31 367
600 35 365
598 34 368
594 39 367
588 42 370
587 42 371
581 41 378
586 33 381
592 24 384
593 27 380
596 23 381
596 23 381
598 28 374
597 30 373
600 24 376
603 23 374
608 21 371
612 21 367
618 14 368
621 14 365
622 10 368
624 11 365
632 8 360
640 8 352
651 7 342
662 6 332
668 4 328
671 6 323
673 8 319
678 8 314
680 11 309
681 10 309
685 13 302
688 17 295
690 18 292
691 18 291
688 19 293
687 21 292
694 19 287
699 17 284
703 15 282
705 16 279
709 17 274
715 16 269
718 13 269
722 13 265
723 14 263
728 16 256
719 21 260
715 25 260
714 23 263
714 24 262
713 22 265
719 24 257
717 27 256
707 38 255
700 45 255
691 51 258
667 68 265
662 65 273
651 70 279
637 72 291
623 73 304
613 72 315
606 78 316
597 78 325
592 78 330
589 70 341
590 60 350
592 55 353
588 51 361
585 50 365
576 53 371
575 50 375
566 56 378
567 57 376
560 56 384
559 55 386
555 61 384
554 55 391
558 47 395
554 47 399
562 45 393
558 52 390
560 50 390
564 44 392
566 44 390
566 40 394
573 34 393
577 37 386
577 37 386
580 33 387
589 36 375
592 35 373
592 38 370
590 36 374
597 34 369
597 30 373
602 33 365
603 33 364
607 35 358
610 33 357
609 29 362
606 35 359
607 30 363
610 29 361
612 26 362
615 25 360
616 24 360
616 20 364
623 16 361
629 17 354
632 19 349
634 16 350
639 19 342
644 17 339
643 19 338
643 19 338
651 17 332
654 17 329
658 13 329
658 17 325
652 25 323
643 36 321
636 44 320
619 56 325
611 60 329
592 78 330
585 70 345
586 63 351
579 66 355
578 64 358
575 64 361
567 65 368
563 60 377
558 57 385
560 53 387
559 49 392
556 47 397
553 52 395
555 51 394
553 56 391
554 53 393
548 52 400
547 53 400
546 49 405
550 49 401
557 37 406
556 38 406
559 36 405
557 38 405
563 29 408
566 27 407
571 27 402
572 26 402
579 25 396
580 26 394
583 24 393
579 28 393
574 37 389
571 40 389
570 36 394
572 31 397
578 26 396
578 27 395
585 28 387
589 25 386
591 30 379
593 29 378
601 27 372
595 34 371
600 26 374
606 25 369
602 30 368
604 30 366
604 38 358
606 38 356
607 37 356
608 40 352
609 36 355
611 36 353
609 38 353
610 36 354
608 34 358
614 25 361
614 25 361
615 23 362
617 22 361
622 23 355
625 23 352
621 25 354
620 27 353
619 32 349
617 30 353
618 29 353
627 28 345
632 30 338
631 29 340
637 27 336
639 25 336
648 21 331
657 22 321
655 28 317
657 28 315
653 34 313
652 29 319
655 31 314
661 32 307
664 31 305
667 28 305
666 31 303
665 30 305
665 35 300
655 41 304
649 45 306
648 44 308
645 46 309
637 48 315
631 51 318
628 56 316
626 54 320
623 56 321
627 53 320
628 50 322
627 45 328
620 47 333
617 47 336
620 48 332
613 51 336
609 51 340
609 46 345
603 53 344
602 54 344
605 48 347
615 46 339
609 54 337
604 53 343
598 59 343
605 51 344
599 54 347
596 59 345
601 59 340
600 58 342
598 54 348
597 57 346
589 65 346
583 62 355
582 58 360
580 59 361
580 56 364
577 47 376
577 44 379
576 43 381
579 38 383
582 32 386
585 30 385
588 27 385
594 23 383
600 23 377
603 23 374
605 25 370
613 23 364
616 26 358
610 33 357
609 34 357
610 33 357
612 31 357
609 30 361
611 28 361
619 26 355
625 28 347
625 27 348
629 30 341
626 34 340
626 39 335
632 37 331
632 33 335
635 25 340
637 29 334
630 31 339
627 26 347
625 29 346
629 28 343
631 26 343
630 27 343
630 28 342
635 25 340
639 25 336
640 23 337
641 22 337
646 26 328
646 24 330
644 23 333
650 21 329
652 22 326
657 23 320
660 21 319
661 21 318
671 20 309
671 22 307
673 20 307
676 20 304
677 26 297
676 28 296
677 31 292
681 29 290
681 24 295
677 28 295
680 29 291
678 33 289
679 28 293
682 26 292
683 28 289
685 26 289
687 25 288
686 22 292
689 20 291
692 21 287
696 22 282
695 23 282
696 24 280
698 23 279
699 20 281
708 18 274
711 12 277
716 13 271
718 12 270
717 13 270
719 13 268
725 15 260
726 15 259
730 15 255
730 15 255
732 19 249
735 17 248
735 13 252
736 14 250
738 12 250
739 13 248
741 12 247
742 11 247
745 12 243
753 5 242
756 4 240
760 5 235
763 5 232
768 5 227
768 7 225
770 7 223
770 10 220
767 10 223
774 8 218
778 6 216
778 6 216
781 4 215
781 7 212
779 13 208
775 19 206
771 23 206
760 30 210
757 33 210
745 40 215
741 39 220
731 48 221
716 66 218
701 77 222
693 73 234
687 74 239
685 67 248
677 66 257
671 69 260
668 75 257
667 69 264
659 71 270
656 66 278
640 78 282
632 80 288
631 73 296
630 67 303
626 70 304
623 71 306
622 61 317
628 55 317
631 50 319
633 47 320
635 43 322
633 43 324
634 52 314
628 52 320
624 57 319
620 57 323
612 62 326
612 60 328
606 63 331
606 61 333
606 59 335
598 62 340
602 56 342
596 65 339
596 63 341
596 62 342
598 58 344
597 61 342
595 63 342
597 56 347
594 57 349
589 62 349
581 65 354
581 59 360
588 55 357
593 44 363
594 46 360
589 51 360
589 49 362
590 51 359
586 58 356
580 56 364
576 63 361
575 63 362
583 55 362
579 56 365
583 49 368
584 40 376
584 35 381
582 37 381
583 37 380
587 36 377
586 39 375
581 42 377
582 42 376
587 37 376
593 36 371
602 34 364
606 29 365
