246
101
123
628
731
665
680
660
724
108
103
704
30
80
875
647
992
321
152
43
764
26
535
822
775
358
931
926
617
821
292
920
311
176
287
703
575
748
640
588
399
422
922
48
51
862
170
709
940
241
55
553
214
323
137
791
970
0
962
457
774
67
568
614
702
445
341
424
5
306
812
795
548
386
662
521
25
950
811
400
363
77
794
236
596
328
42
984
366
971
896
305
581
336
330
960
62
738
925
415
964
546
523
319
690
517
126
804
510
528
406
377
226
234
490
838
247
164
458
165
613
298
891
169
645
697
733
302
11
419
202
178
745
130
516
179
134
556
590
447
238
769
566
222
398
28
148
147
91
290
356
524
173
466
431
963
82
119
418
639
503
835
549
944
114
122
833
543
272
711
294
637
990
94
99
865
858
560
72
630
648
800
