112
576
808
727
84
75
525
858
242
625
857
308
263
495
720
349
938
941
767
261
741
988
31
16
848
815
987
844
569
929
378
598
842
186
943
154
340
474
62
719
453
27
58
984
462
422
810
633
445
195
711
127
409
838
67
508
293
800
44
880
107
457
251
327
162
290
546
441
57
423
198
418
674
292
415
708
216
439
954
597
541
949
618
421
257
533
280
461
985
888
609
13
53
764
790
951
760
656
726
722
845
586
723
971
603
745
601
515
12
428
994
581
925
774
64
254
594
826
587
28
762
840
247
797
725
23
796
285
208
468
780
497
824
65
178
986
724
891
311
268
88
258
159
97
155
803
749
215
96
868
548
877
878
946
61
160
642
220
650
721
980
137
226
936
379
657
610
48
148
557
562
743
321
22
101
113
989
393
836
337
699
712
