520
524
92
973
248
762
848
492
77
263
23
297
670
985
951
780
398
359
802
326
636
885
944
404
128
59
154
389
701
603
887
862
444
650
816
638
926
130
44
309
182
999
375
267
112
684
320
90
64
614
334
162
475
65
974
685
304
611
24
431
654
7
908
164
704
461
897
476
147
933
624
538
643
450
443
346
397
406
89
70
338
383
56
258
870
4
748
233
950
998
549
707
535
272
905
463
515
79
455
616
61
645
291
863
986
319
123
422
57
925
278
469
53
242
189
879
427
847
577
965
597
108
543
364
299
689
821
673
330
942
582
830
457
523
251
48
740
866
150
483
161
311
729
969
697
273
945
49
480
116
213
694
249
993
946
534
42
599
530
424
366
58
10
963
29
548
6
644
232
489
481
790
795
35
754
394
796
222
472
778
234
805
