166
410
294
276
981
912
983
818
449
560
860
182
344
706
100
219
457
300
21
99
793
187
529
490
679
169
197
987
141
704
894
80
963
798
777
164
841
272
584
645
230
205
680
699
644
331
885
36
172
308
873
120
285
858
134
770
363
607
175
850
741
348
951
231
61
249
766
459
708
910
507
797
26
487
722
891
863
839
481
879
479
548
636
383
549
510
547
23
341
453
862
8
796
997
33
411
208
305
477
485
945
670
111
428
174
359
851
153
612
295
786
345
847
400
367
896
964
470
124
217
849
502
54
596
167
116
668
504
991
37
966
520
521
985
149
740
403
13
55
418
146
785
28
654
224
993
574
714
658
388
210
623
931
669
473
215
878
647
648
538
269
335
752
86
16
207
832
866
639
53
5
769
819
98
986
129
271
835
328
3
52
724
