998 2 0
998 2 0
998 2 0
997 3 0
995 5 0
993 7 0
987 13 0
981 13 6
975 17 8
972 17 11
961 28 11
953 29 18
950 30 20
941 36 23
930 45 25
916 53 31
902 58 40
874 75 51
847 98 55
826 102 72
800 115 85
778 113 109
751 117 132
745 111 144
736 106 158
710 120 170
691 130 179
681 131 188
668 123 209
653 114 233
630 119 251
612 110 278
600 106 294
593 106 301
586 106 308
577 103 320
573 91 336
571 90 339
571 83 346
572 80 348
567 67 366
565 52 383
565 46 389
565 44 391
567 42 391
575 37 388
582 30 388
582 31 387
588 26 386
591 26 383
592 27 381
598 26 376
598 24 378
599 25 376
605 25 370
607 20 373
609 19 372
612 18 370
614 17 369
619 18 363
620 16 364
622 15 363
626 14 360
630 12 358
638 12 350
641 13 346
645 11 344
651 11 338
653 11 336
657 11 332
663 12 325
669 12 319
673 11 316
677 11 312
682 12 306
684 13 303
684 14 302
689 15 296
695 14 291
698 12 290
700 12 288
700 14 286
701 16 283
707 15 278
708 16 276
710 15 275
714 16 270
717 14 269
720 17 263
725 17 258
724 18 258
722 20 258
723 20 257
720 24 256
719 30 251
713 37 250
707 45 248
703 44 253
700 42 258
695 38 267
697 34 269
696 37 267
691 42 267
685 43 272
690 40 270
685 39 276
679 44 277
679 40 281
674 44 282
673 40 287
665 44 291
664 45 291
660 45 295
662 39 299
662 33 305
661 24 315
664 24 312
669 22 309
674 18 308
680 15 305
685 14 301
687 13 300
690 13 297
687 17 296
688 16 296
689 14 297
693 14 293
698 13 289
700 16 284
704 18 278
706 18 276
703 21 276
697 27 276
695 30 275
696 32 272
693 32 275
694 32 274
694 33 273
696 31 273
697 30 273
696 28 276
698 26 276
700 24 276
703 23 274
699 29 272
688 36 276
686 37 277
684 40 276
680 40 280
680 38 282
679 34 287
679 31 290
681 30 289
682 23 295
680 20 300
681 16 303
685 15 300
687 16 297
687 17 296
691 18 291
691 19 290
689 24 287
688 23 289
690 21 289
689 19 292
689 15 296
694 15 291
697 15 288
704 14 282
706 15 279
709 12 279
712 14 274
712 16 272
713 17 270
718 17 265
722 16 262
726 18 256
731 18 251
729 18 253
731 15 254
736 18 246
744 18 238
743 15 242
743 16 241
745 16 239
742 22 236
741 21 238
741 21 238
740 22 238
741 25 234
740 28 232
737 25 238
733 29 238
727 30 243
726 31 243
720 38 242
715 39 246
715 38 247
712 41 247
709 40 251
707 36 257
707 34 259
704 40 256
702 43 255
700 39 261
697 39 264
699 38 263
694 38 268
692 39 269
690 43 267
689 40 271
691 41 268
689 40 271
691 42 267
687 43 270
684 38 278
680 40 280
678 37 285
674 40 286
668 46 286
663 44 293
663 41 296
664 42 294
661 44 295
656 41 303
657 42 301
659 38 303
658 41 301
660 38 302
660 35 305
663 35 302
666 34 300
669 36 295
669 32 299
671 33 296
671 29 300
671 24 305
667 25 308
671 24 305
677 21 302
677 18 305
683 20 297
683 18 299
687 17 296
695 13 292
696 16 288
700 13 287
698 13 289
695 16 289
695 15 290
690 17 293
689 21 290
690 19 291
687 20 293
687 23 290
687 24 289
685 24 291
684 24 292
685 26 289
684 29 287
687 29 284
682 30 288
683 30 287
679 37 284
679 37 284
679 36 285
682 32 286
684 28 288
691 26 283
697 25 278
694 27 279
695 27 278
696 30 274
695 33 272
695 32 273
696 29 275
696 26 278
694 26 280
691 28 281
694 26 280
698 25 277
702 22 276
704 17 279
702 17 281
705 17 278
702 20 278
701 22 277
695 24 281
695 28 277
689 33 278
687 35 278
687 36 277
679 44 277
678 46 276
674 52 274
667 53 280
658 62 280
650 71 279
644 75 281
629 76 295
610 83 307
600 80 320
590 79 331
581 82 337
575 77 348
567 81 352
563 82 355
562 78 360
556 73 371
557 64 379
555 64 381
555 62 383
556 56 388
557 57 386
556 54 390
556 50 394
554 51 395
553 50 397
555 44 401
553 45 402
559 34 407
561 28 411
566 31 403
570 31 399
579 28 393
581 31 388
578 29 393
580 32 388
580 29 391
580 33 387
582 36 382
581 34 385
587 32 381
593 33 374
592 32 376
594 34 372
596 32 372
598 32 370
592 37 371
593 30 377
592 33 375
604 31 365
611 30 359
618 31 351
622 27 351
625 25 350
635 21 344
635 19 346
636 24 340
640 24 336
642 22 336
647 15 338
652 14 334
660 12 328
665 11 324
671 9 320
674 8 318
681 8 311
684 5 311
686 6 308
685 8 307
690 8 302
692 7 301
694 6 300
696 4 300
698 4 298
701 1 298
704 1 295
713 1 286
716 1 283
719 1 280
725 1 274
728 0 272
735 0 265
739 2 259
742 2 256
745 1 254
749 1 250
751 1 248
753 2 245
757 2 241
760 2 238
765 2 233
767 3 230
768 4 228
769 3 228
772 4 224
777 2 221
778 2 220
782 1 217
783 0 217
787 0 213
791 0 209
796 0 204
802 0 198
802 0 198
805 0 195
807 0 193
810 0 190
814 0 186
816 0 184
818 0 182
822 0 178
826 0 174
832 0 168
834 0 166
837 0 163
839 0 161
840 0 160
843 0 157
844 0 156
847 0 153
851 0 149
853 0 147
856 0 144
856 0 144
857 0 143
861 0 139
863 0 137
864 0 136
865 0 135
867 0 133
869 0 131
870 0 130
871 0 129
874 0 126
875 0 125
876 0 124
877 0 123
878 0 122
878 0 122
879 0 121
882 0 118
882 0 118
882 0 118
884 0 116
890 0 110
892 0 108
896 0 104
896 0 104
900 0 100
901 0 99
901 0 99
906 0 94
906 0 94
909 0 91
912 0 88
912 0 88
914 0 86
914 0 86
914 0 86
915 0 85
916 0 84
917 0 83
918 0 82
918 0 82
919 0 81
923 0 77
924 0 76
924 0 76
925 0 75
926 0 74
926 0 74
927 0 73
928 0 72
930 0 70
930 0 70
931 0 69
931 0 69
933 0 67
934 0 66
935 0 65
937 0 63
938 0 62
938 0 62
939 0 61
939 0 61
939 0 61
940 0 60
941 0 59
943 0 57
943 0 57
945 0 55
946 0 54
946 0 54
946 0 54
948 0 52
949 0 51
949 0 51
949 0 51
950 0 50
952 0 48
952 0 48
954 0 46
954 0 46
955 0 45
956 0 44
956 0 44
957 0 43
957 0 43
958 0 42
958 0 42
958 0 42
958 0 42
958 0 42
958 0 42
958 0 42
959 0 41
960 0 40
961 0 39
961 0 39
962 0 38
962 0 38
964 0 36
964 0 36
964 0 36
965 0 35
965 0 35
965 0 35
965 0 35
965 0 35
965 0 35
965 0 35
967 0 33
967 0 33
967 0 33
968 0 32
969 0 31
969 0 31
969 0 31
969 0 31
969 0 31
971 0 29
972 0 28
972 0 28
974 0 26
974 0 26
974 0 26
974 0 26
974 0 26
974 0 26
975 0 25
975 0 25
977 0 23
977 0 23
977 0 23
977 0 23
978 0 22
978 0 22
978 0 22
978 0 22
978 0 22
978 0 22
978 0 22
979 0 21
979 0 21
979 0 21
979 0 21
979 0 21
979 0 21
980 0 20
980 0 20
980 0 20
980 0 20
981 0 19
981 0 19
981 0 19
981 0 19
981 0 19
981 0 19
983 0 17
983 0 17
983 0 17
983 0 17
983 0 17
985 0 15
985 0 15
985 0 15
985 0 15
985 0 15
985 0 15
985 0 15
985 0 15
986 0 14
986 0 14
986 0 14
987 0 13
987 0 13
988 0 12
988 0 12
989 0 11
989 0 11
990 0 10
991 0 9
991 0 9
991 0 9
991 0 9
991 0 9
991 0 9
991 0 9
991 0 9
991 0 9
991 0 9
991 0 9
991 0 9
991 0 9
991 0 9
991 0 9
991 0 9
991 0 9
991 0 9
991 0 9
991 0 9
991 0 9
991 0 9
991 0 9
991 0 9
991 0 9
992 0 8
993 0 7
993 0 7
993 0 7
993 0 7
993 0 7
993 0 7
993 0 7
993 0 7
993 0 7
993 0 7
993 0 7
993 0 7
994 0 6
994 0 6
994 0 6
994 0 6
994 0 6
994 0 6
994 0 6
994 0 6
994 0 6
994 0 6
994 0 6
994 0 6
994 0 6
994 0 6
994 0 6
994 0 6
994 0 6
995 0 5
995 0 5
995 0 5
995 0 5
995 0 5
995 0 5
995 0 5
995 0 5
995 0 5
995 0 5
995 0 5
995 0 5
995 0 5
995 0 5
995 0 5
995 0 5
995 0 5
995 0 5
995 0 5
995 0 5
995 0 5
995 0 5
995 0 5
995 0 5
995 0 5
995 0 5
995 0 5
995 0 5
995 0 5
995 0 5
995 0 5
995 0 5
995 0 5
995 0 5
995 0 5
995 0 5
995 0 5
995 0 5
995 0 5
996 0 4
996 0 4
996 0 4
996 0 4
996 0 4
996 0 4
996 0 4
996 0 4
996 0 4
996 0 4
996 0 4
996 0 4
996 0 4
996 0 4
996 0 4
996 0 4
996 0 4
996 0 4
996 0 4
996 0 4
997 0 3
997 0 3
997 0 3
997 0 3
997 0 3
997 0 3
997 0 3
997 0 3
997 0 3
997 0 3
997 0 3
997 0 3
997 0 3
997 0 3
997 0 3
997 0 3
997 0 3
997 0 3
997 0 3
998 0 2
998 0 2
998 0 2
998 0 2
998 0 2
998 0 2
998 0 2
998 0 2
998 0 2
998 0 2
998 0 2
998 0 2
998 0 2
998 0 2
998 0 2
998 0 2
998 0 2
998 0 2
998 0 2
998 0 2
998 0 2
998 0 2
998 0 2
998 0 2
998 0 2
998 0 2
998 0 2
998 0 2
998 0 2
998 0 2
998 0 2
998 0 2
998 0 2
998 0 2
998 0 2
998 0 2
998 0 2
998 0 2
998 0 2
998 0 2
999 0 1
999 0 1
999 0 1
999 0 1
999 0 1
999 0 1
999 0 1
999 0 1
999 0 1
999 0 1
999 0 1
999 0 1
999 0 1
999 0 1
999 0 1
999 0 1
999 0 1
999 0 1
999 0 1
999 0 1
999 0 1
999 0 1
999 0 1
999 0 1
999 0 1
999 0 1
999 0 1
999 0 1
999 0 1
999 0 1
999 0 1
999 0 1
999 0 1
999 0 1
999 0 1
999 0 1
999 0 1
999 0 1
999 0 1
999 0 1
999 0 1
999 0 1
999 0 1
999 0 1
999 0 1
999 0 1
999 0 1
999 0 1
999 0 1
999 0 1
999 0 1
999 0 1
999 0 1
1000 0 0
1000 0 0
1000 0 0
1000 0 0
1000 0 0
1000 0 0
1000 0 0
1000 0 0
1000 0 0
1000 0 0
1000 0 0
1000 0 0
1000 0 0
1000 0 0
1000 0 0
1000 0 0
1000 0 0
1000 0 0
1000 0 0
1000 0 0
1000 0 0
1000 0 0
1000 0 0
1000 0 0
1000 0 0
1000 0 0
1000 0 0
1000 0 0
1000 0 0
1000 0 0
1000 0 0
1000 0 0
1000 0 0
1000 0 0
1000 0 0
1000 0 0
1000 0 0
1000 0 0
1000 0 0
1000 0 0
1000 0 0
1000 0 0
1000 0 0
1000 0 0
1000 0 0
1000 0 0
1000 0 0
1000 0 0
1000 0 0
1000 0 0
1000 0 0
1000 0 0
1000 0 0
1000 0 0
1000 0 0
1000 0 0
1000 0 0
1000 0 0
1000 0 0
1000 0 0
1000 0 0
1000 0 0
1000 0 0
1000 0 0
1000 0 0
1000 0 0
1000 0 0
1000 0 0
1000 0 0
1000 0 0
1000 0 0
1000 0 0
1000 0 0
1000 0 0
1000 0 0
1000 0 0
1000 0 0
1000 0 0
1000 0 0
1000 0 0
1000 0 0
1000 0 0
1000 0 0
1000 0 0
1000 0 0
1000 0 0
1000 0 0
1000 0 0
1000 0 0
1000 0 0
1000 0 0
1000 0 0
1000 0 0
1000 0 0
1000 0 0
1000 0 0
1000 0 0
1000 0 0
1000 0 0
1000 0 0
1000 0 0
1000 0 0
1000 0 0
1000 0 0
1000 0 0
1000 0 0
1000 0 0
1000 0 0
1000 0 0
1000 0 0
1000 0 0
1000 0 0
1000 0 0
1000 0 0
1000 0 0
1000 0 0
1000 0 0
1000 0 0
1000 0 0
1000 0 0
1000 0 0
1000 0 0
1000 0 0
1000 0 0
1000 0 0
1000 0 0
1000 0 0
1000 0 0
1000 0 0
1000 0 0
1000 0 0
1000 0 0
1000 0 0
1000 0 0
1000 0 0
1000 0 0
1000 0 0
1000 0 0
1000 0 0
1000 0 0
1000 0 0
1000 0 0
1000 0 0
1000 0 0
1000 0 0
1000 0 0
1000 0 0
1000 0 0
1000 0 0
1000 0 0
1000 0 0
1000 0 0
1000 0 0
1000 0 0
1000 0 0
1000 0 0
1000 0 0
1000 0 0
1000 0 0
1000 0 0
1000 0 0
1000 0 0
1000 0 0
1000 0 0
1000 0 0
1000 0 0
1000 0 0
1000 0 0
1000 0 0
1000 0 0
1000 0 0
1000 0 0
1000 0 0
1000 0 0
1000 0 0
1000 0 0
1000 0 0
1000 0 0
1000 0 0
1000 0 0
1000 0 0
1000 0 0
