998 2 0
998 2 0
997 3 0
991 9 0
980 19 1
970 27 3
952 39 9
935 49 16
914 63 23
896 71 33
871 86 43
842 103 55
802 126 72
771 137 92
743 140 117
718 143 139
701 134 165
692 125 183
667 133 200
654 135 211
645 135 220
633 117 250
625 107 268
615 101 284
605 103 292
597 101 302
589 100 311
577 105 318
570 104 326
568 89 343
566 86 348
557 85 358
551 85 364
549 82 369
549 76 375
547 74 379
543 67 390
541 63 396
545 56 399
549 50 401
549 50 401
548 48 404
551 45 404
555 43 402
558 43 399
561 39 400
565 36 399
560 37 403
561 36 403
564 32 404
577 29 394
580 28 392
590 25 385
593 23 384
596 23 381
597 23 380
600 21 379
605 22 373
607 21 372
610 22 368
614 23 363
617 22 361
620 24 356
625 26 349
628 22 350
637 24 339
641 23 336
641 26 333
648 25 327
650 24 326
656 22 322
658 24 318
657 30 313
657 36 307
656 33 311
654 40 306
650 48 302
642 49 309
645 42 313
643 37 320
649 28 323
649 28 323
651 26 323
659 22 319
663 22 315
671 19 310
673 18 309
676 18 306
679 16 305
685 17 298
687 17 296
688 15 297
690 13 297
696 16 288
698 18 284
696 24 280
706 22 272
709 21 270
707 21 272
705 22 273
697 30 273
682 44 274
675 47 278
673 49 278
663 62 275
651 68 281
645 67 288
641 67 292
643 61 296
639 64 297
642 54 304
637 51 312
633 47 320
633 43 324
636 36 328
634 39 327
641 39 320
640 42 318
644 44 312
638 47 315
628 56 316
618 62 320
613 59 328
611 58 331
605 61 334
605 57 338
601 60 339
593 67 340
586 66 348
582 63 355
580 59 361
580 57 363
584 57 359
586 57 357
589 53 358
588 54 358
587 56 357
588 58 354
590 56 354
591 53 356
588 55 357
590 52 358
591 43 366
587 46 367
587 45 368
591 44 365
587 44 369
588 42 370
588 36 376
588 37 375
598 38 364
598 39 363
602 42 356
599 38 363
599 42 359
599 40 361
604 38 358
607 38 355
611 34 355
620 29 351
624 32 344
625 31 344
628 27 345
629 26 345
633 24 343
639 20 341
640 18 342
643 16 341
650 16 334
652 18 330
656 20 324
660 24 316
661 24 315
661 25 314
661 24 315
663 24 313
656 28 316
653 33 314
653 36 311
653 34 313
656 32 312
655 31 314
655 34 311
653 38 309
650 37 313
650 32 318
652 33 315
656 28 316
653 32 315
650 29 321
648 27 325
649 31 320
643 33 324
638 37 325
638 34 328
643 31 326
641 33 326
637 38 325
637 38 325
636 35 329
635 28 337
631 31 338
630 36 334
623 39 338
622 38 340
622 38 340
620 38 342
625 37 338
625 33 342
627 30 343
630 29 341
638 25 337
642 26 332
642 27 331
644 29 327
645 31 324
646 32 322
649 31 320
648 32 320
645 32 323
649 33 318
650 37 313
647 39 314
648 40 312
650 37 313
650 41 309
655 39 306
658 36 306
658 33 309
659 31 310
661 34 305
665 31 304
667 27 306
668 30 302
671 29 300
672 29 299
675 26 299
679 23 298
679 22 299
679 24 297
681 21 298
686 24 290
691 23 286
694 23 283
700 20 280
702 20 278
711 18 271
711 18 271
716 17 267
717 18 265
720 17 263
719 17 264
721 16 263
723 19 258
723 21 256
724 25 251
722 27 251
720 29 251
715 25 260
716 25 259
718 28 254
718 28 254
717 27 256
715 27 258
712 27 261
712 20 268
717 19 264
717 18 265
715 19 266
715 21 264
715 23 262
709 27 264
706 29 265
711 24 265
709 25 266
708 24 268
711 24 265
713 23 264
715 19 266
709 26 265
704 29 267
705 30 265
699 31 270
691 36 273
689 36 275
690 33 277
688 37 275
683 40 277
686 37 277
678 43 279
668 47 285
671 43 286
670 38 292
672 37 291
674 33 293
674 34 292
672 26 302
670 25 305
672 26 302
671 24 305
675 21 304
677 20 303
679 17 304
681 17 302
685 15 300
688 16 296
691 15 294
693 15 292
691 19 290
693 22 285
697 21 282
695 25 280
696 24 280
700 23 277
700 20 280
699 24 277
707 24 269
708 25 267
709 24 267
706 29 265
700 32 268
695 35 270
700 35 265
697 36 267
694 43 263
696 42 262
699 38 263
693 44 263
682 53 265
678 60 262
676 59 265
667 54 279
663 58 279
656 61 283
649 64 287
642 67 291
637 65 298
633 63 304
632 60 308
633 57 310
625 51 324
617 59 324
608 63 329
607 56 337
612 52 336
608 57 335
597 61 342
596 56 348
592 55 353
590 56 354
592 52 356
590 54 356
585 57 358
588 56 356
584 56 360
585 56 359
578 60 362
572 65 363
570 66 364
568 71 361
562 70 368
566 73 361
563 77 360
555 83 362
551 81 368
558 67 375
559 66 375
561 60 379
562 52 386
560 52 388
559 52 389
557 51 392
561 46 393
560 49 391
561 46 393
561 51 388
558 44 398
562 46 392
565 46 389
569 50 381
569 44 387
568 44 388
568 38 394
570 36 394
569 37 394
567 41 392
563 40 397
563 44 393
567 39 394
565 37 398
571 33 396
573 34 393
574 31 395
575 27 398
576 25 399
577 31 392
579 27 394
586 26 388
592 26 382
591 26 383
599 27 374
606 23 371
611 21 368
613 20 367
614 19 367
618 21 361
622 24 354
628 26 346
633 22 345
634 24 342
635 23 342
635 25 340
633 25 342
630 28 342
627 35 338
626 35 339
623 40 337
620 45 335
624 41 335
626 43 331
630 45 325
633 39 328
631 41 328
635 34 331
636 36 328
636 33 331
642 32 326
644 30 326
646 27 327
650 24 326
650 21 329
650 19 331
655 15 330
656 10 334
659 9 332
666 9 325
666 10 324
671 9 320
675 9 316
678 6 316
687 5 308
693 4 303
695 3 302
696 6 298
696 9 295
694 11 295
693 17 290
692 20 288
695 18 287
693 21 286
691 25 284
691 26 283
689 22 289
692 19 289
688 22 290
692 19 289
693 24 283
697 28 275
699 28 273
699 25 276
697 25 278
689 30 281
685 30 285
685 32 283
683 34 283
682 32 286
681 31 288
686 29 285
692 25 283
695 25 280
695 24 281
700 19 281
699 18 283
705 18 277
709 14 277
714 11 275
716 11 273
717 11 272
721 9 270
721 10 269
723 9 268
726 10 264
729 10 261
734 10 256
741 10 249
743 11 246
745 11 244
746 14 240
748 13 239
747 12 241
750 10 240
753 9 238
754 11 235
755 11 234
758 11 231
766 11 223
767 8 225
771 7 222
775 6 219
776 8 216
777 8 215
781 6 213
786 3 211
788 2 210
790 4 206
788 6 206
790 6 204
792 6 202
796 5 199
798 4 198
800 4 196
803 5 192
805 3 192
806 3 191
809 3 188
809 4 187
810 4 186
814 4 182
817 2 181
821 1 178
823 1 176
824 1 175
829 1 170
829 1 170
831 1 168
832 2 166
830 6 164
831 5 164
828 7 165
832 7 161
835 8 157
833 11 156
832 12 156
828 15 157
824 23 153
821 26 153
815 29 156
803 37 160
787 45 168
772 51 177
756 65 179
743 71 186
728 78 194
718 78 204
713 69 218
710 63 227
702 64 234
692 71 237
678 78 244
676 74 250
672 76 252
663 78 259
653 79 268
653 73 274
646 70 284
638 72 290
632 77 291
625 78 297
612 87 301
604 91 305
599 88 313
595 85 320
596 78 326
590 78 332
582 80 338
575 76 349
571 71 358
576 60 364
574 57 369
572 59 369
568 66 366
570 64 366
565 63 372
563 59 378
569 60 371
570 56 374
567 56 377
565 57 378
562 50 388
566 46 388
569 44 387
570 44 386
576 40 384
573 40 387
576 36 388
581 37 382
583 35 382
590 33 377
595 32 373
603 31 366
612 25 363
612 26 362
618 24 358
619 26 355
621 24 355
629 23 348
630 26 344
633 25 342
638 21 341
647 19 334
650 17 333
654 17 329
657 14 329
659 15 326
667 15 318
674 12 314
678 12 310
683 12 305
682 15 303
685 15 300
687 16 297
689 15 296
693 17 290
692 20 288
696 24 280
696 28 276
693 30 277
694 33 273
694 34 272
696 36 268
691 34 275
693 32 275
695 31 274
690 33 277
692 28 280
692 30 278
690 28 282
692 31 277
693 35 272
688 39 273
684 45 271
688 48 264
680 51 269
672 60 268
669 56 275
664 52 284
661 53 286
655 54 291
653 53 294
650 49 301
649 44 307
651 38 311
653 32 315
655 32 313
659 28 313
662 26 312
666 25 309
668 25 307
669 26 305
670 22 308
669 23 308
667 28 305
668 27 305
673 25 302
672 24 304
674 20 306
671 25 304
675 23 302
677 21 302
682 16 302
683 17 300
686 15 299
690 13 297
693 14 293
693 12 295
696 9 295
696 8 296
701 7 292
707 6 287
714 6 280
716 6 278
720 6 274
727 6 267
731 4 265
733 3 264
735 4 261
736 7 257
737 10 253
738 13 249
744 14 242
749 11 240
748 13 239
747 19 234
746 20 234
741 24 235
736 29 235
722 39 239
718 42 240
712 43 245
710 45 245
708 47 245
707 50 243
705 46 249
697 51 252
687 58 255
674 63 263
666 62 272
654 72 274
644 75 281
631 79 290
626 71 303
614 75 311
612 74 314
608 76 316
599 71 330
599 67 334
600 66 334
597 65 338
592 69 339
592 69 339
590 62 348
588 56 356
592 49 359
594 50 356
595 50 355
589 56 355
589 53 358
581 62 357
578 67 355
573 71 356
565 76 359
556 71 373
560 60 380
560 60 380
560 55 385
562 52 386
566 51 383
568 50 382
564 55 381
558 56 386
558 54 388
557 50 393
556 43 401
554 46 400
555 44 401
559 44 397
558 46 396
559 43 398
561 47 392
563 49 388
564 46 390
569 41 390
572 38 390
569 37 394
579 33 388
588 23 389
587 22 391
596 20 384
601 22 377
602 23 375
603 24 373
609 28 363
611 31 358
613 32 355
618 31 351
621 31 348
623 23 354
625 22 353
629 19 352
632 18 350
641 12 347
646 10 344
651 12 337
661 12 327
662 13 325
666 10 324
669 12 319
677 10 313
681 7 312
681 11 308
685 7 308
687 4 309
690 5 305
696 5 299
702 5 293
705 5 290
711 5 284
719 5 276
721 4 275
723 4 273
724 5 271
732 6 262
731 10 259
731 11 258
735 13 252
732 17 251
724 26 250
719 27 254
707 38 255
702 40 258
693 48 259
687 48 265
677 56 267
666 64 270
656 67 277
648 65 287
645 57 298
641 53 306
631 60 309
619 66 315
612 71 317
607 69 324
603 66 331
601 65 334
597 61 342
592 64 344
585 69 346
584 74 342
576 71 353
562 77 361
558 78 364
547 81 372
540 88 372
538 87 375
535 85 380
529 78 393
525 72 403
522 64 414
522 57 421
523 53 424
529 49 422
536 48 416
535 45 420
538 42 420
542 38 420
543 38 419
546 37 417
547 37 416
553 33 414
556 34 410
560 28 412
569 26 405
569 22 409
575 21 404
578 20 402
583 18 399
589 16 395
594 14 392
600 13 387
609 10 381
615 10 375
624 9 367
629 9 362
638 7 355
645 4 351
648 3 349
651 3 346
659 3 338
662 2 336
665 2 333
670 2 328
673 3 324
678 5 317
680 4 316
682 6 312
688 6 306
693 6 301
702 5 293
706 3 291
711 2 287
719 0 281
726 0 274
729 0 271
734 0 266
739 0 261
742 2 256
744 2 254
746 2 252
747 2 251
750 3 247
755 3 242
758 4 238
759 6 235
759 6 235
762 7 231
766 7 227
772 3 225
773 5 222
775 4 221
779 2 219
779 0 221
782 0 218
788 0 212
792 0 208
796 0 204
800 0 200
804 0 196
814 0 186
818 0 182
820 0 180
822 0 178
827 0 173
830 0 170
833 0 167
835 0 165
836 0 164
842 0 158
847 0 153
851 0 149
852 0 148
853 0 147
854 0 146
855 0 145
856 0 144
856 0 144
857 0 143
859 0 141
860 0 140
861 0 139
864 1 135
866 0 134
869 0 131
871 0 129
872 0 128
875 0 125
880 0 120
883 0 117
886 0 114
886 0 114
889 0 111
893 0 107
894 0 106
896 0 104
898 0 102
902 0 98
902 0 98
902 0 98
903 0 97
906 0 94
909 0 91
909 0 91
911 0 89
913 0 87
913 0 87
913 0 87
916 0 84
919 0 81
922 0 78
922 0 78
923 0 77
925 0 75
928 0 72
928 0 72
930 0 70
931 0 69
931 0 69
932 0 68
935 0 65
936 0 64
937 0 63
937 0 63
938 0 62
940 0 60
941 0 59
942 0 58
942 0 58
944 0 56
944 0 56
945 0 55
946 0 54
947 0 53
949 0 51
951 0 49
951 0 49
951 0 49
952 0 48
953 0 47
955 0 45
956 0 44
956 0 44
957 0 43
958 0 42
959 0 41
959 0 41
959 0 41
960 0 40
960 0 40
960 0 40
962 0 38
963 0 37
964 0 36
965 0 35
965 0 35
966 0 34
966 0 34
967 0 33
967 0 33
967 0 33
967 0 33
968 0 32
968 0 32
969 0 31
969 0 31
970 0 30
972 0 28
973 0 27
974 0 26
976 0 24
976 0 24
976 0 24
977 0 23
