1000 0 0
1000 0 0
1000 0 0
999 1 0
998 2 0
998 2 0
997 2 1
996 2 2
995 1 4
989 6 5
989 5 6
979 15 6
969 22 9
960 26 14
950 31 19
942 35 23
922 47 31
903 55 42
881 65 54
858 78 64
842 85 73
814 103 83
790 114 96
769 119 112
751 122 127
733 128 139
722 128 150
699 137 164
666 154 180
642 157 201
634 146 220
618 146 236
590 153 257
579 141 280
574 139 287
566 133 301
548 132 320
536 128 336
536 118 346
528 107 365
527 102 371
518 105 377
509 100 391
506 92 402
503 86 411
506 79 415
505 76 419
501 73 426
505 73 422
504 70 426
510 58 432
513 50 437
516 43 441
522 43 435
527 40 433
529 40 431
533 35 432
536 33 431
541 32 427
547 30 423
553 30 417
553 27 420
559 21 420
567 18 415
577 16 407
579 18 403
585 16 399
597 14 389
604 13 383
608 15 377
614 14 372
617 12 371
625 10 365
629 11 360
632 8 360
635 10 355
640 11 349
647 9 344
651 13 336
655 9 336
659 11 330
660 11 329
668 10 322
666 21 313
665 21 314
664 20 316
657 23 320
659 20 321
662 19 319
661 20 319
665 23 312
664 20 316
670 20 310
677 18 305
680 16 304
683 16 301
690 14 296
691 12 297
695 11 294
702 11 287
706 11 283
709 10 281
714 11 275
716 12 272
718 14 268
721 12 267
725 12 263
727 14 259
727 16 257
729 18 253
727 18 255
725 20 255
729 14 257
728 14 258
730 19 251
726 22 252
722 26 252
723 26 251
721 33 246
707 43 250
705 40 255
699 45 256
693 45 262
685 47 268
678 45 277
676 38 286
673 41 286
669 38 293
672 32 296
665 43 292
660 43 297
662 40 298
657 43 300
660 36 304
660 36 304
654 40 306
650 43 307
651 41 308
645 42 313
651 37 312
645 39 316
646 37 317
644 41 315
645 41 314
647 44 309
642 48 310
638 49 313
636 45 319
639 39 322
636 44 320
632 38 330
634 36 330
634 36 330
633 38 329
632 38 330
637 34 329
637 38 325
637 32 331
642 28 330
639 32 329
641 31 328
644 37 319
641 38 321
637 41 322
642 41 317
642 33 325
642 34 324
643 27 330
645 23 332
645 26 329
644 29 327
648 26 326
650 30 320
649 35 316
647 33 320
648 33 319
647 30 323
648 25 327
644 27 329
645 31 324
651 28 321
651 33 316
653 30 317
650 29 321
651 29 320
655 26 319
657 25 318
661 24 315
666 21 313
661 27 312
664 24 312
667 23 310
670 24 306
672 24 304
673 26 301
673 24 303
676 24 300
676 26 298
678 22 300
672 28 300
669 32 299
663 40 297
665 43 292
657 53 290
652 50 298
650 48 302
644 51 305
643 52 305
644 55 301
639 56 305
638 54 308
637 49 314
626 51 323
627 45 328
623 50 327
621 49 330
615 46 339
609 46 345
609 41 350
604 43 353
601 46 353
603 42 355
607 37 356
607 38 355
602 41 357
600 41 359
598 41 361
597 37 366
599 36 365
601 33 366
605 32 363
608 33 359
609 27 364
610 29 361
609 25 366
613 26 361
620 24 356
621 21 358
629 18 353
630 17 353
632 17 351
636 15 349
640 15 345
645 12 343
648 9 343
654 6 340
662 5 333
662 8 330
665 10 325
669 10 321
679 11 310
683 10 307
690 10 300
690 12 298
700 13 287
701 13 286
700 15 285
706 12 282
710 12 278
712 14 274
715 14 271
716 15 269
721 12 267
726 13 261
730 10 260
731 12 257
730 17 253
730 19 251
728 18 254
729 23 248
727 21 252
729 22 249
727 22 251
727 22 251
723 24 253
725 24 251
726 22 252
725 24 251
727 24 249
731 22 247
726 24 250
716 32 252
714 34 252
709 36 255
710 39 251
712 45 243
701 51 248
693 48 259
693 46 261
688 43 269
682 42 276
677 45 278
675 44 281
679 38 283
680 39 281
678 39 283
668 46 286
672 42 286
672 39 289
664 40 296
671 33 296
669 36 295
660 41 299
654 49 297
647 52 301
649 46 305
648 45 307
642 43 315
639 43 318
639 37 324
646 34 320
650 31 319
655 29 316
655 29 316
654 31 315
653 32 315
656 29 315
658 28 314
652 35 313
650 35 315
646 35 319
644 40 316
648 31 321
646 38 316
646 36 318
644 36 320
644 34 322
640 35 325
644 31 325
647 29 324
649 25 326
649 30 321
650 25 325
646 29 325
642 37 321
640 38 322
639 43 318
636 45 319
637 48 315
633 47 320
632 48 320
633 52 315
628 55 317
625 54 321
627 46 327
624 42 334
622 37 341
623 29 348
618 35 347
614 33 353
617 38 345
616 37 347
614 39 347
610 39 351
611 34 355
620 33 347
618 32 350
617 31 352
616 34 350
623 32 345
623 32 345
622 30 348
627 27 346
628 31 341
628 32 340
626 31 343
625 30 345
629 29 342
629 30 341
631 28 341
635 22 343
636 21 343
638 18 344
635 19 346
641 19 340
649 14 337
655 17 328
655 16 329
659 12 329
663 12 325
663 14 323
670 12 318
678 9 313
682 11 307
682 13 305
683 14 303
686 14 300
688 16 296
687 17 296
691 17 292
690 19 291
694 21 285
696 22 282
699 23 278
701 23 276
702 24 274
705 16 279
706 16 278
707 17 276
710 14 276
715 14 271
716 14 270
716 13 271
717 11 272
719 7 274
724 7 269
722 11 267
722 14 264
727 9 264
729 9 262
725 15 260
720 21 259
721 21 258
720 25 255
719 28 253
711 32 257
702 38 260
700 36 264
703 35 262
705 35 260
705 36 259
706 36 258
706 36 258
706 39 255
701 36 263
695 35 270
697 29 274
703 29 268
703 24 273
702 21 277
699 23 278
697 28 275
696 31 273
697 32 271
697 28 275
696 31 273
690 32 278
688 36 276
688 32 280
681 32 287
672 35 293
673 28 299
670 30 300
663 38 299
657 41 302
660 43 297
657 44 299
652 44 304
644 47 309
635 52 313
635 55 310
631 55 314
639 50 311
635 47 318
629 51 320
629 54 317
627 61 312
625 57 318
621 54 325
621 58 321
618 61 321
611 64 325
609 62 329
605 61 334
609 61 330
607 56 337
607 52 341
604 45 351
607 46 347
608 45 347
609 37 354
616 34 350
617 28 355
616 30 354
621 29 350
618 35 347
617 38 345
619 35 346
621 40 339
628 35 337
629 33 338
626 34 340
628 32 340
631 34 335
630 39 331
633 39 328
632 38 330
631 41 328
629 44 327
617 50 333
613 53 334
617 44 339
617 48 335
614 50 336
615 43 342
613 42 345
609 42 349
609 49 342
606 47 347
609 45 346
611 48 341
609 40 351
609 37 354
618 33 349
622 30 348
624 30 346
630 28 342
631 27 342
633 29 338
641 28 331
646 24 330
645 22 333
649 19 332
657 18 325
656 21 323
659 23 318
666 19 315
665 23 312
664 24 312
670 18 312
665 25 310
656 29 315
648 35 317
651 34 315
654 34 312
649 38 313
651 41 308
644 45 311
644 43 313
646 37 317
646 37 317
639 33 328
639 36 325
634 37 329
623 47 330
616 49 335
625 44 331
621 50 329
617 54 329
616 56 328
611 59 330
610 59 331
604 61 335
604 52 344
598 52 350
593 56 351
593 54 353
602 41 357
603 39 358
607 39 354
608 34 358
608 29 363
610 31 359
608 31 361
612 28 360
613 31 356
614 32 354
618 27 355
623 24 353
628 21 351
631 19 350
635 17 348
636 18 346
638 20 342
644 17 339
650 15 335
655 13 332
661 13 326
666 10 324
669 12 319
672 13 315
680 13 307
686 13 301
687 15 298
692 15 293
686 16 298
686 16 298
686 18 296
683 22 295
683 25 292
684 25 291
686 24 290
684 28 288
683 26 291
685 23 292
690 20 290
695 16 289
701 18 281
704 15 281
703 16 281
707 15 278
711 16 273
714 16 270
716 16 268
720 13 267
722 14 264
725 15 260
724 14 262
728 13 259
727 14 259
727 17 256
730 17 253
736 10 254
741 11 248
743 14 243
746 15 239
747 14 239
748 15 237
755 12 233
759 9 232
760 10 230
766 10 224
764 13 223
762 18 220
767 14 219
769 10 221
768 14 218
768 11 221
768 12 220
778 12 210
779 13 208
780 16 204
786 14 200
787 14 199
783 15 202
784 16 200
785 15 200
785 15 200
787 16 197
788 12 200
790 13 197
791 14 195
795 17 188
794 19 187
791 26 183
785 32 183
773 43 184
771 46 183
760 50 190
747 61 192
734 68 198
723 67 210
717 66 217
710 64 226
700 70 230
694 64 242
692 63 245
687 61 252
683 64 253
678 65 257
667 66 267
663 62 275
647 68 285
646 63 291
644 64 292
641 64 295
631 63 306
626 65 309
627 64 309
625 61 314
623 54 323
625 45 330
620 47 333
618 44 338
623 43 334
623 40 337
622 36 342
622 36 342
625 27 348
627 31 342
629 34 337
626 38 336
623 41 336
626 42 332
619 42 339
622 40 338
618 42 340
618 44 338
619 42 339
621 39 340
622 39 339
625 39 336
629 33 338
625 33 342
628 33 339
636 29 335
638 26 336
637 30 333
638 23 339
640 21 339
641 23 336
645 21 334
636 27 337
634 29 337
638 28 334
636 32 332
642 33 325
646 36 318
644 39 317
643 42 315
641 38 321
643 35 322
641 36 323
646 31 323
646 36 318
643 32 325
644 26 330
646 25 329
647 23 330
644 29 327
641 25 334
637 27 336
634 25 341
637 22 341
637 23 340
639 23 338
638 25 337
637 24 339
643 21 336
645 24 331
646 22 332
645 26 329
640 28 332
641 28 331
645 30 325
645 34 321
643 35 322
649 32 319
650 31 319
651 35 314
650 40 310
644 44 312
645 38 317
643 43 314
649 39 312
648 37 315
646 36 318
641 41 318
634 43 323
627 49 324
624 47 329
627 43 330
623 42 335
626 37 337
632 39 329
628 42 330
623 44 333
627 44 329
628 39 333
626 41 333
628 40 332
622 40 338
623 36 341
627 37 336
630 36 334
635 33 332
637 35 328
636 35 329
633 35 332
630 36 334
628 40 332
630 37 333
636 34 330
630 31 339
627 34 339
628 39 333
625 41 334
628 41 331
625 40 335
622 40 338
619 41 340
618 41 341
624 42 334
620 44 336
623 39 338
625 39 336
626 38 336
630 37 333
634 33 333
636 29 335
640 28 332
641 27 332
644 32 324
643 32 325
640 34 326
648 32 320
652 30 318
661 26 313
662 26 312
670 23 307
673 25 302
669 28 303
669 32 299
670 33 297
671 27 302
671 25 304
671 28 301
675 25 300
681 29 290
682 28 290
680 31 289
683 28 289
684 31 285
688 30 282
688 31 281
680 39 281
676 39 285
677 38 285
674 34 292
673 34 293
667 31 302
666 34 300
674 32 294
673 31 296
676 30 294
672 33 295
670 34 296
671 31 298
673 31 296
668 29 303
671 24 305
675 21 304
668 28 304
672 29 299
674 26 300
672 24 304
674 20 306
680 19 301
679 24 297
677 23 300
678 25 297
676 32 292
674 34 292
666 36 298
666 34 300
666 37 297
662 33 305
661 36 303
655 38 307
637 50 313
627 53 320
627 48 325
622 51 327
620 51 329
621 44 335
628 45 327
624 44 332
623 48 329
621 45 334
624 39 337
624 38 338
617 44 339
618 44 338
619 44 337
621 44 335
625 38 337
632 31 337
634 30 336
641 26 333
640 26 334
637 25 338
637 24 339
638 23 339
646 17 337
649 16 335
653 19 328
658 21 321
660 20 320
659 19 322
659 17 324
662 19 319
667 16 317
674 12 314
676 13 311
676 16 308
680 19 301
689 17 294
690 20 290
689 19 292
699 17 284
700 16 284
702 14 284
713 12 275
715 12 273
715 13 272
717 15 268
726 15 259
728 15 257
728 18 254
736 20 244
736 20 244
742 19 239
742 19 239
742 20 238
746 20 234
744 22 234
744 23 233
748 19 233
744 24 232
738 26 236
741 26 233
740 23 237
738 23 239
743 26 231
747 24 229
747 23 230
748 20 232
746 22 232
744 20 236
741 21 238
743 21 236
745 22 233
746 22 232
742 27 231
743 25 232
742 26 232
736 34 230
726 39 235
723 43 234
723 38 239
723 34 243
717 35 248
718 33 249
718 30 252
718 27 255
714 34 252
710 30 260
707 31 262
707 25 268
711 24 265
715 21 264
715 19 266
717 15 268
720 16 264
725 14 261
730 13 257
737 12 251
743 12 245
749 12 239
745 15 240
747 15 238
746 16 238
747 18 235
750 18 232
754 16 230
757 15 228
758 17 225
759 20 221
761 21 218
764 22 214
763 22 215
767 23 210
768 25 207
768 25 207
761 32 207
755 33 212
750 34 216
748 33 219
739 34 227
736 33 231
732 35 233
726 38 236
717 38 245
712 36 252
710 38 252
705 44 251
710 35 255
706 36 258
702 35 263
698 42 260
699 40 261
692 40 268
693 40 267
684 53 263
685 51 264
679 58 263
674 63 263
674 60 266
670 65 265
668 60 272
665 53 282
661 54 285
657 57 286
650 61 289
646 61 293
645 58 297
638 60 302
637 57 306
630 62 308
628 56 316
632 49 319
624 53 323
627 49 324
626 46 328
624 49 327
625 51 324
622 49 329
620 50 330
618 49 333
614 47 339
608 42 350
