1000 0 0
1000 0 0
1000 0 0
1000 0 0
1000 0 0
997 3 0
992 6 2
990 5 5
985 9 6
978 10 12
976 10 14
972 13 15
960 21 19
947 29 24
931 34 35
921 34 45
903 47 50
891 47 62
875 56 69
856 67 77
841 69 90
823 74 103
810 78 112
791 87 122
766 99 135
758 97 145
738 102 160
719 109 172
703 112 185
688 110 202
677 108 215
668 109 223
653 103 244
649 91 260
644 85 271
627 88 285
619 83 298
612 81 307
601 80 319
597 76 327
582 76 342
575 66 359
574 66 360
579 62 359
579 57 364
577 60 363
574 56 370
572 52 376
573 53 374
567 58 375
565 60 375
555 67 378
545 66 389
540 66 394
540 65 395
541 55 404
544 54 402
544 54 402
546 52 402
547 49 404
551 47 402
552 44 404
558 43 399
558 45 397
562 46 392
566 44 390
572 41 387
570 39 391
574 34 392
578 31 391
577 32 391
581 31 388
586 31 383
585 27 388
587 28 385
589 27 384
588 25 387
589 26 385
591 24 385
595 24 381
594 23 383
594 24 382
601 19 380
609 19 372
618 16 366
619 16 365
623 14 363
628 15 357
627 18 355
630 16 354
636 14 350
645 13 342
647 13 340
655 13 332
661 13 326
658 17 325
662 21 317
666 22 312
666 25 309
661 27 312
661 30 309
659 34 307
654 41 305
653 43 304
651 46 303
648 47 305
645 48 307
644 41 315
638 46 316
633 45 322
622 49 329
613 56 331
612 60 328
609 59 332
609 57 334
604 59 337
602 62 336
596 64 340
597 58 345
588 65 347
584 64 352
572 70 358
568 60 372
567 64 369
569 60 371
563 55 382
558 58 384
551 56 393
544 58 398
547 48 405
551 48 401
550 52 398
547 54 399
546 55 399
545 51 404
548 49 403
552 41 407
555 36 409
558 33 409
562 30 408
565 32 403
567 31 402
573 26 401
576 25 399
582 25 393
574 35 391
570 36 394
571 34 395
577 34 389
580 31 389
584 24 392
587 25 388
583 29 388
588 27 385
593 26 381
599 18 383
596 21 383
601 20 379
607 18 375
610 24 366
616 20 364
622 20 358
625 17 358
628 16 356
632 14 354
636 13 351
636 16 348
645 13 342
645 11 344
651 11 338
656 11 333
663 10 327
673 9 318
675 9 316
679 8 313
682 8 310
685 11 304
691 10 299
693 10 297
701 9 290
702 10 288
712 10 278
711 11 278
709 11 280
710 10 280
707 15 278
707 13 280
710 9 281
710 10 280
715 10 275
719 11 270
723 11 266
728 10 262
729 9 262
730 12 258
733 12 255
734 15 251
734 16 250
729 19 252
734 21 245
736 25 239
738 18 244
737 20 243
736 20 244
731 21 248
732 20 248
736 20 244
741 15 244
741 20 239
742 22 236
741 24 235
735 33 232
739 29 232
735 34 231
732 36 232
731 34 235
722 36 242
719 40 241
724 37 239
719 39 242
720 39 241
721 41 238
717 42 241
715 40 245
716 37 247
715 33 252
712 33 255
704 37 259
701 41 258
698 40 262
699 40 261
691 37 272
685 41 274
687 38 275
689 35 276
689 38 273
689 36 275
692 34 274
687 28 285
687 29 284
686 32 282
684 32 284
687 34 279
682 35 283
685 36 279
680 41 279
680 38 282
679 38 283
679 37 284
676 37 287
673 38 289
670 37 293
668 33 299
672 27 301
670 34 296
676 26 298
674 28 298
673 27 300
670 26 304
668 27 305
664 30 306
661 27 312
659 32 309
660 28 312
662 32 306
668 26 306
670 23 307
668 24 308
662 22 316
662 16 322
667 18 315
677 21 302
672 25 303
669 25 306
672 21 307
675 21 304
675 22 303
673 23 304
674 24 302
682 21 297
684 17 299
683 20 297
682 23 295
687 17 296
695 15 290
699 15 286
699 18 283
702 19 279
698 23 279
697 28 275
699 27 274
698 28 274
699 27 274
697 32 271
701 32 267
700 37 263
695 38 267
694 37 269
691 37 272
692 34 274
689 36 275
691 37 272
691 30 279
693 28 279
695 26 279
700 24 276
701 23 276
705 22 273
704 24 272
710 21 269
710 21 269
708 22 270
711 18 271
711 21 268
717 17 266
721 19 260
722 24 254
719 19 262
713 25 262
711 28 261
705 35 260
705 33 262
702 33 265
699 30 271
702 27 271
708 22 270
708 27 265
702 32 266
702 29 269
705 29 266
705 28 267
705 25 270
702 31 267
709 30 261
705 33 262
703 35 262
703 36 261
707 36 257
703 35 262
698 42 260
694 40 266
692 40 268
694 32 274
698 26 276
704 24 272
707 23 270
708 28 264
709 26 265
712 26 262
707 30 263
703 29 268
702 27 271
707 24 269
702 27 271
701 22 277
702 22 276
703 21 276
703 21 276
706 18 276
704 19 277
709 13 278
713 11 276
713 10 277
717 11 272
713 15 272
720 14 266
724 14 262
727 14 259
728 16 256
730 14 256
733 10 257
739 14 247
747 12 241
748 12 240
754 9 237
757 12 231
761 8 231
760 8 232
765 6 229
768 7 225
772 10 218
771 14 215
772 13 215
770 13 217
771 13 216
767 15 218
765 14 221
766 16 218
770 14 216
775 13 212
778 13 209
777 18 205
774 19 207
772 16 212
775 16 209
778 16 206
780 13 207
780 13 207
783 11 206
786 12 202
789 17 194
792 16 192
793 16 191
796 15 189
798 15 187
799 14 187
798 16 186
798 18 184
796 15 189
796 16 188
799 14 187
797 17 186
798 19 183
800 19 181
804 19 177
800 21 179
802 21 177
795 24 181
792 29 179
787 28 185
784 28 188
780 29 191
785 21 194
784 19 197
785 19 196
786 21 193
779 25 196
780 23 197
772 32 196
770 29 201
771 26 203
769 26 205
761 33 206
759 30 211
749 36 215
747 40 213
741 39 220
734 43 223
729 43 228
727 42 231
724 41 235
715 48 237
712 47 241
711 45 244
711 43 246
708 41 251
704 41 255
704 36 260
706 35 259
704 38 258
706 39 255
704 36 260
702 33 265
698 40 262
700 36 264
700 32 268
699 28 273
696 26 278
698 26 276
701 30 269
698 27 275
696 29 275
698 29 273
699 27 274
701 25 274
707 27 266
708 23 269
713 21 266
714 23 263
712 27 261
708 28 264
703 31 266
710 30 260
710 28 262
708 25 267
710 26 264
713 23 264
716 21 263
717 18 265
718 19 263
720 19 261
718 22 260
713 27 260
717 25 258
714 30 256
713 26 261
713 28 259
710 32 258
710 30 260
707 35 258
711 37 252
710 39 251
716 37 247
718 32 250
718 24 258
721 18 261
727 15 258
725 17 258
732 13 255
736 12 252
738 11 251
742 12 246
744 9 247
740 9 251
741 9 250
748 8 244
749 10 241
749 11 240
750 11 239
750 14 236
751 16 233
755 16 229
757 14 229
761 13 226
758 19 223
759 21 220
754 28 218
750 28 222
746 27 227
742 27 231
740 33 227
736 35 229
729 40 231
724 41 235
720 45 235
714 44 242
709 48 243
706 50 244
699 55 246
693 51 256
691 49 260
687 51 262
671 60 269
671 58 271
670 58 272
668 57 275
656 64 280
645 69 286
640 70 290
630 75 295
622 79 299
612 80 308
613 75 312
609 78 313
613 70 317
602 73 325
594 76 330
592 77 331
588 76 336
588 70 342
588 72 340
591 63 346
592 61 347
586 63 351
580 69 351
580 70 350
581 67 352
584 59 357
575 60 365
572 54 374
582 43 375
580 42 378
577 43 380
573 39 388
576 38 386
577 33 390
573 35 392
576 33 391
576 36 388
583 31 386
590 26 384
597 28 375
594 33 373
587 42 371
591 37 372
587 40 373
587 42 371
586 43 371
582 47 371
584 44 372
585 43 372
581 42 377
591 36 373
592 36 372
592 38 370
596 34 370
597 34 369
600 38 362
599 41 360
604 39 357
601 38 361
598 48 354
593 46 361
586 46 368
588 44 368
589 44 367
590 47 363
583 52 365
577 51 372
573 52 375
572 53 375
577 45 378
578 52 370
573 55 372
570 52 378
570 54 376
567 53 380
575 47 378
571 52 377
574 46 380
570 46 384
576 42 382
572 46 382
581 41 378
577 41 382
584 31 385
587 33 380
583 38 379
592 32 376
597 30 373
593 30 377
596 26 378
601 22 377
610 22 368
615 21 364
619 24 357
624 23 353
621 27 352
622 29 349
625 23 352
622 23 355
624 28 348
628 25 347
630 25 345
634 22 344
643 21 336
644 18 338
648 19 333
648 25 327
652 22 326
659 20 321
669 19 312
669 20 311
673 19 308
678 15 307
683 15 302
692 14 294
697 14 289
698 19 283
702 19 279
704 21 275
704 23 273
701 22 277
705 19 276
708 20 272
706 22 272
707 23 270
711 24 265
712 22 266
710 25 265
710 24 266
712 23 265
713 21 266
717 16 267
721 15 264
725 17 258
729 15 256
729 16 255
729 14 257
730 16 254
733 17 250
735 15 250
736 17 247
734 20 246
732 22 246
731 25 244
734 24 242
737 19 244
741 17 242
736 23 241
736 21 243
736 22 242
735 26 239
732 28 240
725 34 241
724 31 245
725 34 241
724 32 244
721 37 242
721 37 242
715 41 244
711 44 245
704 47 249
700 48 252
693 51 256
681 59 260
671 64 265
659 65 276
655 66 279
649 65 286
645 60 295
640 59 301
637 55 308
636 45 319
634 45 321
639 49 312
635 52 313
639 52 309
637 49 314
636 44 320
638 38 324
641 40 319
637 33 330
642 37 321
647 36 317
649 30 321
649 28 323
647 36 317
652 35 313
643 38 319
644 34 322
643 32 325
647 31 322
647 25 328
649 27 324
650 27 323
644 29 327
647 28 325
644 32 324
647 36 317
654 31 315
662 28 310
660 28 312
660 23 317
660 21 319
661 21 318
665 17 318
670 16 314
671 14 315
674 13 313
675 15 310
680 16 304
684 10 306
692 13 295
690 17 293
689 19 292
691 18 291
700 18 282
706 17 277
701 23 276
699 23 278
705 22 273
712 23 265
712 26 262
711 30 259
714 23 263
716 18 266
713 20 267
718 20 262
718 21 261
719 24 257
719 24 257
716 31 253
708 32 260
704 35 261
706 35 259
701 33 266
701 28 271
697 31 272
698 31 271
691 35 274
689 41 270
689 42 269
687 45 268
682 44 274
685 46 269
679 43 278
676 41 283
669 42 289
667 40 293
670 42 288
670 41 289
669 38 293
666 39 295
667 33 300
667 34 299
667 38 295
670 34 296
669 32 299
676 27 297
672 29 299
667 27 306
662 31 307
664 32 304
666 34 300
667 30 303
677 27 296
673 28 299
667 28 305
666 30 304
663 40 297
667 34 299
674 28 298
674 27 299
671 27 302
669 31 300
669 25 306
674 26 300
673 25 302
675 26 299
674 24 302
673 28 299
665 26 309
669 25 306
671 24 305
672 25 303
675 25 300
679 20 301
679 22 299
679 25 296
683 25 292
685 27 288
685 32 283
683 39 278
683 42 275
680 37 283
681 33 286
687 30 283
687 35 278
683 36 281
686 36 278
680 40 280
672 43 285
670 44 286
667 45 288
660 46 294
660 50 290
660 48 292
652 54 294
647 55 298
643 59 298
640 60 300
636 61 303
636 57 307
637 60 303
631 63 306
625 68 307
613 77 310
614 70 316
612 72 316
609 71 320
602 72 326
603 66 331
602 62 336
593 64 343
594 54 352
595 52 353
596 51 353
589 57 354
587 52 361
594 48 358
593 48 359
593 43 364
598 44 358
601 42 357
601 40 359
606 37 357
602 40 358
601 37 362
607 33 360
611 28 361
616 25 359
618 27 355
621 26 353
626 25 349
629 27 344
630 30 340
626 32 342
628 28 344
625 29 346
629 29 342
633 27 340
632 29 339
635 26 339
635 22 343
633 26 341
631 29 340
626 35 339
623 33 344
623 29 348
621 26 353
622 27 351
625 25 350
628 23 349
633 22 345
634 21 345
631 20 349
634 18 348
638 16 346
645 13 342
650 13 337
656 10 334
667 12 321
672 12 316
680 11 309
686 9 305
686 9 305
691 9 300
699 10 291
705 9 286
709 8 283
711 6 283
712 8 280
717 4 279
721 4 275
728 4 268
730 6 264
735 4 261
738 4 258
739 4 257
739 6 255
742 8 250
744 9 247
745 10 245
748 12 240
747 12 241
748 13 239
748 18 234
748 15 237
746 24 230
746 26 228
739 31 230
735 35 230
731 37 232
730 37 233
726 34 240
721 35 244
718 32 250
708 40 252
706 40 254
704 38 258
705 38 257
699 39 262
696 41 263
693 40 267
692 39 269
684 43 273
685 40 275
683 42 275
680 37 283
684 31 285
688 26 286
689 28 283
696 27 277
701 28 271
701 26 273
703 20 277
705 19 276
707 22 271
710 22 268
709 24 267
707 25 268
704 25 271
704 26 270
705 26 269
708 24 268
705 26 269
699 34 267
697 33 270
701 31 268
704 27 269
705 23 272
705 26 269
709 24 267
708 26 266
703 30 267
703 32 265
700 35 265
688 39 273
687 35 278
691 33 276
691 30 279
692 29 279
694 27 279
692 26 282
693 24 283
690 32 278
696 29 275
699 27 274
696 26 278
692 27 281
693 25 282
691 28 281
694 29 277
697 24 279
693 26 281
689 31 280
690 33 277
689 34 277
683 42 275
678 45 277
