995 5 0
994 4 2
991 7 2
988 8 4
988 8 4
986 9 5
983 10 7
974 17 9
964 25 11
955 26 19
946 33 21
924 49 27
910 49 41
895 54 51
875 63 62
852 76 72
827 90 83
798 103 99
763 126 111
738 134 128
722 131 147
696 138 166
677 131 192
646 138 216
607 157 236
583 162 255
565 145 290
541 146 313
524 143 333
505 146 349
495 146 359
488 140 372
485 130 385
470 127 403
460 121 419
465 101 434
463 95 442
466 88 446
474 79 447
479 72 449
480 68 452
486 64 450
485 57 458
490 50 460
490 50 460
487 52 461
485 48 467
488 43 469
493 36 471
501 34 465
498 41 461
499 37 464
502 32 466
506 35 459
503 36 461
509 32 459
515 31 454
519 32 449
522 29 449
535 21 444
539 19 442
540 18 442
548 19 433
554 16 430
562 16 422
570 15 415
577 11 412
581 7 412
590 7 403
591 8 401
604 7 389
613 6 381
618 6 376
626 6 368
632 7 361
636 5 359
647 4 349
654 5 341
660 8 332
664 8 328
669 9 322
671 9 320
679 8 313
684 5 311
687 4 309
691 4 305
698 3 299
699 1 300
706 1 293
709 0 291
714 0 286
722 0 278
728 0 272
731 0 269
733 0 267
740 0 260
741 0 259
743 0 257
748 0 252
749 0 251
755 0 245
759 0 241
766 0 234
766 0 234
773 0 227
774 0 226
779 0 221
782 0 218
787 0 213
794 0 206
795 0 205
799 0 201
802 0 198
806 0 194
809 0 191
811 0 189
815 0 185
816 2 182
816 6 178
819 3 178
823 3 174
822 4 174
824 3 173
826 4 170
828 4 168
832 4 164
838 3 159
838 3 159
844 3 153
845 2 153
845 2 153
848 0 152
849 0 151
850 1 149
849 3 148
852 2 146
855 1 144
854 2 144
855 1 144
856 1 143
857 1 142
859 2 139
862 2 136
860 4 136
857 8 135
859 10 131
856 14 130
857 14 129
857 16 127
856 17 127
857 21 122
858 21 121
853 26 121
849 24 127
846 20 134
842 22 136
836 29 135
822 37 141
819 38 143
807 47 146
796 52 152
785 59 156
769 66 165
749 79 172
733 85 182
722 89 189
714 87 199
697 98 205
680 104 216
667 105 228
656 99 245
648 90 262
644 82 274
634 81 285
623 83 294
619 70 311
617 68 315
615 66 319
608 70 322
605 69 326
604 72 324
602 71 327
595 74 331
588 75 337
586 72 342
582 69 349
583 64 353
583 60 357
584 54 362
595 49 356
596 51 353
597 51 352
597 48 355
595 44 361
596 38 366
600 37 363
605 37 358
611 26 363
614 26 360
611 24 365
618 16 366
621 17 362
622 21 357
629 14 357
636 14 350
647 13 340
653 11 336
661 9 330
664 10 326
664 13 323
668 16 316
666 19 315
662 24 314
665 24 311
672 22 306
676 17 307
674 19 307
677 19 304
676 16 308
680 21 299
678 19 303
683 19 298
686 15 299
689 13 298
690 11 299
691 14 295
696 13 291
700 13 287
698 11 291
699 8 293
703 8 289
705 10 285
709 11 280
711 10 279
706 15 279
705 15 280
708 12 280
707 17 276
709 10 281
713 10 277
717 12 271
718 16 266
722 14 264
730 13 257
722 19 259
721 26 253
723 25 252
722 26 252
718 30 252
711 34 255
706 31 263
699 33 268
690 38 272
694 36 270
690 38 272
688 31 281
686 33 281
686 36 278
684 37 279
678 46 276
675 47 278
677 45 278
680 38 282
683 34 283
689 30 281
690 27 283
690 28 282
687 34 279
691 30 279
691 35 274
695 30 275
695 23 282
701 21 278
701 27 272
696 32 272
697 31 272
691 29 280
685 38 277
678 44 278
675 49 276
669 52 279
660 53 287
657 54 289
653 55 292
650 54 296
645 50 305
641 50 309
644 47 309
645 46 309
645 45 310
644 43 313
642 44 314
645 41 314
651 38 311
657 37 306
656 42 302
658 43 299
658 41 301
659 37 304
657 39 304
655 44 301
652 49 299
642 49 309
641 42 317
641 39 320
645 34 321
644 32 324
649 24 327
656 19 325
661 17 322
664 17 319
668 17 315
668 17 315
672 16 312
679 16 305
687 15 298
689 18 293
696 17 287
701 17 282
702 21 277
700 23 277
700 20 280
702 25 273
698 31 271
695 31 274
696 30 274
694 26 280
694 31 275
695 29 276
691 33 276
685 34 281
688 32 280
689 33 278
694 32 274
697 25 278
697 28 275
696 28 276
693 28 279
690 23 287
695 21 284
688 26 286
686 26 288
688 24 288
690 28 282
694 28 278
694 25 281
699 28 273
703 27 270
704 27 269
705 27 268
709 26 265
707 29 264
708 29 263
705 29 266
703 31 266
707 29 264
708 29 263
707 30 263
710 27 263
712 33 255
710 29 261
711 35 254
718 35 247
716 36 248
715 38 247
704 45 251
706 38 256
702 36 262
702 38 260
709 28 263
711 25 264
708 31 261
705 32 263
701 36 263
697 39 264
692 39 269
690 36 274
687 29 284
688 25 287
694 26 280
694 26 280
697 24 279
699 22 279
699 21 280
698 20 282
702 22 276
705 20 275
709 20 271
712 20 268
711 21 268
715 21 264
714 21 265
715 23 262
711 31 258
710 33 257
701 42 257
695 43 262
685 53 262
679 53 268
678 51 271
674 52 274
669 53 278
664 55 281
661 52 287
662 46 292
659 40 301
651 47 302
651 45 304
652 42 306
651 36 313
643 38 319
647 39 314
644 46 310
640 55 305
636 49 315
637 45 318
635 52 313
633 54 313
630 45 325
634 43 323
629 46 325
631 44 325
632 39 329
629 36 335
630 32 338
628 32 340
631 25 344
637 24 339
642 25 333
648 21 331
648 20 332
653 17 330
653 21 326
655 18 327
662 15 323
664 12 324
664 15 321
667 14 319
674 15 311
674 14 312
673 18 309
679 17 304
684 13 303
683 17 300
688 20 292
689 22 289
686 31 283
679 40 281
674 46 280
667 51 282
664 51 285
656 54 290
655 55 290
649 62 289
643 58 299
642 54 304
636 52 312
637 50 313
634 47 319
628 47 325
626 45 329
627 38 335
625 39 336
625 34 341
627 32 341
629 30 341
632 29 339
639 25 336
646 17 337
651 16 333
655 16 329
649 24 327
657 20 323
657 22 321
662 26 312
663 26 311
663 25 312
663 30 307
667 29 304
660 29 311
661 25 314
668 23 309
665 29 306
662 34 304
652 40 308
650 39 311
646 42 312
647 41 312
645 48 307
650 44 306
645 49 306
646 48 306
644 51 305
639 53 308
633 58 309
628 60 312
625 52 323
620 46 334
622 42 336
622 46 332
624 43 333
628 39 333
628 41 331
627 42 331
625 44 331
626 41 333
623 39 338
622 41 337
626 33 341
632 28 340
634 26 340
636 29 335
632 31 337
633 29 338
637 25 338
637 22 341
645 20 335
647 17 336
656 14 330
655 18 327
656 17 327
654 19 327
661 14 325
666 13 321
668 14 318
676 11 313
678 11 311
679 13 308
682 12 306
685 9 306
690 9 301
694 9 297
694 6 300
699 6 295
705 4 291
708 3 289
714 4 282
717 4 279
718 7 275
722 10 268
728 9 263
735 11 254
738 11 251
740 15 245
739 17 244
736 20 244
728 27 245
719 38 243
712 40 248
704 43 253
694 47 259
688 51 261
678 57 265
667 64 269
666 59 275
653 69 278
644 73 283
628 80 292
629 77 294
626 78 296
620 77 303
614 75 311
600 80 320
598 71 331
587 78 335
583 77 340
580 75 345
583 68 349
582 65 353
586 56 358
582 55 363
584 53 363
585 53 362
584 47 369
588 41 371
593 35 372
594 38 368
592 41 367
591 39 370
593 41 366
592 41 367
596 32 372
596 33 371
591 37 372
590 39 371
592 34 374
596 35 369
593 37 370
586 43 371
588 42 370
585 41 374
583 38 379
584 34 382
587 34 379
593 33 374
594 35 371
594 33 373
594 31 375
597 29 374
604 24 372
609 22 369
611 25 364
611 26 363
611 31 358
614 31 355
614 31 355
619 33 348
626 31 343
634 28 338
634 30 336
638 26 336
641 23 336
643 21 336
642 22 336
643 20 337
649 20 331
649 18 333
651 20 329
655 19 326
657 17 326
664 17 319
662 17 321
669 16 315
670 17 313
681 15 304
683 14 303
684 14 302
691 11 298
695 10 295
700 8 292
704 10 286
708 10 282
712 7 281
718 6 276
727 5 268
731 4 265
735 1 264
739 1 260
741 3 256
747 3 250
749 5 246
751 8 241
752 10 238
751 11 238
749 12 239
752 14 234
755 18 227
755 19 226
759 16 225
761 17 222
759 20 221
757 25 218
759 23 218
760 25 215
764 25 211
753 29 218
741 33 226
736 37 227
728 47 225
719 48 233
712 51 237
702 54 244
703 53 244
695 55 250
688 57 255
681 59 260
684 52 264
684 49 267
677 51 272
673 55 272
666 58 276
663 55 282
662 51 287
662 47 291
660 47 293
659 47 294
655 44 301
660 43 297
659 50 291
655 47 298
657 45 298
650 53 297
647 56 297
643 55 302
636 56 308
629 57 314
618 71 311
622 67 311
609 76 315
599 76 325
598 76 326
593 75 332
589 76 335
590 75 335
591 66 343
591 57 352
600 53 347
595 51 354
597 51 352
598 50 352
599 45 356
601 34 365
603 29 368
600 31 369
601 30 369
596 34 370
597 33 370
597 35 368
607 36 357
598 37 365
597 40 363
597 36 367
598 39 363
594 41 365
596 37 367
600 34 366
604 28 368
605 21 374
611 22 367
619 19 362
622 20 358
623 17 360
626 16 358
629 16 355
633 13 354
638 12 350
642 13 345
653 11 336
654 11 335
659 10 331
664 10 326
671 9 320
677 11 312
680 11 309
683 10 307
686 11 303
689 15 296
690 15 295
694 17 289
692 20 288
691 21 288
692 22 286
694 22 284
694 21 285
696 17 287
698 14 288
703 14 283
709 11 280
711 10 279
716 12 272
720 11 269
725 10 265
733 11 256
737 8 255
744 7 249
745 7 248
748 7 245
749 8 243
754 9 237
752 10 238
753 13 234
749 22 229
742 27 231
735 27 238
720 40 240
715 46 239
712 47 241
700 54 246
690 54 256
679 67 254
667 69 264
655 69 276
635 80 285
630 75 295
622 80 298
618 77 305
603 82 315
588 91 321
569 101 330
560 95 345
554 93 353
547 94 359
538 96 366
529 92 379
524 91 385
516 89 395
507 83 410
504 80 416
500 80 420
500 79 421
506 72 422
507 61 432
516 50 434
528 40 432
530 37 433
533 40 427
531 42 427
539 37 424
542 33 425
549 34 417
550 32 418
558 28 414
566 21 413
576 17 407
582 13 405
585 13 402
594 15 391
599 16 385
604 16 380
609 19 372
616 15 369
620 13 367
618 15 367
621 13 366
626 14 360
638 11 351
642 12 346
650 10 340
653 10 337
655 15 330
657 18 325
658 19 323
655 21 324
659 20 321
666 19 315
669 21 310
667 21 312
673 15 312
677 12 311
682 6 312
686 5 309
691 6 303
691 9 300
691 10 299
691 13 296
693 11 296
696 10 294
700 12 288
700 16 284
702 16 282
703 14 283
701 18 281
707 17 276
706 18 276
706 21 273
701 30 269
699 33 268
699 30 271
703 29 268
699 30 271
704 30 266
705 26 269
706 28 266
700 32 268
700 29 271
704 23 273
699 28 273
701 27 272
699 27 274
700 29 271
696 33 271
697 31 272
701 29 270
702 31 267
699 35 266
702 35 263
699 37 264
695 35 270
696 29 275
699 29 272
697 31 272
697 30 273
700 25 275
701 24 275
701 27 272
696 28 276
695 33 272
693 34 273
683 42 275
678 47 275
670 54 276
664 58 278
662 60 278
653 66 281
649 64 287
642 66 292
639 65 296
632 69 299
626 70 304
615 71 314
602 69 329
600 57 343
603 52 345
600 53 347
606 45 349
611 43 346
610 41 349
607 36 357
610 37 353
607 34 359
603 33 364
604 31 365
611 26 363
618 20 362
619 24 357
620 24 356
616 26 358
614 28 358
610 28 362
609 25 366
618 21 361
620 21 359
632 16 352
640 16 344
640 17 343
646 13 341
654 14 332
659 13 328
664 10 326
664 11 325
669 9 322
675 11 314
683 7 310
691 5 304
691 9 300
691 10 299
690 12 298
695 12 293
691 15 294
692 19 289
695 21 284
695 20 285
693 22 285
696 22 282
702 21 277
704 20 276
704 18 278
712 18 270
716 20 264
720 17 263
725 16 259
727 16 257
726 17 257
728 19 253
732 17 251
737 18 245
733 20 247
735 20 245
733 22 245
731 18 251
729 21 250
729 22 249
728 20 252
729 19 252
733 18 249
742 20 238
743 21 236
740 23 237
744 23 233
746 22 232
743 24 233
740 23 237
739 23 238
741 23 236
736 28 236
736 26 238
743 26 231
738 30 232
740 29 231
736 29 235
729 30 241
723 33 244
721 31 248
719 37 244
715 40 245
709 42 249
704 45 251
699 49 252
692 49 259
691 46 263
691 48 261
688 46 266
693 37 270
689 39 272
692 36 272
698 33 269
704 32 264
697 35 268
697 31 272
689 36 275
687 37 276
681 41 278
683 42 275
686 39 275
682 38 280
683 35 282
690 32 278
696 32 272
704 31 265
704 26 270
710 22 268
