1000 0 0
997 3 0
997 3 0
996 3 1
995 3 2
990 6 4
990 5 5
986 8 6
982 10 8
980 11 9
975 12 13
967 18 15
964 16 20
960 19 21
952 22 26
945 28 27
934 37 29
926 41 33
918 44 38
906 53 41
891 59 50
876 65 59
855 67 78
837 77 86
821 82 97
808 80 112
790 89 121
768 96 136
749 94 157
737 97 166
710 109 181
690 109 201
680 103 217
655 115 230
637 114 249
615 126 259
603 128 269
585 129 286
572 128 300
564 123 313
556 113 331
551 105 344
543 106 351
536 109 355
536 98 366
536 83 381
541 73 386
533 74 393
534 64 402
530 65 405
537 60 403
543 62 395
551 60 389
547 63 390
555 57 388
553 54 393
555 50 395
557 48 395
562 40 398
566 37 397
568 36 396
574 34 392
575 37 388
577 33 390
579 30 391
582 30 388
589 27 384
591 23 386
602 20 378
611 19 370
610 19 371
620 17 363
623 17 360
630 15 355
635 13 352
646 13 341
655 14 331
664 14 322
667 14 319
669 17 314
669 16 315
675 14 311
683 14 303
685 15 300
688 14 298
689 16 295
692 17 291
695 21 284
692 29 279
686 29 285
682 31 287
675 33 292
671 30 299
670 33 297
666 36 298
667 30 303
663 33 304
667 35 298
667 35 298
667 31 302
665 33 302
663 33 304
667 27 306
663 29 308
661 27 312
663 23 314
664 23 313
660 27 313
659 27 314
660 23 317
665 19 316
666 27 307
665 27 308
669 26 305
668 28 304
671 24 305
676 25 299
679 25 296
680 25 295
683 27 290
684 32 284
679 39 282
674 40 286
670 46 284
669 44 287
668 39 293
656 49 295
651 50 299
656 48 296
655 46 299
652 49 299
653 47 300
655 44 301
648 43 309
644 42 314
645 41 314
649 36 315
649 31 320
650 33 317
647 32 321
649 35 316
650 34 316
640 41 319
639 40 321
640 35 325
639 28 333
644 25 331
648 22 330
650 22 328
656 18 326
656 18 326
656 24 320
655 25 320
659 21 320
660 25 315
666 22 312
670 20 310
666 26 308
667 26 307
670 23 307
671 22 307
675 18 307
675 16 309
682 14 304
687 15 298
687 19 294
687 17 296
685 22 293
687 23 290
687 27 286
685 27 288
684 27 289
685 25 290
678 30 292
674 35 291
668 40 292
662 40 298
657 42 301
654 38 308
660 35 305
658 35 307
658 27 315
659 28 313
654 36 310
650 35 315
650 35 315
658 32 310
665 29 306
671 28 301
674 26 300
671 25 304
670 24 306
668 29 303
674 22 304
677 22 301
678 17 305
680 16 304
688 15 297
692 13 295
694 14 292
694 14 292
698 11 291
705 12 283
711 12 277
717 11 272
721 12 267
719 17 264
723 16 261
723 14 263
719 18 263
723 13 264
723 14 263
724 12 264
728 12 260
732 11 257
735 12 253
730 16 254
734 15 251
740 18 242
735 22 243
729 24 247
730 23 247
729 26 245
729 28 243
725 29 246
727 28 245
727 29 244
722 30 248
726 28 246
726 29 245
725 29 246
724 25 251
727 23 250
723 27 250
721 28 251
721 30 249
725 32 243
723 27 250
721 26 253
721 26 253
714 27 259
710 30 260
710 37 253
711 39 250
712 34 254
710 33 257
705 39 256
705 33 262
699 36 265
701 27 272
703 26 271
707 22 271
709 22 269
715 24 261
721 19 260
720 20 260
720 23 257
715 26 259
716 24 260
720 23 257
720 23 257
720 26 254
718 26 256
723 26 251
726 28 246
722 27 251
719 28 253
722 26 252
718 28 254
716 30 254
721 27 252
715 31 254
721 29 250
722 29 249
728 24 248
729 26 245
726 29 245
723 29 248
717 34 249
717 33 250
719 29 252
723 27 250
718 30 252
714 33 253
710 37 253
706 40 254
703 38 259
697 39 264
697 40 263
695 45 260
692 46 262
689 47 264
688 46 266
688 45 267
682 44 274
680 42 278
678 42 280
674 42 284
681 41 278
682 31 287
681 32 287
683 30 287
683 31 286
679 27 294
673 25 302
674 28 298
676 29 295
678 28 294
681 25 294
682 25 293
680 29 291
679 28 293
677 29 294
672 36 292
671 34 295
667 34 299
662 33 305
664 33 303
666 33 301
664 37 299
659 39 302
654 38 308
649 40 311
657 31 312
654 34 312
655 34 311
651 39 310
652 44 304
648 49 303
645 48 307
647 45 308
651 43 306
645 46 309
647 43 310
646 39 315
642 39 319
640 37 323
640 39 321
640 38 322
638 44 318
630 46 324
624 46 330
618 51 331
620 45 335
620 41 339
618 38 344
617 45 338
616 44 340
619 39 342
621 40 339
626 40 334
623 41 336
619 37 344
620 38 342
619 37 344
616 39 345
621 37 342
616 38 346
617 41 342
613 44 343
609 46 345
605 50 345
605 45 350
606 46 348
604 44 352
597 48 355
594 47 359
593 44 363
597 42 361
601 40 359
605 34 361
608 31 361
613 30 357
619 25 356
620 21 359
628 22 350
629 20 351
630 23 347
637 20 343
641 15 344
645 14 341
647 11 342
654 12 334
658 15 327
663 15 322
668 15 317
669 14 317
677 12 311
680 11 309
680 6 314
686 7 307
690 10 300
694 10 296
695 9 296
699 7 294
702 5 293
710 6 284
716 7 277
720 9 271
724 9 267
726 7 267
732 8 260
734 6 260
736 6 258
736 8 256
735 13 252
740 10 250
746 9 245
749 7 244
754 6 240
758 7 235
761 7 232
761 7 232
764 6 230
765 5 230
771 4 225
770 9 221
775 9 216
778 10 212
782 8 210
786 8 206
789 7 204
792 7 201
794 9 197
798 10 192
801 9 190
807 6 187
807 8 185
805 10 185
802 11 187
804 12 184
809 11 180
809 13 178
816 15 169
815 14 171
815 15 170
811 14 175
810 17 173
804 20 176
802 20 178
800 21 179
797 21 182
794 22 184
786 27 187
783 28 189
776 32 192
764 39 197
750 44 206
742 48 210
735 48 217
731 43 226
728 42 230
722 50 228
715 52 233
714 52 234
698 63 239
691 64 245
685 65 250
669 69 262
661 70 269
651 68 281
646 63 291
635 68 297
627 68 305
617 68 315
611 70 319
607 69 324
604 67 329
605 63 332
597 61 342
595 63 342
590 69 341
582 76 342
583 73 344
574 69 357
574 61 365
581 49 370
583 43 374
584 35 381
586 30 384
589 30 381
592 27 381
598 24 378
603 22 375
608 20 372
615 17 368
618 15 367
623 15 362
631 12 357
637 12 351
637 15 348
646 14 340
658 13 329
668 11 321
673 11 316
676 12 312
680 10 310
682 11 307
687 10 303
691 11 298
695 10 295
694 12 294
697 11 292
700 8 292
704 12 284
710 12 278
711 15 274
714 13 273
716 14 270
717 10 273
721 9 270
721 10 269
722 11 267
718 16 266
719 18 263
721 16 263
726 14 260
721 17 262
724 17 259
725 17 258
726 19 255
730 20 250
734 20 246
735 22 243
736 24 240
733 31 236
729 36 235
727 36 237
720 35 245
718 35 247
713 37 250
706 32 262
698 43 259
696 41 263
691 36 273
688 37 275
682 38 280
684 40 276
684 39 277
678 39 283
678 38 284
678 39 283
677 36 287
671 38 291
666 38 296
672 39 289
665 43 292
656 52 292
652 45 303
643 52 305
638 57 305
626 57 317
623 58 319
616 64 320
608 65 327
612 61 327
601 69 330
603 65 332
599 65 336
601 60 339
602 55 343
602 57 341
599 58 343
596 59 345
596 54 350
595 54 351
591 50 359
589 46 365
581 56 363
577 56 367
570 54 376
568 50 382
570 49 381
568 46 386
571 42 387
574 36 390
573 36 391
575 34 391
585 32 383
587 35 378
591 34 375
597 32 371
597 32 371
602 24 374
602 25 373
602 31 367
604 28 368
606 28 366
603 29 368
603 27 370
602 30 368
607 29 364
612 25 363
606 29 365
605 35 360
610 36 354
616 35 349
616 38 346
618 37 345
623 36 341
627 37 336
629 34 337
630 33 337
635 34 331
637 31 332
638 29 333
638 31 331
644 30 326
647 30 323
648 32 320
647 33 320
652 32 316
656 27 317
659 27 314
660 29 311
661 28 311
667 26 307
669 24 307
668 25 307
671 23 306
671 24 305
680 20 300
683 17 300
683 17 300
685 13 302
693 13 294
696 12 292
697 13 290
702 12 286
714 10 276
716 12 272
717 9 274
719 6 275
722 6 272
724 7 269
731 7 262
736 8 256
737 8 255
741 8 251
740 11 249
746 10 244
749 9 242
754 9 237
752 13 235
755 13 232
757 12 231
760 8 232
764 6 230
766 5 229
772 4 224
776 6 218
780 8 212
780 8 212
781 8 211
784 7 209
784 6 210
786 7 207
786 11 203
784 13 203
784 12 204
785 11 204
789 10 201
791 9 200
790 11 199
791 7 202
788 11 201
788 10 202
790 10 200
790 10 200
794 9 197
795 11 194
793 13 194
796 14 190
793 16 191
781 26 193
772 32 196
766 30 204
767 27 206
762 31 207
762 28 210
762 28 210
760 27 213
756 28 216
754 26 220
745 34 221
738 42 220
724 49 227
717 53 230
718 53 229
712 60 228
702 62 236
686 65 249
684 60 256
674 68 258
665 71 264
657 70 273
650 63 287
639 62 299
634 63 303
631 63 306
630 61 309
620 63 317
615 63 322
604 63 333
598 61 341
592 63 345
589 58 353
588 52 360
591 52 357
591 48 361
599 38 363
597 43 360
593 40 367
589 44 367
589 39 372
588 42 370
589 44 367
592 44 364
591 41 368
594 39 367
589 38 373
590 38 372
588 42 370
589 40 371
588 49 363
581 50 369
579 49 372
577 45 378
577 51 372
574 51 375
575 51 374
575 50 375
575 50 375
573 54 373
574 49 377
575 50 375
577 47 376
577 46 377
580 44 376
578 46 376
581 43 376
584 41 375
584 36 380
584 37 379
588 37 375
591 33 376
586 39 375
592 36 372
595 35 370
597 37 366
595 41 364
599 38 363
599 36 365
601 38 361
602 39 359
601 39 360
607 33 360
605 36 359
609 35 356
611 39 350
613 40 347
623 38 339
627 32 341
626 32 342
627 27 346
625 27 348
623 28 349
628 25 347
631 23 346
637 18 345
643 18 339
643 18 339
649 15 336
654 14 332
659 13 328
667 11 322
672 9 319
675 7 318
675 9 316
681 9 310
682 9 309
680 13 307
687 12 301
692 10 298
697 8 295
699 10 291
703 11 286
708 10 282
714 10 276
713 12 275
712 10 278
713 14 273
711 16 273
711 16 273
712 20 268
721 15 264
726 15 259
728 16 256
727 18 255
729 18 253
733 15 252
734 17 249
737 17 246
737 19 244
737 17 246
739 17 244
739 19 242
742 19 239
746 16 238
751 16 233
751 15 234
751 11 238
749 15 236
752 12 236
749 20 231
748 22 230
744 23 233
737 26 237
735 27 238
730 32 238
723 34 243
719 38 243
717 38 245
709 43 248
702 46 252
702 42 256
701 49 250
696 51 253
690 54 256
684 54 262
678 48 274
676 50 274
672 54 274
668 53 279
664 55 281
657 60 283
651 57 292
650 56 294
647 58 295
650 51 299
646 47 307
640 39 321
644 39 317
645 36 319
645 36 319
648 36 316
646 38 316
645 38 317
645 36 319
648 34 318
647 28 325
649 23 328
656 21 323
659 21 320
660 28 312
662 27 311
668 27 305
671 27 302
671 28 301
670 32 298
663 34 303
663 33 304
661 35 304
660 35 305
658 34 308
656 33 311
653 36 311
647 41 312
653 42 305
650 50 300
650 45 305
650 45 305
649 45 306
644 49 307
645 39 316
640 42 318
633 47 320
633 40 327
636 37 327
633 35 332
630 35 335
629 33 338
627 33 340
627 31 342
624 31 345
621 33 346
620 33 347
614 40 346
607 37 356
608 33 359
609 32 359
605 36 359
609 30 361
608 31 361
607 35 358
610 36 354
607 35 358
608 35 357
610 32 358
611 34 355
611 38 351
617 35 348
616 31 353
617 33 350
624 29 347
623 28 349
621 27 352
627 22 351
626 27 347
631 27 342
634 32 334
633 39 328
632 40 328
633 43 324
626 48 326
626 48 326
632 43 325
625 47 328
623 44 333
629 37 334
629 39 332
626 37 337
628 35 337
627 33 340
629 33 338
633 25 342
631 25 344
636 23 341
636 24 340
647 22 331
654 20 326
658 20 322
658 19 323
661 16 323
661 14 325
661 20 319
661 20 319
665 23 312
665 24 311
662 25 313
660 29 311
658 26 316
666 23 311
666 20 314
670 25 305
673 26 301
675 27 298
676 26 298
678 26 296
684 25 291
689 18 293
690 21 289
694 17 289
699 15 286
694 21 285
695 19 286
703 18 279
706 15 279
720 14 266
721 13 266
720 20 260
715 24 261
716 28 256
712 30 258
714 29 257
714 31 255
709 34 257
700 34 266
690 43 267
683 47 270
685 46 269
679 46 275
679 39 282
677 43 280
675 45 280
668 50 282
666 46 288
666 48 286
666 44 290
664 45 291
655 49 296
650 45 305
650 44 306
653 42 305
651 43 306
653 34 313
652 32 316
654 30 316
656 29 315
659 23 318
662 24 314
666 20 314
663 21 316
667 22 311
666 21 313
667 21 312
677 20 303
683 21 296
683 21 296
685 20 295
687 22 291
