995 5 0
993 5 2
991 6 3
990 5 5
984 10 6
983 10 7
978 11 11
976 11 13
971 16 13
963 23 14
956 29 15
942 36 22
925 46 29
904 58 38
882 73 45
855 93 52
827 98 75
805 102 93
788 107 105
756 129 115
723 147 130
687 160 153
665 165 170
635 172 193
601 166 233
574 165 261
553 168 279
527 171 302
508 169 323
493 171 336
468 177 355
462 169 369
458 148 394
447 141 412
442 137 421
439 126 435
439 115 446
438 108 454
434 106 460
437 91 472
440 86 474
438 81 481
450 69 481
453 65 482
461 62 477
467 54 479
467 41 492
474 41 485
473 43 484
482 39 479
489 36 475
493 38 469
498 36 466
507 32 461
514 27 459
520 23 457
532 19 449
537 22 441
536 19 445
536 22 442
537 18 445
538 14 448
543 13 444
554 12 434
563 9 428
577 9 414
583 10 407
586 7 407
591 7 402
597 3 400
603 4 393
610 4 386
613 5 382
614 11 375
614 14 372
616 16 368
613 19 368
614 16 370
612 18 370
613 18 369
618 20 362
619 19 362
620 19 361
626 19 355
632 21 347
636 17 347
642 13 345
653 15 332
660 15 325
660 15 325
661 16 323
657 15 328
657 20 323
651 27 322
646 33 321
643 38 319
639 39 322
629 44 327
635 40 325
632 40 328
636 40 324
638 34 328
642 29 329
642 30 328
640 32 328
639 42 319
638 46 316
636 48 316
636 44 320
638 49 313
639 46 315
635 49 316
632 53 315
631 51 318
632 51 317
629 51 320
625 47 328
631 42 327
638 39 323
640 38 322
638 42 320
623 55 322
618 58 324
611 58 331
604 67 329
594 79 327
588 73 339
583 72 345
570 79 351
567 76 357
558 79 363
552 77 371
547 76 377
543 74 383
539 67 394
541 63 396
543 58 399
539 56 405
538 54 408
540 54 406
534 58 408
535 54 411
537 48 415
533 51 416
533 53 414
534 55 411
537 55 408
536 53 411
538 48 414
537 47 416
538 40 422
540 43 417
546 40 414
540 39 421
539 40 421
537 39 424
538 41 421
542 37 421
540 36 424
546 33 421
553 32 415
559 30 411
566 25 409
573 18 409
578 19 403
582 17 401
588 19 393
592 17 391
592 20 388
599 22 379
600 20 380
597 19 384
603 19 378
605 17 378
614 14 372
622 14 364
626 15 359
630 13 357
636 13 351
639 14 347
640 10 350
636 17 347
636 14 350
645 13 342
645 16 339
646 16 338
647 14 339
645 15 340
644 18 338
649 17 334
648 20 332
648 22 330
645 28 327
639 32 329
641 31 328
645 28 327
643 28 329
649 20 331
654 20 326
658 22 320
655 24 321
657 25 318
657 29 314
658 33 309
652 40 308
647 43 310
644 45 311
644 49 307
646 45 309
642 42 316
645 38 317
646 37 317
644 41 315
654 40 306
651 44 305
655 42 303
652 45 303
643 43 314
637 45 318
627 48 325
618 54 328
616 51 333
611 47 342
611 46 343
608 45 347
614 44 342
617 44 339
616 45 339
613 48 339
619 42 339
618 44 338
617 44 339
619 43 338
617 43 340
614 46 340
619 38 343
621 36 343
620 34 346
620 33 347
620 38 342
618 40 342
613 39 348
615 34 351
618 34 348
619 34 347
622 34 344
619 38 343
623 31 346
623 31 346
625 30 345
626 32 342
624 35 341
621 39 340
618 42 340
615 44 341
615 47 338
612 46 342
616 47 337
613 43 344
615 40 345
616 41 343
613 41 346
616 43 341
614 42 344
609 47 344
605 47 348
604 46 350
608 41 351
601 43 356
603 40 357
604 35 361
609 33 358
610 31 359
621 26 353
628 27 345
631 22 347
641 16 343
647 15 338
648 12 340
652 10 338
658 8 334
665 8 327
664 12 324
673 11 316
680 11 309
677 16 307
679 17 304
682 17 301
688 16 296
691 15 294
694 13 293
699 11 290
707 12 281
709 11 280
705 12 283
707 13 280
704 17 279
712 14 274
716 16 268
716 18 266
710 24 266
705 34 261
706 34 260
709 37 254
711 41 248
709 37 254
708 35 257
709 31 260
711 31 258
710 33 257
709 34 257
710 33 257
708 32 260
709 27 264
706 24 270
704 24 272
700 28 272
700 33 267
683 47 270
682 46 272
671 52 277
664 52 284
665 49 286
669 44 287
678 41 281
683 38 279
681 40 279
681 38 281
677 41 282
674 39 287
674 34 292
668 36 296
670 32 298
668 33 299
661 33 306
665 31 304
672 27 301
680 25 295
680 27 293
676 29 295
675 32 293
675 30 295
673 33 294
675 33 292
677 35 288
675 35 290
674 34 292
677 33 290
672 34 294
668 35 297
669 33 298
677 25 298
678 28 294
681 30 289
683 31 286
680 27 293
683 22 295
681 26 293
684 27 289
679 28 293
681 24 295
681 24 295
685 21 294
691 20 289
689 19 292
679 33 288
674 40 286
669 40 291
663 41 296
665 44 291
663 39 298
660 42 298
657 41 302
652 47 301
646 52 302
647 45 308
644 43 313
648 38 314
646 38 316
644 42 314
647 40 313
652 40 308
652 38 310
652 32 316
648 37 315
647 35 318
642 40 318
644 43 313
642 42 316
642 47 311
624 60 316
615 65 320
610 64 326
617 61 322
617 54 329
615 51 334
609 50 341
605 50 345
608 45 347
612 41 347
613 39 348
617 37 346
622 29 349
624 29 347
630 28 342
632 25 343
629 28 343
626 30 344
631 26 343
626 32 342
625 32 343
631 33 336
629 38 333
633 39 328
631 41 328
637 32 331
639 27 334
640 21 339
639 17 344
648 15 337
660 14 326
669 15 316
676 15 309
680 12 308
686 11 303
689 14 297
693 12 295
695 15 290
699 16 285
701 18 281
700 20 280
701 20 279
702 22 276
696 26 278
690 34 276
680 43 277
673 42 285
660 52 288
654 57 289
649 51 300
632 61 307
634 60 306
624 66 310
614 66 320
610 63 327
607 65 328
601 63 336
597 64 339
592 60 348
578 69 353
579 68 353
576 66 358
571 64 365
576 57 367
579 51 370
589 44 367
591 42 367
586 41 373
591 42 367
588 42 370
586 39 375
587 41 372
587 40 373
597 35 368
597 33 370
603 29 368
609 26 365
612 24 364
615 27 358
614 28 358
616 30 354
626 26 348
631 23 346
631 20 349
637 18 345
646 14 340
652 16 332
656 17 327
662 13 325
665 12 323
669 9 322
673 9 318
681 9 310
685 11 304
690 12 298
694 11 295
700 10 290
705 9 286
709 5 286
714 3 283
723 2 275
726 2 272
729 3 268
734 1 265
736 0 264
736 0 264
740 0 260
741 0 259
745 0 255
748 0 252
750 0 250
754 0 246
759 0 241
761 0 239
766 0 234
767 0 233
771 0 229
775 0 225
776 0 224
780 0 220
783 0 217
791 0 209
792 0 208
794 0 206
799 0 201
805 0 195
805 0 195
807 0 193
811 0 189
812 0 188
816 0 184
819 0 181
823 0 177
825 0 175
827 0 173
830 0 170
835 0 165
837 0 163
842 0 158
845 0 155
845 0 155
848 0 152
851 0 149
855 0 145
858 0 142
859 0 141
864 0 136
866 0 134
866 0 134
871 0 129
874 0 126
876 0 124
878 0 122
879 0 121
880 0 120
880 0 120
880 0 120
880 0 120
883 0 117
884 0 116
885 0 115
886 0 114
887 0 113
888 0 112
894 0 106
897 0 103
900 0 100
901 0 99
902 0 98
902 0 98
906 0 94
906 0 94
907 0 93
908 0 92
908 0 92
912 0 88
913 0 87
914 0 86
916 0 84
917 0 83
918 0 82
918 0 82
919 0 81
919 0 81
920 0 80
920 0 80
922 0 78
922 0 78
923 0 77
923 0 77
926 0 74
926 0 74
926 0 74
928 0 72
931 0 69
932 0 68
936 0 64
937 0 63
939 0 61
940 0 60
940 0 60
943 0 57
943 0 57
947 0 53
948 0 52
950 0 50
950 0 50
951 0 49
953 0 47
955 0 45
956 0 44
958 0 42
959 0 41
959 0 41
959 0 41
959 0 41
959 0 41
960 0 40
961 0 39
962 0 38
962 0 38
963 0 37
963 0 37
964 0 36
966 0 34
966 0 34
968 0 32
969 0 31
969 0 31
969 0 31
969 0 31
969 0 31
969 0 31
969 0 31
969 0 31
969 0 31
970 0 30
970 0 30
970 0 30
974 0 26
974 0 26
974 0 26
975 0 25
975 0 25
975 0 25
976 0 24
977 0 23
978 0 22
978 0 22
979 0 21
980 0 20
980 0 20
980 0 20
980 0 20
980 0 20
980 0 20
980 0 20
981 0 19
981 0 19
981 0 19
981 0 19
982 0 18
983 0 17
983 0 17
985 0 15
985 0 15
985 0 15
985 0 15
985 0 15
985 0 15
985 0 15
985 0 15
986 0 14
986 0 14
986 0 14
986 0 14
986 0 14
986 0 14
986 0 14
986 0 14
986 0 14
986 0 14
986 0 14
987 0 13
987 0 13
987 0 13
987 0 13
987 0 13
987 0 13
987 0 13
987 0 13
987 0 13
988 0 12
988 0 12
988 0 12
990 0 10
990 0 10
990 0 10
990 0 10
990 0 10
990 0 10
990 0 10
990 0 10
990 0 10
991 0 9
991 0 9
992 0 8
992 0 8
992 0 8
992 0 8
992 0 8
992 0 8
993 0 7
993 0 7
993 0 7
994 0 6
994 0 6
994 0 6
994 0 6
994 0 6
994 0 6
994 0 6
994 0 6
994 0 6
994 0 6
995 0 5
996 0 4
996 0 4
996 0 4
996 0 4
996 0 4
996 0 4
996 0 4
996 0 4
996 0 4
996 0 4
997 0 3
997 0 3
997 0 3
997 0 3
997 0 3
997 0 3
997 0 3
997 0 3
997 0 3
997 0 3
997 0 3
997 0 3
997 0 3
997 0 3
997 0 3
997 0 3
997 0 3
997 0 3
997 0 3
997 0 3
997 0 3
997 0 3
997 0 3
997 0 3
998 0 2
998 0 2
998 0 2
998 0 2
998 0 2
998 0 2
998 0 2
998 0 2
998 0 2
998 0 2
998 0 2
998 0 2
998 0 2
998 0 2
998 0 2
998 0 2
998 0 2
998 0 2
998 0 2
998 0 2
999 0 1
999 0 1
999 0 1
999 0 1
999 0 1
999 0 1
999 0 1
999 0 1
999 0 1
999 0 1
999 0 1
999 0 1
999 0 1
999 0 1
999 0 1
999 0 1
999 0 1
999 0 1
999 0 1
999 0 1
999 0 1
999 0 1
999 0 1
999 0 1
999 0 1
999 0 1
999 0 1
999 0 1
999 0 1
999 0 1
1000 0 0
1000 0 0
1000 0 0
1000 0 0
1000 0 0
1000 0 0
1000 0 0
1000 0 0
1000 0 0
1000 0 0
1000 0 0
1000 0 0
1000 0 0
1000 0 0
1000 0 0
1000 0 0
1000 0 0
1000 0 0
1000 0 0
1000 0 0
1000 0 0
1000 0 0
1000 0 0
1000 0 0
1000 0 0
1000 0 0
1000 0 0
1000 0 0
1000 0 0
1000 0 0
1000 0 0
1000 0 0
1000 0 0
1000 0 0
1000 0 0
1000 0 0
1000 0 0
1000 0 0
1000 0 0
1000 0 0
1000 0 0
1000 0 0
1000 0 0
1000 0 0
1000 0 0
1000 0 0
1000 0 0
1000 0 0
1000 0 0
1000 0 0
1000 0 0
1000 0 0
1000 0 0
1000 0 0
1000 0 0
1000 0 0
1000 0 0
1000 0 0
1000 0 0
1000 0 0
1000 0 0
1000 0 0
1000 0 0
1000 0 0
1000 0 0
1000 0 0
1000 0 0
1000 0 0
1000 0 0
1000 0 0
1000 0 0
1000 0 0
1000 0 0
1000 0 0
1000 0 0
1000 0 0
1000 0 0
1000 0 0
1000 0 0
1000 0 0
1000 0 0
1000 0 0
1000 0 0
1000 0 0
1000 0 0
1000 0 0
1000 0 0
1000 0 0
1000 0 0
1000 0 0
1000 0 0
1000 0 0
1000 0 0
1000 0 0
1000 0 0
1000 0 0
1000 0 0
1000 0 0
1000 0 0
1000 0 0
1000 0 0
1000 0 0
1000 0 0
1000 0 0
1000 0 0
1000 0 0
1000 0 0
1000 0 0
1000 0 0
1000 0 0
1000 0 0
1000 0 0
1000 0 0
1000 0 0
1000 0 0
1000 0 0
1000 0 0
1000 0 0
1000 0 0
1000 0 0
1000 0 0
1000 0 0
1000 0 0
1000 0 0
1000 0 0
1000 0 0
1000 0 0
1000 0 0
1000 0 0
1000 0 0
1000 0 0
1000 0 0
1000 0 0
1000 0 0
1000 0 0
1000 0 0
1000 0 0
1000 0 0
1000 0 0
1000 0 0
1000 0 0
1000 0 0
1000 0 0
1000 0 0
1000 0 0
1000 0 0
1000 0 0
1000 0 0
1000 0 0
1000 0 0
1000 0 0
1000 0 0
1000 0 0
1000 0 0
1000 0 0
1000 0 0
1000 0 0
1000 0 0
1000 0 0
1000 0 0
1000 0 0
1000 0 0
1000 0 0
1000 0 0
1000 0 0
1000 0 0
1000 0 0
1000 0 0
1000 0 0
1000 0 0
1000 0 0
1000 0 0
1000 0 0
1000 0 0
1000 0 0
1000 0 0
1000 0 0
1000 0 0
1000 0 0
1000 0 0
1000 0 0
1000 0 0
1000 0 0
1000 0 0
1000 0 0
1000 0 0
1000 0 0
1000 0 0
1000 0 0
1000 0 0
1000 0 0
1000 0 0
1000 0 0
1000 0 0
1000 0 0
1000 0 0
1000 0 0
1000 0 0
1000 0 0
1000 0 0
1000 0 0
