1000 0 0
1000 0 0
1000 0 0
996 3 1
995 3 2
994 2 4
989 7 4
985 9 6
983 10 7
970 21 9
967 20 13
962 19 19
949 27 24
938 33 29
932 32 36
921 35 44
912 40 48
906 39 55
896 46 58
885 49 66
871 56 73
854 65 81
835 76 89
820 80 100
804 80 116
789 76 135
776 78 146
757 75 168
745 82 173
731 84 185
719 81 200
717 73 210
712 66 222
708 67 225
706 60 234
698 64 238
684 70 246
675 68 257
675 67 258
673 73 254
670 67 263
666 66 268
660 68 272
646 73 281
642 75 283
636 68 296
630 68 302
625 66 309
628 55 317
631 47 322
632 46 322
629 49 322
640 45 315
644 37 319
639 43 318
639 45 316
642 38 320
649 37 314
651 31 318
655 31 314
665 25 310
674 23 303
677 22 301
674 25 301
681 25 294
684 24 292
685 22 293
688 17 295
693 16 291
696 14 290
699 13 288
704 12 284
711 12 277
712 13 275
716 12 272
720 9 271
726 9 265
729 7 264
733 6 261
737 5 258
749 3 248
750 4 246
752 4 244
756 5 239
760 4 236
765 1 234
770 1 229
770 1 229
773 1 226
775 1 224
781 1 218
784 1 215
787 1 212
789 1 210
795 1 204
798 1 201
801 2 197
803 2 195
807 2 191
811 1 188
811 5 184
816 5 179
819 3 178
816 6 178
819 6 175
825 5 170
826 7 167
826 10 164
826 8 166
830 8 162
827 10 163
832 9 159
834 8 158
833 11 156
835 10 155
833 12 155
833 11 156
833 13 154
836 15 149
836 17 147
836 19 145
836 16 148
836 18 146
834 17 149
834 16 150
834 18 148
837 18 145
835 19 146
842 18 140
840 23 137
840 22 138
841 25 134
840 25 135
839 19 142
838 20 142
834 25 141
831 28 141
830 23 147
829 23 148
819 32 149
815 36 149
811 37 152
808 39 153
800 40 160
794 41 165
795 37 168
789 34 177
785 35 180
779 40 181
772 46 182
772 39 189
774 31 195
766 34 200
765 31 204
765 35 200
759 38 203
759 33 208
757 33 210
757 36 207
754 36 210
747 41 212
742 42 216
743 42 215
742 43 215
736 49 215
734 50 216
728 49 223
722 50 228
723 48 229
720 48 232
712 52 236
710 47 243
703 49 248
698 50 252
702 47 251
695 49 256
698 44 258
694 48 258
695 48 257
686 52 262
680 55 265
683 52 265
683 45 272
686 40 274
685 40 275
681 43 276
681 46 273
679 46 275
677 45 278
686 40 274
685 39 276
682 37 281
686 34 280
685 31 284
684 31 285
684 29 287
689 29 282
689 29 282
696 26 278
697 26 277
705 25 270
709 22 269
710 23 267
717 22 261
713 23 264
711 27 262
715 23 262
719 19 262
730 16 254
736 11 253
740 11 249
743 11 246
746 14 240
751 11 238
755 8 237
756 7 237
761 7 232
762 9 229
767 8 225
768 10 222
771 10 219
774 9 217
777 9 214
779 11 210
781 10 209
782 12 206
781 13 206
781 15 204
784 19 197
785 18 197
783 17 200
785 18 197
784 20 196
785 22 193
780 19 201
783 16 201
786 16 198
788 13 199
789 15 196
792 13 195
796 12 192
802 10 188
805 10 185
808 13 179
807 15 178
804 19 177
803 20 177
796 25 179
795 25 180
788 29 183
778 37 185
770 39 191
766 36 198
764 31 205
763 31 206
762 30 208
763 36 201
758 35 207
757 32 211
756 31 213
752 32 216
743 36 221
743 37 220
751 35 214
750 34 216
752 32 216
751 29 220
741 33 226
739 37 224
732 39 229
725 47 228
723 47 230
717 50 233
712 51 237
710 50 240
702 55 243
692 57 251
694 55 251
693 56 251
687 57 256
680 55 265
686 54 260
685 56 259
690 51 259
689 46 265
691 42 267
690 41 269
692 39 269
699 34 267
697 37 266
696 32 272
702 28 270
701 30 269
700 34 266
701 33 266
702 38 260
699 40 261
690 43 267
694 37 269
694 32 274
697 34 269
699 35 266
699 33 268
705 31 264
707 31 262
704 32 264
706 27 267
708 27 265
708 29 263
713 32 255
716 26 258
717 27 256
720 25 255
720 27 253
720 29 251
718 31 251
721 34 245
725 32 243
722 29 249
723 25 252
722 28 250
719 28 253
723 29 248
726 28 246
731 30 239
736 32 232
733 33 234
733 35 232
731 38 231
732 35 233
730 35 235
732 30 238
728 33 239
729 32 239
730 32 238
730 27 243
727 29 244
731 27 242
733 26 241
733 25 242
736 26 238
736 22 242
744 22 234
746 25 229
747 21 232
749 19 232
747 23 230
749 20 231
747 21 232
748 22 230
747 25 228
744 28 228
747 23 230
749 22 229
748 24 228
747 21 232
746 23 231
747 23 230
746 20 234
747 22 231
750 16 234
747 19 234
752 18 230
748 23 229
748 28 224
750 26 224
754 25 221
748 32 220
748 31 221
745 29 226
742 30 228
742 24 234
740 24 236
738 22 240
742 24 234
740 21 239
738 25 237
746 23 231
745 22 233
744 19 237
751 20 229
757 23 220
753 29 218
755 31 214
759 28 213
758 29 213
754 33 213
751 34 215
746 36 218
745 31 224
747 28 225
749 29 222
744 35 221
745 34 221
748 35 217
750 35 215
748 34 218
752 29 219
755 27 218
753 27 220
754 26 220
754 22 224
757 16 227
759 17 224
761 16 223
764 12 224
768 11 221
770 13 217
769 12 219
774 11 215
774 13 213
779 11 210
781 10 209
777 12 211
778 12 210
782 15 203
778 23 199
782 17 201
781 20 199
781 21 198
783 23 194
786 22 192
789 22 189
792 23 185
792 23 185
790 23 187
791 18 191
789 23 188
785 24 191
783 23 194
781 24 195
781 22 197
782 18 200
781 18 201
784 15 201
791 14 195
796 13 191
798 15 187
798 12 190
798 12 190
802 11 187
804 13 183
799 13 188
798 15 187
791 20 189
790 23 187
785 24 191
778 29 193
770 31 199
772 26 202
773 29 198
770 35 195
763 37 200
755 43 202
754 44 202
752 42 206
743 50 207
738 49 213
730 50 220
726 54 220
722 53 225
711 55 234
704 59 237
700 61 239
698 63 239
696 59 245
690 61 249
683 61 256
677 64 259
673 63 264
666 63 271
667 65 268
667 60 273
668 59 273
664 51 285
661 49 290
669 42 289
666 44 290
661 42 297
660 44 296
666 32 302
666 35 299
675 31 294
670 39 291
666 38 296
670 37 293
667 40 293
663 38 299
661 40 299
658 38 304
657 41 302
659 37 304
659 38 303
662 38 300
656 42 302
662 40 298
658 44 298
660 32 308
664 32 304
669 25 306
671 24 305
674 22 304
672 23 305
675 21 304
682 19 299
686 20 294
691 17 292
691 14 295
694 18 288
696 17 287
702 14 284
706 12 282
707 15 278
711 11 278
713 11 276
714 11 275
718 8 274
720 9 271
723 12 265
727 12 261
727 13 260
729 14 257
730 17 253
731 16 253
728 15 257
731 12 257
729 12 259
730 16 254
730 17 253
729 20 251
731 24 245
731 25 244
731 23 246
731 21 248
734 18 248
736 14 250
736 14 250
743 15 242
745 13 242
741 18 241
737 21 242
739 21 240
741 23 236
735 25 240
735 25 240
735 25 240
742 23 235
741 23 236
739 20 241
739 22 239
740 22 238
740 20 240
739 21 240
731 27 242
729 26 245
731 24 245
735 20 245
734 20 246
736 21 243
735 23 242
729 24 247
726 29 245
726 27 247
730 26 244
733 27 240
732 24 244
734 26 240
734 24 242
735 23 242
738 19 243
739 21 240
737 21 242
735 19 246
731 22 247
732 26 242
733 26 241
733 27 240
731 24 245
732 20 248
730 20 250
727 23 250
726 27 247
727 21 252
716 28 256
717 31 252
717 32 251
711 31 258
712 28 260
711 26 263
710 27 263
718 22 260
718 21 261
718 23 259
716 24 260
714 26 260
717 21 262
714 23 263
717 21 262
715 20 265
719 19 262
722 17 261
721 22 257
720 22 258
722 22 256
717 29 254
713 36 251
714 31 255
710 31 259
714 31 255
707 38 255
705 42 253
698 45 257
698 38 264
707 29 264
710 29 261
711 26 263
713 22 265
719 18 263
721 20 259
721 22 257
716 22 262
716 23 261
715 17 268
712 22 266
715 19 266
717 25 258
713 25 262
714 27 259
711 27 262
710 30 260
717 29 254
716 23 261
722 20 258
719 23 258
716 27 257
719 22 259
716 23 261
713 24 263
713 27 260
707 31 262
705 31 264
698 39 263
696 43 261
691 46 263
687 46 267
685 42 273
679 44 277
678 40 282
676 37 287
674 36 290
671 40 289
673 37 290
673 34 293
677 38 285
674 40 286
677 39 284
681 37 282
676 39 285
677 40 283
672 40 288
671 43 286
675 40 285
672 35 293
668 41 291
668 44 288
662 44 294
668 44 288
666 34 300
672 33 295
668 37 295
670 34 296
664 38 298
666 35 299
664 34 302
661 40 299
655 41 304
656 41 303
658 38 304
662 32 306
654 38 308
653 35 312
659 32 309
660 27 313
657 29 314
654 30 316
654 28 318
654 28 318
658 24 318
658 26 316
659 25 316
654 30 316
655 32 313
658 31 311
659 33 308
664 26 310
661 26 313
664 24 312
672 23 305
673 21 306
668 26 306
671 22 307
673 20 307
678 18 304
682 17 301
687 14 299
688 13 299
691 15 294
699 17 284
693 23 284
695 20 285
700 21 279
702 20 278
700 21 279
706 20 274
709 16 275
709 22 269
710 21 269
712 21 267
707 30 263
707 30 263
704 31 265
702 34 264
707 33 260
702 33 265
700 36 264
695 39 266
695 38 267
694 37 269
695 36 269
694 34 272
695 31 274
701 29 270
696 33 271
695 32 273
692 35 273
689 41 270
688 42 270
689 41 270
689 41 270
689 39 272
689 42 269
691 34 275
686 37 277
690 33 277
688 32 280
688 28 284
691 29 280
691 28 281
692 28 280
695 26 279
696 23 281
700 23 277
702 25 273
700 30 270
702 30 268
701 35 264
702 33 265
704 29 267
704 29 267
706 27 267
706 24 270
706 26 268
704 27 269
703 27 270
702 25 273
706 25 269
706 26 268
710 18 272
717 15 268
717 14 269
720 16 264
722 19 259
722 22 256
725 20 255
727 18 255
728 16 256
733 13 254
733 12 255
731 13 256
732 17 251
734 21 245
733 24 243
736 26 238
736 25 239
733 29 238
736 22 242
734 21 245
735 16 249
736 16 248
735 16 249
739 14 247
745 12 243
746 13 241
747 14 239
750 14 236
749 21 230
747 24 229
747 24 229
745 26 229
744 25 231
742 32 226
740 35 225
731 36 233
728 35 237
717 46 237
706 52 242
697 47 256
696 47 257
696 48 256
692 50 258
689 54 257
686 48 266
683 46 271
681 42 277
680 40 280
685 41 274
685 41 274
685 38 277
685 35 280
688 31 281
682 33 285
682 31 287
683 31 286
689 29 282
687 29 284
692 28 280
693 24 283
697 24 279
703 26 271
704 23 273
710 21 269
711 22 267
713 21 266
719 21 260
722 19 259
725 21 254
729 20 251
730 16 254
733 16 251
737 13 250
745 14 241
750 15 235
754 13 233
758 10 232
759 8 233
761 8 231
767 8 225
769 10 221
775 11 214
782 10 208
783 10 207
780 13 207
779 13 208
782 11 207
785 9 206
788 9 203
790 11 199
794 11 195
794 12 194
792 13 195
790 15 195
790 11 199
795 14 191
793 16 191
793 16 191
793 16 191
791 17 192
795 16 189
791 18 191
791 22 187
790 18 192
790 15 195
788 18 194
786 17 197
787 16 197
787 19 194
786 22 192
779 25 196
777 29 194
778 29 193
774 33 193
772 32 196
769 33 198
768 33 199
767 31 202
764 31 205
766 29 205
771 29 200
767 32 201
763 36 201
758 36 206
760 32 208
755 33 212
756 33 211
753 32 215
752 33 215
751 30 219
750 30 220
748 34 218
744 38 218
745 35 220
751 34 215
747 38 215
736 39 225
729 41 230
726 41 233
724 43 233
723 33 244
724 29 247
724 31 245
723 32 245
719 35 246
718 40 242
713 45 242
713 50 237
705 53 242
703 48 249
703 45 252
702 46 252
700 45 255
696 43 261
691 47 262
693 45 262
684 49 267
683 48 269
674 52 274
670 52 278
663 55 282
658 49 293
655 46 299
653 46 301
649 46 305
645 51 304
638 52 310
638 53 309
638 49 313
633 55 312
626 57 317
626 53 321
620 55 325
614 51 335
613 45 342
615 42 343
611 43 346
609 42 349
611 43 346
612 43 345
613 40 347
610 45 345
604 43 353
601 45 354
597 49 354
593 52 355
598 41 361
599 39 362
606 36 358
607 31 362
607 33 360
610 30 360
609 34 357
614 32 354
616 26 358
615 19 366
617 22 361
622 16 362
624 17 359
628 16 356
628 16 356
632 15 353
636 15 349
642 14 344
649 13 338
652 11 337
654 18 328
660 16 324
666 15 319
669 17 314
671 18 311
677 19 304
681 19 300
682 17 301
687 14 299
692 11 297
693 10 297
694 12 294
696 13 291
697 13 290
702 11 287
702 11 287
706 11 283
707 13 280
706 11 283
710 9 281
709 10 281
714 9 277
721 11 268
726 10 264
729 12 259
733 13 254
736 14 250
739 11 250
