534
394
508
306
154
140
781
907
772
681
733
316
222
904
337
305
356
149
927
715
854
200
975
518
619
32
998
756
536
135
429
237
35
374
164
338
780
213
506
505
264
615
256
761
207
789
311
87
279
614
792
725
878
454
974
987
142
376
953
591
397
325
449
499
798
500
885
893
999
608
106
283
892
994
461
4
817
340
618
680
629
969
170
665
846
484
278
654
14
403
244
972
116
53
511
50
584
569
919
34
871
318
252
557
12
353
707
447
393
284
573
510
133
770
507
468
364
599
588
218
158
555
989
101
276
51
597
695
15
424
562
89
148
62
196
947
177
29
136
879
406
650
151
431
762
212
497
646
162
426
486
823
699
634
122
407
521
404
744
790
834
688
272
751
693
64
934
720
201
675
799
186
563
41
917
277
463
9
225
820
702
68
