264
33
860
290
95
539
301
965
184
10
876
65
630
843
437
698
257
446
97
171
634
633
129
628
236
796
687
336
366
355
223
976
175
953
803
361
26
855
448
599
60
935
778
39
666
962
55
195
774
169
8
938
274
428
70
915
720
767
691
224
535
969
280
220
99
415
542
29
883
225
571
590
564
813
736
908
853
817
504
949
161
573
510
207
390
57
488
632
631
713
419
701
286
13
206
909
156
790
343
27
788
928
649
697
923
683
921
353
904
113
523
737
77
200
429
177
521
273
600
546
216
911
201
487
21
552
996
191
850
163
785
772
621
682
403
490
233
959
50
251
588
756
354
392
252
139
5
768
514
83
779
706
533
277
90
192
652
331
931
707
847
886
458
364
473
72
315
52
309
946
321
183
838
550
265
311
228
413
141
966
781
395
