766
562
237
862
400
351
422
718
882
50
460
275
756
502
868
567
72
711
77
645
359
262
299
694
850
605
360
795
464
59
521
488
599
395
70
541
759
341
913
616
248
631
522
659
199
997
288
869
13
811
501
655
358
499
769
243
124
167
123
961
861
192
340
393
90
812
21
342
474
414
774
318
475
688
451
717
535
343
938
234
653
145
61
319
485
558
537
459
193
147
917
648
754
91
311
981
85
992
873
232
42
292
188
185
121
943
539
84
654
934
334
218
664
886
51
529
729
156
371
892
55
269
495
674
222
100
699
820
651
568
63
272
338
815
392
592
405
175
632
549
53
187
345
633
950
657
57
757
956
810
712
689
951
36
851
877
433
113
926
979
709
857
722
276
570
968
142
97
244
270
290
354
75
848
508
231
563
594
435
443
104
209
