392
825
466
880
718
243
279
613
63
263
286
29
479
882
148
675
513
328
523
50
527
326
193
134
6
906
611
963
20
781
536
818
414
500
11
859
380
730
819
516
512
2
634
346
400
686
690
390
161
626
770
186
702
321
297
276
966
691
312
857
640
519
813
128
201
111
736
42
669
631
673
953
659
126
548
918
249
294
668
933
698
650
157
810
251
133
314
895
809
40
986
273
931
619
729
78
369
149
147
93
197
79
734
368
293
823
110
762
932
435
731
549
393
498
559
655
852
944
505
685
418
143
258
189
382
265
886
376
109
200
115
269
652
621
77
591
977
978
753
974
345
166
603
320
830
910
96
646
324
163
218
502
316
81
846
332
225
438
750
24
900
347
532
653
664
406
674
995
794
499
905
300
645
714
561
720
253
722
869
62
993
855
