682
782
343
831
242
87
985
93
487
707
25
748
262
761
671
472
659
202
606
826
537
935
402
72
843
409
425
522
22
7
983
622
738
75
954
585
200
891
903
512
820
777
315
722
547
246
873
586
986
278
507
691
937
611
433
549
408
29
364
147
577
827
252
398
238
965
601
114
765
287
733
237
5
914
668
413
46
457
844
693
513
625
864
445
306
705
639
729
84
480
651
372
689
184
95
123
754
534
822
212
388
647
835
759
334
444
351
461
893
801
834
677
347
731
672
740
923
443
897
301
89
247
245
859
390
928
919
269
604
40
778
140
356
323
440
295
478
743
636
462
685
313
232
520
683
618
501
565
619
439
96
763
595
881
567
718
658
793
33
456
277
240
702
137
155
403
943
955
163
779
485
321
311
35
56
8
816
230
274
19
665
221
