634
755
875
46
296
643
669
175
69
819
240
272
378
997
851
822
696
813
1
196
142
231
727
496
463
125
794
904
852
795
542
890
951
604
253
153
442
368
869
320
304
729
689
453
603
332
745
171
827
759
838
908
449
156
366
383
504
532
435
705
674
760
534
707
208
34
281
62
191
570
200
307
300
796
28
828
420
469
808
518
87
882
596
681
957
841
880
459
989
61
883
703
98
257
38
909
230
321
136
460
702
980
959
117
506
92
347
57
165
616
943
805
973
363
80
367
355
552
825
32
283
961
935
779
316
847
225
256
724
861
389
553
431
2
121
514
576
848
749
972
985
202
285
930
375
739
835
958
543
128
750
912
384
589
612
624
409
340
228
913
673
672
448
86
483
892
294
209
757
144
950
259
663
470
653
644
516
149
843
84
411
379
