998 2 0
998 1 1
997 2 1
994 5 1
992 6 2
982 14 4
967 25 8
950 39 11
937 48 15
926 47 27
902 68 30
878 82 40
850 99 51
816 119 65
781 133 86
734 159 107
684 181 135
648 190 162
611 188 201
583 194 223
554 194 252
521 191 288
511 186 303
489 180 331
479 167 354
473 165 362
460 148 392
453 146 401
439 139 422
437 127 436
442 107 451
439 100 461
441 97 462
443 94 463
440 92 468
440 87 473
447 79 474
451 71 478
453 63 484
459 59 482
461 53 486
466 48 486
465 47 488
470 42 488
480 39 481
484 35 481
485 38 477
489 43 468
491 45 464
491 49 460
489 55 456
481 58 461
484 51 465
488 49 463
486 45 469
492 41 467
495 30 475
497 27 476
502 27 471
507 30 463
509 28 463
511 25 464
520 28 452
526 28 446
536 28 436
544 24 432
541 28 431
545 22 433
554 16 430
559 15 426
567 11 422
576 12 412
580 11 409
584 12 404
587 10 403
586 12 402
590 10 400
592 10 398
596 10 394
603 9 388
611 9 380
617 9 374
620 7 373
623 6 371
632 6 362
641 6 353
646 5 349
648 8 344
648 12 340
650 14 336
649 15 336
649 17 334
650 17 333
654 19 327
657 17 326
659 17 324
651 27 322
650 26 324
649 29 322
649 25 326
650 26 324
646 25 329
645 27 328
646 26 328
651 29 320
659 27 314
659 27 314
657 29 314
649 36 315
646 39 315
640 42 318
640 39 321
641 46 313
645 36 319
647 32 321
643 34 323
643 35 322
645 31 324
642 32 326
646 31 323
650 32 318
652 30 318
644 39 317
644 34 322
646 36 318
652 32 316
655 32 313
652 34 314
658 32 310
660 31 309
665 27 308
663 24 313
663 27 310
663 25 312
671 23 306
669 22 309
671 25 304
670 23 307
669 27 304
672 26 302
666 31 303
663 30 307
674 27 299
676 24 300
677 24 299
680 26 294
675 28 297
672 32 296
670 29 301
674 26 300
674 24 302
678 22 300
682 21 297
681 24 295
689 18 293
695 16 289
700 15 285
698 17 285
703 11 286
703 12 285
706 13 281
708 18 274
712 21 267
714 24 262
716 24 260
715 25 260
714 21 265
711 27 262
708 30 262
706 23 271
706 20 274
714 21 265
715 22 263
714 25 261
711 24 265
714 25 261
716 26 258
722 22 256
725 19 256
722 20 258
720 19 261
718 21 261
722 21 257
723 21 256
724 22 254
726 22 252
732 21 247
728 26 246
717 34 249
710 38 252
709 38 253
705 38 257
699 37 264
698 38 264
700 36 264
705 36 259
700 41 259
691 50 259
687 51 262
693 50 257
688 55 257
683 56 261
682 50 268
676 55 269
674 52 274
672 46 282
672 46 282
671 36 293
669 37 294
672 31 297
676 32 292
681 33 286
680 31 289
676 28 296
677 27 296
681 21 298
682 15 303
683 13 304
688 10 302
687 12 301
693 12 295
701 11 288
702 13 285
701 17 282
699 20 281
694 24 282
691 30 279
695 30 275
690 33 277
687 32 281
688 29 283
691 20 289
696 20 284
699 18 283
704 17 279
709 15 276
710 15 275
715 12 273
717 14 269
719 13 268
719 13 268
719 15 266
712 17 271
714 15 271
714 12 274
710 12 278
714 11 275
712 15 273
712 19 269
714 18 268
711 21 268
710 24 266
701 32 267
701 33 266
696 40 264
693 41 266
687 40 273
687 37 276
688 41 271
674 50 276
671 47 282
662 58 280
651 65 284
650 59 291
646 60 294
646 59 295
645 49 306
644 49 307
645 47 308
637 47 316
637 47 316
639 45 316
639 42 319
640 39 321
641 36 323
646 36 318
649 36 315
643 42 315
637 46 317
642 48 310
637 50 313
631 51 318
628 55 317
622 57 321
613 55 332
613 51 336
613 53 334
606 61 333
601 59 340
593 63 344
590 57 353
590 51 359
590 52 358
593 51 356
595 49 356
597 48 355
599 46 355
603 41 356
607 32 361
614 25 361
621 23 356
626 20 354
633 24 343
634 27 339
631 28 341
638 28 334
633 32 335
638 32 330
641 27 332
641 26 333
645 27 328
648 26 326
654 22 324
655 20 325
662 18 320
668 14 318
670 16 314
675 15 310
683 13 304
688 13 299
688 13 299
689 15 296
690 17 293
692 14 294
696 11 293
700 9 291
706 8 286
714 7 279
718 5 277
723 4 273
728 3 269
729 4 267
735 4 261
737 4 259
736 4 260
738 5 257
739 6 255
742 6 252
745 6 249
750 5 245
753 6 241
758 5 237
761 4 235
770 4 226
771 4 225
773 3 224
776 3 221
779 3 218
787 2 211
791 2 207
793 2 205
798 2 200
799 2 199
802 1 197
804 1 195
812 1 187
819 1 180
822 1 177
824 1 175
826 1 173
829 1 170
833 1 166
838 1 161
839 1 160
840 1 159
844 0 156
846 0 154
849 0 151
855 0 145
856 0 144
859 0 141
862 0 138
867 0 133
869 0 131
874 0 126
877 0 123
879 0 121
881 0 119
881 0 119
884 0 116
885 0 115
886 0 114
886 0 114
890 0 110
892 0 108
893 0 107
897 0 103
898 0 102
899 0 101
900 0 100
901 0 99
902 0 98
903 0 97
904 0 96
905 0 95
905 0 95
906 0 94
907 0 93
908 0 92
909 0 91
910 0 90
911 0 89
914 0 86
915 0 85
917 0 83
920 0 80
921 0 79
923 0 77
925 0 75
928 0 72
930 0 70
931 0 69
931 0 69
931 0 69
933 0 67
936 0 64
938 0 62
938 0 62
939 0 61
940 0 60
940 0 60
940 0 60
940 0 60
940 0 60
942 0 58
945 0 55
946 0 54
948 0 52
948 0 52
949 0 51
951 0 49
953 0 47
954 0 46
955 0 45
957 0 43
957 0 43
958 0 42
958 0 42
958 0 42
959 0 41
959 0 41
959 0 41
959 0 41
960 0 40
960 0 40
960 0 40
961 0 39
962 0 38
962 0 38
962 0 38
962 0 38
962 0 38
962 0 38
963 0 37
963 0 37
963 0 37
963 0 37
963 0 37
963 0 37
963 0 37
964 0 36
964 0 36
964 0 36
964 0 36
966 0 34
966 0 34
967 0 33
967 0 33
968 0 32
969 0 31
970 0 30
971 0 29
971 0 29
971 0 29
971 0 29
972 0 28
972 0 28
973 0 27
973 0 27
973 0 27
973 0 27
974 0 26
975 0 25
975 0 25
975 0 25
976 0 24
976 0 24
976 0 24
976 0 24
976 0 24
976 0 24
978 0 22
978 0 22
979 0 21
980 0 20
980 0 20
980 0 20
980 0 20
980 0 20
981 0 19
982 0 18
982 0 18
982 0 18
982 0 18
982 0 18
983 0 17
983 0 17
983 0 17
983 0 17
983 0 17
983 0 17
983 0 17
984 0 16
984 0 16
984 0 16
986 0 14
986 0 14
986 0 14
986 0 14
987 0 13
987 0 13
987 0 13
988 0 12
988 0 12
988 0 12
989 0 11
990 0 10
990 0 10
990 0 10
990 0 10
990 0 10
990 0 10
993 0 7
993 0 7
994 0 6
994 0 6
995 0 5
995 0 5
995 0 5
995 0 5
995 0 5
995 0 5
995 0 5
995 0 5
995 0 5
995 0 5
995 0 5
995 0 5
995 0 5
995 0 5
995 0 5
995 0 5
995 0 5
995 0 5
995 0 5
995 0 5
995 0 5
995 0 5
995 0 5
995 0 5
995 0 5
995 0 5
995 0 5
995 0 5
995 0 5
995 0 5
995 0 5
995 0 5
995 0 5
995 0 5
995 0 5
995 0 5
995 0 5
995 0 5
995 0 5
995 0 5
995 0 5
995 0 5
995 0 5
995 0 5
995 0 5
995 0 5
995 0 5
996 0 4
996 0 4
996 0 4
996 0 4
996 0 4
996 0 4
996 0 4
996 0 4
996 0 4
996 0 4
996 0 4
996 0 4
996 0 4
996 0 4
996 0 4
996 0 4
996 0 4
996 0 4
996 0 4
996 0 4
996 0 4
996 0 4
996 0 4
996 0 4
997 0 3
997 0 3
997 0 3
997 0 3
997 0 3
997 0 3
997 0 3
997 0 3
997 0 3
997 0 3
997 0 3
997 0 3
997 0 3
997 0 3
997 0 3
997 0 3
997 0 3
997 0 3
997 0 3
997 0 3
997 0 3
997 0 3
997 0 3
997 0 3
997 0 3
998 0 2
998 0 2
999 0 1
999 0 1
999 0 1
999 0 1
999 0 1
999 0 1
999 0 1
999 0 1
999 0 1
999 0 1
999 0 1
999 0 1
999 0 1
999 0 1
999 0 1
999 0 1
999 0 1
999 0 1
999 0 1
999 0 1
999 0 1
999 0 1
999 0 1
999 0 1
999 0 1
999 0 1
999 0 1
999 0 1
999 0 1
999 0 1
999 0 1
999 0 1
999 0 1
999 0 1
999 0 1
999 0 1
999 0 1
999 0 1
999 0 1
999 0 1
999 0 1
999 0 1
999 0 1
999 0 1
999 0 1
999 0 1
999 0 1
999 0 1
999 0 1
999 0 1
999 0 1
999 0 1
999 0 1
999 0 1
999 0 1
999 0 1
999 0 1
999 0 1
999 0 1
999 0 1
999 0 1
999 0 1
999 0 1
999 0 1
999 0 1
999 0 1
999 0 1
999 0 1
999 0 1
999 0 1
999 0 1
999 0 1
999 0 1
999 0 1
999 0 1
999 0 1
999 0 1
999 0 1
999 0 1
999 0 1
999 0 1
999 0 1
999 0 1
999 0 1
999 0 1
999 0 1
999 0 1
999 0 1
999 0 1
999 0 1
999 0 1
999 0 1
999 0 1
999 0 1
999 0 1
999 0 1
999 0 1
999 0 1
999 0 1
999 0 1
999 0 1
999 0 1
999 0 1
999 0 1
999 0 1
999 0 1
999 0 1
999 0 1
999 0 1
999 0 1
999 0 1
999 0 1
999 0 1
999 0 1
999 0 1
999 0 1
999 0 1
999 0 1
999 0 1
999 0 1
999 0 1
999 0 1
999 0 1
999 0 1
999 0 1
999 0 1
999 0 1
999 0 1
999 0 1
999 0 1
999 0 1
999 0 1
999 0 1
999 0 1
999 0 1
999 0 1
999 0 1
999 0 1
999 0 1
999 0 1
999 0 1
999 0 1
999 0 1
999 0 1
999 0 1
999 0 1
999 0 1
999 0 1
999 0 1
999 0 1
999 0 1
999 0 1
999 0 1
999 0 1
999 0 1
999 0 1
999 0 1
999 0 1
999 0 1
999 0 1
999 0 1
999 0 1
999 0 1
999 0 1
999 0 1
999 0 1
999 0 1
999 0 1
999 0 1
999 0 1
999 0 1
999 0 1
999 0 1
999 0 1
999 0 1
999 0 1
999 0 1
999 0 1
1000 0 0
1000 0 0
1000 0 0
1000 0 0
1000 0 0
1000 0 0
1000 0 0
1000 0 0
1000 0 0
1000 0 0
1000 0 0
1000 0 0
1000 0 0
1000 0 0
1000 0 0
1000 0 0
1000 0 0
1000 0 0
1000 0 0
1000 0 0
1000 0 0
1000 0 0
1000 0 0
1000 0 0
1000 0 0
1000 0 0
1000 0 0
1000 0 0
1000 0 0
1000 0 0
1000 0 0
1000 0 0
1000 0 0
1000 0 0
1000 0 0
1000 0 0
1000 0 0
1000 0 0
1000 0 0
1000 0 0
1000 0 0
1000 0 0
1000 0 0
1000 0 0
1000 0 0
1000 0 0
1000 0 0
1000 0 0
1000 0 0
1000 0 0
1000 0 0
1000 0 0
1000 0 0
1000 0 0
1000 0 0
1000 0 0
1000 0 0
1000 0 0
1000 0 0
1000 0 0
1000 0 0
1000 0 0
1000 0 0
1000 0 0
1000 0 0
1000 0 0
1000 0 0
1000 0 0
1000 0 0
1000 0 0
1000 0 0
1000 0 0
1000 0 0
1000 0 0
1000 0 0
1000 0 0
1000 0 0
1000 0 0
1000 0 0
1000 0 0
1000 0 0
1000 0 0
1000 0 0
1000 0 0
1000 0 0
1000 0 0
1000 0 0
1000 0 0
1000 0 0
1000 0 0
1000 0 0
1000 0 0
1000 0 0
1000 0 0
1000 0 0
1000 0 0
1000 0 0
1000 0 0
1000 0 0
1000 0 0
1000 0 0
1000 0 0
1000 0 0
1000 0 0
1000 0 0
1000 0 0
1000 0 0
1000 0 0
1000 0 0
1000 0 0
1000 0 0
1000 0 0
1000 0 0
1000 0 0
1000 0 0
1000 0 0
1000 0 0
1000 0 0
1000 0 0
1000 0 0
1000 0 0
1000 0 0
1000 0 0
1000 0 0
1000 0 0
1000 0 0
1000 0 0
1000 0 0
1000 0 0
1000 0 0
1000 0 0
1000 0 0
1000 0 0
1000 0 0
1000 0 0
1000 0 0
1000 0 0
1000 0 0
1000 0 0
1000 0 0
1000 0 0
1000 0 0
1000 0 0
1000 0 0
1000 0 0
1000 0 0
1000 0 0
1000 0 0
1000 0 0
1000 0 0
1000 0 0
1000 0 0
1000 0 0
1000 0 0
1000 0 0
1000 0 0
1000 0 0
1000 0 0
1000 0 0
1000 0 0
1000 0 0
1000 0 0
1000 0 0
1000 0 0
1000 0 0
1000 0 0
1000 0 0
1000 0 0
1000 0 0
1000 0 0
1000 0 0
1000 0 0
1000 0 0
1000 0 0
1000 0 0
1000 0 0
1000 0 0
1000 0 0
1000 0 0
1000 0 0
1000 0 0
1000 0 0
1000 0 0
1000 0 0
1000 0 0
1000 0 0
1000 0 0
1000 0 0
1000 0 0
