998 2 0
997 3 0
995 5 0
994 3 3
992 5 3
988 8 4
987 8 5
984 10 6
976 14 10
963 24 13
938 42 20
926 47 27
907 53 40
882 69 49
846 95 59
811 115 74
787 124 89
750 141 109
719 155 126
689 160 151
672 147 181
642 157 201
632 146 222
612 143 245
597 137 266
586 128 286
578 124 298
568 120 312
553 124 323
545 115 340
540 101 359
540 92 368
539 90 371
535 81 384
534 74 392
529 62 409
523 64 413
523 59 418
522 57 421
526 50 424
531 50 419
527 51 422
527 51 422
529 48 423
532 46 422
532 47 421
532 47 421
530 43 427
534 40 426
537 34 429
545 34 421
550 30 420
555 25 420
559 23 418
568 23 409
575 26 399
578 24 398
584 20 396
583 24 393
592 24 384
592 23 385
599 19 382
607 23 370
612 22 366
619 20 361
626 16 358
624 18 358
628 17 355
632 17 351
634 18 348
635 20 345
635 25 340
635 22 343
629 24 347
633 22 345
635 17 348
639 11 350
643 11 346
651 9 340
652 9 339
658 8 334
663 9 328
667 9 324
671 7 322
670 10 320
678 10 312
680 10 310
681 9 310
687 8 305
689 9 302
686 13 301
691 11 298
697 12 291
697 16 287
701 16 283
701 18 281
695 24 281
699 26 275
699 23 278
699 25 276
704 21 275
706 17 277
709 20 271
713 19 268
712 22 266
709 26 265
704 31 265
706 26 268
703 25 272
700 29 271
698 35 267
702 28 270
701 31 268
697 39 264
696 36 268
694 42 264
683 46 271
672 55 273
660 61 279
651 59 290
643 61 296
642 60 298
638 55 307
634 49 317
628 50 322
631 47 322
635 41 324
635 40 325
633 38 329
638 33 329
636 33 331
636 33 331
638 30 332
640 33 327
644 29 327
637 36 327
636 31 333
634 29 337
630 28 342
632 24 344
629 27 344
639 24 337
640 26 334
641 22 337
645 15 340
647 15 338
649 18 333
648 18 334
648 19 333
657 19 324
662 18 320
669 18 313
671 19 310
671 16 313
676 18 306
678 15 307
683 12 305
684 13 303
690 12 298
693 13 294
703 14 283
702 16 282
702 22 276
695 26 279
697 26 277
699 25 276
698 27 275
689 31 280
692 29 279
695 29 276
695 24 281
698 23 279
701 24 275
701 29 270
704 24 272
706 25 269
705 24 271
703 26 271
702 23 275
703 21 276
704 22 274
705 23 272
706 24 270
705 24 271
698 32 270
690 38 272
688 41 271
682 42 276
675 41 284
664 51 285
656 51 293
642 56 302
638 56 306
637 56 307
630 59 311
625 57 318
623 57 320
610 64 326
601 67 332
600 65 335
592 71 337
589 67 344
586 65 349
586 63 351
586 56 358
586 44 370
584 44 372
596 39 365
600 33 367
600 36 364
600 34 366
596 34 370
595 34 371
593 31 376
593 36 371
591 34 375
591 39 370
591 36 373
592 31 377
595 24 381
596 24 380
596 29 375
595 31 374
593 30 377
595 32 373
592 30 378
596 30 374
600 29 371
605 25 370
611 22 367
615 24 361
619 25 356
621 25 354
625 21 354
627 19 354
633 16 351
636 13 351
644 12 344
652 11 337
656 12 332
663 11 326
664 12 324
668 14 318
667 16 317
669 16 315
673 16 311
675 16 309
678 15 307
679 14 307
683 11 306
686 12 302
689 14 297
691 13 296
690 12 298
690 16 294
696 16 288
694 20 286
694 26 280
695 28 277
695 27 278
695 28 277
688 30 282
684 35 281
682 34 284
680 37 283
673 44 283
666 45 289
656 53 291
649 57 294
639 61 300
631 62 307
632 62 306
633 54 313
630 54 316
628 50 322
631 49 320
627 47 326
635 47 318
633 50 317
634 48 318
633 48 319
638 39 323
641 34 325
642 30 328
646 29 325
646 32 322
646 31 323
642 37 321
635 40 325
637 31 332
642 24 334
646 21 333
648 24 328
651 25 324
651 23 326
649 24 327
651 25 324
650 27 323
650 24 326
654 23 323
655 26 319
654 23 323
653 24 323
653 22 325
656 21 323
663 16 321
668 16 316
678 12 310
683 11 306
684 12 304
687 10 303
692 10 298
695 10 295
694 13 293
695 14 291
694 20 286
696 19 285
694 22 284
686 27 287
684 28 288
682 27 291
675 41 284
668 46 286
660 47 293
658 50 292
653 49 298
643 52 305
640 56 304
635 53 312
632 47 321
635 42 323
632 43 325
633 40 327
631 47 322
622 52 326
615 61 324
613 65 322
610 74 316
607 65 328
607 62 331
606 58 336
604 53 343
606 52 342
604 50 346
611 40 349
608 42 350
613 39 348
618 32 350
629 25 346
628 28 344
632 27 341
638 26 336
643 21 336
645 16 339
647 15 338
655 14 331
657 13 330
653 18 329
656 18 326
656 18 326
659 17 324
659 18 323
663 21 316
665 23 312
662 26 312
658 32 310
659 34 307
659 37 304
649 45 306
635 56 309
621 62 317
618 61 321
610 59 331
609 56 335
607 48 345
607 47 346
605 50 345
601 54 345
598 54 348
598 50 352
599 47 354
599 43 358
593 52 355
595 45 360
596 40 364
595 45 360
599 45 356
597 46 357
601 43 356
608 36 356
618 33 349
618 34 348
624 31 345
627 29 344
627 25 348
631 24 345
636 23 341
638 26 336
634 23 343
638 21 341
642 20 338
644 24 332
643 25 332
647 26 327
638 30 332
636 33 331
643 32 325
645 36 319
638 40 322
633 41 326
633 41 326
632 46 322
634 49 317
632 49 319
631 50 319
633 45 322
635 45 320
633 43 324
629 40 331
629 39 332
627 42 331
629 38 333
624 40 336
622 38 340
626 34 340
626 40 334
624 44 332
620 45 335
615 49 336
607 53 340
607 47 346
610 44 346
612 44 344
608 49 343
607 50 343
609 48 343
611 45 344
607 45 348
611 46 343
613 41 346
605 48 347
605 48 347
598 52 350
592 50 358
589 51 360
597 42 361
605 34 361
604 31 365
612 27 361
614 21 365
620 22 358
630 23 347
631 24 345
635 23 342
639 24 337
642 30 328
639 34 327
639 29 332
640 29 331
636 31 333
643 24 333
642 21 337
641 20 339
645 17 338
648 17 335
656 16 328
658 17 325
664 14 322
666 15 319
667 23 310
666 23 311
672 20 308
680 17 303
680 15 305
679 21 300
678 23 299
682 25 293
681 28 291
679 34 287
679 36 285
678 33 289
673 38 289
672 35 293
670 36 294
664 37 299
662 39 299
663 39 298
664 43 293
663 44 293
664 38 298
666 37 297
663 35 302
658 42 300
660 41 299
659 42 299
655 44 301
650 42 308
636 51 313
627 53 320
619 53 328
614 51 335
610 55 335
614 52 334
610 52 338
609 50 341
611 44 345
609 47 344
598 56 346
599 53 348
595 55 350
599 54 347
602 45 353
604 42 354
601 47 352
602 47 351
603 47 350
608 43 349
607 46 347
609 43 348
613 33 354
609 35 356
610 36 354
611 28 361
608 24 368
610 27 363
613 26 361
617 27 356
625 24 351
630 22 348
634 19 347
639 20 341
644 15 341
641 17 342
638 20 342
640 21 339
640 23 337
639 25 336
646 21 333
647 17 336
646 18 336
649 15 336
649 18 333
655 18 327
651 22 327
651 25 324
658 24 318
661 28 311
665 25 310
669 24 307
673 26 301
673 27 300
672 28 300
672 31 297
669 30 301
664 34 302
666 28 306
664 34 302
664 37 299
668 35 297
665 31 304
666 30 304
663 36 301
661 37 302
658 39 303
649 46 305
648 50 302
638 54 308
634 56 310
635 53 312
632 53 315
630 54 316
631 52 317
623 55 322
624 55 321
619 62 319
613 68 319
610 68 322
607 68 325
609 62 329
612 57 331
613 58 329
614 54 332
613 57 330
611 57 332
604 67 329
599 67 334
590 72 338
578 76 346
573 74 353
567 79 354
569 74 357
569 72 359
570 65 365
565 72 363
566 66 368
552 73 375
546 71 383
533 81 386
534 78 388
530 80 390
532 71 397
533 69 398
534 67 399
536 59 405
534 59 407
537 55 408
542 55 403
549 50 401
555 43 402
552 43 405
554 45 401
556 43 401
556 39 405
564 35 401
565 28 407
572 28 400
578 25 397
580 23 397
590 20 390
588 19 393
599 18 383
605 17 378
609 18 373
608 17 375
610 21 369
615 20 365
621 17 362
624 13 363
623 19 358
624 22 354
624 22 354
622 26 352
623 22 355
626 23 351
627 27 346
632 25 343
631 26 343
629 26 345
628 30 342
631 28 341
625 33 342
625 31 344
624 32 344
629 28 343
622 40 338
628 34 338
623 27 350
624 27 349
625 26 349
629 32 339
631 31 338
628 33 339
631 36 333
629 36 335
632 30 338
628 37 335
631 35 334
629 42 329
627 43 330
625 40 335
635 36 329
636 32 332
637 36 327
638 36 326
634 38 328
636 37 327
638 30 332
642 24 334
648 20 332
648 21 331
647 19 334
649 17 334
651 20 329
653 20 327
658 17 325
659 21 320
662 21 317
665 22 313
665 23 312
666 22 312
668 22 310
664 30 306
665 27 308
659 35 306
649 46 305
643 51 306
639 53 308
637 52 311
638 46 316
635 53 312
630 51 319
631 48 321
633 41 326
628 44 328
626 40 334
628 41 331
632 33 335
631 31 338
638 32 330
636 35 329
632 40 328
632 38 330
632 34 334
630 30 340
634 29 337
636 30 334
634 30 336
634 32 334
634 32 334
634 34 332
635 32 333
636 33 331
643 27 330
645 29 326
653 26 321
651 30 319
652 33 315
650 34 316
649 38 313
649 38 313
646 40 314
649 33 318
645 32 323
646 28 326
647 28 325
649 23 328
652 21 327
654 19 327
654 19 327
663 17 320
669 16 315
674 15 311
673 14 313
676 13 311
678 12 310
681 13 306
685 10 305
691 9 300
693 10 297
695 10 295
698 9 293
704 9 287
710 8 282
711 8 281
716 7 277
724 6 270
731 7 262
734 6 260
737 5 258
737 6 257
745 5 250
751 4 245
756 4 240
761 4 235
766 2 232
772 2 226
772 4 224
776 3 221
777 4 219
779 3 218
784 1 215
787 2 211
791 2 207
794 2 204
796 1 203
799 1 200
803 1 196
808 2 190
810 3 187
812 1 187
818 1 181
822 1 177
826 1 173
827 2 171
830 2 168
832 3 165
835 3 162
832 7 161
832 7 161
832 7 161
832 8 160
827 14 159
823 16 161
820 16 164
815 19 166
811 18 171
803 23 174
796 31 173
790 38 172
786 40 174
782 45 173
779 47 174
773 52 175
758 64 178
750 67 183
728 82 190
714 80 206
696 88 216
675 99 226
658 104 238
635 110 255
621 110 269
602 113 285
583 123 294
567 123 310
553 120 327
546 110 344
532 111 357
532 104 364
524 97 379
519 95 386
515 92 393
517 80 403
515 71 414
516 70 414
511 68 421
509 66 425
506 58 436
507 54 439
508 53 439
513 52 435
511 61 428
506 55 439
510 47 443
514 46 440
517 51 432
520 49 431
520 49 431
521 43 436
524 39 437
528 37 435
527 39 434
524 43 433
522 45 433
526 35 439
527 37 436
529 30 441
537 32 431
534 35 431
536 37 427
545 33 422
551 32 417
552 28 420
562 22 416
576 17 407
580 18 402
586 18 396
590 19 391
593 20 387
595 17 388
599 18 383
603 14 383
608 14 378
617 15 368
621 15 364
630 12 358
638 8 354
644 7 349
648 8 344
648 9 343
649 7 344
654 7 339
657 6 337
659 5 336
666 5 329
667 4 329
670 2 328
674 2 324
678 2 320
685 3 312
687 3 310
690 2 308
696 1 303
701 2 297
706 2 292
710 1 289
716 5 279
722 4 274
727 4 269
727 5 268
729 7 264
731 7 262
735 7 258
733 12 255
732 17 251
729 21 250
736 19 245
742 17 241
742 18 240
744 19 237
748 16 236
753 13 234
755 13 232
760 11 229
764 10 226
766 10 224
768 8 224
769 7 224
768 8 224
760 18 222
752 27 221
741 40 219
728 49 223
706 68 226
688 80 232
673 86 241
657 89 254
649 94 257
621 108 271
611 108 281
601 111 288
587 112 301
569 117 314
555 116 329
543 119 338
542 103 355
537 96 367
533 89 378
531 83 386
529 82 389
525 72 403
523 72 405
528 62 410
532 51 417
535 50 415
539 40 421
536 38 426
541 41 418
542 38 420
540 39 421
550 33 417
554 35 411
555 38 407
562 34 404
565 29 406
566 28 406
575 26 399
576 27 397
575 27 398
577 31 392
583 23 394
587 23 390
592 22 386
601 21 378
602 20 378
607 21 372
605 22 373
608 26 366
609 25 366
605 35 360
608 31 361
604 33 363
606 32 362
615 29 356
610 36 354
617 29 354
617 31 352
619 29 352
625 23 352
627 25 348
633 27 340
630 26 344
629 29 342
627 30 343
624 31 345
624 29 347
627 26 347
623 26 351
623 28 349
628 25 347
630 24 346
639 20 341
649 20 331
655 18 327
656 19 325
657 20 323
658 20 322
661 21 318
661 20 319
665 21 314
664 27 309
661 31 308
663 25 312
669 20 311
670 21 309
671 21 308
676 19 305
678 24 298
674 28 298
676 31 293
676 29 295
676 30 294
671 34 295
664 47 289
664 37 299
664 35 301
663 36 301
664 36 300
667 33 300
672 32 296
672 30 298
