997 3 0
996 4 0
996 3 1
996 3 1
995 4 1
995 3 2
994 4 2
994 3 3
993 4 3
993 2 5
991 4 5
984 11 5
974 18 8
961 28 11
936 47 17
929 46 25
907 61 32
890 72 38
868 86 46
847 93 60
828 95 77
807 110 83
784 122 94
756 138 106
729 145 126
699 148 153
663 170 167
637 180 183
610 177 213
585 169 246
557 172 271
549 165 286
533 148 319
520 138 342
519 127 354
506 116 378
502 104 394
502 97 401
501 90 409
496 90 414
493 88 419
496 81 423
493 79 428
501 67 432
506 65 429
505 57 438
510 52 438
513 50 437
511 52 437
514 50 436
521 39 440
523 39 438
531 35 434
538 27 435
547 24 429
548 28 424
561 24 415
565 25 410
576 21 403
586 22 392
591 19 390
598 19 383
604 19 377
606 22 372
604 22 374
608 22 370
607 25 368
610 25 365
616 23 361
617 25 358
621 28 351
623 29 348
625 27 348
631 28 341
633 30 337
625 37 338
630 33 337
623 37 340
620 37 343
623 36 341
619 38 343
622 37 341
620 32 348
623 26 351
626 27 347
625 22 353
618 34 348
618 32 350
615 35 350
616 38 346
617 38 345
616 39 345
620 39 341
621 40 339
616 45 339
616 45 339
607 48 345
608 43 349
602 47 351
601 47 352
601 45 354
597 48 355
599 50 351
600 47 353
596 47 357
589 53 358
588 51 361
593 50 357
592 47 361
600 46 354
603 39 358
610 34 356
609 41 350
607 40 353
607 39 354
610 37 353
609 38 353
613 32 355
618 29 353
618 32 350
612 32 356
615 30 355
616 28 356
617 28 355
617 27 356
622 23 355
617 23 360
618 23 359
622 24 354
629 23 348
636 22 342
637 19 344
640 19 341
640 16 344
642 14 344
647 15 338
647 15 338
652 16 332
654 14 332
657 17 326
664 14 322
663 19 318
663 22 315
666 22 312
668 24 308
666 25 309
665 30 305
667 33 300
669 31 300
673 30 297
670 32 298
674 26 300
675 26 299
676 25 299
677 28 295
672 34 294
668 34 298
665 36 299
666 33 301
671 28 301
675 28 297
674 31 295
672 31 297
672 29 299
673 29 298
671 31 298
666 35 299
667 30 303
664 30 306
658 37 305
653 39 308
642 46 312
638 48 314
634 44 322
636 47 317
629 50 321
622 56 322
622 58 320
624 56 320
622 56 322
622 54 324
625 45 330
627 46 327
625 46 329
623 44 333
624 41 335
624 42 334
624 44 332
621 44 335
616 46 338
606 48 346
606 43 351
608 41 351
613 41 346
609 46 345
614 40 346
615 40 345
617 31 352
619 28 353
622 21 357
626 22 352
624 21 355
623 16 361
632 14 354
640 17 343
646 15 339
652 14 334
654 14 332
652 15 333
651 19 330
655 21 324
659 20 321
663 21 316
666 22 312
670 21 309
668 24 308
671 21 308
674 19 307
677 18 305
679 17 304
680 18 302
684 17 299
687 16 297
684 17 299
687 17 296
694 17 289
694 21 285
696 18 286
696 18 286
703 18 279
704 18 278
708 17 275
712 19 269
709 20 271
709 21 270
709 18 273
715 15 270
718 17 265
718 16 266
721 16 263
715 20 265
712 25 263
711 28 261
711 31 258
704 32 264
701 37 262
695 43 262
695 44 261
692 44 264
692 40 268
693 35 272
690 34 276
694 28 278
694 32 274
697 28 275
698 26 276
703 22 275
706 19 275
714 18 268
714 16 270
718 14 268
720 15 265
728 13 259
725 15 260
726 13 261
728 11 261
729 6 265
730 9 261
731 11 258
734 12 254
737 13 250
739 10 251
736 13 251
740 12 248
744 15 241
748 16 236
748 19 233
753 19 228
752 17 231
750 16 234
748 19 233
746 17 237
748 16 236
748 17 235
747 18 235
747 19 234
750 18 232
752 18 230
754 19 227
751 21 228
749 25 226
751 26 223
749 26 225
751 30 219
748 31 221
741 35 224
735 38 227
725 46 229
709 55 236
692 69 239
678 83 239
664 92 244
641 106 253
633 103 264
619 104 277
607 106 287
593 105 302
589 98 313
576 101 323
571 94 335
565 89 346
558 91 351
557 88 355
556 83 361
558 70 372
559 63 378
559 57 384
561 53 386
561 40 399
565 32 403
575 29 396
579 30 391
578 33 389
585 32 383
586 26 388
593 27 380
591 30 379
590 28 382
591 24 385
594 21 385
604 16 380
603 20 377
602 25 373
601 30 369
598 33 369
598 31 371
594 29 377
598 27 375
600 27 373
598 31 371
602 38 360
601 40 359
604 39 357
608 36 356
610 35 355
613 38 349
616 39 345
620 34 346
621 36 343
621 32 347
625 31 344
630 26 344
624 34 342
621 37 342
624 32 344
622 33 345
624 34 342
620 39 341
625 30 345
626 29 345
626 29 345
628 30 342
623 32 345
625 33 342
626 36 338
634 30 336
633 32 335
630 33 337
631 34 335
634 30 336
639 27 334
643 28 329
647 27 326
650 27 323
653 28 319
657 27 316
661 25 314
661 25 314
665 26 309
665 27 308
668 28 304
667 31 302
670 31 299
666 38 296
662 38 300
666 31 303
665 26 309
665 26 309
670 28 302
668 28 304
670 25 305
670 27 303
674 25 301
678 23 299
677 24 299
683 22 295
679 27 294
677 30 293
669 35 296
669 40 291
664 46 290
653 48 299
652 49 299
649 57 294
647 59 294
646 60 294
636 69 295
628 66 306
623 70 307
620 62 318
618 58 324
619 58 323
622 54 324
617 53 330
621 46 333
618 46 336
620 44 336
625 37 338
627 36 337
630 32 338
632 32 336
639 29 332
643 26 331
651 28 321
658 26 316
659 26 315
663 23 314
668 25 307
668 29 303
665 28 307
666 27 307
662 29 309
652 36 312
652 35 313
651 40 309
655 42 303
641 55 304
637 56 307
635 52 313
632 51 317
629 48 323
636 44 320
637 47 316
637 38 325
636 37 327
635 39 326
637 35 328
638 38 324
639 34 327
641 34 325
638 36 326
647 35 318
642 41 317
640 38 322
640 37 323
639 37 324
643 34 323
642 35 323
648 31 321
652 32 316
647 36 317
643 42 315
643 39 318
644 38 318
643 44 313
643 44 313
640 47 313
644 42 314
640 42 318
640 39 321
642 40 318
648 35 317
649 29 322
646 30 324
642 33 325
645 28 327
644 30 326
645 28 327
646 25 329
646 25 329
645 29 326
649 27 324
649 30 321
644 34 322
644 38 318
643 33 324
636 37 327
635 37 328
639 36 325
640 33 327
636 39 325
635 38 327
634 36 330
634 37 329
635 33 332
635 36 329
632 34 334
635 32 333
630 37 333
634 35 331
633 37 330
635 34 331
636 32 332
638 31 331
642 30 328
647 32 321
650 30 320
651 29 320
655 27 318
661 21 318
668 22 310
670 21 309
676 19 305
682 17 301
685 15 300
695 13 292
694 14 292
698 14 288
695 13 292
698 12 290
702 12 286
702 6 292
705 9 286
707 12 281
709 15 276
709 19 272
702 24 274
702 27 271
702 32 266
698 37 265
691 42 267
697 31 272
692 37 271
688 38 274
687 39 274
680 43 277
673 46 281
670 44 286
666 49 285
662 53 285
647 62 291
646 58 296
641 62 297
643 59 298
634 66 300
631 62 307
633 61 306
628 66 306
626 65 309
609 73 318
608 80 312
596 79 325
589 81 330
588 79 333
583 78 339
573 83 344
568 75 357
569 65 366
563 67 370
562 66 372
554 68 378
549 67 384
553 54 393
555 48 397
563 41 396
568 39 393
575 38 387
578 41 381
577 38 385
583 33 384
585 31 384
592 22 386
597 21 382
603 23 374
604 23 373
607 18 375
614 16 370
614 15 371
620 12 368
623 12 365
624 15 361
628 15 357
632 13 355
631 17 352
626 24 350
633 21 346
635 21 344
643 17 340
646 18 336
650 20 330
653 22 325
656 22 322
661 24 315
656 28 316
654 30 316
657 26 317
659 25 316
658 29 313
663 31 306
661 29 310
661 34 305
664 28 308
672 27 301
675 25 300
678 25 297
684 27 289
689 26 285
689 26 285
692 27 281
692 26 282
691 26 283
693 23 284
694 24 282
697 29 274
694 29 277
697 27 276
698 26 276
701 23 276
702 24 274
704 19 277
707 18 275
711 16 273
713 18 269
716 18 266
720 17 263
723 17 260
720 22 258
724 24 252
726 26 248
725 29 246
722 38 240
716 41 243
717 39 244
713 37 250
710 40 250
708 44 248
708 37 255
696 43 261
690 53 257
684 55 261
684 55 261
673 63 264
667 67 266
657 70 273
641 75 284
621 87 292
601 93 306
587 88 325
579 85 336
572 86 342
570 83 347
562 79 359
564 68 368
557 71 372
555 70 375
551 72 377
555 68 377
549 70 381
556 66 378
552 63 385
558 62 380
559 61 380
554 60 386
551 63 386
550 54 396
547 52 401
547 44 409
548 43 409
552 40 408
551 39 410
560 35 405
569 28 403
570 28 402
569 27 404
578 26 396
582 32 386
588 28 384
591 29 380
591 30 379
599 27 374
606 29 365
607 29 364
609 29 362
606 32 362
610 28 362
613 26 361
610 31 359
613 27 360
608 32 360
603 40 357
601 45 354
599 49 352
593 53 354
597 56 347
593 56 351
589 53 358
591 47 362
591 46 363
600 45 355
591 54 355
592 53 355
591 55 354
591 54 355
596 50 354
595 49 356
597 41 362
596 41 363
600 35 365
600 33 367
604 31 365
609 29 362
605 30 365
608 25 367
605 25 370
609 22 369
612 26 362
611 32 357
605 36 359
609 35 356
610 33 357
610 33 357
611 33 356
612 32 356
613 31 356
618 31 351
626 28 346
631 26 343
632 24 344
643 17 340
643 14 343
646 14 340
651 14 335
655 13 332
658 13 329
663 13 324
666 14 320
675 12 313
678 12 310
681 11 308
681 13 306
682 14 304
689 12 299
692 12 296
693 10 297
694 11 295
698 12 290
708 7 285
710 9 281
713 10 277
714 10 276
715 10 275
718 10 272
722 8 270
724 8 268
725 9 266
730 9 261
732 11 257
736 10 254
746 9 245
747 9 244
751 10 239
753 11 236
752 12 236
756 11 233
756 11 233
759 9 232
760 9 231
760 9 231
762 11 227
764 9 227
768 12 220
773 7 220
772 8 220
773 10 217
773 10 217
773 10 217
777 10 213
782 11 207
789 10 201
795 6 199
799 6 195
804 7 189
810 8 182
814 8 178
816 6 178
817 7 176
820 5 175
821 4 175
823 5 172
823 7 170
823 10 167
826 9 165
829 10 161
829 12 159
826 14 160
826 14 160
830 13 157
831 16 153
830 17 153
830 17 153
829 19 152
827 17 156
825 19 156
822 26 152
813 30 157
808 33 159
802 37 161
792 44 164
786 48 166
782 55 163
764 73 163
752 78 170
727 90 183
707 99 194
684 114 202
651 131 218
624 142 234
606 136 258
590 134 276
566 143 291
556 132 312
544 127 329
538 126 336
529 122 349
521 117 362
518 119 363
511 107 382
510 93 397
505 93 402
503 88 409
507 75 418
501 74 425
503 67 430
510 52 438
520 49 431
526 50 424
527 48 425
532 42 426
539 41 420
543 41 416
547 39 414
549 33 418
563 33 404
565 31 404
571 26 403
572 24 404
574 23 403
580 27 393
583 25 392
585 26 389
587 21 392
591 18 391
595 12 393
600 11 389
608 11 381
609 12 379
616 9 375
619 7 374
623 9 368
628 9 363
632 6 362
639 4 357
644 4 352
652 4 344
658 6 336
660 6 334
665 5 330
670 3 327
674 3 323
675 3 322
679 6 315
680 6 314
681 6 313
687 7 306
690 6 304
693 7 300
697 7 296
700 6 294
706 4 290
712 2 286
718 1 281
726 1 273
733 1 266
741 1 258
746 0 254
746 0 254
750 0 250
755 0 245
761 0 239
765 0 235
767 0 233
772 0 228
773 0 227
776 1 223
779 1 220
782 2 216
786 1 213
791 1 208
793 1 206
797 2 201
800 3 197
796 9 195
794 14 192
790 17 193
786 19 195
780 22 198
778 25 197
774 27 199
770 34 196
767 36 197
756 43 201
745 52 203
736 50 214
734 47 219
734 43 223
724 49 227
715 49 236
706 54 240
700 53 247
688 63 249
681 65 254
674 58 268
670 56 274
663 60 277
654 69 277
648 69 283
644 58 298
644 54 302
641 52 307
643 49 308
646 38 316
645 39 316
642 44 314
644 41 315
641 42 317
639 38 323
638 40 322
640 37 323
639 33 328
641 31 328
641 33 326
648 26 326
649 26 325
653 27 320
657 25 318
661 22 317
665 20 315
667 18 315
674 17 309
679 16 305
684 16 300
687 21 292
688 20 292
689 18 293
688 22 290
689 26 285
690 25 285
693 22 285
696 20 284
698 19 283
698 20 282
698 20 282
703 16 281
697 24 279
698 20 282
701 21 278
700 23 277
702 22 276
707 26 267
706 25 269
701 31 268
698 26 276
698 26 276
697 29 274
695 35 270
691 37 272
689 39 272
694 36 270
687 33 280
689 35 276
689 37 274
689 34 277
688 36 276
683 38 279
682 39 279
680 36 284
683 34 283
682 38 280
686 34 280
689 32 279
685 35 280
688 31 281
685 33 282
687 29 284
687 30 283
688 33 279
685 33 282
686 33 281
683 32 285
681 35 284
686 36 278
