998 2 0
998 2 0
998 2 0
998 1 1
998 1 1
997 2 1
993 6 1
990 8 2
979 18 3
959 34 7
936 55 9
903 80 17
868 99 33
822 130 48
771 158 71
717 180 103
679 188 133
650 191 159
628 185 187
605 185 210
584 175 241
563 174 263
549 169 282
540 157 303
536 140 324
533 129 338
532 123 345
529 114 357
518 113 369
507 113 380
513 106 381
514 96 390
522 85 393
524 77 399
522 71 407
530 60 410
538 44 418
541 41 418
549 33 418
555 35 410
559 31 410
558 35 407
567 34 399
564 34 402
571 33 396
574 32 394
575 25 400
585 20 395
588 19 393
587 23 390
591 21 388
591 24 385
597 21 382
600 20 380
600 23 377
604 21 375
609 19 372
614 17 369
619 16 365
622 14 364
623 15 362
626 19 355
635 16 349
634 16 350
634 20 346
636 22 342
638 25 337
639 25 336
640 24 336
642 22 336
642 21 337
653 20 327
659 20 321
662 18 320
668 15 317
668 19 313
673 19 308
678 19 303
686 16 298
694 15 291
692 18 290
692 21 287
695 19 286
691 25 284
691 25 284
693 21 286
696 20 284
699 18 283
702 17 281
705 17 278
710 15 275
712 14 274
720 15 265
723 12 265
724 17 259
723 18 259
721 21 258
722 23 255
719 25 256
721 20 259
723 18 259
727 15 258
729 13 258
736 14 250
740 13 247
743 14 243
744 15 241
746 15 239
744 16 240
743 18 239
747 17 236
747 18 235
746 19 235
746 21 233
739 23 238
738 21 241
733 27 240
726 35 239
716 43 241
711 41 248
699 53 248
693 52 255
688 47 265
686 46 268
692 49 259
686 48 266
686 51 263
683 49 268
682 54 264
680 50 270
674 54 272
671 60 269
666 55 279
661 58 281
661 55 284
662 56 282
662 54 284
666 53 281
665 57 278
663 56 281
660 54 286
653 53 294
643 58 299
631 61 308
622 62 316
615 64 321
602 69 329
589 79 332
584 76 340
581 76 343
579 69 352
577 63 360
570 58 372
570 58 372
574 56 370
576 49 375
574 46 380
574 44 382
585 35 380
587 35 378
593 27 380
592 29 379
595 32 373
596 34 370
600 32 368
604 28 368
604 26 370
610 20 370
615 18 367
621 16 363
627 15 358
635 14 351
641 10 349
646 12 342
646 14 340
642 18 340
643 20 337
645 21 334
649 22 329
654 21 325
657 16 327
651 24 325
657 23 320
658 20 322
653 25 322
654 28 318
658 30 312
661 28 311
656 30 314
659 27 314
655 28 317
656 23 321
656 21 323
661 24 315
657 32 311
658 30 312
658 31 311
654 30 316
653 34 313
653 35 312
652 33 315
650 34 316
648 35 317
644 40 316
648 39 313
645 39 316
651 42 307
647 44 309
636 50 314
636 49 315
639 45 316
644 44 312
645 41 314
643 43 314
641 40 319
638 42 320
643 33 324
647 29 324
647 24 329
647 22 331
648 23 329
649 20 331
648 20 332
651 19 330
650 17 333
656 16 328
660 13 327
660 13 327
665 11 324
670 12 318
676 10 314
678 10 312
683 10 307
684 9 307
690 9 301
691 11 298
694 13 293
699 11 290
698 13 289
699 15 286
700 19 281
696 28 276
694 26 280
695 25 280
699 24 277
704 24 272
700 26 274
697 29 274
697 29 274
697 31 272
690 40 270
682 44 274
670 55 275
662 55 283
653 62 285
650 66 284
641 72 287
634 70 296
631 69 300
627 70 303
622 72 306
612 75 313
613 71 316
619 62 319
618 61 321
612 59 329
603 62 335
604 58 338
598 52 350
603 46 351
599 47 354
602 40 358
610 34 356
616 30 354
619 32 349
621 28 351
629 25 346
631 24 345
636 26 338
640 20 340
651 18 331
654 21 325
656 21 323
663 17 320
664 14 322
671 12 317
674 12 314
680 12 308
688 10 302
691 7 302
694 7 299
696 7 297
695 10 295
700 9 291
703 9 288
703 13 284
708 10 282
712 12 276
710 16 274
710 13 277
711 14 275
718 12 270
723 10 267
726 13 261
728 12 260
726 11 263
730 11 259
733 10 257
735 11 254
733 15 252
731 18 251
728 18 254
735 19 246
740 16 244
737 15 248
740 14 246
743 14 243
748 11 241
751 11 238
750 13 237
749 15 236
749 19 232
744 24 232
742 24 234
731 33 236
724 36 240
709 49 242
701 51 248
695 56 249
687 58 255
675 64 261
675 62 263
671 56 273
672 51 277
664 60 276
663 54 283
659 50 291
658 47 295
651 51 298
649 52 299
651 51 298
651 49 300
654 48 298
648 51 301
650 45 305
653 39 308
652 36 312
651 37 312
652 33 315
657 27 316
658 23 319
657 23 320
659 21 320
661 15 324
663 17 320
671 14 315
671 14 315
669 19 312
669 19 312
671 17 312
674 14 312
681 14 305
683 13 304
687 11 302
688 14 298
689 19 292
687 18 295
684 20 296
683 26 291
684 24 292
682 25 293
681 24 295
681 24 295
682 24 294
679 28 293
678 31 291
673 34 293
679 32 289
681 29 290
685 25 290
690 24 286
693 25 282
695 22 283
698 25 277
700 24 276
701 22 277
704 23 273
706 17 277
707 15 278
708 15 277
710 13 277
710 14 276
711 13 276
712 14 274
714 14 272
717 18 265
723 24 253
720 29 251
720 31 249
711 36 253
701 46 253
701 44 255
697 49 254
686 55 259
676 57 267
670 58 272
669 58 273
664 64 272
655 66 279
651 62 287
646 63 291
644 60 296
640 61 299
627 65 308
613 70 317
603 73 324
596 71 333
592 70 338
587 71 342
582 66 352
575 65 360
576 52 372
570 58 372
574 52 374
573 46 381
573 45 382
577 39 384
584 37 379
588 38 374
591 34 375
587 40 373
584 42 374
591 36 373
597 33 370
597 31 372
595 32 373
597 30 373
603 30 367
601 33 366
599 31 370
604 33 363
601 32 367
602 26 372
610 24 366
611 25 364
609 29 362
616 29 355
616 24 360
621 19 360
620 23 357
622 27 351
627 26 347
627 32 341
626 33 341
630 30 340
639 26 335
641 27 332
643 26 331
645 24 331
650 19 331
658 20 322
664 20 316
668 16 316
671 19 310
676 14 310
677 17 306
677 17 306
674 17 309
676 15 309
682 14 304
685 14 301
690 15 295
697 12 291
697 16 287
697 19 284
701 18 281
700 18 282
703 15 282
703 15 282
701 17 282
705 16 279
711 14 275
712 17 271
714 15 271
715 16 269
717 12 271
719 11 270
722 10 268
725 6 269
723 7 270
726 8 266
733 7 260
739 5 256
742 3 255
746 2 252
748 1 251
751 2 247
758 1 241
759 4 237
765 3 232
766 4 230
770 5 225
776 4 220
780 5 215
781 6 213
777 11 212
782 8 210
784 7 209
786 7 207
787 7 206
793 6 201
795 6 199
795 7 198
797 8 195
797 10 193
799 11 190
801 14 185
792 24 184
783 29 188
759 49 192
742 68 190
723 75 202
698 87 215
671 99 230
656 105 239
640 100 260
631 98 271
616 104 280
609 107 284
598 109 293
582 108 310
575 101 324
573 98 329
569 94 337
563 89 348
563 83 354
555 78 367
553 75 372
554 76 370
560 72 368
561 68 371
558 70 372
549 68 383
549 66 385
545 60 395
540 60 400
539 63 398
543 56 401
544 52 404
545 51 404
551 50 399
553 46 401
557 38 405
560 37 403
557 40 403
561 30 409
559 27 414
559 30 411
560 33 407
558 30 412
567 29 404
567 29 404
573 24 403
583 21 396
579 25 396
587 26 387
591 22 387
591 20 389
594 21 385
600 21 379
606 20 374
606 21 373
600 31 369
601 33 366
599 33 368
600 30 370
600 25 375
600 30 370
610 29 361
611 29 360
615 28 357
615 31 354
611 34 355
614 26 360
617 24 359
622 19 359
625 15 360
628 16 356
637 16 347
640 19 341
643 18 339
646 20 334
648 17 335
652 13 335
653 12 335
657 9 334
663 8 329
666 11 323
669 12 319
667 13 320
669 16 315
672 15 313
676 16 308
677 13 310
685 10 305
687 9 304
688 11 301
695 11 294
696 13 291
691 16 293
693 13 294
697 15 288
697 20 283
695 23 282
686 30 284
683 37 280
676 38 286
674 42 284
670 43 287
671 40 289
669 40 291
662 44 294
656 51 293
648 57 295
639 56 305
625 66 309
617 61 322
610 57 333
612 51 337
607 51 342
604 50 346
598 52 350
589 54 357
576 63 361
574 62 364
575 62 363
574 62 364
568 66 366
570 63 367
571 61 368
567 59 374
560 63 377
560 53 387
564 49 387
572 42 386
571 38 391
571 36 393
571 40 389
585 31 384
590 27 383
594 28 378
597 26 377
607 25 368
607 27 366
609 34 357
613 30 357
613 33 354
609 37 354
612 36 352
617 36 347
618 31 351
615 32 353
618 28 354
616 29 355
613 30 357
612 33 355
613 29 358
618 28 354
619 26 355
618 25 357
626 24 350
631 25 344
633 23 344
637 21 342
639 20 341
640 15 345
640 19 341
642 17 341
647 16 337
647 14 339
653 13 334
654 13 333
655 15 330
656 14 330
658 17 325
664 18 318
670 19 311
666 21 313
672 23 305
667 25 308
669 25 306
675 24 301
675 25 300
671 30 299
672 28 300
675 23 302
683 16 301
686 16 298
690 14 296
689 16 295
685 17 298
684 17 299
685 21 294
685 24 291
686 22 292
682 26 292
680 29 291
674 35 291
672 37 291
679 36 285
679 30 291
678 32 290
680 32 288
685 32 283
686 28 286
689 27 284
688 25 287
691 20 289
689 23 288
692 22 286
692 26 282
691 24 285
693 23 284
694 21 285
699 23 278
706 20 274
706 18 276
710 15 275
713 14 273
712 13 275
719 15 266
718 20 262
724 19 257
721 22 257
726 21 253
731 24 245
720 35 245
713 37 250
705 46 249
704 41 255
697 46 257
697 46 257
691 48 261
684 50 266
680 51 269
677 47 276
676 45 279
679 49 272
676 43 281
673 43 284
673 41 286
670 45 285
669 47 284
671 42 287
666 47 287
663 49 288
664 43 293
664 39 297
669 32 299
663 35 302
661 32 307
667 23 310
671 22 307
671 22 307
672 20 308
679 18 303
677 20 303
677 23 300
671 22 307
669 23 308
669 24 307
669 23 308
668 25 307
669 23 308
668 29 303
671 27 302
676 26 298
679 27 294
682 21 297
684 22 294
683 19 298
685 17 298
690 18 292
689 20 291
693 18 289
696 14 290
695 16 289
696 16 288
692 21 287
687 24 289
692 26 282
692 29 279
693 27 280
690 23 287
682 36 282
674 41 285
667 52 281
660 55 285
657 59 284
647 67 286
639 67 294
624 81 295
616 80 304
601 82 317
591 75 334
581 81 338
579 77 344
574 76 350
569 74 357
571 69 360
568 66 366
565 64 371
561 64 375
560 66 374
552 67 381
552 68 380
552 63 385
551 61 388
549 56 395
552 54 394
552 56 392
555 52 393
558 50 392
557 52 391
553 57 390
558 51 391
557 54 389
561 47 392
563 42 395
561 45 394
563 37 400
567 38 395
568 39 393
574 33 393
574 34 392
578 32 390
582 30 388
583 30 387
592 28 380
594 27 379
602 29 369
609 23 368
614 21 365
614 19 367
619 20 361
621 22 357
625 19 356
629 16 355
628 15 357
634 15 351
644 15 341
650 16 334
650 19 331
650 22 328
651 22 327
650 23 327
651 25 324
649 29 322
653 30 317
652 32 316
651 29 320
651 35 314
649 35 316
647 36 317
645 43 312
637 50 313
636 48 316
638 53 309
633 50 317
629 44 327
631 35 334
628 35 337
629 41 330
631 39 330
628 42 330
625 48 327
621 50 329
616 52 332
606 59 335
600 59 341
596 57 347
594 59 347
599 55 346
601 49 350
603 48 349
610 41 349
609 41 350
608 44 348
606 39 355
607 40 353
608 40 352
602 45 353
598 44 358
597 44 359
596 36 368
601 35 364
606 34 360
612 34 354
610 30 360
616 26 358
626 20 354
631 18 351
634 18 348
635 16 349
643 13 344
645 11 344
651 13 336
655 12 333
659 12 329
662 9 329
668 8 324
674 8 318
677 8 315
685 6 309
692 5 303
697 6 297
705 4 291
709 4 287
710 4 286
716 4 280
723 4 273
723 7 270
729 7 264
728 11 261
724 15 261
720 17 263
715 20 265
717 21 262
713 23 264
714 23 263
715 24 261
716 22 262
718 26 256
715 24 261
713 22 265
713 25 262
713 23 264
719 20 261
720 18 262
718 23 259
713 26 261
713 26 261
709 27 264
703 30 267
701 34 265
703 31 266
694 42 264
688 50 262
686 49 265
681 54 265
676 51 273
672 51 277
656 64 280
646 70 284
648 68 284
644 63 293
645 60 295
637 67 296
635 70 295
630 71 299
624 68 308
616 65 319
616 57 327
613 55 332
609 59 332
608 56 336
611 48 341
610 44 346
613 44 343
608 48 344
606 40 354
608 37 355
606 32 362
607 30 363
611 28 361
610 30 360
613 33 354
619 32 349
620 31 349
618 32 350
622 25 353
627 24 349
625 29 346
626 23 351
624 22 354
629 18 353
628 18 354
631 16 353
632 16 352
634 16 350
641 16 343
643 14 343
645 14 341
649 10 341
652 10 338
658 10 332
664 12 324
669 12 319
670 14 316
679 15 306
682 17 301
