656
662
322
562
11
441
249
887
241
386
206
500
955
801
787
679
651
718
424
189
407
733
777
263
253
438
526
372
127
384
456
167
769
274
766
481
531
354
518
209
207
291
309
86
788
281
337
187
109
195
3
798
214
673
816
951
831
317
184
577
257
582
186
522
525
543
25
886
715
864
992
282
259
899
515
971
944
188
726
841
594
292
349
605
599
216
916
790
810
521
492
569
341
965
371
208
884
802
470
199
885
589
121
248
828
100
126
139
449
98
149
192
477
736
823
833
995
170
610
747
429
665
80
350
647
606
400
373
