995 5 0
993 5 2
989 9 2
987 9 4
986 8 6
981 11 8
973 16 11
962 28 10
946 39 15
925 51 24
905 58 37
891 58 51
876 65 59
859 75 66
836 88 76
814 97 89
785 112 103
757 122 121
731 130 139
710 132 158
688 137 175
666 135 199
648 132 220
632 128 240
618 128 254
604 128 268
584 137 279
574 129 297
565 139 296
557 130 313
547 126 327
534 124 342
520 118 362
514 107 379
513 98 389
507 97 396
508 85 407
508 73 419
504 66 430
500 62 438
503 54 443
511 53 436
518 46 436
522 42 436
527 37 436
536 31 433
541 27 432
544 28 428
546 28 426
555 22 423
556 28 416
553 28 419
555 29 416
552 29 419
565 30 405
569 31 400
569 36 395
569 31 400
569 27 404
576 23 401
583 21 396
585 22 393
589 21 390
587 25 388
590 27 383
592 28 380
594 35 371
599 37 364
598 38 364
599 40 361
598 44 358
601 41 358
603 44 353
604 45 351
603 51 346
605 51 344
606 48 346
608 43 349
613 39 348
615 39 346
620 40 340
622 41 337
619 44 337
625 38 337
620 43 337
615 45 340
616 46 338
611 49 340
608 42 350
613 41 346
619 38 343
615 36 349
621 31 348
622 25 353
627 23 350
630 25 345
630 28 342
631 25 344
636 23 341
637 26 337
642 24 334
645 24 331
653 20 327
657 19 324
665 19 316
670 16 314
669 20 311
668 25 307
669 27 304
671 26 303
672 24 304
679 21 300
682 18 300
684 19 297
685 16 299
683 18 299
678 22 300
682 22 296
688 23 289
687 25 288
693 25 282
692 24 284
692 24 284
687 29 284
684 28 288
687 29 284
688 27 285
690 26 284
689 29 282
695 24 281
700 26 274
699 25 276
700 25 275
697 35 268
688 43 269
690 41 269
684 41 275
676 44 280
665 52 283
661 51 288
657 47 296
661 46 293
662 35 303
661 35 304
664 28 308
660 33 307
657 38 305
655 39 306
646 48 306
643 50 307
636 52 312
629 55 316
626 56 318
621 57 322
616 55 329
619 46 335
619 43 338
622 41 337
630 34 336
637 31 332
641 29 330
639 27 334
638 28 334
642 21 337
646 25 329
649 22 329
649 23 328
653 22 325
652 26 322
653 25 322
651 28 321
654 26 320
655 24 321
658 23 319
662 21 317
660 20 320
667 16 317
671 17 312
667 20 313
664 21 315
673 16 311
678 15 307
685 9 306
692 8 300
696 7 297
698 9 293
698 12 290
699 11 290
701 14 285
702 17 281
699 20 281
700 22 278
704 22 274
704 24 272
705 25 270
707 24 269
716 23 261
718 23 259
710 29 261
710 27 263
714 25 261
714 21 265
713 20 267
712 22 266
711 21 268
711 23 266
712 25 263
711 25 264
714 21 265
711 22 267
716 19 265
719 20 261
722 16 262
722 16 262
722 13 265
723 16 261
723 13 264
726 16 258
732 14 254
728 19 253
727 23 250
724 27 249
722 30 248
719 30 251
720 35 245
720 31 249
721 29 250
721 25 254
721 25 254
723 25 252
722 24 254
723 21 256
724 16 260
724 15 261
728 13 259
733 15 252
741 14 245
745 17 238
747 15 238
743 20 237
741 24 235
735 27 238
734 30 236
735 24 241
740 21 239
743 24 233
743 22 235
746 22 232
742 27 231
743 22 235
749 22 229
748 23 229
749 21 230
754 18 228
747 25 228
744 26 230
746 25 229
746 28 226
742 35 223
733 43 224
730 46 224
719 46 235
715 48 237
707 52 241
698 55 247
695 58 247
682 65 253
670 68 262
668 66 266
665 63 272
659 56 285
662 52 286
662 48 290
660 47 293
657 48 295
659 39 302
664 35 301
668 33 299
670 27 303
677 23 300
677 23 300
675 28 297
669 32 299
672 34 294
662 44 294
663 45 292
651 49 300
647 50 303
646 55 299
641 52 307
640 48 312
639 51 310
638 47 315
629 53 318
631 55 314
631 54 315
631 50 319
626 53 321
620 56 324
618 56 326
612 60 328
603 68 329
602 65 333
600 63 337
591 65 344
582 66 352
569 72 359
567 65 368
561 69 370
553 73 374
552 67 381
547 64 389
553 54 393
554 44 402
555 43 402
558 41 401
565 38 397
572 39 389
573 31 396
575 30 395
580 30 390
585 26 389
586 25 389
589 25 386
595 22 383
595 24 381
602 23 375
602 25 373
603 30 367
595 40 365
590 48 362
589 44 367
586 47 367
587 47 366
588 48 364
585 42 373
579 47 374
576 45 379
573 50 377
569 55 376
566 53 381
563 50 387
573 42 385
575 40 385
577 41 382
582 34 384
586 31 383
591 28 381
595 26 379
600 24 376
605 22 373
604 19 377
611 21 368
617 20 363
625 20 355
629 14 357
631 13 356
638 12 350
642 14 344
643 17 340
648 15 337
649 15 336
648 16 336
655 15 330
664 13 323
666 12 322
667 12 321
674 13 313
676 14 310
681 13 306
684 14 302
685 14 301
689 13 298
689 15 296
694 14 292
700 8 292
702 12 286
701 14 285
702 17 281
700 21 279
702 20 278
696 26 278
689 31 280
687 28 285
684 31 285
685 28 287
685 27 288
683 29 288
684 26 290
682 27 291
683 26 291
681 26 293
679 25 296
685 24 291
689 22 289
691 21 288
690 23 287
687 26 287
686 30 284
685 29 286
682 35 283
687 35 278
687 35 278
688 41 271
685 41 274
671 54 275
664 54 282
658 50 292
653 50 297
658 45 297
656 40 304
658 41 301
656 45 299
657 43 300
662 37 301
664 35 301
664 32 304
668 28 304
671 27 302
676 30 294
678 29 293
683 28 289
683 27 290
681 31 288
688 26 286
691 19 290
695 19 286
698 18 284
706 17 277
712 15 273
710 16 274
715 16 269
720 13 267
724 13 263
720 16 264
726 14 260
728 14 258
733 8 259
738 7 255
742 7 251
746 8 246
752 9 239
755 8 237
758 9 233
759 9 232
755 20 225
757 20 223
750 26 224
741 35 224
732 39 229
724 44 232
721 43 236
718 38 244
714 41 245
714 36 250
714 34 252
711 34 255
710 36 254
712 32 256
713 28 259
712 28 260
711 28 261
711 31 258
707 37 256
707 37 256
704 36 260
697 40 263
692 44 264
690 46 264
689 43 268
686 41 273
683 41 276
682 42 276
677 41 282
684 37 279
685 34 281
681 38 281
677 37 286
677 33 290
677 34 289
682 36 282
680 37 283
679 34 287
677 38 285
675 41 284
670 42 288
672 43 285
665 48 287
660 50 290
661 48 291
661 45 294
654 52 294
644 61 295
642 62 296
636 63 301
633 62 305
627 61 312
631 56 313
628 54 318
626 56 318
633 51 316
634 52 314
627 53 320
620 54 326
624 53 323
622 53 325
621 51 328
625 46 329
625 47 328
626 42 332
624 42 334
625 39 336
626 40 334
628 34 338
633 28 339
627 31 342
630 31 339
629 32 339
630 26 344
633 22 345
640 19 341
643 15 342
643 16 341
647 18 335
647 18 335
649 16 335
649 13 338
659 11 330
667 13 320
673 13 314
672 17 311
675 12 313
680 12 308
682 13 305
683 15 302
688 12 300
693 14 293
695 11 294
698 12 290
703 8 289
706 8 286
708 8 284
714 6 280
719 5 276
724 6 270
730 7 263
732 6 262
734 4 262
734 5 261
736 6 258
742 7 251
747 8 245
751 5 244
743 14 243
744 19 237
741 18 241
742 22 236
733 30 237
730 29 241
726 33 241
724 35 241
726 32 242
719 32 249
724 34 242
717 42 241
714 45 241
715 42 243
712 42 246
706 43 251
704 41 255
700 47 253
692 53 255
682 61 257
679 62 259
670 63 267
661 62 277
655 70 275
638 81 281
626 81 293
619 82 299
611 79 310
607 76 317
603 72 325
604 66 330
597 67 336
595 64 341
594 66 340
592 64 344
587 61 352
577 68 355
575 65 360
572 62 366
577 51 372
576 51 373
570 52 378
577 49 374
580 42 378
580 43 377
583 41 376
588 43 369
585 38 377
588 36 376
590 36 374
591 31 378
595 26 379
596 25 379
596 24 380
598 24 378
603 21 376
607 20 373
608 20 372
613 20 367
616 20 364
619 18 363
620 16 364
620 18 362
620 21 359
628 22 350
629 24 347
635 17 348
638 16 346
641 18 341
647 15 338
645 19 336
647 14 339
646 15 339
653 15 332
654 12 334
660 11 329
662 14 324
663 12 325
668 13 319
669 11 320
676 13 311
676 15 309
678 16 306
670 25 305
665 33 302
668 34 298
665 34 301
670 25 305
671 21 308
670 17 313
671 19 310
671 21 308
671 21 308
677 13 310
684 13 303
684 16 300
687 13 300
686 18 296
688 18 294
684 24 292
680 28 292
669 34 297
672 38 290
663 44 293
655 50 295
649 46 305
645 44 311
643 42 315
646 40 314
650 37 313
651 38 311
649 38 313
641 40 319
638 33 329
638 33 329
639 32 329
637 39 324
637 40 323
637 38 325
641 32 327
646 29 325
647 31 322
656 25 319
654 28 318
653 29 318
655 33 312
658 30 312
658 35 307
657 31 312
650 35 315
653 33 314
643 41 316
639 47 314
639 48 313
635 47 318
629 46 325
619 55 326
625 51 324
623 49 328
620 52 328
616 57 327
614 56 330
612 54 334
603 60 337
601 59 340
594 64 342
585 64 351
583 63 354
580 59 361
578 54 368
572 60 368
573 52 375
569 45 386
568 43 389
572 43 385
574 38 388
567 42 391
573 33 394
577 31 392
584 31 385
589 27 384
591 25 384
601 22 377
606 17 377
612 16 372
614 18 368
617 21 362
615 26 359
619 26 355
620 27 353
619 30 351
622 28 350
627 28 345
624 27 349
623 31 346
630 26 344
623 32 345
625 32 343
631 27 342
631 28 341
628 27 345
632 24 344
633 25 342
639 24 337
641 23 336
640 26 334
642 26 332
639 30 331
640 26 334
646 26 328
651 25 324
653 28 319
658 27 315
662 23 315
666 23 311
667 20 313
662 24 314
665 23 312
662 24 314
666 18 316
669 15 316
672 12 316
676 10 314
678 9 313
682 10 308
683 12 305
691 13 296
695 14 291
699 13 288
706 14 280
709 15 276
713 15 272
718 15 267
720 14 266
726 14 260
728 16 256
735 14 251
739 12 249
742 9 249
748 8 244
745 14 241
748 11 241
749 10 241
748 11 241
749 10 241
755 10 235
759 7 234
761 7 232
760 12 228
754 19 227
751 23 226
744 24 232
746 21 233
748 18 234
748 21 231
746 26 228
747 25 228
748 20 232
751 23 226
753 25 222
749 27 224
748 26 226
752 23 225
752 24 224
752 20 228
750 23 227
744 27 229
744 24 232
749 20 231
755 19 226
754 20 226
756 18 226
755 20 225
758 21 221
761 19 220
758 21 221
754 24 222
757 20 223
758 23 219
756 29 215
753 33 214
749 40 211
746 37 217
736 45 219
725 51 224
715 59 226
707 60 233
693 69 238
681 72 247
674 68 258
670 68 262
656 69 275
644 79 277
637 85 278
629 83 288
627 76 297
622 77 301
611 86 303
603 91 306
590 94 316
576 99 325
571 97 332
569 92 339
569 77 354
566 70 364
560 69 371
553 75 372
556 62 382
562 57 381
564 51 385
573 49 378
572 45 383
570 42 388
569 45 386
565 49 386
567 45 388
565 48 387
566 45 389
564 48 388
564 50 386
555 60 385
556 54 390
558 55 387
560 50 390
555 53 392
561 46 393
565 41 394
572 35 393
574 38 388
574 30 396
578 30 392
583 31 386
590 29 381
594 32 374
606 30 364
614 27 359
611 24 365
612 24 364
622 19 359
622 20 358
627 20 353
638 18 344
645 15 340
645 13 342
651 12 337
655 8 337
663 5 332
665 6 329
671 3 326
673 2 325
684 2 314
693 2 305
695 4 301
696 5 299
706 4 290
708 7 285
710 8 282
712 11 277
718 11 271
716 17 267
716 18 266
718 17 265
718 20 262
717 21 262
718 23 259
721 19 260
719 20 261
718 24 258
721 24 255
720 25 255
720 22 258
719 24 257
714 24 262
716 23 261
711 26 263
712 24 264
706 28 266
704 28 268
701 35 264
702 33 265
700 31 269
704 33 263
704 33 263
706 25 269
711 26 263
715 25 260
715 25 260
717 21 262
719 18 263
722 13 265
725 14 261
722 18 260
726 17 257
728 14 258
726 14 260
725 17 258
728 14 258
732 12 256
732 13 255
733 13 254
735 13 252
740 12 248
740 11 249
745 12 243
742 13 245
745 12 243
745 13 242
750 12 238
749 15 236
749 14 237
751 11 238
751 13 236
750 12 238
752 15 233
752 13 235
753 10 237
756 10 234
756 10 234
756 12 232
758 13 229
761 13 226
763 11 226
762 12 226
763 13 224
761 19 220
762 18 220
763 13 224
763 12 225
766 11 223
767 13 220
768 11 221
760 18 222
760 18 222
759 19 222
763 16 221
766 15 219
764 21 215
761 26 213
764 27 209
765 25 210
762 27 211
761 28 211
760 27 213
758 27 215
757 27 216
756 30 214
750 30 220
750 34 216
746 36 218
748 34 218
742 36 222
739 39 222
742 43 215
736 46 218
731 46 223
719 48 233
715 50 235
711 51 238
709 51 240
700 49 251
696 47 257
689 49 262
682 53 265
681 51 268
678 49 273
670 48 282
665 58 277
662 62 276
