995 5 0
990 9 1
985 12 3
983 12 5
981 11 8
975 14 11
972 17 11
968 19 13
965 21 14
958 25 17
947 33 20
931 46 23
910 63 27
887 73 40
860 83 57
843 85 72
816 99 85
798 109 93
775 119 106
742 134 124
728 130 142
695 140 165
676 145 179
659 144 197
632 148 220
608 145 247
597 140 263
588 136 276
575 137 288
569 139 292
552 149 299
549 142 309
537 135 328
530 129 341
521 129 350
519 121 360
518 114 368
519 108 373
525 95 380
528 84 388
529 80 391
534 75 391
529 77 394
531 71 398
531 63 406
530 58 412
534 55 411
533 41 426
538 30 432
541 30 429
546 30 424
553 27 420
562 21 417
564 19 417
571 16 413
575 14 411
580 15 405
589 11 400
592 15 393
595 13 392
600 14 386
603 14 383
613 10 377
622 8 370
628 7 365
635 5 360
638 7 355
644 6 350
652 4 344
656 10 334
655 17 328
643 30 327
642 36 322
641 40 319
634 44 322
627 54 319
635 47 318
636 48 316
629 50 321
624 52 324
620 51 329
623 51 326
625 52 323
620 53 327
620 51 329
622 47 331
623 46 331
620 47 333
619 44 337
620 34 346
622 36 342
624 36 340
622 40 338
626 37 337
627 40 333
631 34 335
635 31 334
636 31 333
638 28 334
641 26 333
638 32 330
632 30 338
639 23 338
633 31 336
638 27 335
644 25 331
640 29 331
642 26 332
638 30 332
642 26 332
644 23 333
644 29 327
647 27 326
639 34 327
638 37 325
641 38 321
642 38 320
639 40 321
642 40 318
643 36 321
644 36 320
642 41 317
642 39 319
643 38 319
641 41 318
636 45 319
635 39 326
636 38 326
640 31 329
644 28 328
647 22 331
650 25 325
644 29 327
641 32 327
636 37 327
636 35 329
638 30 332
636 34 330
632 31 337
639 27 334
636 29 335
639 28 333
642 25 333
648 24 328
653 21 326
658 19 323
659 21 320
655 23 322
649 32 319
648 34 318
642 37 321
640 46 314
636 52 312
625 68 307
617 75 308
606 78 316
604 75 321
602 73 325
592 67 341
597 62 341
591 64 345
588 59 353
586 59 355
586 59 355
577 65 358
571 66 363
563 63 374
555 63 382
551 65 384
549 56 395
551 58 391
553 53 394
556 47 397
554 50 396
556 50 394
559 51 390
559 53 388
553 49 398
556 46 398
568 40 392
572 40 388
570 45 385
581 42 377
583 45 372
586 41 373
579 45 376
583 41 376
586 32 382
594 33 373
596 34 370
595 32 373
592 33 375
595 31 374
602 29 369
601 37 362
603 36 361
594 43 363
596 44 360
591 51 358
589 48 363
583 45 372
583 44 373
585 41 374
584 44 372
581 45 374
584 42 374
588 38 374
592 35 373
591 33 376
595 33 372
596 30 374
598 30 372
603 25 372
615 26 359
620 24 356
626 28 346
627 23 350
632 19 349
638 18 344
648 17 335
649 19 332
660 21 319
659 27 314
662 28 310
663 24 313
664 26 310
669 25 306
674 24 302
677 23 300
675 25 300
675 29 296
678 32 290
673 41 286
677 38 285
681 31 288
686 29 285
689 30 281
689 28 283
689 30 281
685 36 279
688 32 280
691 27 282
695 24 281
702 21 277
705 19 276
704 18 278
705 17 278
702 19 279
698 29 273
693 30 277
685 42 273
686 38 276
686 43 271
684 41 275
681 45 274
676 44 280
681 41 278
683 32 285
684 27 289
687 28 285
688 26 286
695 21 284
687 25 288
690 24 286
685 28 287
688 25 287
689 25 286
688 24 288
687 24 289
688 25 287
687 24 289
681 30 289
681 31 288
677 32 291
677 28 295
685 25 290
688 24 288
691 22 287
692 21 287
694 17 289
696 15 289
700 13 287
706 11 283
714 13 273
717 16 267
716 17 267
718 15 267
723 15 262
723 17 260
724 21 255
719 26 255
719 24 257
721 22 257
719 20 261
721 19 260
724 16 260
724 18 258
725 18 257
724 20 256
721 21 258
725 18 257
727 19 254
727 22 251
727 18 255
722 20 258
719 26 255
720 28 252
720 30 250
716 33 251
709 40 251
703 41 256
704 34 262
700 36 264
693 37 270
692 35 273
686 38 276
680 41 279
680 41 279
678 38 284
673 39 288
681 37 282
682 31 287
688 30 282
687 31 282
685 33 282
683 36 281
683 39 278
684 37 279
679 40 281
684 37 279
679 42 279
680 38 282
682 36 282
683 32 285
685 26 289
687 25 288
687 20 293
684 21 295
682 21 297
682 22 296
682 24 294
686 23 291
677 32 291
675 39 286
669 46 285
666 44 290
661 45 294
655 43 302
649 42 309
644 46 310
645 47 308
639 48 313
648 44 308
641 54 305
635 56 309
638 54 308
635 55 310
626 56 318
627 53 320
625 52 323
625 47 328
616 51 333
614 52 334
614 53 333
612 51 337
609 55 336
604 56 340
608 53 339
609 51 340
612 46 342
621 39 340
621 39 340
622 38 340
623 39 338
625 42 333
631 35 334
628 37 335
635 32 333
634 32 334
638 34 328
642 33 325
646 31 323
650 29 321
655 24 321
659 24 317
662 23 315
662 24 314
667 20 313
671 18 311
672 18 310
671 17 312
674 18 308
674 22 304
675 20 305
679 17 304
683 15 302
688 16 296
692 19 289
695 17 288
696 19 285
697 20 283
701 17 282
709 18 273
713 20 267
715 20 265
712 23 265
718 20 262
719 18 263
720 20 260
720 18 262
717 22 261
715 26 259
715 31 254
713 35 252
714 30 256
709 36 255
706 33 261
703 36 261
698 35 267
699 34 267
696 36 268
697 37 266
696 36 268
694 40 266
697 35 268
696 36 268
697 37 266
696 36 268
696 31 273
698 35 267
697 31 272
701 28 271
704 27 269
709 24 267
706 26 268
702 28 270
704 25 271
706 21 273
705 22 273
701 24 275
704 23 273
699 24 277
701 22 277
697 25 278
693 28 279
693 27 280
684 35 281
678 37 285
673 44 283
663 43 294
663 40 297
665 42 293
664 39 297
661 41 298
655 40 305
649 46 305
649 49 302
648 50 302
641 57 302
642 56 302
646 51 303
649 49 302
649 40 311
649 39 312
653 38 309
654 37 309
656 33 311
656 33 311
653 34 313
655 34 311
654 34 312
650 34 316
645 38 317
645 36 319
643 34 323
638 37 325
642 38 320
636 39 325
639 34 327
644 34 322
648 28 324
648 29 323
649 29 322
649 28 323
646 32 322
647 30 323
646 30 324
650 23 327
649 27 324
648 29 323
651 30 319
654 24 322
650 28 322
654 26 320
663 24 313
666 24 310
664 29 307
665 24 311
659 27 314
662 24 314
666 23 311
667 24 309
669 22 309
666 24 310
666 26 308
669 27 304
670 32 298
667 40 293
656 44 300
652 43 305
654 36 310
657 32 311
652 38 310
656 37 307
656 37 307
657 38 305
662 34 304
667 34 299
668 29 303
668 28 304
665 31 304
671 30 299
671 30 299
673 31 296
673 31 296
672 29 299
680 28 292
680 29 291
672 32 296
664 35 301
659 44 297
664 41 295
663 37 300
658 41 301
656 37 307
658 38 304
652 37 311
652 31 317
653 33 314
656 31 313
658 26 316
661 24 315
662 31 307
663 30 307
667 27 306
660 32 308
664 28 308
660 29 311
655 37 308
641 47 312
636 45 319
636 41 323
635 41 324
635 38 327
637 36 327
639 37 324
635 44 321
633 45 322
625 48 327
618 51 331
616 48 336
618 44 338
613 45 342
617 44 339
616 42 342
618 36 346
621 30 349
623 27 350
634 20 346
639 19 342
643 18 339
650 15 335
652 14 334
660 14 326
663 12 325
671 11 318
675 11 314
675 11 314
678 12 310
690 10 300
695 10 295
699 10 291
706 12 282
714 11 275
719 10 271
723 11 266
726 11 263
727 12 261
726 16 258
726 16 258
727 17 256
730 16 254
732 15 253
736 14 250
740 15 245
744 14 242
748 12 240
750 9 241
748 10 242
749 12 239
751 8 241
754 9 237
758 4 238
763 5 232
765 3 232
770 2 228
774 2 224
778 2 220
778 2 220
781 2 217
786 2 212
787 3 210
791 5 204
794 5 201
798 3 199
804 5 191
805 4 191
806 4 190
801 9 190
799 15 186
798 19 183
798 19 183
800 16 184
804 13 183
805 15 180
802 19 179
802 16 182
804 12 184
804 9 187
799 17 184
799 16 185
801 16 183
802 17 181
802 16 182
801 19 180
795 29 176
787 34 179
788 33 179
776 41 183
755 60 185
736 77 187
716 84 200
703 83 214
689 85 226
685 88 227
672 91 237
650 107 243
634 108 258
622 108 270
613 104 283
606 97 297
608 80 312
606 71 323
609 66 325
616 56 328
614 55 331
612 52 336
613 44 343
614 39 347
620 38 342
619 38 343
620 38 342
620 31 349
623 32 345
623 30 347
625 30 345
623 31 346
627 29 344
629 24 347
636 23 341
637 23 340
643 23 334
641 22 337
643 23 334
647 20 333
651 20 329
653 20 327
654 18 328
660 16 324
669 17 314
676 19 305
677 22 301
679 23 298
682 22 296
690 19 291
689 21 290
688 21 291
695 20 285
698 16 286
700 16 284
700 18 282
695 22 283
693 28 279
697 27 276
693 31 276
694 30 276
693 32 275
690 35 275
688 32 280
689 30 281
694 27 279
693 28 279
691 30 279
690 30 280
686 32 282
680 38 282
676 39 285
679 40 281
676 44 280
671 51 278
658 59 283
646 63 291
645 59 296
641 58 301
628 61 311
626 59 315
624 57 319
626 55 319
630 49 321
630 42 328
629 38 333
633 34 333
637 32 331
643 30 327
647 28 325
649 26 325
652 25 323
657 24 319
661 21 318
665 20 315
664 15 321
667 17 316
667 18 315
677 16 307
677 15 308
678 18 304
684 20 296
686 16 298
686 22 292
684 26 290
683 29 288
686 26 288
686 31 283
689 33 278
691 32 277
689 33 278
694 30 276
691 30 279
688 33 279
682 41 277
684 36 280
682 37 281
680 35 285
677 42 281
669 45 286
668 43 289
665 48 287
661 38 301
662 40 298
655 40 305
654 39 307
648 39 313
639 50 311
635 53 312
631 52 317
631 50 319
629 52 319
625 55 320
616 59 325
617 57 326
609 62 329
606 53 341
605 48 347
606 48 346
607 49 344
603 56 341
599 61 340
598 54 348
595 61 344
593 56 351
588 53 359
587 53 360
587 49 364
588 46 366
586 45 369
585 43 372
575 51 374
573 47 380
562 53 385
556 60 384
556 63 381
556 59 385
556 52 392
557 50 393
566 47 387
572 42 386
578 42 380
581 36 383
578 40 382
583 36 381
589 36 375
586 32 382
591 29 380
592 32 376
594 28 378
598 31 371
600 29 371
603 28 369
608 24 368
615 19 366
618 18 364
620 21 359
623 22 355
623 20 357
630 20 350
633 19 348
638 16 346
641 15 344
638 19 343
635 21 344
637 28 335
636 29 335
634 31 335
636 33 331
637 30 333
635 28 337
639 23 338
637 22 341
640 20 340
640 20 340
643 21 336
640 22 338
640 27 333
636 31 333
635 31 334
633 33 334
636 33 331
642 25 333
647 25 328
648 26 326
648 29 323
643 35 322
648 31 321
647 29 324
645 32 323
643 35 322
643 33 324
639 37 324
644 32 324
650 32 318
646 35 319
647 32 321
654 27 319
656 24 320
659 22 319
656 25 319
658 27 315
661 32 307
656 38 306
655 38 307
660 36 304
665 34 301
663 41 296
660 45 295
656 47 297
650 52 298
644 60 296
641 61 298
644 54 302
639 58 303
633 64 303
628 62 310
628 52 320
632 53 315
630 49 321
627 47 326
634 40 326
635 42 323
634 35 331
634 35 331
636 30 334
635 32 333
638 30 332
643 29 328
641 28 331
642 25 333
643 27 330
645 26 329
645 30 325
642 35 323
637 39 324
637 40 323
641 34 325
645 33 322
641 33 326
644 39 317
640 40 320
640 34 326
639 35 326
630 42 328
634 43 323
631 41 328
635 43 322
634 42 324
633 40 327
627 42 331
626 41 333
626 45 329
626 45 329
625 48 327
616 56 328
611 55 334
612 47 341
607 44 349
607 46 347
606 42 352
611 41 348
618 39 343
617 37 346
621 33 346
626 33 341
629 34 337
633 28 339
637 32 331
640 28 332
634 36 330
639 31 330
638 32 330
645 27 328
649 25 326
655 22 323
659 20 321
662 22 316
667 18 315
670 19 311
671 20 309
674 20 306
678 21 301
684 20 296
686 20 294
690 19 291
690 18 292
693 18 289
697 17 286
703 16 281
705 15 280
705 18 277
705 20 275
708 15 277
707 14 279
717 12 271
717 13 270
717 11 272
720 10 270
723 9 268
721 14 265
724 15 261
724 19 257
725 19 256
721 20 259
725 17 258
729 16 255
731 19 250
730 20 250
729 24 247
725 27 248
727 29 244
727 31 242
721 31 248
720 32 248
720 31 249
720 33 247
722 29 249
721 27 252
713 32 255
709 32 259
703 35 262
703 39 258
697 44 259
696 42 262
691 46 263
687 50 263
674 61 265
666 61 273
660 64 276
649 75 276
644 68 288
631 70 299
619 72 309
616 69 315
603 74 323
604 64 332
600 62 338
601 52 347
603 47 350
606 44 350
605 38 357
605 38 357
600 39 361
602 44 354
598 43 359
