995 5 0
994 5 1
994 4 2
991 7 2
988 10 2
982 14 4
978 16 6
968 22 10
965 20 15
955 25 20
945 28 27
930 38 32
902 62 36
874 72 54
857 76 67
828 97 75
808 99 93
794 104 102
777 107 116
766 98 136
760 91 149
744 99 157
733 95 172
714 100 186
699 91 210
687 96 217
670 100 230
662 95 243
653 86 261
640 92 268
628 94 278
622 87 291
621 83 296
618 74 308
617 66 317
612 71 317
605 71 324
606 65 329
610 61 329
612 57 331
610 58 332
617 56 327
623 49 328
625 45 330
625 45 330
627 47 326
627 43 330
629 38 333
634 40 326
637 38 325
643 34 323
644 31 325
644 23 333
645 22 333
645 25 330
644 30 326
640 34 326
640 35 325
637 32 331
637 33 330
635 33 332
639 32 329
643 28 329
648 27 325
654 24 322
656 22 322
664 21 315
668 14 318
673 11 316
679 10 311
684 8 308
688 8 304
693 7 300
696 11 293
696 16 288
695 16 289
700 16 284
707 13 280
707 15 278
707 16 277
709 18 273
714 13 273
717 14 269
718 8 274
718 9 273
727 9 264
731 12 257
740 9 251
743 6 251
748 5 247
755 4 241
760 1 239
763 2 235
760 5 235
762 5 233
761 9 230
765 10 225
759 18 223
747 30 223
740 40 220
730 47 223
721 47 232
720 47 233
719 51 230
713 50 237
705 52 243
703 50 247
695 58 247
690 57 253
685 58 257
674 62 264
666 62 272
660 61 279
654 66 280
655 58 287
654 56 290
653 56 291
644 60 296
638 56 306
634 61 305
631 59 310
632 53 315
630 53 317
629 51 320
622 54 324
616 60 324
612 54 334
607 50 343
605 51 344
605 52 343
608 46 346
610 41 349
616 36 348
616 36 348
619 30 351
626 27 347
631 19 350
628 23 349
626 24 350
626 21 353
630 16 354
633 17 350
642 15 343
643 15 342
649 13 338
657 12 331
667 13 320
671 14 315
674 12 314
676 11 313
677 14 309
678 14 308
682 14 304
686 14 300
683 16 301
685 16 299
688 15 297
692 13 295
696 8 296
700 7 293
703 8 289
709 11 280
717 13 270
716 16 268
714 16 270
717 18 265
718 20 262
718 24 258
721 27 252
722 28 250
720 27 253
720 28 252
718 27 255
712 30 258
708 37 255
701 38 261
701 35 264
702 34 264
701 33 266
706 30 264
708 33 259
709 34 257
708 36 256
706 35 259
706 29 265
705 31 264
706 30 264
695 36 269
694 31 275
693 32 275
686 35 279
688 34 278
689 29 282
689 26 285
691 25 284
694 27 279
692 26 282
691 28 281
698 30 272
693 36 271
690 40 270
690 37 273
688 40 272
687 45 268
688 45 267
677 54 269
668 59 273
663 63 274
651 68 281
638 72 290
637 68 295
636 65 299
636 64 300
629 63 308
621 68 311
622 64 314
622 61 317
622 54 324
624 55 321
625 54 321
628 44 328
629 41 330
633 37 330
629 37 334
632 33 335
634 28 338
635 33 332
640 28 332
646 24 330
645 26 329
647 25 328
647 31 322
649 25 326
652 22 326
647 27 326
646 32 322
644 38 318
636 40 324
633 42 325
622 51 327
614 52 334
599 65 336
596 59 345
592 63 345
582 70 348
582 70 348
588 59 353
587 51 362
586 52 362
587 48 365
591 45 364
594 44 362
597 35 368
595 38 367
596 33 371
596 32 372
594 33 373
599 34 367
599 29 372
602 24 374
603 22 375
610 17 373
616 15 369
620 16 364
620 19 361
624 18 358
626 21 353
632 21 347
633 20 347
638 16 346
641 17 342
645 20 335
656 17 327
659 17 324
657 24 319
660 21 319
665 20 315
672 16 312
673 16 311
673 16 311
676 17 307
678 17 305
676 22 302
671 25 304
674 25 301
676 27 297
678 25 297
675 29 296
679 29 292
673 32 295
675 31 294
675 32 293
675 31 294
670 35 295
668 35 297
665 43 292
661 40 299
660 37 303
662 35 303
667 30 303
671 26 303
673 23 304
677 23 300
681 21 298
681 18 301
681 21 298
681 24 295
679 28 293
678 32 290
676 33 291
678 36 286
680 31 289
676 37 287
678 38 284
692 30 278
695 29 276
694 31 275
696 26 278
693 28 279
689 32 279
693 28 279
691 27 282
694 26 280
693 29 278
701 21 278
702 20 278
700 25 275
694 31 275
691 32 277
690 30 280
686 29 285
680 32 288
682 34 284
676 39 285
678 40 282
675 41 284
672 39 289
673 32 295
669 39 292
666 35 299
662 36 302
656 41 303
649 47 304
644 49 307
635 59 306
618 68 314
608 72 320
603 72 325
604 65 331
603 62 335
605 58 337
603 55 342
610 52 338
612 46 342
618 43 339
626 39 335
633 38 329
641 36 323
642 35 323
638 37 325
635 39 326
642 32 326
643 29 328
640 30 330
643 32 325
648 29 323
656 27 317
654 29 317
652 29 319
648 34 318
650 33 317
646 31 323
649 29 322
646 32 322
647 35 318
646 34 320
647 37 316
642 39 319
642 38 320
644 38 318
644 43 313
642 41 317
645 39 316
648 38 314
647 37 316
642 42 316
639 41 320
642 35 323
639 37 324
635 39 326
629 42 329
629 39 332
625 46 329
631 41 328
628 40 332
635 40 325
633 43 324
633 43 324
628 44 328
627 38 335
627 41 332
628 42 330
627 49 324
626 43 331
626 38 336
630 31 339
633 30 337
643 27 330
651 24 325
653 24 323
651 24 325
653 25 322
661 26 313
669 26 305
668 27 305
671 22 307
673 26 301
672 26 302
672 23 305
675 24 301
668 30 302
656 43 301
646 48 306
642 47 311
641 50 309
632 58 310
625 63 312
623 67 310
615 65 320
609 64 327
603 59 338
596 63 341
600 56 344
588 66 346
584 64 352
580 56 364
575 54 371
572 50 378
577 47 376
578 48 374
576 52 372
576 55 369
581 47 372
578 46 376
577 45 378
581 39 380
580 44 376
583 42 375
573 44 383
580 43 377
578 43 379
581 41 378
583 37 380
589 28 383
592 27 381
593 29 378
596 24 380
598 21 381
605 18 377
607 18 375
615 13 372
617 11 372
624 12 364
627 12 361
634 13 353
635 10 355
639 8 353
641 8 351
648 9 343
651 9 340
655 7 338
661 7 332
664 7 329
670 7 323
677 5 318
681 3 316
687 2 311
693 2 305
699 3 298
704 2 294
705 3 292
712 3 285
713 3 284
711 5 284
711 6 283
720 3 277
724 4 272
724 5 271
730 3 267
732 4 264
734 5 261
737 3 260
740 3 257
745 4 251
751 6 243
752 5 243
755 6 239
754 7 239
744 17 239
739 20 241
732 24 244
732 27 241
730 29 241
725 30 245
727 32 241
724 33 243
722 35 243
718 34 248
712 37 251
709 36 255
705 34 261
708 30 262
711 26 263
703 30 267
700 31 269
695 34 271
686 38 276
688 44 268
680 52 268
668 58 274
659 58 283
655 58 287
643 60 297
642 55 303
642 48 310
641 53 306
638 52 310
638 47 315
635 47 318
634 46 320
629 44 327
618 57 325
609 51 340
603 59 338
594 63 343
593 55 352
583 60 357
580 63 357
581 59 360
576 59 365
572 60 368
572 56 372
570 53 377
573 46 381
576 40 384
579 31 390
576 34 390
577 26 397
578 27 395
578 27 395
580 28 392
588 25 387
596 24 380
602 23 375
601 24 375
604 20 376
609 19 372
614 18 368
618 17 365
624 15 361
622 15 363
624 19 357
631 16 353
635 15 350
643 15 342
647 14 339
651 14 335
656 16 328
656 20 324
655 22 323
653 24 323
648 29 323
642 36 322
635 42 323
631 44 325
625 46 329
612 55 333
612 58 330
605 57 338
600 63 337
594 68 338
594 63 343
592 56 352
590 56 354
586 57 357
585 60 355
580 62 358
581 56 363
578 52 370
574 50 376
578 49 373
578 44 378
580 41 379
586 40 374
581 42 377
589 37 374
588 41 371
587 41 372
588 39 373
597 42 361
603 41 356
599 41 360
605 36 359
605 35 360
613 32 355
620 30 350
624 27 349
634 24 342
635 27 338
636 21 343
638 17 345
642 16 342
645 14 341
648 13 339
655 9 336
658 12 330
658 14 328
662 15 323
664 15 321
668 15 317
663 21 316
664 25 311
664 28 308
665 27 308
671 24 305
675 19 306
678 16 306
686 15 299
694 14 292
697 16 287
699 16 285
704 15 281
709 12 279
718 10 272
723 9 268
729 10 261
732 9 259
732 9 259
738 8 254
742 9 249
742 13 245
746 12 242
744 13 243
747 11 242
748 12 240
743 16 241
746 16 238
747 16 237
741 23 236
739 19 242
733 24 243
728 30 242
723 35 242
721 38 241
722 36 242
718 35 247
709 39 252
704 46 250
699 46 255
699 42 259
693 42 265
690 42 268
691 41 268
693 38 269
689 40 271
687 41 272
680 41 279
679 38 283
669 44 287
667 43 290
661 48 291
653 54 293
647 58 295
641 58 301
643 55 302
636 58 306
636 53 311
635 45 320
642 41 317
641 41 318
646 33 321
649 31 320
653 26 321
656 25 319
655 26 319
656 23 321
659 21 320
662 22 316
666 23 311
666 20 314
671 18 311
671 17 312
674 13 313
672 16 312
678 14 308
685 12 303
688 11 301
689 12 299
690 15 295
696 16 288
702 16 282
704 16 280
710 15 275
716 12 272
721 11 268
724 11 265
729 11 260
727 14 259
728 15 257
728 16 256
732 17 251
731 17 252
726 20 254
728 21 251
719 33 248
712 45 243
710 43 247
704 47 249
705 41 254
703 34 263
700 35 265
707 33 260
704 37 259
704 36 260
702 31 267
692 41 267
689 47 264
678 59 263
676 60 264
658 67 275
657 58 285
641 67 292
634 70 296
628 74 298
623 69 308
623 67 310
622 63 315
615 60 325
611 60 329
607 54 339
612 54 334
606 59 335
608 58 334
606 55 339
603 52 345
602 55 343
595 65 340
593 65 342
591 62 347
587 60 353
586 56 358
588 58 354
592 55 353
598 51 351
601 46 353
607 41 352
611 35 354
614 35 351
618 33 349
619 30 351
621 35 344
623 31 346
627 25 348
628 25 347
630 21 349
634 22 344
639 24 337
641 19 340
641 19 340
639 24 337
646 22 332
641 29 330
637 35 328
630 41 329
634 43 323
638 43 319
634 42 324
630 45 325
628 46 326
617 55 328
612 59 329
608 56 336
606 55 339
601 54 345
600 52 348
602 48 350
614 38 348
613 38 349
613 42 345
613 40 347
618 37 345
619 38 343
622 32 346
625 28 347
629 26 345
635 23 342
642 24 334
645 22 333
649 21 330
648 19 333
645 19 336
645 19 336
650 15 335
651 16 333
655 16 329
656 17 327
663 15 322
667 18 315
674 15 311
674 15 311
681 14 305
684 15 301
681 17 302
682 18 300
674 28 298
674 32 294
679 29 292
677 31 292
679 26 295
683 23 294
683 26 291
692 23 285
693 23 284
704 22 274
708 16 276
713 16 271
715 17 268
716 17 267
722 13 265
725 15 260
725 15 260
729 16 255
732 16 252
731 18 251
726 21 253
719 23 258
719 26 255
719 27 254
720 28 252
716 34 250
716 35 249
716 37 247
716 33 251
714 34 252
709 36 255
709 35 256
706 35 259
709 31 260
702 34 264
698 39 263
695 37 268
692 41 267
691 38 271
692 36 272
697 37 266
691 36 273
691 36 273
687 37 276
684 42 274
682 41 277
677 41 282
669 46 285
668 43 289
665 43 292
659 44 297
656 40 304
656 37 307
654 40 306
649 43 308
645 45 310
641 49 310
640 48 312
643 43 314
640 46 314
642 39 319
644 41 315
646 40 314
645 32 323
645 34 321
643 35 322
648 36 316
649 37 314
649 38 313
648 37 315
640 39 321
644 36 320
646 37 317
645 37 318
645 34 321
636 41 323
639 39 322
636 33 331
640 26 334
642 30 328
645 26 329
647 23 330
655 20 325
661 16 323
665 16 319
668 16 316
673 17 310
681 15 304
687 17 296
694 14 292
696 12 292
699 10 291
702 11 287
704 9 287
710 7 283
716 5 279
721 4 275
724 3 273
729 2 269
735 1 264
735 2 263
740 2 258
747 1 252
755 0 245
757 0 243
765 0 235
768 0 232
776 1 223
777 3 220
779 3 218
782 6 212
785 6 209
781 11 208
783 15 202
777 21 202
772 29 199
769 31 200
765 36 199
758 42 200
750 46 204
734 53 213
733 52 215
733 47 220
731 43 226
735 37 228
733 34 233
730 37 233
728 37 235
724 37 239
726 29 245
721 27 252
719 29 252
717 31 252
714 35 251
711 39 250
712 35 253
707 38 255
700 44 256
698 41 261
694 37 269
696 35 269
693 33 274
694 31 275
687 33 280
686 35 279
681 36 283
680 40 280
671 43 286
668 46 286
659 51 290
652 55 293
648 52 300
645 46 309
642 45 313
636 51 313
630 59 311
627 56 317
620 57 323
618 54 328
616 50 334
618 50 332
618 51 331
620 51 329
621 56 323
618 56 326
614 49 337
616 39 345
618 38 344
622 37 341
619 40 341
618 41 341
619 38 343
621 39 340
623 42 335
624 43 333
631 42 327
629 39 332
622 40 338
618 42 340
624 38 338
626 37 337
631 34 335
632 30 338
638 29 333
638 27 335
636 24 340
637 22 341
