1000 0 0
1000 0 0
1000 0 0
1000 0 0
1000 0 0
1000 0 0
1000 0 0
1000 0 0
1000 0 0
1000 0 0
1000 0 0
998 2 0
998 1 1
995 4 1
994 3 3
994 2 4
994 2 4
995 1 4
995 0 5
994 1 5
989 6 5
984 9 7
975 14 11
969 18 13
962 23 15
952 29 19
944 33 23
932 41 27
919 43 38
911 45 44
902 43 55
893 43 64
879 47 74
867 51 82
843 66 91
826 80 94
806 88 106
791 89 120
779 84 137
770 84 146
748 98 154
724 110 166
702 110 188
675 115 210
642 134 224
626 133 241
602 138 260
592 139 269
569 151 280
546 160 294
532 161 307
523 148 329
515 133 352
500 136 364
492 128 380
487 114 399
476 107 417
477 102 421
477 95 428
477 90 433
474 83 443
476 77 447
481 78 441
480 74 446
480 70 450
480 70 450
480 60 460
487 60 453
489 61 450
496 58 446
498 51 451
503 47 450
504 49 447
507 46 447
512 39 449
513 37 450
516 34 450
530 31 439
535 26 439
540 24 436
542 22 436
548 18 434
547 21 432
555 22 423
564 22 414
566 24 410
567 21 412
579 22 399
585 20 395
589 19 392
590 18 392
587 18 395
590 14 396
596 12 392
599 12 389
602 14 384
608 14 378
611 15 374
616 15 369
626 14 360
628 12 360
628 16 356
633 14 353
638 16 346
637 20 343
641 14 345
647 16 337
654 16 330
655 16 329
659 10 331
665 12 323
672 12 316
675 12 313
678 15 307
684 11 305
687 13 300
691 13 296
696 11 293
699 11 290
703 11 286
708 10 282
711 12 277
708 13 279
711 12 277
710 14 276
719 14 267
723 15 262
723 15 262
725 13 262
729 17 254
727 20 253
728 20 252
729 20 251
722 27 251
728 19 253
724 23 253
717 28 255
713 31 256
716 28 256
720 26 254
715 26 259
718 24 258
717 23 260
724 22 254
720 24 256
719 25 256
721 23 256
721 25 254
719 30 251
720 28 252
724 29 247
721 32 247
718 34 248
714 36 250
717 35 248
715 36 249
709 37 254
708 39 253
702 40 258
699 49 252
699 46 255
690 47 263
683 49 268
682 46 272
684 46 270
677 48 275
676 47 277
676 44 280
665 47 288
671 45 284
666 48 286
654 53 293
648 54 298
641 58 301
637 55 308
637 52 311
641 48 311
643 49 308
638 49 313
634 48 318
629 47 324
629 40 331
629 37 334
619 39 342
613 39 348
614 40 346
617 41 342
619 43 338
622 45 333
622 47 331
622 47 331
622 48 330
619 47 334
617 46 337
610 53 337
607 55 338
607 49 344
607 51 342
604 49 347
606 53 341
606 50 344
604 47 349
602 50 348
606 44 350
606 46 348
604 42 354
603 42 355
596 48 356
589 53 358
585 49 366
588 44 368
583 48 369
584 46 370
586 46 368
587 42 371
595 39 366
599 39 362
592 42 366
593 44 363
589 45 366
589 44 367
593 41 366
594 42 364
602 37 361
602 38 360
603 37 360
606 29 365
600 37 363
597 41 362
598 35 367
603 32 365
602 29 369
598 31 371
592 34 374
596 33 371
599 30 371
599 34 367
595 32 373
603 32 365
608 32 360
606 34 360
603 31 366
599 33 368
607 32 361
608 30 362
610 30 360
614 29 357
618 31 351
624 28 348
627 31 342
626 29 345
631 27 342
633 24 343
635 23 342
634 26 340
637 24 339
636 26 338
639 29 332
644 24 332
643 29 328
645 28 327
643 27 330
645 29 326
643 33 324
638 37 325
634 35 331
630 38 332
626 45 329
625 43 332
620 43 337
621 42 337
623 44 333
631 37 332
629 37 334
629 40 331
632 38 330
634 38 328
631 40 329
632 38 330
624 42 334
624 44 332
625 42 333
626 41 333
630 34 336
626 31 343
623 32 345
623 31 346
622 31 347
626 29 345
623 33 344
625 28 347
627 27 346
626 27 347
629 24 347
631 28 341
637 20 343
638 19 343
639 24 337
644 25 331
648 26 326
649 24 327
651 23 326
651 19 330
653 19 328
653 19 328
660 20 320
663 18 319
667 16 317
672 16 312
677 17 306
683 15 302
683 15 302
683 19 298
682 20 298
678 20 302
677 21 302
679 27 294
677 27 296
683 27 290
685 25 290
682 27 291
683 29 288
685 27 288
688 29 283
695 26 279
695 25 280
699 24 277
701 23 276
701 21 278
703 21 276
709 17 274
711 18 271
711 17 272
715 15 270
718 19 263
716 22 262
717 22 261
719 21 260
719 22 259
710 25 265
713 21 266
717 21 262
712 28 260
707 31 262
700 35 265
694 39 267
687 36 277
689 36 275
685 34 281
678 35 287
677 38 285
673 47 280
670 50 280
667 46 287
664 49 287
654 53 293
645 58 297
646 54 300
648 53 299
639 57 304
632 58 310
630 50 320
631 45 324
627 48 325
625 44 331
622 45 333
620 43 337
620 41 339
619 39 342
615 45 340
608 48 344
609 46 345
605 51 344
605 51 344
603 48 349
602 41 357
603 45 352
609 42 349
610 34 356
614 35 351
612 37 351
615 37 348
617 40 343
609 36 355
612 29 359
617 28 355
620 27 353
626 26 348
627 25 348
630 25 345
626 27 347
632 23 345
632 25 343
635 25 340
640 21 339
647 17 336
647 16 337
650 17 333
654 19 327
654 23 323
660 23 317
665 22 313
664 21 315
669 21 310
675 21 304
677 21 302
676 19 305
673 22 305
669 24 307
672 28 300
674 27 299
680 28 292
680 28 292
687 26 287
685 28 287
687 31 282
685 35 280
684 36 280
682 34 284
681 29 290
684 28 288
683 28 289
686 23 291
688 27 285
695 23 282
699 24 277
702 25 273
699 29 272
700 28 272
690 37 273
687 35 278
682 38 280
680 36 284
673 39 288
671 32 297
672 32 296
679 31 290
683 29 288
680 31 289
689 27 284
692 27 281
689 28 283
692 30 278
697 29 274
696 30 274
699 24 277
703 21 276
707 20 273
706 21 273
708 21 271
712 20 268
713 17 270
722 16 262
725 14 261
729 12 259
730 16 254
736 14 250
736 12 252
742 8 250
749 6 245
754 4 242
756 8 236
760 9 231
761 11 228
761 9 230
760 10 230
761 10 229
759 11 230
759 12 229
761 13 226
762 15 223
761 21 218
760 19 221
759 20 221
756 19 225
757 19 224
756 18 226
759 17 224
766 18 216
767 14 219
761 20 219
759 21 220
756 27 217
755 30 215
756 31 213
753 31 216
755 28 217
754 24 222
754 22 224
754 25 221
752 26 222
753 25 222
752 25 223
744 30 226
741 32 227
732 38 230
729 40 231
728 37 235
724 35 241
721 36 243
720 36 244
716 41 243
710 42 248
710 41 249
712 36 252
712 32 256
710 32 258
710 28 262
709 29 262
710 23 267
710 22 268
708 21 271
707 24 269
710 24 266
711 23 266
715 19 266
711 20 269
709 25 266
706 28 266
702 32 266
697 37 266
692 35 273
686 41 273
678 51 271
674 48 278
670 54 276
659 62 279
649 70 281
641 76 283
634 71 295
628 69 303
623 69 308
620 70 310
611 67 322
606 74 320
599 79 322
590 74 336
586 73 341
582 71 347
590 59 351
593 51 356
596 44 360
591 46 363
588 46 366
584 49 367
587 47 366
588 47 365
589 50 361
588 43 369
592 33 375
589 35 376
595 34 371
593 36 371
597 32 371
593 40 367
591 42 367
600 41 359
599 41 360
601 37 362
602 37 361
597 40 363
594 40 366
595 35 370
602 34 364
602 30 368
603 30 367
603 34 363
611 26 363
610 23 367
613 28 359
614 26 360
617 23 360
619 22 359
618 22 360
618 24 358
622 24 354
623 21 356
627 20 353
627 22 351
631 21 348
637 18 345
639 19 342
634 24 342
634 24 342
640 21 339
643 20 337
647 19 334
649 19 332
653 17 330
655 17 328
656 18 326
655 20 325
657 20 323
655 22 323
651 23 326
655 20 325
658 20 322
658 20 322
663 20 317
665 21 314
668 20 312
669 18 313
671 21 308
674 23 303
666 31 303
661 38 301
665 37 298
670 43 287
673 43 284
670 43 287
661 48 291
661 44 295
665 41 294
660 42 298
651 48 301
645 48 307
639 45 316
634 40 326
631 45 324
621 44 335
617 44 339
612 45 343
610 41 349
616 38 346
619 33 348
617 36 347
617 35 348
615 36 349
612 37 351
611 40 349
611 40 349
615 38 347
615 36 349
617 36 347
620 37 343
621 34 345
623 30 347
626 35 339
626 34 340
627 31 342
633 30 337
635 27 338
640 19 341
646 18 336
651 21 328
656 18 326
660 21 319
664 22 314
667 20 313
671 18 311
672 17 311
679 17 304
681 16 303
677 17 306
685 16 299
689 15 296
689 18 293
689 19 292
683 24 293
684 24 292
685 26 289
690 26 284
692 28 280
701 29 270
704 24 272
701 27 272
697 30 273
690 36 274
689 33 278
689 34 277
686 33 281
683 36 281
685 36 279
685 36 279
684 35 281
681 38 281
678 34 288
680 28 292
674 28 298
675 26 299
676 23 301
681 23 296
685 21 294
685 25 290
688 26 286
690 28 282
693 32 275
689 32 279
681 36 283
680 36 284
684 34 282
680 37 283
681 33 286
685 34 281
687 32 281
683 34 283
685 34 281
686 31 283
684 29 287
687 25 288
688 24 288
682 29 289
684 20 296
684 21 295
686 19 295
691 20 289
685 26 289
683 25 292
677 31 292
675 32 293
674 34 292
675 30 295
673 37 290
683 31 286
681 35 284
683 35 282
681 34 285
678 39 283
674 42 284
674 40 286
674 39 287
675 39 286
673 38 289
680 34 286
676 37 287
668 43 289
670 40 290
668 33 299
664 35 301
666 37 297
664 35 301
668 35 297
670 36 294
674 38 288
673 34 293
670 37 293
666 40 294
670 33 297
673 33 294
668 37 295
666 39 295
662 45 293
661 41 298
658 43 299
663 40 297
669 34 297
669 30 301
666 35 299
660 37 303
668 31 301
663 30 307
670 26 304
674 25 301
674 28 298
675 31 294
676 28 296
678 28 294
678 31 291
681 30 289
678 27 295
680 26 294
685 25 290
689 22 289
692 23 285
694 22 284
692 22 286
694 22 284
693 22 285
691 21 288
693 23 284
690 23 287
687 21 292
685 20 295
688 19 293
695 18 287
694 15 291
695 14 291
697 17 286
702 18 280
701 17 282
705 19 276
705 18 277
703 20 277
701 22 277
696 29 275
697 30 273
702 28 270
699 32 269
699 25 276
695 27 278
696 21 283
699 18 283
702 16 282
706 15 279
715 15 270
716 15 269
721 20 259
723 19 258
724 22 254
725 21 254
729 21 250
728 18 254
734 14 252
737 15 248
740 16 244
743 13 244
744 8 248
749 11 240
742 18 240
740 19 241
733 23 244
734 26 240
733 29 238
734 29 237
732 31 237
730 32 238
729 34 237
728 33 239
731 30 239
727 32 241
729 34 237
730 30 240
735 26 239
730 31 239
727 34 239
721 36 243
717 39 244
714 37 249
708 45 247
707 45 248
702 47 251
697 48 255
688 50 262
682 49 269
680 50 270
681 47 272
670 54 276
661 57 282
659 51 290
655 49 296
657 44 299
653 47 300
654 45 301
654 45 301
652 41 307
651 43 306
647 44 309
645 46 309
644 47 309
639 50 311
635 48 317
633 47 320
625 52 323
631 42 327
624 41 335
622 41 337
621 43 336
620 39 341
627 37 336
626 36 338
622 37 341
624 37 339
621 38 341
618 40 342
621 35 344
617 38 345
613 43 344
612 41 347
616 38 346
617 37 346
618 30 352
619 30 351
619 32 349
618 28 354
622 20 358
630 13 357
635 13 352
643 12 345
647 12 341
653 9 338
652 12 336
657 14 329
662 16 322
661 19 320
659 24 317
663 22 315
670 22 308
670 22 308
664 24 312
664 25 311
661 33 306
652 42 306
651 39 310
654 43 303
659 43 298
653 45 302
651 45 304
643 49 308
642 43 315
642 46 312
644 44 312
644 43 313
638 52 310
634 49 317
637 51 312
638 46 316
636 47 317
634 41 325
639 37 324
646 31 323
652 27 321
649 30 321
650 30 320
650 28 322
658 26 316
651 27 322
655 23 322
657 22 321
661 23 316
657 25 318
660 25 315
657 27 316
655 28 317
656 27 317
660 29 311
662 32 306
663 34 303
660 34 306
660 31 309
657 37 306
660 30 310
658 30 312
650 36 314
651 38 311
656 32 312
659 34 307
658 31 311
661 31 308
662 30 308
661 29 310
662 26 312
667 25 308
667 26 307
676 26 298
673 27 300
679 26 295
682 24 294
681 26 293
686 26 288
687 24 289
686 21 293
691 23 286
690 22 288
682 27 291
681 28 291
683 27 290
684 30 286
683 27 290
686 20 294
688 20 292
687 19 294
690 14 296
696 12 292
701 12 287
711 10 279
716 8 276
722 8 270
721 10 269
725 10 265
727 10 263
732 11 257
734 9 257
737 9 254
736 12 252
744 14 242
752 12 236
751 13 236
748 15 237
753 14 233
754 14 232
747 21 232
749 16 235
750 12 238
751 17 232
750 20 230
753 19 228
755 18 227
755 21 224
749 25 226
744 23 233
740 25 235
741 25 234
741 23 236
744 26 230
744 27 229
746 24 230
747 28 225
750 28 222
743 34 223
744 35 221
739 39 222
