995 5 0
994 6 0
990 9 1
987 11 2
983 11 6
978 14 8
968 22 10
949 39 12
926 55 19
903 70 27
854 110 36
810 141 49
768 161 71
733 168 99
704 162 134
684 162 154
662 163 175
638 160 202
624 157 219
610 148 242
598 143 259
576 144 280
558 136 306
551 127 322
543 111 346
537 114 349
541 105 354
544 94 362
544 88 368
549 82 369
544 75 381
539 68 393
533 69 398
529 67 404
522 70 408
520 62 418
517 64 419
519 62 419
518 60 422
513 61 426
519 43 438
527 41 432
526 41 433
527 43 430
525 40 435
528 37 435
528 38 434
534 31 435
542 26 432
546 27 427
554 26 420
558 25 417
561 24 415
569 20 411
575 21 404
585 18 397
592 18 390
602 17 381
609 14 377
615 13 372
621 10 369
625 10 365
632 9 359
637 8 355
640 6 354
646 5 349
655 3 342
659 4 337
667 3 330
673 2 325
678 2 320
678 4 318
683 3 314
687 1 312
695 2 303
704 1 295
706 1 293
712 1 287
717 1 282
723 2 275
722 8 270
721 12 267
723 11 266
727 13 260
727 15 258
729 16 255
730 17 253
731 15 254
732 15 253
739 10 251
746 9 245
748 7 245
753 5 242
755 6 239
755 10 235
756 11 233
757 9 234
758 7 235
763 5 232
769 6 225
775 5 220
778 6 216
780 7 213
783 6 211
786 4 210
792 3 205
792 5 203
781 14 205
781 14 205
785 14 201
777 22 201
769 30 201
764 35 201
760 36 204
756 40 204
750 50 200
734 57 209
726 60 214
712 73 215
698 78 224
683 77 240
672 84 244
655 91 254
641 98 261
626 108 266
611 108 281
605 106 289
594 107 299
592 105 303
583 101 316
573 102 325
563 98 339
566 94 340
565 89 346
569 81 350
562 78 360
554 75 371
545 78 377
538 77 385
543 66 391
542 62 396
540 55 405
541 51 408
543 53 404
545 46 409
545 40 415
543 42 415
544 43 413
546 45 409
560 39 401
563 34 403
570 27 403
575 20 405
579 18 403
584 19 397
592 18 390
597 18 385
600 16 384
599 19 382
601 23 376
603 23 374
609 25 366
610 27 363
614 21 365
616 23 361
620 19 361
622 21 357
627 19 354
629 19 352
633 17 350
634 20 346
638 19 343
642 22 336
645 20 335
642 27 331
641 27 332
644 20 336
647 19 334
655 18 327
661 17 322
668 19 313
669 16 315
671 16 313
672 20 308
673 19 308
678 13 309
686 12 302
689 11 300
695 7 298
704 7 289
708 4 288
710 3 287
712 2 286
715 2 283
718 1 281
719 1 280
724 1 275
732 1 267
734 1 265
738 1 261
744 0 256
751 0 249
759 0 241
766 0 234
769 0 231
773 0 227
780 0 220
785 0 215
788 0 212
790 0 210
792 0 208
797 0 203
801 0 199
806 0 194
811 0 189
818 0 182
820 0 180
820 0 180
821 0 179
824 0 176
827 0 173
827 0 173
832 0 168
833 0 167
834 0 166
836 0 164
841 0 159
841 0 159
844 0 156
846 0 154
849 0 151
854 0 146
856 0 144
858 0 142
863 0 137
865 0 135
865 0 135
866 0 134
869 0 131
871 0 129
873 0 127
877 0 123
879 0 121
882 0 118
882 0 118
884 0 116
884 0 116
886 0 114
887 0 113
889 0 111
892 0 108
894 0 106
896 0 104
898 0 102
900 0 100
900 0 100
901 0 99
902 0 98
904 0 96
907 0 93
909 0 91
910 0 90
913 0 87
914 0 86
914 0 86
915 0 85
915 0 85
917 0 83
917 0 83
919 0 81
921 0 79
921 0 79
922 0 78
924 0 76
925 0 75
926 0 74
926 0 74
928 0 72
928 0 72
928 0 72
928 0 72
928 0 72
931 0 69
931 0 69
933 0 67
935 0 65
937 0 63
937 0 63
937 0 63
937 0 63
938 0 62
938 0 62
942 0 58
942 0 58
943 0 57
945 0 55
945 0 55
946 0 54
947 0 53
947 0 53
948 0 52
948 0 52
949 0 51
950 0 50
951 0 49
952 0 48
954 0 46
954 0 46
955 0 45
955 0 45
956 0 44
956 0 44
956 0 44
956 0 44
956 0 44
956 0 44
959 0 41
961 0 39
961 0 39
961 0 39
961 0 39
962 0 38
963 0 37
965 0 35
966 0 34
967 0 33
969 0 31
970 0 30
971 0 29
972 0 28
973 0 27
973 0 27
973 0 27
973 0 27
973 0 27
973 0 27
973 0 27
973 0 27
974 0 26
974 0 26
975 0 25
976 0 24
976 0 24
976 0 24
976 0 24
976 0 24
976 0 24
976 0 24
976 0 24
978 0 22
978 0 22
978 0 22
978 0 22
978 0 22
978 0 22
979 0 21
979 0 21
979 0 21
979 0 21
979 0 21
980 0 20
982 0 18
982 0 18
982 0 18
982 0 18
982 0 18
982 0 18
982 0 18
982 0 18
983 0 17
983 0 17
983 0 17
983 0 17
985 0 15
985 0 15
985 0 15
985 0 15
985 0 15
985 0 15
985 0 15
985 0 15
985 0 15
986 0 14
987 0 13
987 0 13
987 0 13
987 0 13
987 0 13
987 0 13
987 0 13
987 0 13
987 0 13
987 0 13
987 0 13
987 0 13
987 0 13
987 0 13
987 0 13
987 0 13
988 0 12
988 0 12
988 0 12
989 0 11
990 0 10
990 0 10
991 0 9
992 0 8
992 0 8
993 0 7
993 0 7
993 0 7
993 0 7
993 0 7
994 0 6
994 0 6
994 0 6
994 0 6
996 0 4
996 0 4
996 0 4
996 0 4
997 0 3
997 0 3
997 0 3
997 0 3
997 0 3
997 0 3
997 0 3
997 0 3
997 0 3
997 0 3
997 0 3
997 0 3
997 0 3
997 0 3
997 0 3
997 0 3
997 0 3
997 0 3
997 0 3
997 0 3
997 0 3
997 0 3
997 0 3
997 0 3
997 0 3
997 0 3
997 0 3
997 0 3
997 0 3
998 0 2
998 0 2
998 0 2
998 0 2
998 0 2
998 0 2
998 0 2
998 0 2
998 0 2
998 0 2
998 0 2
998 0 2
998 0 2
998 0 2
998 0 2
998 0 2
998 0 2
998 0 2
998 0 2
998 0 2
998 0 2
999 0 1
999 0 1
999 0 1
999 0 1
999 0 1
999 0 1
999 0 1
999 0 1
999 0 1
999 0 1
999 0 1
999 0 1
999 0 1
999 0 1
999 0 1
999 0 1
999 0 1
999 0 1
999 0 1
999 0 1
999 0 1
999 0 1
999 0 1
999 0 1
999 0 1
999 0 1
999 0 1
999 0 1
999 0 1
999 0 1
999 0 1
999 0 1
999 0 1
999 0 1
999 0 1
999 0 1
999 0 1
999 0 1
999 0 1
999 0 1
999 0 1
999 0 1
999 0 1
999 0 1
999 0 1
999 0 1
999 0 1
999 0 1
999 0 1
999 0 1
999 0 1
999 0 1
999 0 1
999 0 1
999 0 1
999 0 1
999 0 1
999 0 1
999 0 1
999 0 1
999 0 1
999 0 1
1000 0 0
1000 0 0
1000 0 0
1000 0 0
1000 0 0
1000 0 0
1000 0 0
1000 0 0
1000 0 0
1000 0 0
1000 0 0
1000 0 0
1000 0 0
1000 0 0
1000 0 0
1000 0 0
1000 0 0
1000 0 0
1000 0 0
1000 0 0
1000 0 0
1000 0 0
1000 0 0
1000 0 0
1000 0 0
1000 0 0
1000 0 0
1000 0 0
1000 0 0
1000 0 0
1000 0 0
1000 0 0
1000 0 0
1000 0 0
1000 0 0
1000 0 0
1000 0 0
1000 0 0
1000 0 0
1000 0 0
1000 0 0
1000 0 0
1000 0 0
1000 0 0
1000 0 0
1000 0 0
1000 0 0
1000 0 0
1000 0 0
1000 0 0
1000 0 0
1000 0 0
1000 0 0
1000 0 0
1000 0 0
1000 0 0
1000 0 0
1000 0 0
1000 0 0
1000 0 0
1000 0 0
1000 0 0
1000 0 0
1000 0 0
1000 0 0
1000 0 0
1000 0 0
1000 0 0
1000 0 0
1000 0 0
1000 0 0
1000 0 0
1000 0 0
1000 0 0
1000 0 0
1000 0 0
1000 0 0
1000 0 0
1000 0 0
1000 0 0
1000 0 0
1000 0 0
1000 0 0
1000 0 0
1000 0 0
1000 0 0
1000 0 0
1000 0 0
1000 0 0
1000 0 0
1000 0 0
1000 0 0
1000 0 0
1000 0 0
1000 0 0
1000 0 0
1000 0 0
1000 0 0
1000 0 0
1000 0 0
1000 0 0
1000 0 0
1000 0 0
1000 0 0
1000 0 0
1000 0 0
1000 0 0
1000 0 0
1000 0 0
1000 0 0
1000 0 0
1000 0 0
1000 0 0
1000 0 0
1000 0 0
1000 0 0
1000 0 0
1000 0 0
1000 0 0
1000 0 0
1000 0 0
1000 0 0
1000 0 0
1000 0 0
1000 0 0
1000 0 0
1000 0 0
1000 0 0
1000 0 0
1000 0 0
1000 0 0
1000 0 0
1000 0 0
1000 0 0
1000 0 0
1000 0 0
1000 0 0
1000 0 0
1000 0 0
1000 0 0
1000 0 0
1000 0 0
1000 0 0
1000 0 0
1000 0 0
1000 0 0
1000 0 0
1000 0 0
1000 0 0
1000 0 0
1000 0 0
1000 0 0
1000 0 0
1000 0 0
1000 0 0
1000 0 0
1000 0 0
1000 0 0
1000 0 0
1000 0 0
1000 0 0
1000 0 0
1000 0 0
1000 0 0
1000 0 0
1000 0 0
1000 0 0
1000 0 0
1000 0 0
1000 0 0
1000 0 0
1000 0 0
1000 0 0
1000 0 0
1000 0 0
1000 0 0
1000 0 0
1000 0 0
1000 0 0
1000 0 0
1000 0 0
1000 0 0
1000 0 0
1000 0 0
1000 0 0
1000 0 0
1000 0 0
1000 0 0
1000 0 0
1000 0 0
1000 0 0
1000 0 0
1000 0 0
1000 0 0
1000 0 0
1000 0 0
1000 0 0
1000 0 0
1000 0 0
1000 0 0
1000 0 0
1000 0 0
1000 0 0
1000 0 0
1000 0 0
1000 0 0
1000 0 0
1000 0 0
1000 0 0
1000 0 0
1000 0 0
1000 0 0
1000 0 0
1000 0 0
1000 0 0
1000 0 0
1000 0 0
1000 0 0
1000 0 0
1000 0 0
1000 0 0
1000 0 0
1000 0 0
1000 0 0
1000 0 0
1000 0 0
1000 0 0
1000 0 0
1000 0 0
1000 0 0
1000 0 0
1000 0 0
1000 0 0
1000 0 0
1000 0 0
1000 0 0
1000 0 0
1000 0 0
1000 0 0
1000 0 0
1000 0 0
1000 0 0
1000 0 0
1000 0 0
1000 0 0
1000 0 0
1000 0 0
1000 0 0
1000 0 0
1000 0 0
1000 0 0
1000 0 0
1000 0 0
1000 0 0
1000 0 0
1000 0 0
1000 0 0
1000 0 0
1000 0 0
1000 0 0
1000 0 0
1000 0 0
1000 0 0
1000 0 0
1000 0 0
1000 0 0
1000 0 0
1000 0 0
1000 0 0
1000 0 0
1000 0 0
1000 0 0
1000 0 0
1000 0 0
1000 0 0
1000 0 0
1000 0 0
1000 0 0
1000 0 0
1000 0 0
1000 0 0
1000 0 0
1000 0 0
1000 0 0
1000 0 0
1000 0 0
1000 0 0
1000 0 0
1000 0 0
1000 0 0
1000 0 0
1000 0 0
1000 0 0
1000 0 0
1000 0 0
1000 0 0
1000 0 0
1000 0 0
1000 0 0
1000 0 0
1000 0 0
1000 0 0
1000 0 0
1000 0 0
1000 0 0
1000 0 0
1000 0 0
1000 0 0
1000 0 0
1000 0 0
1000 0 0
1000 0 0
1000 0 0
1000 0 0
1000 0 0
1000 0 0
1000 0 0
1000 0 0
1000 0 0
1000 0 0
1000 0 0
1000 0 0
1000 0 0
1000 0 0
1000 0 0
1000 0 0
1000 0 0
1000 0 0
1000 0 0
1000 0 0
1000 0 0
1000 0 0
1000 0 0
1000 0 0
1000 0 0
1000 0 0
1000 0 0
1000 0 0
1000 0 0
1000 0 0
1000 0 0
1000 0 0
1000 0 0
1000 0 0
1000 0 0
1000 0 0
1000 0 0
1000 0 0
1000 0 0
1000 0 0
1000 0 0
1000 0 0
1000 0 0
1000 0 0
1000 0 0
1000 0 0
1000 0 0
1000 0 0
1000 0 0
1000 0 0
1000 0 0
1000 0 0
1000 0 0
1000 0 0
1000 0 0
1000 0 0
1000 0 0
1000 0 0
1000 0 0
1000 0 0
1000 0 0
1000 0 0
1000 0 0
1000 0 0
1000 0 0
1000 0 0
1000 0 0
1000 0 0
1000 0 0
1000 0 0
1000 0 0
1000 0 0
1000 0 0
1000 0 0
1000 0 0
1000 0 0
1000 0 0
1000 0 0
1000 0 0
1000 0 0
1000 0 0
1000 0 0
1000 0 0
1000 0 0
1000 0 0
1000 0 0
1000 0 0
1000 0 0
1000 0 0
1000 0 0
1000 0 0
1000 0 0
1000 0 0
1000 0 0
1000 0 0
1000 0 0
1000 0 0
1000 0 0
1000 0 0
1000 0 0
1000 0 0
1000 0 0
1000 0 0
1000 0 0
1000 0 0
1000 0 0
1000 0 0
1000 0 0
1000 0 0
1000 0 0
1000 0 0
1000 0 0
1000 0 0
1000 0 0
1000 0 0
1000 0 0
1000 0 0
1000 0 0
1000 0 0
1000 0 0
1000 0 0
1000 0 0
1000 0 0
1000 0 0
1000 0 0
1000 0 0
1000 0 0
1000 0 0
1000 0 0
1000 0 0
1000 0 0
1000 0 0
1000 0 0
1000 0 0
1000 0 0
1000 0 0
1000 0 0
1000 0 0
1000 0 0
1000 0 0
1000 0 0
1000 0 0
1000 0 0
1000 0 0
1000 0 0
1000 0 0
1000 0 0
1000 0 0
1000 0 0
1000 0 0
1000 0 0
1000 0 0
1000 0 0
1000 0 0
1000 0 0
1000 0 0
1000 0 0
1000 0 0
