995 5 0
994 5 1
994 3 3
994 2 4
993 3 4
992 4 4
991 5 4
990 4 6
988 3 9
984 7 9
977 13 10
966 23 11
952 36 12
929 52 19
911 60 29
887 76 37
850 100 50
824 101 75
795 112 93
777 110 113
752 122 126
737 116 147
717 128 155
700 130 170
683 130 187
658 130 212
643 129 228
628 132 240
617 134 249
605 124 271
589 123 288
579 123 298
573 118 309
563 118 319
552 123 325
542 117 341
538 108 354
533 104 363
534 86 380
533 82 385
527 79 394
524 73 403
521 75 404
515 81 404
515 65 420
510 66 424
509 60 431
516 54 430
522 47 431
523 45 432
535 44 421
541 46 413
546 41 413
556 36 408
555 34 411
562 31 407
563 30 407
565 26 409
576 24 400
578 24 398
578 28 394
581 27 392
587 25 388
593 19 388
601 19 380
600 18 382
608 16 376
613 16 371
618 13 369
622 11 367
623 14 363
626 17 357
627 19 354
626 20 354
628 20 352
632 24 344
634 21 345
633 20 347
639 19 342
637 22 341
641 24 335
643 27 330
645 25 330
646 23 331
654 20 326
654 17 329
660 10 330
665 10 325
670 9 321
670 12 318
678 12 310
683 11 306
683 12 305
683 15 302
684 19 297
691 18 291
686 20 294
687 19 294
689 17 294
689 18 293
689 19 292
690 21 289
686 26 288
683 35 282
680 43 277
672 53 275
668 53 279
668 57 275
663 54 283
662 49 289
664 45 291
658 42 300
657 40 303
660 37 303
662 34 304
667 28 305
667 29 304
670 26 304
663 32 305
665 35 300
668 31 301
666 31 303
667 32 301
667 28 305
667 30 303
666 33 301
669 31 300
664 33 303
670 30 300
666 35 299
672 28 300
671 30 299
671 31 298
672 28 300
672 25 303
674 26 300
675 27 298
679 21 300
683 23 294
682 20 298
683 17 300
683 19 298
686 23 291
688 20 292
688 24 288
692 25 283
697 26 277
696 29 275
695 31 274
689 35 276
680 45 275
678 45 277
676 45 279
671 46 283
671 43 286
667 44 289
659 51 290
659 51 290
654 48 298
650 47 303
648 41 311
648 35 317
644 39 317
650 33 317
653 29 318
654 26 320
650 33 317
654 31 315
655 25 320
665 26 309
666 26 308
666 24 310
665 28 307
666 30 304
663 31 306
664 34 302
670 35 295
669 40 291
663 37 300
656 39 305
650 36 314
649 38 313
650 37 313
651 35 314
653 33 314
648 34 318
648 35 317
654 29 317
649 37 314
651 38 311
652 30 318
656 28 316
658 25 317
665 19 316
666 21 313
666 19 315
668 18 314
676 14 310
682 13 305
689 11 300
690 13 297
694 15 291
694 15 291
685 23 292
683 26 291
683 30 287
682 30 288
676 35 289
675 36 289
671 42 287
668 42 290
662 43 295
653 43 304
650 47 303
638 55 307
630 59 311
618 63 319
615 68 317
612 70 318
601 71 328
597 70 333
586 78 336
583 77 340
583 73 344
584 68 348
583 68 349
581 71 348
583 64 353
583 65 352
588 64 348
580 67 353
582 55 363
579 55 366
584 56 360
587 52 361
580 49 371
581 41 378
582 40 378
591 39 370
596 40 364
596 42 362
603 40 357
607 35 358
614 28 358
613 33 354
604 32 364
615 29 356
618 31 351
619 31 350
623 30 347
623 32 345
628 27 345
631 22 347
632 23 345
637 27 336
640 25 335
642 23 335
637 25 338
640 25 335
643 24 333
643 24 333
647 19 334
657 13 330
661 11 328
671 11 318
678 11 311
678 11 311
679 13 308
682 13 305
686 8 306
686 7 307
690 6 304
693 4 303
694 4 302
698 4 298
702 4 294
707 4 289
713 4 283
715 5 280
717 5 278
719 6 275
722 5 273
727 6 267
727 8 265
728 9 263
731 10 259
733 12 255
734 15 251
729 16 255
728 18 254
722 22 256
722 22 256
717 26 257
710 37 253
708 42 250
699 53 248
686 59 255
675 62 263
662 72 266
660 67 273
647 79 274
644 70 286
640 64 296
635 64 301
632 58 310
630 49 321
631 45 324
628 47 325
630 43 327
633 40 327
631 36 333
630 36 334
626 35 339
627 36 337
624 37 339
625 39 336
621 37 342
615 42 343
609 46 345
606 47 347
608 46 346
608 46 346
607 48 345
607 45 348
605 38 357
605 39 356
605 38 357
613 38 349
612 32 356
614 28 358
617 29 354
627 25 348
627 25 348
628 26 346
634 20 346
635 17 348
635 17 348
641 17 342
641 17 342
642 13 345
646 12 342
651 13 336
652 13 335
653 13 334
658 10 332
662 8 330
662 12 326
665 13 322
672 11 317
676 12 312
678 10 312
688 10 302
689 11 300
690 13 297
692 16 292
690 20 290
683 25 292
680 27 293
674 35 291
671 35 294
670 34 296
667 37 296
666 39 295
669 42 289
671 38 291
673 38 289
675 36 289
674 37 289
669 38 293
675 33 292
671 36 293
673 35 292
670 38 292
670 40 290
672 37 291
672 36 292
669 39 292
667 41 292
665 40 295
661 41 298
662 40 298
665 41 294
670 37 293
667 36 297
669 37 294
668 40 292
665 46 289
658 49 293
661 45 294
664 44 292
664 43 293
660 47 293
660 39 301
662 36 302
662 31 307
662 34 304
662 34 304
665 30 305
668 23 309
669 20 311
664 28 308
662 30 308
663 28 309
661 26 313
663 27 310
667 24 309
672 21 307
677 17 306
681 15 304
684 17 299
682 21 297
688 17 295
690 17 293
693 16 291
695 14 291
700 11 289
704 9 287
706 8 286
711 7 282
714 6 280
717 5 278
719 8 273
722 12 266
725 14 261
726 16 258
723 20 257
724 19 257
726 19 255
728 19 253
729 19 252
726 19 255
728 20 252
726 22 252
730 19 251
733 16 251
733 18 249
733 16 251
733 15 252
733 16 251
732 19 249
732 21 247
733 18 249
732 22 246
734 23 243
727 29 244
727 29 244
719 38 243
708 43 249
698 42 260
694 41 265
691 45 264
690 41 269
686 45 269
686 49 265
687 49 264
680 50 270
672 54 274
665 56 279
661 59 280
661 53 286
658 54 288
649 58 293
642 60 298
636 59 305
626 72 302
609 81 310
592 89 319
589 86 325
580 93 327
570 96 334
559 89 352
556 89 355
548 87 365
544 87 369
541 80 379
546 68 386
551 63 386
548 68 384
549 68 383
548 65 387
547 58 395
548 54 398
551 52 397
554 49 397
558 50 392
560 49 391
566 44 390
575 40 385
577 35 388
580 30 390
581 26 393
589 22 389
591 21 388
593 22 385
594 25 381
595 30 375
595 30 375
598 26 376
600 25 375
602 21 377
607 18 375
606 21 373
608 22 370
610 19 371
611 21 368
608 24 368
612 25 363
614 23 363
615 23 362
615 19 366
615 24 361
614 28 358
616 26 358
612 28 360
611 31 358
609 29 362
615 26 359
618 26 356
620 23 357
623 22 355
625 20 355
631 18 351
632 19 349
636 18 346
636 17 347
636 16 348
638 21 341
644 15 341
652 17 331
651 20 329
658 20 322
659 22 319
657 22 321
660 21 319
660 22 318
665 19 316
669 18 313
672 19 309
673 19 308
678 21 301
684 23 293
687 23 290
683 29 288
687 25 288
691 27 282
689 30 281
700 26 274
708 27 265
710 24 266
718 22 260
718 23 259
722 24 254
724 24 252
727 23 250
723 27 250
722 26 252
720 27 253
720 27 253
718 27 255
712 29 259
712 21 267
714 18 268
716 16 268
719 18 263
719 20 261
720 18 262
718 18 264
712 21 267
703 28 269
702 28 270
695 33 272
690 39 271
690 38 272
687 45 268
681 51 268
677 53 270
665 54 281
650 64 286
645 63 292
640 69 291
637 69 294
625 72 303
624 65 311
623 65 312
618 64 318
600 70 330
591 71 338
581 75 344
584 73 343
579 68 353
577 64 359
579 61 360
575 62 363
574 62 364
571 58 371
572 55 373
570 57 373
566 59 375
567 61 372
561 54 385
560 52 388
568 45 387
570 42 388
564 48 388
561 48 391
562 49 389
566 51 383
564 42 394
569 33 398
572 27 401
576 29 395
579 29 392
579 28 393
583 28 389
585 28 387
588 27 385
595 28 377
597 29 374
598 30 372
600 30 370
603 26 371
603 28 369
605 27 368
608 24 368
607 27 366
607 23 370
608 26 366
605 30 365
601 31 368
599 35 366
599 35 366
594 36 370
588 38 374
592 37 371
588 38 374
590 34 376
588 36 376
586 34 380
585 40 375
584 46 370
588 35 377
586 30 384
588 31 381
586 34 380
590 33 377
589 36 375
582 40 378
581 47 372
579 47 374
575 47 378
573 49 378
581 45 374
584 39 377
587 40 373
585 46 369
575 57 368
572 54 374
576 47 377
581 45 374
582 44 374
593 41 366
595 45 360
598 42 360
590 44 366
591 43 366
594 37 369
595 32 373
601 27 372
601 31 368
600 25 375
602 24 374
605 23 372
613 19 368
622 17 361
626 14 360
626 17 357
626 19 355
629 16 355
632 17 351
635 16 349
637 16 347
639 14 347
647 13 340
651 13 336
654 13 333
660 9 331
665 8 327
669 6 325
674 6 320
680 5 315
691 5 304
698 5 297
704 5 291
712 6 282
720 6 274
723 5 272
728 5 267
730 5 265
736 3 261
739 2 259
740 2 258
743 2 255
745 2 253
747 5 248
755 6 239
761 8 231
764 10 226
764 10 226
766 11 223
770 11 219
771 9 220
770 9 221
776 9 215
780 6 214
781 7 212
785 6 209
786 10 204
790 11 199
790 11 199
794 12 194
797 10 193
801 10 189
802 9 189
803 10 187
803 10 187
804 7 189
804 8 188
809 10 181
806 12 182
802 16 182
803 13 184
801 16 183
800 17 183
799 23 178
797 21 182
797 22 181
792 28 180
791 29 180
780 36 184
775 40 185
768 43 189
757 52 191
744 63 193
732 69 199
729 64 207
718 65 217
707 63 230
699 63 238
686 71 243
672 81 247
663 83 254
656 81 263
649 85 266
639 88 273
630 91 279
620 90 290
618 87 295
613 82 305
607 82 311
601 81 318
592 79 329
589 80 331
587 74 339
581 67 352
584 53 363
587 44 369
586 40 374
585 38 377
581 44 375
581 42 377
582 37 381
580 40 380
582 38 380
577 36 387
572 35 393
581 37 382
581 34 385
586 32 382
582 32 386
585 31 384
584 29 387
591 28 381
591 29 380
590 31 379
593 30 377
590 33 377
595 29 376
598 30 372
599 28 373
596 33 371
594 34 372
593 29 378
599 29 372
599 32 369
604 28 368
608 30 362
613 28 359
616 30 354
618 33 349
624 29 347
627 29 344
632 30 338
631 31 338
639 29 332
644 21 335
647 20 333
643 22 335
648 23 329
654 23 323
658 23 319
662 26 312
665 22 313
667 21 312
668 20 312
668 21 311
667 23 310
669 21 310
674 21 305
674 19 307
675 15 310
680 11 309
684 13 303
686 13 301
691 14 295
697 12 291
703 9 288
703 8 289
705 6 289
710 6 284
712 6 282
710 9 281
717 8 275
723 7 270
727 7 266
728 7 265
730 7 263
731 5 264
737 6 257
741 7 252
746 6 248
746 9 245
747 10 243
750 12 238
750 12 238
750 11 239
755 8 237
760 5 235
763 4 233
767 4 229
774 3 223
778 3 219
782 3 215
784 3 213
788 4 208
788 6 206
785 9 206
786 10 204
785 13 202
785 14 201
789 15 196
790 16 194
791 15 194
789 17 194
788 19 193
786 23 191
787 18 195
784 21 195
779 23 198
779 19 202
780 21 199
780 23 197
778 19 203
779 19 202
774 25 201
772 25 203
771 26 203
770 28 202
767 32 201
765 34 201
760 35 205
752 35 213
747 39 214
737 45 218
736 41 223
729 44 227
725 47 228
721 51 228
714 55 231
704 55 241
700 53 247
692 58 250
689 56 255
688 54 258
688 47 265
684 49 267
675 51 274
671 50 279
666 46 288
661 45 294
658 45 297
649 46 305
641 50 309
638 46 316
636 43 321
632 43 325
635 37 328
638 31 331
639 34 327
634 33 333
631 30 339
626 34 340
626 37 337
621 43 336
621 43 336
621 33 346
624 31 345
626 30 344
627 29 344
631 28 341
638 21 341
640 19 341
644 18 338
649 18 333
655 16 329
654 15 331
660 11 329
660 13 327
654 19 327
651 25 324
659 29 312
662 31 307
655 34 311
658 30 312
660 28 312
657 31 312
658 32 310
657 30 313
656 27 317
660 21 319
663 23 314
672 24 304
676 22 302
679 23 298
685 18 297
692 15 293
693 12 295
700 12 288
705 12 283
709 12 279
704 16 280
707 14 279
709 11 280
709 12 279
713 10 277
714 7 279
715 11 274
717 13 270
721 12 267
727 12 261
732 10 258
736 10 254
738 11 251
738 16 246
735 22 243
734 20 246
732 21 247
730 25 245
730 24 246
729 24 247
730 23 247
730 25 245
726 28 246
724 33 243
718 35 247
712 40 248
711 38 251
705 42 253
707 42 251
702 48 250
691 55 254
680 55 265
678 55 267
670 59 271
668 60 272
667 55 278
660 54 286
653 56 291
647 56 297
643 57 300
644 50 306
643 47 310
646 40 314
646 44 310
647 41 312
653 41 306
649 41 310
649 42 309
650 47 303
650 46 304
647 44 309
650 39 311
