1000 0 0
998 2 0
997 2 1
996 2 2
995 3 2
992 5 3
990 5 5
989 5 6
985 9 6
977 13 10
971 15 14
965 17 18
961 15 24
948 25 27
935 34 31
924 36 40
903 49 48
886 60 54
869 66 65
853 73 74
839 76 85
824 80 96
815 79 106
797 87 116
781 84 135
760 90 150
742 91 167
722 97 181
709 92 199
691 103 206
683 102 215
656 114 230
646 107 247
633 108 259
624 105 271
615 99 286
604 99 297
596 88 316
585 84 331
576 85 339
570 81 349
566 75 359
563 71 366
560 69 371
565 65 370
568 55 377
569 56 375
575 51 374
575 53 372
572 52 376
573 47 380
576 48 376
577 43 380
576 42 382
567 45 388
567 44 389
565 42 393
566 40 394
571 39 390
572 39 389
571 43 386
574 40 386
582 38 380
579 42 379
585 32 383
593 35 372
594 41 365
594 40 366
595 44 361
600 37 363
602 35 363
609 33 358
614 31 355
619 30 351
626 31 343
632 30 338
634 30 336
631 32 337
639 25 336
643 21 336
652 15 333
656 16 328
657 17 326
661 17 322
663 15 322
667 12 321
671 13 316
672 14 314
675 12 313
682 12 306
688 12 300
694 11 295
700 10 290
705 13 282
705 13 282
704 14 282
712 13 275
710 15 275
713 16 271
717 14 269
719 13 268
722 12 266
728 12 260
732 11 257
732 13 255
734 9 257
739 7 254
743 8 249
745 7 248
749 8 243
750 7 243
752 6 242
757 6 237
761 9 230
757 13 230
761 11 228
764 9 227
764 7 229
768 8 224
770 10 220
770 15 215
770 15 215
766 17 217
767 21 212
762 27 211
754 35 211
754 36 210
752 33 215
755 32 213
750 29 221
745 31 224
741 33 226
741 32 227
742 30 228
742 32 226
736 36 228
726 40 234
728 39 233
723 41 236
723 42 235
718 45 237
713 41 246
707 44 249
707 46 247
701 50 249
699 46 255
695 48 257
696 49 255
694 49 257
685 57 258
673 64 263
668 65 267
671 58 271
664 52 284
656 58 286
653 57 290
655 53 292
655 56 289
651 57 292
649 53 298
651 49 300
652 47 301
653 48 299
652 46 302
652 47 301
654 45 301
652 47 301
654 43 303
656 44 300
655 47 298
654 54 292
651 53 296
644 53 303
650 45 305
649 39 312
648 37 315
652 37 311
651 37 312
648 42 310
644 41 315
641 45 314
638 49 313
638 49 313
641 45 314
638 48 314
630 45 325
629 44 327
624 51 325
624 52 324
624 49 327
628 46 326
621 46 333
618 45 337
625 38 337
629 39 332
632 36 332
633 29 338
641 29 330
634 33 333
630 38 332
634 36 330
630 41 329
632 38 330
631 37 332
632 38 330
636 34 330
638 33 329
635 36 329
635 34 331
630 40 330
625 38 337
619 40 341
620 44 336
617 42 341
613 45 342
609 45 346
608 41 351
607 44 349
603 49 348
601 46 353
593 50 357
592 46 362
595 46 359
593 48 359
595 44 361
596 39 365
597 38 365
598 38 364
599 43 358
597 42 361
602 35 363
603 34 363
606 35 359
609 32 359
610 30 360
607 32 361
611 34 355
613 33 354
612 33 355
614 31 355
613 32 355
620 28 352
619 28 353
618 31 351
616 35 349
612 32 356
614 31 355
615 31 354
620 27 353
623 30 347
622 29 349
619 32 349
616 32 352
611 38 351
611 37 352
612 36 352
610 39 351
613 33 354
615 30 355
617 28 355
625 25 350
625 22 353
632 23 345
636 24 340
640 24 336
640 23 337
644 25 331
647 25 328
646 23 331
649 21 330
651 26 323
650 28 322
644 34 322
639 43 318
640 40 320
640 44 316
632 53 315
630 49 321
627 50 323
625 49 326
628 48 324
626 46 328
620 51 329
618 46 336
618 44 338
617 34 349
613 38 349
614 37 349
614 34 352
615 31 354
620 31 349
626 31 343
627 33 340
628 30 342
630 26 344
627 25 348
633 20 347
633 20 347
636 14 350
641 13 346
648 13 339
655 10 335
657 12 331
659 12 329
660 13 327
664 11 325
666 12 322
669 12 319
674 11 315
680 11 309
682 11 307
690 9 301
692 9 299
696 9 295
699 13 288
699 15 286
704 16 280
710 16 274
707 14 279
708 17 275
708 20 272
708 22 270
710 23 267
715 20 265
719 17 264
717 19 264
715 23 262
715 28 257
721 26 253
723 28 249
722 26 252
719 27 254
716 26 258
715 24 261
714 22 264
713 22 265
716 19 265
718 21 261
724 19 257
725 18 257
722 21 257
722 27 251
720 30 250
713 32 255
713 24 263
716 28 256
715 32 253
712 34 254
712 35 253
711 34 255
710 33 257
715 30 255
718 30 252
709 33 258
704 32 264
703 34 263
704 32 264
702 31 267
692 38 270
682 47 271
681 45 274
674 45 281
669 54 277
662 56 282
653 57 290
651 50 299
644 47 309
639 49 312
634 50 316
631 47 322
627 49 324
627 43 330
627 37 336
629 37 334
634 37 329
636 36 328
632 37 331
632 37 331
634 35 331
636 35 329
633 38 329
634 35 331
637 32 331
634 35 331
636 32 332
633 35 332
633 31 336
638 28 334
638 27 335
638 28 334
637 32 331
641 29 330
643 29 328
645 25 330
640 30 330
640 35 325
640 37 323
637 40 323
645 37 318
642 41 317
641 41 318
642 36 322
647 34 319
649 34 317
647 33 320
651 30 319
645 35 320
642 39 319
641 34 325
649 34 317
651 34 315
655 36 309
654 38 308
657 36 307
657 36 307
657 36 307
655 28 317
666 29 305
667 27 306
669 30 301
666 36 298
663 40 297
662 39 299
661 43 296
660 39 301
656 40 304
660 38 302
654 44 302
652 41 307
653 40 307
653 42 305
649 48 303
646 47 307
648 41 311
649 35 316
648 36 316
647 33 320
650 35 315
649 35 316
648 30 322
650 34 316
646 35 319
643 32 325
645 35 320
643 34 323
636 43 321
625 51 324
617 55 328
611 61 328
605 66 329
603 60 337
599 61 340
597 62 341
588 63 349
589 60 351
591 51 358
590 50 360
595 43 362
590 44 366
595 42 363
592 43 365
591 43 366
595 37 368
594 41 365
590 43 367
591 38 371
590 38 372
594 38 368
593 35 372
596 36 368
599 30 371
600 34 366
600 33 367
605 33 362
604 34 362
611 28 361
617 27 356
616 28 356
618 25 357
622 22 356
624 19 357
627 17 356
631 15 354
636 15 349
644 14 342
645 14 341
646 12 342
646 14 340
654 12 334
662 12 326
668 11 321
670 10 320
677 9 314
681 9 310
684 7 309
687 8 305
692 8 300
693 6 301
701 4 295
704 5 291
711 5 284
713 4 283
718 4 278
720 4 276
722 5 273
724 7 269
728 6 266
733 7 260
739 8 253
745 9 246
747 12 241
749 8 243
754 7 239
759 7 234
763 6 231
765 6 229
766 7 227
771 7 222
773 7 220
775 7 218
779 7 214
782 7 211
785 5 210
786 6 208
790 6 204
790 7 203
789 8 203
793 6 201
796 7 197
796 7 197
796 10 194
800 10 190
803 10 187
806 10 184
807 10 183
804 12 184
802 14 184
807 16 177
811 12 177
812 8 180
817 8 175
819 8 173
822 9 169
824 8 168
822 8 170
824 8 168
827 7 166
832 6 162
838 4 158
841 3 156
842 5 153
844 4 152
846 4 150
850 5 145
848 6 146
849 5 146
851 2 147
853 3 144
852 4 144
857 4 139
858 4 138
861 4 135
863 5 132
862 7 131
863 8 129
860 11 129
859 12 129
856 14 130
859 14 127
857 17 126
853 19 128
847 23 130
848 19 133
845 20 135
844 23 133
845 22 133
840 22 138
839 20 141
840 16 144
838 19 143
837 18 145
833 21 146
835 20 145
836 18 146
834 21 145
832 19 149
834 16 150
835 14 151
834 14 152
827 20 153
826 17 157
825 14 161
826 16 158
821 20 159
820 15 165
818 18 164
816 19 165
813 24 163
813 19 168
801 29 170
796 37 167
786 45 169
775 49 176
766 48 186
762 45 193
758 47 195
751 42 207
744 50 206
732 61 207
724 64 212
712 71 217
707 67 226
698 65 237
695 62 243
690 58 252
686 56 258
692 58 250
691 51 258
689 51 260
681 56 263
672 61 267
667 62 271
661 61 278
659 62 279
647 67 286
645 58 297
637 60 303
638 59 303
635 63 302
635 66 299
628 65 307
624 65 311
614 68 318
611 66 323
607 62 331
600 65 335
603 56 341
603 56 341
604 62 334
597 67 336
595 61 344
590 53 357
588 57 355
583 62 355
581 55 364
579 57 364
577 57 366
575 57 368
572 55 373
564 53 383
564 51 385
572 52 376
575 56 369
570 61 369
566 60 374
568 58 374
571 55 374
571 48 381
569 48 383
577 39 384
580 37 383
582 38 380
578 41 381
575 41 384
568 41 391
564 46 390
570 45 385
570 44 386
565 43 392
562 42 396
569 35 396
570 35 395
568 35 397
570 34 396
576 31 393
576 27 397
574 29 397
575 31 394
581 30 389
583 29 388
590 24 386
594 26 380
601 25 374
603 27 370
604 25 371
606 25 369
609 23 368
615 24 361
621 23 356
626 18 356
631 19 350
634 15 351
635 15 350
639 13 348
644 8 348
650 7 343
653 6 341
657 7 336
657 7 336
660 9 331
663 10 327
673 9 318
676 14 310
679 15 306
680 11 309
680 14 306
689 15 296
694 15 291
696 15 289
698 18 284
706 12 282
708 11 281
710 11 279
717 11 272
719 9 272
721 8 271
726 9 265
725 11 264
724 15 261
727 16 257
728 18 254
729 17 254
731 20 249
728 21 251
728 26 246
722 30 248
723 32 245
722 28 250
719 29 252
718 30 252
716 34 250
713 36 251
707 37 256
712 29 259
713 28 259
716 29 255
713 29 258
720 30 250
723 31 246
708 42 250
703 41 256
703 43 254
701 38 261
698 43 259
689 49 262
676 61 263
672 56 272
667 58 275
665 54 281
662 49 289
655 57 288
650 54 296
642 56 302
644 47 309
644 46 310
646 44 310
645 44 311
637 46 317
637 48 315
633 50 317
638 44 318
637 42 321
636 40 324
637 39 324
632 46 322
634 47 319
637 47 316
635 43 322
637 41 322
641 40 319
645 36 319
653 34 313
656 30 314
661 29 310
663 28 309
667 27 306
663 35 302
658 39 303
660 36 304
656 31 313
662 29 309
661 32 307
662 34 304
656 39 305
656 39 305
651 47 302
645 48 307
641 50 309
640 48 312
639 46 315
639 44 317
643 37 320
644 37 319
640 40 320
633 38 329
628 42 330
628 39 333
622 44 334
618 41 341
623 44 333
619 45 336
616 43 341
612 43 345
604 50 346
608 43 349
603 40 357
602 44 354
599 44 357
602 39 359
597 39 364
598 38 364
603 31 366
604 32 364
608 30 362
613 27 360
611 27 362
617 27 356
619 26 355
619 28 353
618 29 353
621 28 351
625 28 347
629 26 345
634 26 340
635 24 341
637 24 339
636 26 338
637 28 335
638 26 336
640 23 337
645 19 336
648 20 332
651 15 334
656 14 330
657 14 329
660 18 322
660 15 325
662 14 324
661 14 325
661 16 323
670 13 317
672 16 312
672 20 308
675 22 303
677 25 298
677 24 299
678 26 296
674 27 299
672 29 299
676 30 294
671 35 294
670 36 294
667 38 295
671 39 290
675 31 294
676 32 292
667 42 291
672 35 293
674 35 291
674 29 297
668 34 298
670 32 298
667 35 298
660 35 305
658 38 304
658 35 307
658 31 311
658 29 313
668 29 303
664 29 307
661 33 306
661 36 303
656 46 298
652 46 302
655 40 305
654 41 305
653 45 302
654 41 305
650 42 308
647 40 313
649 37 314
646 41 313
639 49 312
634 50 316
634 53 313
630 54 316
632 44 324
633 41 326
630 46 324
627 44 329
629 43 328
627 40 333
634 40 326
638 39 323
636 39 325
638 40 322
630 43 327
633 35 332
637 39 324
641 35 324
639 37 324
636 41 323
638 40 322
641 39 320
641 38 321
646 32 322
645 28 327
640 32 328
642 30 328
645 28 327
640 36 324
635 40 325
638 35 327
639 38 323
641 36 323
642 39 319
643 35 322
649 30 321
646 32 322
646 31 323
643 34 323
647 32 321
644 36 320
646 39 315
648 38 314
644 37 319
644 35 321
645 30 325
651 30 319
652 31 317
651 32 317
651 33 316
654 30 316
657 23 320
658 23 319
657 26 317
661 26 313
664 27 309
660 24 316
661 19 320
664 17 319
662 23 315
662 25 313
666 28 306
664 33 303
659 39 302
661 42 297
661 43 296
661 43 296
661 38 301
657 37 306
653 43 304
647 45 308
646 41 313
648 40 312
639 49 312
635 48 317
639 40 321
639 43 318
634 40 326
631 42 327
633 41 326
635 40 325
639 42 319
636 43 321
639 42 319
634 49 317
633 48 319
635 36 329
638 33 329
639 31 330
639 27 334
641 26 333
639 26 335
642 23 335
649 21 330
651 20 329
652 22 326
651 25 324
649 29 322
652 26 322
651 26 323
653 24 323
655 23 322
662 19 319
672 17 311
678 18 304
685 14 301
688 13 299
694 7 299
694 8 298
696 9 295
701 10 289
705 11 284
709 13 278
710 12 278
716 9 275
720 11 269
725 11 264
725 12 263
727 15 258
