995 5 0
994 5 1
993 6 1
993 5 2
993 3 4
993 3 4
993 3 4
993 3 4
991 4 5
991 4 5
990 4 6
991 4 5
990 5 5
989 6 5
989 4 7
987 6 7
986 7 7
986 6 8
986 6 8
986 5 9
985 6 9
985 3 12
984 4 12
982 6 12
979 7 14
978 5 17
976 8 16
976 5 19
975 7 18
973 10 17
966 12 22
955 20 25
953 19 28
944 25 31
934 30 36
922 41 37
895 65 40
880 73 47
864 77 59
834 97 69
814 104 82
788 113 99
765 126 109
734 133 133
709 129 162
685 138 177
675 128 197
664 114 222
654 107 239
640 100 260
626 102 272
624 89 287
612 85 303
598 89 313
590 83 327
589 82 329
583 75 342
583 73 344
576 77 347
570 77 353
564 73 363
557 78 365
562 74 364
562 70 368
558 65 377
559 57 384
557 62 381
558 58 384
554 57 389
558 56 386
562 52 386
572 45 383
570 48 382
578 48 374
588 44 368
592 38 370
596 38 366
599 32 369
603 32 365
599 34 367
599 29 372
604 29 367
603 32 365
611 29 360
611 26 363
610 28 362
618 28 354
628 24 348
631 24 345
641 21 338
644 18 338
647 20 333
653 23 324
660 20 320
664 18 318
664 19 317
665 23 312
666 26 308
662 27 311
663 24 313
660 24 316
662 24 314
665 25 310
669 23 308
671 21 308
674 21 305
671 26 303
674 25 301
678 23 299
682 21 297
684 20 296
688 20 292
686 22 292
682 26 292
679 29 292
673 36 291
674 30 296
670 36 294
675 38 287
676 43 281
675 42 283
672 43 285
672 45 283
666 46 288
645 59 296
625 67 308
610 81 309
599 82 319
588 84 328
583 84 333
575 85 340
577 72 351
569 71 360
571 70 359
566 62 372
565 52 383
564 54 382
568 46 386
573 40 387
574 37 389
579 35 386
583 23 394
589 20 391
586 24 390
588 24 388
596 20 384
600 16 384
606 14 380
614 14 372
621 11 368
625 9 366
630 7 363
632 9 359
638 8 354
647 7 346
652 8 340
653 8 339
657 6 337
665 5 330
670 3 327
680 1 319
687 1 312
697 1 302
700 1 299
704 3 293
709 5 286
712 4 284
714 5 281
720 3 277
722 6 272
725 4 271
727 5 268
736 3 261
738 4 258
742 5 253
746 4 250
752 3 245
750 5 245
749 6 245
754 9 237
757 11 232
758 11 231
760 10 230
760 9 231
761 9 230
763 6 231
765 6 229
768 8 224
768 9 223
771 8 221
772 11 217
771 11 218
772 11 217
773 10 217
773 10 217
769 14 217
771 14 215
775 17 208
778 17 205
779 18 203
782 20 198
776 25 199
775 25 200
773 23 204
776 19 205
776 20 204
776 22 202
779 18 203
778 18 204
779 18 203
773 22 205
774 25 201
771 26 203
768 32 200
754 44 202
742 52 206
731 53 216
721 58 221
702 68 230
691 75 234
685 77 238
671 79 250
659 83 258
654 81 265
634 89 277
628 81 291
626 80 294
618 83 299
612 82 306
610 73 317
608 64 328
604 63 333
608 62 330
606 58 336
597 65 338
591 66 343
597 68 335
596 59 345
596 57 347
598 56 346
596 50 354
601 44 355
600 39 361
604 34 362
605 29 366
612 27 361
619 26 355
620 28 352
621 26 353
621 23 356
624 17 359
627 17 356
639 14 347
642 14 344
644 14 342
644 14 342
649 13 338
652 13 335
655 12 333
663 9 328
664 10 326
667 12 321
672 12 316
675 11 314
675 13 312
673 18 309
673 22 305
676 23 301
677 26 297
670 34 296
663 33 304
661 29 310
655 30 315
653 35 312
655 35 310
653 34 313
654 34 312
653 33 314
656 35 309
659 30 311
662 30 308
663 29 308
658 35 307
656 37 307
655 40 305
649 39 312
649 37 314
653 29 318
659 28 313
659 28 313
655 35 310
641 47 312
637 50 313
634 49 317
631 53 316
624 58 318
620 57 323
618 62 320
612 58 330
612 51 337
610 48 342
608 44 348
608 46 346
610 41 349
614 40 346
623 35 342
624 32 344
630 28 342
630 27 343
631 26 343
638 23 339
641 17 342
648 18 334
650 16 334
654 15 331
653 19 328
657 17 326
659 15 326
661 14 325
657 21 322
662 18 320
670 17 313
668 21 311
671 16 313
679 17 304
679 17 304
685 15 300
686 15 299
688 11 301
693 11 296
700 13 287
702 13 285
707 12 281
712 13 275
714 11 275
722 11 267
725 9 266
730 8 262
730 7 263
733 7 260
737 7 256
733 8 259
738 6 256
741 4 255
743 6 251
748 4 248
752 4 244
756 3 241
758 5 237
759 9 232
760 8 232
766 8 226
766 9 225
767 10 223
762 19 219
755 25 220
751 29 220
745 33 222
741 40 219
744 36 220
737 42 221
731 43 226
724 44 232
723 42 235
724 43 233
716 53 231
710 54 236
702 59 239
699 50 251
695 50 255
696 42 262
692 34 274
693 35 272
693 31 276
697 29 274
702 25 273
709 23 268
702 28 270
699 32 269
696 34 270
692 34 274
693 35 272
687 37 276
682 39 279
682 35 283
677 35 288
672 38 290
675 41 284
673 36 291
678 32 290
682 25 293
683 27 290
682 30 288
679 36 285
673 42 285
663 51 286
655 61 284
652 66 282
650 61 289
649 66 285
642 66 292
643 66 291
641 59 300
640 56 304
647 41 312
649 41 310
649 41 310
656 35 309
656 32 312
655 39 306
652 43 305
652 42 306
646 44 310
647 43 310
643 44 313
638 53 309
645 44 311
645 46 309
646 46 308
647 44 309
644 45 311
641 45 314
636 45 319
634 49 317
630 52 318
628 50 322
630 43 327
628 38 334
623 39 338
625 37 338
629 37 334
632 37 331
630 38 332
629 36 335
626 37 337
627 37 336
627 34 339
633 31 336
636 27 337
641 29 330
641 32 327
639 33 328
641 31 328
639 28 333
639 27 334
644 25 331
648 23 329
647 24 329
645 27 328
639 35 326
638 31 331
645 28 327
648 23 329
652 24 324
658 22 320
664 19 317
669 16 315
676 13 311
675 16 309
676 16 308
673 21 306
674 22 304
672 25 303
674 24 302
672 27 301
678 22 300
676 25 299
677 26 297
672 29 299
673 28 299
673 28 299
680 25 295
682 28 290
677 28 295
675 29 296
677 30 293
680 31 289
671 37 292
676 32 292
675 35 290
676 28 296
673 33 294
671 35 294
671 31 298
674 31 295
679 29 292
676 31 293
676 33 291
675 36 289
669 45 286
670 40 290
664 44 292
662 43 295
665 41 294
666 38 296
668 36 296
666 37 297
661 39 300
656 38 306
659 34 307
658 41 301
657 42 301
661 38 301
658 38 304
659 36 305
656 38 306
657 38 305
651 46 303
646 44 310
650 42 308
650 39 311
649 41 310
647 42 311
644 42 314
636 43 321
641 35 324
642 35 323
641 29 330
642 27 331
644 27 329
643 29 328
642 26 332
642 30 328
646 28 326
650 24 326
650 22 328
661 22 317
660 19 321
661 18 321
668 17 315
673 18 309
677 20 303
676 19 305
680 20 300
680 18 302
683 19 298
683 22 295
687 19 294
687 15 298
688 17 295
693 17 290
696 17 287
698 16 286
703 15 282
710 13 277
712 16 272
712 16 272
715 15 270
719 16 265
719 18 263
715 22 263
716 19 265
716 16 268
713 19 268
713 23 264
706 32 262
707 29 264
702 37 261
699 37 264
689 45 266
691 42 267
685 44 271
682 43 275
682 45 273
682 42 276
684 42 274
689 39 272
687 38 275
692 34 274
693 36 271
697 35 268
700 33 267
702 32 266
703 26 271
704 26 270
701 24 275
705 19 276
704 17 279
706 14 280
707 16 277
712 13 275
716 16 268
721 13 266
719 15 266
717 15 268
718 14 268
722 13 265
725 14 261
724 14 262
726 11 263
725 11 264
728 11 261
728 11 261
730 14 256
730 14 256
729 20 251
729 22 249
725 25 250
721 24 255
717 20 263
714 26 260
718 28 254
714 28 258
715 23 262
716 21 263
713 20 267
716 21 263
720 15 265
718 17 265
718 16 266
722 13 265
722 19 259
721 19 260
726 17 257
723 18 259
721 19 260
723 17 260
725 15 260
728 16 256
731 16 253
735 12 253
730 19 251
735 19 246
734 22 244
733 19 248
735 18 247
736 17 247
731 22 247
727 21 252
728 24 248
720 32 248
722 30 248
720 30 250
720 28 252
720 24 256
724 19 257
721 25 254
711 32 257
705 34 261
699 44 257
694 45 261
688 45 267
681 45 274
677 48 275
669 56 275
667 60 273
667 64 269
656 68 276
645 70 285
638 76 286
634 77 289
620 81 299
615 80 305
603 86 311
601 81 318
585 83 332
594 75 331
588 74 338
591 72 337
586 73 341
581 66 353
582 62 356
578 62 360
580 57 363
584 53 363
584 52 364
581 51 368
587 46 367
590 42 368
597 38 365
602 42 356
606 39 355
612 33 355
617 29 354
623 24 353
628 21 351
633 17 350
640 17 343
644 16 340
650 11 339
657 9 334
662 10 328
671 8 321
673 9 318
682 6 312
691 4 305
694 4 302
696 5 299
701 4 295
703 6 291
709 5 286
716 5 279
718 4 278
723 3 274
731 3 266
734 5 261
737 4 259
738 5 257
738 7 255
739 10 251
744 12 244
748 13 239
747 16 237
744 19 237
746 15 239
751 13 236
749 16 235
749 18 233
753 15 232
754 15 231
756 15 229
756 16 228
752 18 230
746 23 231
741 27 232
738 30 232
735 35 230
737 37 226
735 37 228
739 31 230
740 26 234
742 26 232
740 30 230
741 25 234
740 21 239
737 19 244
737 21 242
739 15 246
742 13 245
745 13 242
747 13 240
745 16 239
741 20 239
739 23 238
731 30 239
730 33 237
724 31 245
726 24 250
725 22 253
729 21 250
732 24 244
730 24 246
726 28 246
726 27 247
727 24 249
727 27 246
730 23 247
725 26 249
728 28 244
727 30 243
725 29 246
721 34 245
721 35 244
722 31 247
721 29 250
721 26 253
727 20 253
725 23 252
723 24 253
723 21 256
719 27 254
720 29 251
720 28 252
715 29 256
716 28 256
711 35 254
711 34 255
707 42 251
707 44 249
704 45 251
698 49 253
698 45 257
694 49 257
691 51 258
695 45 260
693 46 261
686 53 261
672 53 275
664 53 283
656 57 287
645 62 293
637 64 299
623 75 302
619 69 312
612 59 329
605 63 332
600 65 335
593 71 336
586 70 344
585 62 353
585 64 351
584 62 354
588 56 356
583 57 360
589 55 356
592 56 352
590 57 353
595 55 350
590 56 354
590 45 365
590 45 365
590 40 370
592 40 368
594 38 368
597 37 366
593 42 365
593 40 367
593 44 363
598 41 361
596 43 361
597 42 361
596 41 363
602 37 361
600 37 363
598 38 364
599 36 365
605 34 361
613 31 356
615 29 356
619 28 353
622 30 348
624 28 348
626 27 347
626 25 349
631 20 349
636 20 344
638 22 340
640 23 337
640 23 337
642 23 335
640 24 336
639 25 336
633 32 335
634 30 336
630 36 334
627 38 335
626 34 340
620 38 342
610 46 344
614 45 341
613 41 346
614 38 348
615 36 349
616 31 353
617 30 353
617 31 352
618 30 352
620 29 351
622 29 349
625 29 346
622 26 352
624 21 355
628 19 353
637 17 346
637 19 344
640 18 342
643 17 340
647 13 340
647 16 337
653 12 335
656 12 332
657 13 330
660 13 327
663 13 324
665 10 325
671 10 319
677 9 314
685 11 304
689 9 302
697 7 296
700 8 292
699 9 292
704 8 288
706 10 284
710 11 279
712 13 275
710 15 275
714 17 269
713 17 270
720 18 262
722 19 259
723 19 258
723 19 258
723 21 256
726 18 256
725 16 259
725 17 258
732 16 252
731 20 249
727 22 251
729 25 246
731 25 244
730 26 244
727 27 246
722 33 245
718 37 245
711 40 249
705 40 255
694 52 254
674 70 256
658 70 272
650 68 282
644 69 287
627 77 296
616 81 303
614 80 306
608 77 315
598 76 326
593 77 330
589 66 345
588 59 353
585 61 354
587 59 354
587 57 356
586 55 359
587 46 367
585 48 367
586 47 367
584 45 371
589 44 367
584 44 372
587 43 370
588 46 366
586 52 362
588 41 371
596 36 368
600 29 371
604 20 376
608 19 373
615 14 371
621 12 367
627 14 359
629 15 356
641 14 345
642 15 343
643 15 342
649 12 339
659 11 330
660 11 329
654 17 329
653 18 329
656 21 323
657 20 323
655 19 326
653 20 327
654 19 327
655 19 326
659 19 322
665 21 314
670 19 311
674 18 308
677 16 307
681 16 303
682 13 305
689 10 301
688 8 304
692 5 303
696 3 301
699 5 296
703 7 290
708 4 288
711 5 284
711 8 281
716 9 275
714 12 274
717 9 274
723 8 269
724 9 267
727 9 264
732 11 257
733 14 253
734 17 249
736 15 249
739 16 245
744 15 241
747 13 240
748 13 239
754 12 234
758 11 231
755 12 233
753 15 232
753 17 230
753 18 229
757 18 225
759 15 226
760 15 225
764 16 220
768 14 218
767 16 217
766 22 212
759 27 214
754 33 213
749 33 218
744 40 216
738 44 218
735 45 220
735 44 221
719 59 222
703 75 222
688 82 230
667 88 245
