221
742
459
231
930
446
416
760
306
469
238
516
404
237
493
219
522
257
889
100
649
1
536
847
15
422
388
721
445
593
433
755
361
403
199
225
143
10
638
548
950
174
121
372
771
432
983
902
570
512
351
43
751
207
210
901
996
531
320
973
527
514
718
359
513
528
804
458
947
40
59
99
724
997
26
911
605
56
575
134
405
330
735
562
439
693
675
542
904
125
962
254
427
707
669
927
730
757
529
444
75
595
141
600
689
472
642
117
946
18
65
919
107
825
553
664
908
87
327
763
303
761
499
230
273
370
628
881
413
104
123
775
539
678
854
515
507
812
682
823
925
958
346
215
62
115
101
224
302
269
680
749
993
934
561
