301
478
896
432
910
284
514
91
540
183
696
942
742
790
241
208
811
179
605
78
413
497
947
155
214
443
177
10
573
85
641
946
314
151
431
171
874
261
158
949
944
224
782
297
335
512
563
827
311
128
846
737
410
184
90
386
195
552
283
501
843
139
211
746
285
697
783
873
739
557
968
481
227
165
720
403
60
62
127
642
322
73
141
22
951
229
126
246
769
447
83
863
27
487
684
467
80
133
584
914
395
957
274
935
917
394
504
819
717
207
904
44
393
156
698
796
148
400
661
196
706
500
205
772
719
585
212
188
235
618
908
523
353
966
924
506
220
834
994
582
364
455
841
495
723
984
422
309
412
580
579
231
799
418
47
