374
154
366
217
316
418
855
378
765
892
101
987
300
336
733
231
398
11
254
153
290
971
62
549
380
912
450
712
727
256
724
583
373
458
620
672
52
226
777
707
930
32
903
121
651
310
859
166
999
902
207
586
403
317
145
193
575
948
0
626
199
453
77
362
517
735
709
536
169
248
405
802
460
2
545
479
984
87
446
550
761
59
506
116
51
669
119
931
213
152
18
501
48
223
827
848
659
390
7
6
643
584
272
412
16
494
913
933
309
283
26
731
319
505
10
318
757
534
394
741
68
968
603
581
966
878
118
544
715
894
540
523
792
507
988
180
34
364
468
325
368
419
862
269
330
529
774
617
73
969
618
652
746
852
793
