421
707
66
993
368
607
765
406
232
380
911
329
695
989
105
636
241
574
10
808
342
599
453
763
343
558
946
407
458
767
762
843
571
903
755
667
155
150
973
907
832
605
942
885
465
230
292
773
205
608
729
255
694
442
714
56
948
216
308
298
642
918
98
826
497
30
439
628
50
723
59
328
436
738
16
663
349
412
250
872
130
549
857
410
472
279
171
267
798
462
934
579
589
778
12
757
71
247
593
433
384
199
282
500
677
434
743
311
526
732
871
716
423
464
655
953
288
845
489
204
186
618
457
325
791
715
505
461
751
529
395
344
182
713
581
89
501
151
375
651
304
952
552
37
511
595
640
494
654
194
768
455
542
691
93
