790
814
246
46
798
440
572
737
574
361
308
53
25
953
680
931
232
801
402
815
231
318
140
516
419
856
964
400
83
569
732
483
904
190
129
357
604
196
551
701
888
55
416
323
233
358
667
251
913
939
566
271
339
128
445
535
375
410
522
529
428
489
169
616
455
791
717
353
341
203
639
957
435
364
8
49
139
513
663
331
590
106
497
579
849
448
202
367
414
491
307
504
716
477
436
850
299
26
797
885
552
469
174
981
195
818
415
651
787
612
502
245
672
127
533
101
823
237
789
79
261
17
480
182
960
96
678
863
956
199
137
70
739
390
359
192
325
278
890
564
188
895
61
397
935
991
966
399
267
571
426
793
978
333
275
