839
682
875
909
160
735
537
97
638
843
159
864
815
387
473
953
550
723
114
431
35
520
327
706
973
266
981
692
367
175
37
441
384
871
398
191
452
769
768
935
392
771
261
858
924
53
150
587
198
399
687
440
606
192
565
982
24
865
756
460
662
755
792
823
785
194
5
673
922
671
742
80
84
466
409
551
55
102
710
453
936
584
694
76
401
814
885
518
267
442
489
989
319
721
315
161
627
950
788
539
816
895
991
747
168
332
96
906
177
274
450
447
337
299
983
637
576
19
546
801
544
389
640
974
817
313
94
667
103
717
246
22
289
430
101
630
955
214
118
712
744
829
138
595
873
647
954
12
558
781
344
912
573
969
683
