158
87
246
44
689
412
830
598
705
745
993
206
926
107
162
186
109
161
143
613
641
251
399
865
551
661
699
273
382
416
74
43
774
229
341
442
895
48
557
950
723
998
83
784
943
956
256
55
980
281
782
151
85
386
445
344
841
901
995
167
690
896
677
205
441
579
490
947
348
767
372
60
978
913
94
927
977
392
464
454
719
734
429
446
222
218
474
535
413
262
630
740
492
583
191
747
396
697
41
393
806
749
232
181
945
286
679
934
323
874
804
110
224
513
49
82
673
511
105
753
486
503
530
444
237
137
140
634
400
872
552
284
23
113
254
936
66
954
609
126
856
792
586
134
842
617
208
311
29
192
242
798
959
121
389
