947
678
896
183
456
155
835
565
778
321
179
540
75
682
317
669
639
588
500
760
242
119
347
458
146
99
694
207
797
526
768
226
273
132
211
480
786
322
334
777
676
488
496
924
406
42
357
337
954
834
652
36
773
930
557
503
936
423
7
647
130
436
522
931
771
240
890
623
864
191
40
861
160
745
486
730
617
511
131
530
244
92
643
189
770
384
149
901
867
691
69
401
196
738
655
306
363
332
938
494
263
878
725
157
702
88
290
502
680
94
853
823
885
302
993
68
420
151
266
804
248
259
448
111
518
665
769
282
17
228
988
474
23
969
508
267
608
225
212
554
187
841
995
693
656
561
850
759
140
538
749
945
344
209
141
