1000 0 0
1000 0 0
1000 0 0
1000 0 0
998 2 0
993 7 0
988 9 3
980 15 5
967 25 8
951 39 10
942 43 15
932 51 17
916 61 23
884 88 28
864 92 44
841 103 56
815 112 73
781 131 88
740 158 102
701 182 117
673 183 144
652 172 176
622 183 195
594 186 220
565 186 249
544 191 265
526 180 294
515 170 315
502 159 339
493 153 354
491 137 372
483 119 398
477 111 412
468 114 418
464 111 425
457 109 434
456 99 445
452 98 450
446 93 461
440 91 469
444 83 473
446 68 486
448 61 491
447 56 497
451 48 501
452 48 500
446 48 506
446 50 504
452 49 499
462 43 495
467 40 493
469 34 497
474 31 495
476 29 495
480 27 493
485 24 491
489 20 491
496 17 487
501 16 483
506 14 480
512 14 474
523 14 463
530 13 457
537 10 453
546 11 443
556 11 433
561 11 428
566 11 423
573 10 417
583 9 408
588 6 406
588 10 402
591 9 400
595 8 397
596 8 396
600 9 391
606 9 385
611 9 380
615 7 378
616 12 372
628 11 361
627 18 355
636 16 348
637 16 347
643 16 341
644 19 337
647 19 334
650 19 331
651 22 327
655 22 323
658 18 324
659 18 323
663 17 320
662 19 319
664 19 317
671 17 312
670 20 310
672 21 307
676 18 306
682 16 302
684 14 302
681 19 300
680 22 298
681 26 293
681 27 292
684 27 289
678 28 294
676 29 295
668 35 297
664 36 300
669 33 298
671 33 296
667 33 300
671 30 299
675 28 297
679 32 289
675 37 288
677 34 289
676 34 290
674 37 289
670 37 293
667 36 297
667 34 299
668 28 304
668 28 304
669 28 303
675 29 296
672 30 298
671 33 296
666 36 298
666 39 295
664 34 302
661 36 303
667 33 300
668 34 298
665 33 302
660 39 301
660 38 302
661 41 298
661 44 295
666 45 289
663 45 292
666 44 290
662 47 291
659 48 293
650 53 297
643 56 301
641 60 299
637 66 297
634 56 310
627 52 321
628 48 324
627 51 322
630 49 321
631 51 318
630 48 322
630 47 323
626 49 325
628 47 325
632 41 327
633 35 332
636 35 329
641 32 327
648 28 324
649 26 325
642 29 329
648 25 327
655 23 322
656 25 319
659 22 319
662 23 315
660 26 314
656 27 317
651 29 320
647 35 318
644 37 319
641 43 316
637 46 317
640 41 319
641 39 320
635 49 316
631 60 309
623 66 311
616 62 322
608 64 328
601 69 330
597 70 333
595 65 340
589 75 336
580 81 339
572 74 354
563 70 367
558 70 372
551 73 376
544 79 377
539 80 381
536 76 388
533 70 397
529 68 403
534 57 409
533 59 408
539 50 411
540 46 414
545 45 410
549 40 411
550 37 413
561 26 413
561 22 417
569 20 411
569 15 416
574 13 413
574 14 412
579 16 405
579 16 405
585 16 399
591 15 394
592 16 392
591 20 389
597 17 386
595 20 385
599 16 385
612 17 371
617 14 369
626 12 362
625 14 361
627 15 358
626 16 358
630 18 352
632 17 351
630 21 349
629 20 351
632 17 351
633 15 352
635 20 345
640 21 339
648 19 333
647 21 332
644 23 333
645 25 330
647 24 329
649 21 330
648 26 326
646 26 328
644 29 327
646 28 326
644 26 330
645 23 332
647 26 327
651 23 326
657 18 325
655 21 324
662 18 320
664 18 318
664 16 320
665 15 320
665 20 315
661 21 318
663 23 314
656 29 315
644 41 315
635 44 321
632 48 320
623 55 322
619 51 330
610 58 332
606 58 336
596 61 343
594 63 343
589 63 348
592 56 352
587 60 353
584 63 353
582 61 357
586 57 357
583 61 356
582 61 357
571 57 372
567 56 377
566 50 384
569 46 385
575 41 384
583 39 378
587 35 378
592 35 373
598 31 371
600 30 370
600 31 369
603 33 364
607 30 363
609 29 362
615 26 359
615 24 361
617 22 361
620 20 360
619 19 362
620 19 361
624 19 357
628 18 354
634 16 350
638 13 349
641 9 350
646 10 344
652 7 341
656 4 340
660 4 336
667 4 329
669 5 326
675 5 320
678 5 317
677 5 318
683 5 312
686 3 311
690 3 307
697 4 299
701 4 295
706 3 291
709 3 288
713 3 284
722 2 276
730 2 268
734 2 264
736 2 262
738 2 260
743 1 256
753 1 246
753 1 246
756 1 243
759 1 240
764 1 235
770 1 229
774 1 225
777 1 222
783 1 216
786 1 213
793 1 206
799 1 200
804 1 195
806 1 193
808 1 191
813 1 186
814 0 186
816 0 184
818 0 182
820 0 180
823 0 177
826 0 174
829 0 171
829 0 171
831 0 169
834 0 166
838 0 162
841 0 159
844 0 156
848 0 152
851 0 149
852 0 148
854 0 146
855 0 145
858 0 142
860 0 140
863 0 137
864 0 136
867 0 133
871 0 129
874 0 126
876 0 124
877 0 123
880 0 120
881 0 119
882 0 118
884 0 116
884 0 116
885 0 115
885 0 115
887 0 113
888 0 112
889 0 111
890 0 110
891 0 109
892 0 108
896 0 104
897 0 103
898 0 102
901 0 99
903 0 97
904 0 96
905 0 95
906 0 94
907 0 93
908 0 92
909 0 91
910 0 90
915 0 85
916 0 84
917 0 83
919 0 81
919 0 81
919 0 81
920 0 80
922 0 78
924 0 76
924 0 76
926 0 74
928 0 72
930 0 70
930 0 70
931 0 69
931 0 69
932 0 68
932 0 68
934 0 66
934 0 66
935 0 65
935 0 65
935 0 65
935 0 65
935 0 65
935 0 65
936 0 64
937 0 63
940 0 60
940 0 60
941 0 59
942 0 58
942 0 58
944 0 56
945 0 55
946 0 54
946 0 54
948 0 52
950 0 50
950 0 50
951 0 49
951 0 49
951 0 49
952 0 48
952 0 48
954 0 46
954 0 46
955 0 45
955 0 45
956 0 44
958 0 42
959 0 41
960 0 40
961 0 39
962 0 38
962 0 38
962 0 38
962 0 38
963 0 37
965 0 35
967 0 33
967 0 33
969 0 31
969 0 31
969 0 31
970 0 30
971 0 29
971 0 29
971 0 29
972 0 28
972 0 28
975 0 25
975 0 25
975 0 25
975 0 25
975 0 25
976 0 24
976 0 24
976 0 24
976 0 24
977 0 23
977 0 23
977 0 23
977 0 23
977 0 23
977 0 23
977 0 23
977 0 23
977 0 23
977 0 23
979 0 21
979 0 21
979 0 21
979 0 21
979 0 21
980 0 20
980 0 20
981 0 19
981 0 19
981 0 19
982 0 18
982 0 18
982 0 18
982 0 18
983 0 17
983 0 17
983 0 17
984 0 16
984 0 16
984 0 16
984 0 16
985 0 15
985 0 15
986 0 14
987 0 13
987 0 13
987 0 13
987 0 13
987 0 13
987 0 13
987 0 13
987 0 13
987 0 13
987 0 13
987 0 13
987 0 13
987 0 13
987 0 13
988 0 12
988 0 12
988 0 12
988 0 12
988 0 12
989 0 11
989 0 11
989 0 11
989 0 11
989 0 11
989 0 11
989 0 11
989 0 11
989 0 11
990 0 10
990 0 10
990 0 10
991 0 9
991 0 9
991 0 9
991 0 9
991 0 9
992 0 8
992 0 8
992 0 8
992 0 8
992 0 8
992 0 8
992 0 8
992 0 8
992 0 8
992 0 8
992 0 8
992 0 8
992 0 8
992 0 8
992 0 8
993 0 7
993 0 7
993 0 7
993 0 7
993 0 7
993 0 7
993 0 7
993 0 7
993 0 7
993 0 7
993 0 7
993 0 7
993 0 7
994 0 6
994 0 6
994 0 6
994 0 6
995 0 5
995 0 5
995 0 5
995 0 5
996 0 4
996 0 4
997 0 3
997 0 3
997 0 3
997 0 3
997 0 3
997 0 3
997 0 3
997 0 3
997 0 3
997 0 3
998 0 2
998 0 2
998 0 2
998 0 2
998 0 2
998 0 2
998 0 2
998 0 2
998 0 2
998 0 2
998 0 2
998 0 2
998 0 2
998 0 2
998 0 2
999 0 1
999 0 1
999 0 1
999 0 1
999 0 1
999 0 1
999 0 1
999 0 1
999 0 1
999 0 1
999 0 1
999 0 1
999 0 1
999 0 1
999 0 1
999 0 1
999 0 1
999 0 1
999 0 1
999 0 1
999 0 1
999 0 1
999 0 1
999 0 1
999 0 1
999 0 1
999 0 1
999 0 1
999 0 1
999 0 1
999 0 1
999 0 1
999 0 1
999 0 1
999 0 1
999 0 1
999 0 1
999 0 1
999 0 1
999 0 1
999 0 1
999 0 1
999 0 1
999 0 1
999 0 1
999 0 1
999 0 1
999 0 1
999 0 1
999 0 1
999 0 1
999 0 1
999 0 1
999 0 1
999 0 1
999 0 1
999 0 1
999 0 1
999 0 1
999 0 1
999 0 1
999 0 1
999 0 1
999 0 1
999 0 1
999 0 1
999 0 1
999 0 1
999 0 1
999 0 1
999 0 1
999 0 1
999 0 1
999 0 1
999 0 1
999 0 1
999 0 1
999 0 1
999 0 1
999 0 1
999 0 1
999 0 1
999 0 1
999 0 1
1000 0 0
1000 0 0
1000 0 0
1000 0 0
1000 0 0
1000 0 0
1000 0 0
1000 0 0
1000 0 0
1000 0 0
1000 0 0
1000 0 0
1000 0 0
1000 0 0
1000 0 0
1000 0 0
1000 0 0
1000 0 0
1000 0 0
1000 0 0
1000 0 0
1000 0 0
1000 0 0
1000 0 0
1000 0 0
1000 0 0
1000 0 0
1000 0 0
1000 0 0
1000 0 0
1000 0 0
1000 0 0
1000 0 0
1000 0 0
1000 0 0
1000 0 0
1000 0 0
1000 0 0
1000 0 0
1000 0 0
1000 0 0
1000 0 0
1000 0 0
1000 0 0
1000 0 0
1000 0 0
1000 0 0
1000 0 0
1000 0 0
1000 0 0
1000 0 0
1000 0 0
1000 0 0
1000 0 0
1000 0 0
1000 0 0
1000 0 0
1000 0 0
1000 0 0
1000 0 0
1000 0 0
1000 0 0
1000 0 0
1000 0 0
1000 0 0
1000 0 0
1000 0 0
1000 0 0
1000 0 0
1000 0 0
1000 0 0
1000 0 0
1000 0 0
1000 0 0
1000 0 0
1000 0 0
1000 0 0
1000 0 0
1000 0 0
1000 0 0
1000 0 0
1000 0 0
1000 0 0
1000 0 0
1000 0 0
1000 0 0
1000 0 0
1000 0 0
1000 0 0
1000 0 0
1000 0 0
1000 0 0
1000 0 0
1000 0 0
1000 0 0
1000 0 0
1000 0 0
1000 0 0
1000 0 0
1000 0 0
1000 0 0
1000 0 0
1000 0 0
1000 0 0
1000 0 0
1000 0 0
1000 0 0
1000 0 0
1000 0 0
1000 0 0
1000 0 0
1000 0 0
1000 0 0
1000 0 0
1000 0 0
1000 0 0
1000 0 0
1000 0 0
1000 0 0
1000 0 0
1000 0 0
1000 0 0
1000 0 0
1000 0 0
1000 0 0
1000 0 0
1000 0 0
1000 0 0
1000 0 0
1000 0 0
1000 0 0
1000 0 0
1000 0 0
1000 0 0
1000 0 0
1000 0 0
1000 0 0
1000 0 0
1000 0 0
1000 0 0
1000 0 0
1000 0 0
1000 0 0
1000 0 0
1000 0 0
1000 0 0
1000 0 0
1000 0 0
1000 0 0
1000 0 0
1000 0 0
1000 0 0
1000 0 0
1000 0 0
1000 0 0
1000 0 0
1000 0 0
1000 0 0
1000 0 0
1000 0 0
1000 0 0
1000 0 0
1000 0 0
1000 0 0
1000 0 0
1000 0 0
1000 0 0
1000 0 0
1000 0 0
1000 0 0
1000 0 0
1000 0 0
1000 0 0
1000 0 0
1000 0 0
1000 0 0
1000 0 0
1000 0 0
1000 0 0
1000 0 0
1000 0 0
1000 0 0
1000 0 0
1000 0 0
1000 0 0
1000 0 0
1000 0 0
1000 0 0
1000 0 0
1000 0 0
1000 0 0
1000 0 0
1000 0 0
1000 0 0
1000 0 0
1000 0 0
1000 0 0
1000 0 0
1000 0 0
1000 0 0
1000 0 0
1000 0 0
1000 0 0
1000 0 0
1000 0 0
1000 0 0
1000 0 0
1000 0 0
1000 0 0
1000 0 0
1000 0 0
1000 0 0
1000 0 0
1000 0 0
1000 0 0
1000 0 0
1000 0 0
1000 0 0
1000 0 0
1000 0 0
1000 0 0
1000 0 0
1000 0 0
1000 0 0
1000 0 0
1000 0 0
1000 0 0
1000 0 0
1000 0 0
1000 0 0
1000 0 0
1000 0 0
1000 0 0
1000 0 0
1000 0 0
1000 0 0
1000 0 0
1000 0 0
1000 0 0
1000 0 0
1000 0 0
1000 0 0
1000 0 0
1000 0 0
1000 0 0
1000 0 0
1000 0 0
1000 0 0
1000 0 0
1000 0 0
1000 0 0
1000 0 0
1000 0 0
1000 0 0
1000 0 0
1000 0 0
1000 0 0
1000 0 0
1000 0 0
1000 0 0
1000 0 0
1000 0 0
1000 0 0
1000 0 0
1000 0 0
1000 0 0
1000 0 0
1000 0 0
1000 0 0
1000 0 0
1000 0 0
1000 0 0
1000 0 0
1000 0 0
1000 0 0
1000 0 0
1000 0 0
1000 0 0
1000 0 0
1000 0 0
1000 0 0
1000 0 0
1000 0 0
1000 0 0
1000 0 0
1000 0 0
1000 0 0
1000 0 0
1000 0 0
1000 0 0
1000 0 0
1000 0 0
1000 0 0
1000 0 0
1000 0 0
1000 0 0
1000 0 0
1000 0 0
1000 0 0
1000 0 0
1000 0 0
1000 0 0
1000 0 0
1000 0 0
1000 0 0
1000 0 0
1000 0 0
1000 0 0
1000 0 0
1000 0 0
1000 0 0
1000 0 0
