995 5 0
995 4 1
995 4 1
995 2 3
994 2 4
993 3 4
989 7 4
985 11 4
980 13 7
977 15 8
974 13 13
968 18 14
959 25 16
953 28 19
941 35 24
931 41 28
913 59 28
897 63 40
880 66 54
868 66 66
852 73 75
835 81 84
818 89 93
800 90 110
773 105 122
757 107 136
746 97 157
733 100 167
722 103 175
705 102 193
696 100 204
690 100 210
684 97 219
670 91 239
665 86 249
656 85 259
641 95 264
637 83 280
626 92 282
620 88 292
607 91 302
594 88 318
594 86 320
587 80 333
585 72 343
582 64 354
580 61 359
579 59 362
576 50 374
571 53 376
574 50 376
573 52 375
566 61 373
571 55 374
567 56 377
564 57 379
564 52 384
568 47 385
566 43 391
571 42 387
574 37 389
577 31 392
579 27 394
591 23 386
595 23 382
603 22 375
609 26 365
616 25 359
624 25 351
628 21 351
628 18 354
633 17 350
638 16 346
641 18 341
640 20 340
640 24 336
636 30 334
632 36 332
628 38 334
620 45 335
614 48 338
604 57 339
603 53 344
602 52 346
596 55 349
599 56 345
605 57 338
602 55 343
598 50 352
594 49 357
594 48 358
591 44 365
590 45 365
589 40 371
587 42 371
589 42 369
588 41 371
587 44 369
584 48 368
584 46 370
584 51 365
582 48 370
580 49 371
576 46 378
574 47 379
581 43 376
586 36 378
590 31 379
600 23 377
604 23 373
608 21 371
609 20 371
611 19 370
616 19 365
619 22 359
625 18 357
633 15 352
640 15 345
642 15 343
650 12 338
660 12 328
666 13 321
671 14 315
673 14 313
670 18 312
671 19 310
675 15 310
679 15 306
683 14 303
690 11 299
691 9 300
694 10 296
703 6 291
705 8 287
707 9 284
710 11 279
712 12 276
715 10 275
720 11 269
724 13 263
725 15 260
728 16 256
734 14 252
740 13 247
742 11 247
748 12 240
747 9 244
748 10 242
750 8 242
755 8 237
760 8 232
763 5 232
770 6 224
770 11 219
770 15 215
770 19 211
771 18 211
764 21 215
759 27 214
759 27 214
759 26 215
755 28 217
757 31 212
750 36 214
747 38 215
747 39 214
739 47 214
738 44 218
734 41 225
730 42 228
724 49 227
725 44 231
721 44 235
714 50 236
708 51 241
700 58 242
700 53 247
696 54 250
688 51 261
688 43 269
687 38 275
686 38 276
688 35 277
685 33 282
686 30 284
686 28 286
685 27 288
681 31 288
679 32 289
679 31 290
684 31 285
688 28 284
687 29 284
690 28 282
695 25 280
694 26 280
692 31 277
687 35 278
688 27 285
694 29 277
698 28 274
700 26 274
701 24 275
705 18 277
712 19 269
717 18 265
719 15 266
719 15 266
720 16 264
719 16 265
718 21 261
715 25 260
715 27 258
716 28 256
710 31 259
705 35 260
699 41 260
695 42 263
691 41 268
684 39 277
682 38 280
674 49 277
666 54 280
659 60 281
646 61 293
642 62 296
639 57 304
633 57 310
628 55 317
623 52 325
618 57 325
618 52 330
620 52 328
620 50 330
627 47 326
626 50 324
626 48 326
625 46 329
622 43 335
621 44 335
619 41 340
614 42 344
608 48 344
605 51 344
600 55 345
598 56 346
596 54 350
594 51 355
589 52 359
590 49 361
591 56 353
592 49 359
591 44 365
596 38 366
598 35 367
599 33 368
602 31 367
599 31 370
601 29 370
609 26 365
611 26 363
615 25 360
616 25 359
619 23 358
621 22 357
627 21 352
631 21 348
634 18 348
638 17 345
640 19 341
641 24 335
641 28 331
641 30 329
638 32 330
634 36 330
629 41 330
620 50 330
617 52 331
601 54 345
598 43 359
596 45 359
600 42 358
597 43 360
593 49 358
599 46 355
597 49 354
600 39 361
606 37 357
606 38 356
608 34 358
613 28 359
618 28 354
624 26 350
625 28 347
629 26 345
634 28 338
637 25 338
642 19 339
647 15 338
651 13 336
658 12 330
657 13 330
665 11 324
672 11 317
676 10 314
680 10 310
687 9 304
689 11 300
691 12 297
692 14 294
693 13 294
698 12 290
702 10 288
711 9 280
717 9 274
720 7 273
723 7 270
727 6 267
729 5 266
734 7 259
736 7 257
742 6 252
742 10 248
742 11 247
745 11 244
745 12 243
750 13 237
757 10 233
758 11 231
759 12 229
759 13 228
760 15 225
753 25 222
752 25 223
744 33 223
738 37 225
728 46 226
720 48 232
714 48 238
708 47 245
699 53 248
695 54 251
691 57 252
681 65 254
668 71 261
657 79 264
645 81 274
639 77 284
633 68 299
635 63 302
630 63 307
632 58 310
636 52 312
642 48 310
648 43 309
648 37 315
649 33 318
648 33 319
650 34 316
654 32 314
654 29 317
659 24 317
659 23 318
663 19 318
664 18 318
671 15 314
674 14 312
682 10 308
690 7 303
692 5 303
697 3 300
699 2 299
703 2 295
706 2 292
709 2 289
716 2 282
721 3 276
726 2 272
729 2 269
739 2 259
744 2 254
751 2 247
755 2 243
760 2 238
763 2 235
767 1 232
771 0 229
776 0 224
780 0 220
785 0 215
788 0 212
789 0 211
792 0 208
795 0 205
799 0 201
801 0 199
803 0 197
807 0 193
811 0 189
812 0 188
813 0 187
815 0 185
819 0 181
820 0 180
826 0 174
833 0 167
836 0 164
838 0 162
839 0 161
845 0 155
846 0 154
850 0 150
850 0 150
853 0 147
856 0 144
857 0 143
858 0 142
861 0 139
863 0 137
865 0 135
868 0 132
871 0 129
873 0 127
874 0 126
875 0 125
875 0 125
878 0 122
880 0 120
881 0 119
882 0 118
885 0 115
886 0 114
888 0 112
890 0 110
891 0 109
893 0 107
894 0 106
897 0 103
898 0 102
899 0 101
901 0 99
902 0 98
905 0 95
905 0 95
905 0 95
908 0 92
910 0 90
913 0 87
918 0 82
918 0 82
919 0 81
919 0 81
919 0 81
920 0 80
920 0 80
920 0 80
920 0 80
921 0 79
925 0 75
926 0 74
928 0 72
929 0 71
929 0 71
930 0 70
930 0 70
931 0 69
931 0 69
933 0 67
933 0 67
934 0 66
934 0 66
935 0 65
938 0 62
939 0 61
941 0 59
942 0 58
942 0 58
943 0 57
943 0 57
944 0 56
946 0 54
946 0 54
946 0 54
947 0 53
948 0 52
948 0 52
951 0 49
951 0 49
952 0 48
953 0 47
953 0 47
953 0 47
954 0 46
954 0 46
955 0 45
955 0 45
955 0 45
955 0 45
955 0 45
956 0 44
956 0 44
957 0 43
958 0 42
958 0 42
958 0 42
959 0 41
961 0 39
962 0 38
964 0 36
964 0 36
964 0 36
965 0 35
966 0 34
966 0 34
966 0 34
966 0 34
967 0 33
967 0 33
967 0 33
967 0 33
968 0 32
968 0 32
969 0 31
970 0 30
971 0 29
973 0 27
974 0 26
974 0 26
974 0 26
974 0 26
975 0 25
975 0 25
976 0 24
977 0 23
977 0 23
980 0 20
980 0 20
980 0 20
980 0 20
980 0 20
980 0 20
980 0 20
980 0 20
981 0 19
982 0 18
982 0 18
982 0 18
982 0 18
982 0 18
983 0 17
983 0 17
984 0 16
984 0 16
985 0 15
985 0 15
985 0 15
986 0 14
986 0 14
986 0 14
986 0 14
986 0 14
986 0 14
986 0 14
986 0 14
986 0 14
986 0 14
986 0 14
986 0 14
986 0 14
986 0 14
986 0 14
988 0 12
988 0 12
988 0 12
988 0 12
989 0 11
989 0 11
989 0 11
989 0 11
989 0 11
989 0 11
989 0 11
989 0 11
989 0 11
989 0 11
989 0 11
989 0 11
990 0 10
990 0 10
990 0 10
991 0 9
991 0 9
991 0 9
991 0 9
992 0 8
992 0 8
992 0 8
993 0 7
995 0 5
995 0 5
996 0 4
996 0 4
996 0 4
996 0 4
996 0 4
996 0 4
996 0 4
996 0 4
996 0 4
996 0 4
996 0 4
996 0 4
996 0 4
996 0 4
996 0 4
996 0 4
996 0 4
996 0 4
996 0 4
996 0 4
996 0 4
996 0 4
996 0 4
996 0 4
996 0 4
996 0 4
997 0 3
997 0 3
997 0 3
997 0 3
997 0 3
997 0 3
997 0 3
998 0 2
998 0 2
998 0 2
998 0 2
998 0 2
998 0 2
998 0 2
999 0 1
999 0 1
999 0 1
999 0 1
999 0 1
999 0 1
999 0 1
999 0 1
1000 0 0
1000 0 0
1000 0 0
1000 0 0
1000 0 0
1000 0 0
1000 0 0
1000 0 0
1000 0 0
1000 0 0
1000 0 0
1000 0 0
1000 0 0
1000 0 0
1000 0 0
1000 0 0
1000 0 0
1000 0 0
1000 0 0
1000 0 0
1000 0 0
1000 0 0
1000 0 0
1000 0 0
1000 0 0
1000 0 0
1000 0 0
1000 0 0
1000 0 0
1000 0 0
1000 0 0
1000 0 0
1000 0 0
1000 0 0
1000 0 0
1000 0 0
1000 0 0
1000 0 0
1000 0 0
1000 0 0
1000 0 0
1000 0 0
1000 0 0
1000 0 0
1000 0 0
1000 0 0
1000 0 0
1000 0 0
1000 0 0
1000 0 0
1000 0 0
1000 0 0
1000 0 0
1000 0 0
1000 0 0
1000 0 0
1000 0 0
1000 0 0
1000 0 0
1000 0 0
1000 0 0
1000 0 0
1000 0 0
1000 0 0
1000 0 0
1000 0 0
1000 0 0
1000 0 0
1000 0 0
1000 0 0
1000 0 0
1000 0 0
1000 0 0
1000 0 0
1000 0 0
1000 0 0
1000 0 0
1000 0 0
1000 0 0
1000 0 0
1000 0 0
1000 0 0
1000 0 0
1000 0 0
1000 0 0
1000 0 0
1000 0 0
1000 0 0
1000 0 0
1000 0 0
1000 0 0
1000 0 0
1000 0 0
1000 0 0
1000 0 0
1000 0 0
1000 0 0
1000 0 0
1000 0 0
1000 0 0
1000 0 0
1000 0 0
1000 0 0
1000 0 0
1000 0 0
1000 0 0
1000 0 0
1000 0 0
1000 0 0
1000 0 0
1000 0 0
1000 0 0
1000 0 0
1000 0 0
1000 0 0
1000 0 0
1000 0 0
1000 0 0
1000 0 0
1000 0 0
1000 0 0
1000 0 0
1000 0 0
1000 0 0
1000 0 0
1000 0 0
1000 0 0
1000 0 0
1000 0 0
1000 0 0
1000 0 0
1000 0 0
1000 0 0
1000 0 0
1000 0 0
1000 0 0
1000 0 0
1000 0 0
1000 0 0
1000 0 0
1000 0 0
1000 0 0
1000 0 0
1000 0 0
1000 0 0
1000 0 0
1000 0 0
1000 0 0
1000 0 0
1000 0 0
1000 0 0
1000 0 0
1000 0 0
1000 0 0
1000 0 0
1000 0 0
1000 0 0
1000 0 0
1000 0 0
1000 0 0
1000 0 0
1000 0 0
1000 0 0
1000 0 0
1000 0 0
1000 0 0
1000 0 0
1000 0 0
1000 0 0
1000 0 0
1000 0 0
1000 0 0
1000 0 0
1000 0 0
1000 0 0
1000 0 0
1000 0 0
1000 0 0
1000 0 0
1000 0 0
1000 0 0
1000 0 0
1000 0 0
1000 0 0
1000 0 0
1000 0 0
1000 0 0
1000 0 0
1000 0 0
1000 0 0
1000 0 0
1000 0 0
1000 0 0
1000 0 0
1000 0 0
1000 0 0
1000 0 0
1000 0 0
1000 0 0
1000 0 0
1000 0 0
1000 0 0
1000 0 0
1000 0 0
1000 0 0
1000 0 0
1000 0 0
1000 0 0
1000 0 0
1000 0 0
1000 0 0
1000 0 0
1000 0 0
1000 0 0
1000 0 0
1000 0 0
1000 0 0
1000 0 0
1000 0 0
1000 0 0
1000 0 0
1000 0 0
1000 0 0
1000 0 0
1000 0 0
1000 0 0
1000 0 0
1000 0 0
1000 0 0
1000 0 0
1000 0 0
1000 0 0
1000 0 0
1000 0 0
1000 0 0
1000 0 0
1000 0 0
1000 0 0
1000 0 0
1000 0 0
1000 0 0
1000 0 0
1000 0 0
1000 0 0
1000 0 0
1000 0 0
1000 0 0
1000 0 0
1000 0 0
1000 0 0
1000 0 0
1000 0 0
1000 0 0
1000 0 0
1000 0 0
1000 0 0
1000 0 0
1000 0 0
1000 0 0
1000 0 0
1000 0 0
1000 0 0
1000 0 0
1000 0 0
1000 0 0
1000 0 0
1000 0 0
1000 0 0
1000 0 0
1000 0 0
1000 0 0
1000 0 0
1000 0 0
1000 0 0
1000 0 0
1000 0 0
1000 0 0
1000 0 0
1000 0 0
1000 0 0
1000 0 0
1000 0 0
1000 0 0
1000 0 0
1000 0 0
1000 0 0
1000 0 0
1000 0 0
1000 0 0
1000 0 0
1000 0 0
1000 0 0
1000 0 0
1000 0 0
1000 0 0
1000 0 0
1000 0 0
1000 0 0
1000 0 0
1000 0 0
1000 0 0
1000 0 0
1000 0 0
1000 0 0
1000 0 0
1000 0 0
1000 0 0
1000 0 0
1000 0 0
1000 0 0
1000 0 0
1000 0 0
1000 0 0
1000 0 0
1000 0 0
1000 0 0
1000 0 0
1000 0 0
1000 0 0
1000 0 0
1000 0 0
1000 0 0
1000 0 0
1000 0 0
1000 0 0
1000 0 0
1000 0 0
1000 0 0
1000 0 0
1000 0 0
1000 0 0
1000 0 0
1000 0 0
1000 0 0
1000 0 0
1000 0 0
1000 0 0
1000 0 0
1000 0 0
1000 0 0
1000 0 0
1000 0 0
1000 0 0
1000 0 0
1000 0 0
1000 0 0
1000 0 0
1000 0 0
1000 0 0
1000 0 0
1000 0 0
1000 0 0
1000 0 0
