1000 0 0
1000 0 0
1000 0 0
1000 0 0
1000 0 0
1000 0 0
1000 0 0
999 0 1
999 0 1
999 0 1
999 0 1
997 2 1
995 4 1
988 10 2
982 13 5
977 13 10
971 17 12
969 14 17
962 20 18
954 23 23
943 30 27
940 28 32
936 26 38
925 34 41
916 39 45
900 48 52
881 65 54
860 76 64
848 75 77
839 70 91
821 75 104
804 83 113
791 88 121
765 102 133
752 101 147
739 98 163
727 99 174
705 108 187
692 113 195
677 109 214
657 118 225
633 129 238
611 136 253
593 138 269
584 122 294
565 127 308
556 127 317
543 123 334
542 119 339
535 117 348
525 116 359
519 110 371
510 105 385
507 97 396
507 97 396
504 95 401
502 93 405
497 82 421
493 71 436
491 67 442
494 65 441
503 57 440
508 47 445
509 42 449
515 41 444
514 45 441
517 45 438
520 38 442
520 40 440
525 40 435
533 35 432
535 38 427
543 32 425
551 29 420
559 28 413
561 29 410
562 29 409
567 25 408
572 25 403
573 26 401
580 28 392
585 29 386
590 24 386
596 22 382
605 21 374
607 22 371
610 20 370
614 21 365
616 21 363
620 21 359
623 16 361
624 18 358
628 17 355
634 15 351
638 11 351
640 13 347
643 15 342
640 19 341
639 19 342
640 17 343
644 16 340
648 15 337
655 14 331
656 16 328
659 15 326
664 16 320
666 17 317
672 14 314
672 16 312
676 15 309
676 16 308
678 18 304
678 20 302
682 21 297
686 19 295
685 21 294
686 23 291
680 28 292
677 33 290
676 36 288
680 34 286
669 42 289
664 47 289
653 55 292
652 57 291
649 56 295
643 60 297
640 57 303
640 54 306
639 53 308
636 49 315
632 50 318
624 54 322
627 54 319
621 56 323
622 47 331
620 47 333
624 41 335
619 40 341
618 42 340
616 45 339
619 43 338
618 43 339
611 48 341
614 45 341
615 49 336
611 54 335
615 45 340
617 41 342
615 44 341
615 47 338
617 42 341
619 36 345
618 38 344
624 34 342
622 34 344
616 36 348
613 40 347
610 47 343
612 46 342
609 49 342
606 51 343
605 50 345
607 49 344
605 50 345
599 50 351
599 46 355
600 43 357
601 42 357
603 38 359
606 40 354
609 34 357
608 32 360
608 31 361
614 33 353
611 33 356
613 31 356
616 28 356
616 25 359
617 23 360
620 21 359
627 17 356
631 13 356
638 13 349
646 12 342
654 8 338
653 12 335
657 15 328
663 14 323
663 14 323
669 14 317
679 12 309
683 10 307
688 9 303
686 10 304
688 12 300
687 12 301
693 13 294
693 15 292
697 17 286
704 13 283
706 15 279
713 16 271
712 14 274
713 15 272
720 16 264
721 14 265
722 13 265
722 16 262
727 16 257
729 17 254
730 17 253
732 16 252
730 19 251
734 18 248
738 17 245
740 14 246
745 14 241
748 12 240
748 15 237
747 16 237
753 17 230
755 20 225
755 22 223
760 21 219
764 17 219
768 18 214
767 18 215
767 18 215
763 20 217
759 22 219
760 24 216
761 25 214
759 27 214
757 30 213
753 31 216
748 32 220
753 33 214
754 34 212
751 36 213
743 36 221
742 33 225
743 31 226
740 29 231
739 31 230
740 30 230
731 30 239
729 30 241
726 30 244
724 30 246
724 27 249
723 27 250
722 27 251
717 29 254
715 30 255
713 37 250
717 32 251
714 30 256
713 30 257
715 28 257
710 34 256
704 39 257
702 36 262
701 33 266
700 36 264
703 35 262
695 38 267
694 34 272
690 37 273
686 42 272
685 36 279
681 36 283
678 32 290
677 35 288
676 36 288
676 31 293
680 32 288
681 30 289
686 28 286
684 28 288
685 31 284
684 32 284
685 35 280
684 32 284
687 27 286
693 23 284
692 27 281
694 24 282
694 25 281
695 25 280
695 21 284
692 20 288
695 19 286
695 21 284
696 21 283
694 23 283
696 20 284
699 17 284
700 16 284
703 15 282
708 12 280
711 13 276
712 15 273
715 15 270
715 19 266
717 19 264
717 19 264
714 21 265
717 20 263
718 20 262
721 17 262
719 19 262
719 20 261
721 18 261
722 19 259
722 17 261
718 18 264
722 17 261
726 14 260
728 13 259
731 15 254
726 18 256
728 15 257
731 18 251
737 17 246
735 20 245
735 23 242
737 25 238
737 22 241
734 18 248
738 17 245
737 14 249
737 16 247
737 16 247
738 18 244
740 19 241
745 17 238
751 17 232
751 13 236
755 13 232
761 12 227
762 9 229
766 9 225
766 7 227
769 8 223
772 10 218
772 11 217
776 8 216
777 10 213
778 12 210
778 13 209
780 12 208
777 14 209
778 13 209
781 13 206
784 11 205
783 14 203
785 14 201
786 16 198
788 15 197
786 17 197
787 17 196
786 15 199
781 20 199
779 21 200
779 20 201
775 23 202
776 23 201
776 24 200
779 22 199
784 18 198
785 16 199
784 18 198
786 22 192
785 23 192
785 23 192
789 22 189
788 23 189
787 24 189
786 22 192
788 18 194
790 16 194
791 18 191
791 18 191
795 16 189
797 13 190
798 13 189
798 12 190
797 9 194
804 7 189
806 6 188
805 8 187
809 6 185
810 8 182
814 6 180
812 6 182
817 5 178
818 6 176
820 6 174
823 4 173
826 4 170
827 5 168
830 4 166
832 4 164
832 5 163
837 4 159
840 4 156
841 3 156
841 6 153
841 10 149
839 12 149
835 14 151
830 16 154
828 15 157
825 16 159
827 15 158
828 17 155
825 22 153
825 25 150
820 29 151
816 31 153
805 38 157
800 36 164
804 30 166
803 26 171
801 26 173
795 27 178
792 27 181
788 31 181
788 34 178
786 32 182
787 26 187
787 24 189
787 21 192
788 19 193
785 24 191
781 27 192
781 29 190
777 32 191
773 35 192
774 34 192
770 26 204
769 27 204
763 33 204
767 29 204
765 26 209
767 28 205
768 27 205
768 26 206
765 28 207
767 29 204
770 27 203
769 29 202
769 31 200
763 32 205
757 34 209
753 37 210
751 37 212
751 31 218
744 34 222
745 29 226
742 27 231
748 23 229
744 25 231
743 23 234
744 21 235
741 24 235
740 28 232
740 26 234
739 26 235
739 26 235
741 27 232
745 26 229
750 25 225
751 27 222
747 30 223
746 25 229
745 26 229
742 30 228
738 34 228
733 38 229
735 38 227
733 38 229
728 38 234
721 47 232
715 49 236
714 44 242
709 44 247
713 43 244
713 42 245
709 44 247
708 44 248
705 40 255
697 43 260
694 47 259
687 50 263
691 39 270
688 40 272
684 42 274
680 38 282
671 41 288
668 44 288
665 39 296
664 35 301
662 37 301
658 38 304
666 39 295
669 40 291
669 39 292
671 39 290
670 40 290
665 41 294
668 38 294
670 34 296
678 31 291
680 31 289
679 29 292
679 26 295
687 22 291
692 20 288
699 20 281
699 20 281
702 22 276
703 20 277
703 20 277
705 23 272
707 22 271
707 19 274
713 20 267
714 21 265
716 22 262
722 19 259
726 18 256
733 15 252
736 17 247
737 17 246
737 20 243
736 23 241
731 28 241
732 28 240
734 27 239
736 24 240
734 28 238
734 24 242
735 23 242
737 24 239
737 21 242
732 26 242
733 28 239
732 25 243
734 27 239
730 28 242
728 31 241
730 33 237
732 35 233
730 32 238
730 28 242
735 23 242
742 17 241
747 12 241
751 11 238
751 10 239
755 6 239
759 6 235
766 5 229
769 6 225
774 5 221
777 7 216
782 6 212
784 7 209
785 7 208
790 7 203
792 8 200
796 8 196
797 6 197
803 6 191
806 4 190
809 3 188
812 4 184
815 4 181
819 2 179
821 3 176
823 3 174
824 3 173
826 3 171
829 2 169
833 2 165
833 0 167
833 1 166
837 0 163
839 0 161
839 1 160
842 2 156
844 1 155
847 0 153
849 4 147
852 2 146
852 1 147
854 2 144
853 4 143
849 8 143
849 10 141
842 19 139
842 19 139
838 18 144
837 15 148
836 18 146
830 22 148
824 23 153
820 24 156
813 30 157
810 31 159
804 31 165
800 34 166
793 38 169
789 42 169
785 40 175
777 47 176
773 43 184
763 49 188
756 54 190
750 55 195
749 53 198
738 55 207
735 56 209
732 58 210
730 56 214
727 51 222
727 45 228
726 41 233
722 44 234
720 43 237
719 44 237
717 45 238
716 43 241
713 43 244
710 38 252
711 39 250
713 40 247
710 39 251
710 30 260
710 27 263
712 27 261
714 21 265
717 21 262
720 21 259
720 26 254
720 30 250
717 32 251
719 28 253
716 32 252
716 33 251
713 31 256
716 30 254
715 30 255
714 31 255
711 34 255
708 31 261
708 33 259
709 29 262
709 29 262
711 27 262
706 29 265
706 28 266
702 35 263
702 31 267
702 30 268
702 26 272
698 27 275
697 25 278
692 31 277
691 27 282
688 27 285
687 28 285
687 26 287
684 26 290
682 23 295
681 25 294
681 25 294
683 22 295
683 21 296
683 21 296
685 21 294
687 20 293
682 24 294
685 21 294
689 24 287
688 27 285
692 24 284
698 25 277
697 30 273
699 29 272
700 27 273
699 31 270
698 31 271
697 34 269
696 33 271
691 34 275
688 37 275
686 37 277
684 37 279
686 35 279
690 29 281
688 27 285
690 27 283
692 24 284
694 28 278
698 27 275
701 21 278
706 20 274
709 18 273
711 17 272
715 17 268
718 18 264
714 20 266
714 19 267
714 18 268
715 18 267
720 17 263
720 17 263
727 12 261
733 11 256
736 9 255
738 9 253
739 11 250
742 13 245
742 13 245
739 16 245
742 19 239
736 25 239
734 23 243
736 24 240
736 24 240
736 27 237
733 28 239
732 21 247
731 22 247
723 30 247
722 31 247
720 31 249
716 32 252
713 31 256
712 32 256
710 30 260
712 29 259
709 37 254
698 46 256
696 44 260
696 44 260
688 43 269
687 43 270
684 39 277
678 41 281
675 39 286
674 44 282
674 38 288
674 41 285
672 42 286
676 44 280
676 38 286
676 38 286
677 41 282
676 42 282
677 37 286
670 41 289
665 40 295
665 39 296
665 39 296
668 37 295
668 33 299
671 30 299
674 31 295
680 25 295
681 25 294
682 23 295
686 20 294
691 17 292
696 16 288
696 16 288
696 12 292
699 13 288
705 12 283
712 12 276
715 15 270
719 10 271
716 13 271
721 9 270
725 9 266
728 7 265
736 6 258
738 6 256
737 8 255
735 11 254
737 11 252
736 16 248
735 19 246
733 25 242
731 24 245
730 24 246
730 27 243
731 28 241
723 34 243
719 31 250
720 33 247
720 36 244
721 37 242
716 34 250
722 33 245
724 30 246
720 32 248
716 37 247
711 42 247
709 42 249
705 41 254
699 42 259
696 45 259
688 50 262
685 55 260
685 51 264
680 51 269
680 46 274
681 43 276
680 47 273
681 43 276
680 40 280
681 42 277
678 46 276
675 46 279
674 47 279
672 50 278
666 48 286
662 49 289
656 51 293
659 49 292
658 46 296
659 47 294
665 38 297
665 34 301
662 32 306
662 32 306
670 33 297
672 35 293
669 38 293
668 37 295
669 39 292
671 34 295
675 36 289
673 33 294
674 28 298
676 27 297
676 23 301
678 25 297
682 19 299
683 24 293
684 23 293
681 23 296
688 21 291
687 23 290
681 27 292
681 25 294
683 25 292
686 25 289
686 21 293
689 23 288
691 27 282
694 24 282
694 23 283
694 24 282
695 22 283
698 22 280
697 25 278
703 19 278
707 16 277
711 18 271
710 18 272
713 18 269
713 17 270
718 12 270
723 13 264
724 13 263
728 13 259
728 18 254
730 21 249
736 16 248
737 16 247
738 17 245
739 16 245
737 15 248
736 17 247
734 14 252
740 13 247
741 15 244
743 16 241
745 20 235
747 19 234
746 19 235
745 18 237
747 19 234
749 21 230
749 21 230
749 21 230
744 24 232
742 23 235
746 19 235
747 16 237
745 20 235
747 18 235
747 20 233
745 19 236
748 19 233
745 22 233
743 20 237
739 21 240
741 18 241
743 14 243
742 13 245
745 12 243
748 12 240
746 13 241
750 11 239
754 13 233
757 11 232
757 11 232
759 8 233
762 11 227
762 11 227
765 9 226
772 5 223
772 6 222
776 7 217
779 8 213
780 6 214
780 8 212
782 9 209
784 8 208
789 8 203
794 8 198
794 9 197
795 8 197
795 7 198
795 6 199
797 7 196
796 9 195
799 6 195
798 10 192
795 12 193
798 15 187
801 14 185
808 11 181
809 11 180
808 12 180
807 12 181
808 11 181
804 18 178
801 22 177
803 22 175
803 20 177
799 21 180
799 23 178
805 21 174
810 20 170
810 21 169
809 24 167
806 29 165
802 32 166
790 39 171
785 41 174
784 41 175
771 46 183
770 49 181
769 43 188
767 43 190
764 45 191
754 53 193
744 60 196
740 60 200
729 63 208
715 69 216
702 77 221
697 72 231
683 76 241
679 75 246
677 72 251
678 71 251
677 68 255
671 72 257
665 75 260
661 67 272
663 62 275
665 56 279
662 56 282
664 49 287
672 43 285
676 38 286
680 33 287
683 30 287
687 30 283
686 26 288
688 24 288
694 21 285
699 21 280
