1000 0 0
1000 0 0
1000 0 0
999 1 0
998 2 0
998 1 1
995 4 1
989 9 2
985 11 4
982 10 8
978 13 9
972 16 12
970 16 14
966 18 16
958 25 17
943 36 21
933 40 27
921 46 33
908 51 41
895 54 51
881 54 65
871 56 73
856 62 82
840 68 92
834 68 98
825 66 109
810 71 119
792 81 127
780 80 140
763 89 148
741 101 158
727 105 168
712 105 183
701 101 198
691 101 208
681 104 215
670 109 221
659 109 232
642 116 242
629 113 258
620 111 269
621 104 275
617 97 286
611 92 297
603 95 302
599 83 318
593 80 327
596 71 333
600 65 335
595 62 343
597 59 344
596 59 345
601 57 342
605 49 346
602 48 350
599 50 351
607 46 347
610 44 346
615 34 351
618 35 347
622 30 348
625 29 346
628 31 341
625 31 344
629 29 342
629 29 342
624 30 346
634 24 342
634 25 341
640 24 336
642 25 333
648 24 328
651 22 327
653 18 329
654 20 326
657 19 324
664 20 316
669 18 313
672 18 310
669 18 313
671 16 313
677 14 309
677 16 307
680 16 304
682 17 301
684 16 300
688 14 298
689 13 298
696 14 290
702 12 286
705 12 283
707 13 280
709 14 277
710 15 275
708 18 274
711 18 271
708 22 270
703 28 269
702 27 271
700 27 273
704 29 267
696 33 271
694 32 274
694 33 273
695 29 276
699 30 271
701 30 269
702 27 271
703 24 273
706 24 270
704 24 272
700 25 275
702 24 274
703 26 271
703 25 272
708 23 269
704 27 269
705 32 263
704 35 261
705 29 266
704 27 269
702 28 270
702 27 271
701 28 271
703 26 271
700 24 276
705 23 272
707 21 272
710 18 272
717 16 267
719 16 265
720 14 266
725 13 262
727 15 258
732 15 253
733 12 255
734 13 253
737 14 249
735 15 250
734 17 249
735 18 247
733 17 250
734 16 250
735 14 251
739 13 248
740 14 246
744 14 242
747 14 239
749 15 236
749 10 241
754 8 238
761 9 230
760 13 227
759 17 224
759 17 224
754 23 223
757 24 219
747 32 221
744 35 221
747 41 212
742 45 213
736 47 217
729 50 221
717 55 228
710 58 232
714 56 230
710 52 238
708 52 240
701 56 243
695 61 244
689 65 246
685 60 255
677 65 258
675 66 259
674 61 265
672 61 267
665 68 267
656 67 277
649 67 284
649 59 292
651 56 293
651 53 296
647 50 303
645 51 304
646 46 308
647 47 306
650 47 303
646 43 311
640 48 312
640 52 308
643 49 308
642 47 311
641 45 314
641 47 312
644 48 308
643 48 309
637 54 309
633 52 315
634 53 313
635 52 313
632 50 318
629 51 320
631 49 320
627 53 320
633 50 317
637 50 313
629 46 325
623 47 330
625 43 332
621 45 334
627 41 332
626 38 336
623 42 335
628 38 334
627 42 331
631 36 333
631 39 330
633 38 329
637 31 332
643 29 328
638 32 330
640 28 332
638 28 334
640 27 333
641 24 335
645 22 333
650 23 327
652 24 324
658 24 318
658 26 316
662 24 314
657 29 314
656 27 317
659 25 316
659 27 314
661 25 314
662 21 317
663 20 317
668 17 315
671 15 314
675 13 312
677 12 311
681 13 306
687 14 299
694 14 292
692 15 293
694 12 294
697 13 290
700 14 286
702 17 281
704 16 280
706 12 282
716 12 272
719 13 268
724 13 263
727 12 261
729 12 259
734 9 257
736 11 253
738 12 250
743 11 246
744 10 246
743 10 247
745 9 246
747 10 243
749 10 241
748 11 241
754 11 235
759 9 232
758 10 232
759 5 236
759 6 235
763 5 232
764 6 230
767 7 226
770 7 223
772 7 221
773 9 218
770 14 216
765 16 219
763 16 221
764 16 220
763 16 221
762 20 218
762 21 217
759 16 225
754 20 226
755 18 227
752 21 227
752 23 225
751 26 223
755 21 224
756 19 225
758 18 224
757 21 222
754 21 225
749 28 223
748 29 223
748 30 222
747 25 228
748 24 228
751 19 230
751 18 231
753 16 231
759 15 226
761 12 227
762 13 225
766 12 222
766 12 222
769 11 220
768 10 222
773 9 218
773 11 216
773 11 216
771 13 216
773 11 216
770 16 214
767 19 214
769 19 212
768 19 213
768 17 215
773 11 216
774 10 216
774 12 214
773 14 213
768 18 214
769 17 214
773 18 209
776 18 206
781 15 204
779 13 208
778 13 209
780 14 206
781 16 203
780 18 202
780 18 202
781 21 198
779 22 199
776 24 200
777 22 201
781 21 198
778 22 200
779 23 198
782 22 196
785 21 194
788 18 194
784 19 197
787 18 195
787 18 195
787 20 193
786 23 191
784 28 188
782 34 184
774 37 189
770 42 188
769 39 192
768 36 196
764 38 198
768 40 192
770 36 194
760 40 200
756 40 204
754 36 210
752 31 217
749 30 221
748 30 222
749 33 218
751 31 218
750 27 223
749 28 223
748 26 226
748 24 228
746 25 229
743 29 228
742 29 229
739 31 230
737 34 229
738 33 229
737 32 231
731 36 233
730 35 235
728 40 232
725 36 239
724 37 239
720 41 239
717 45 238
708 48 244
703 55 242
701 54 245
698 55 247
693 57 250
691 49 260
688 49 263
688 43 269
681 43 276
675 43 282
670 44 286
669 42 289
668 38 294
665 37 298
666 37 297
663 37 300
666 29 305
667 28 305
668 28 304
665 32 303
665 31 304
664 36 300
664 33 303
668 32 300
668 37 295
671 34 295
668 36 296
668 38 294
672 33 295
672 35 293
669 37 294
672 34 294
675 34 291
674 37 289
677 34 289
674 39 287
672 41 287
675 36 289
675 35 290
678 34 288
679 31 290
684 25 291
688 20 292
692 17 291
696 16 288
699 15 286
700 16 284
695 17 288
694 17 289
703 18 279
707 13 280
704 14 282
703 17 280
703 17 280
703 20 277
702 23 275
706 24 270
706 24 270
705 24 271
711 24 265
713 28 259
710 29 261
706 31 263
707 29 264
710 24 266
715 22 263
716 22 262
715 26 259
714 28 258
714 28 258
712 27 261
718 23 259
717 24 259
716 26 258
721 25 254
719 25 256
721 22 257
720 19 261
718 21 261
719 20 261
719 19 262
715 22 263
717 25 258
713 33 254
709 35 256
707 31 262
706 33 261
707 36 257
707 33 260
707 37 256
701 34 265
695 36 269
697 33 270
696 34 270
702 30 268
702 30 268
702 32 266
701 29 270
701 27 272
697 32 271
697 30 273
695 34 271
695 32 273
696 31 273
695 35 270
693 37 270
693 38 269
691 39 270
690 45 265
685 49 266
685 47 268
680 52 268
673 57 270
670 59 271
665 58 277
659 63 278
653 60 287
645 64 291
640 67 293
628 73 299
621 71 308
615 66 319
608 67 325
610 64 326
608 57 335
606 56 338
605 47 348
600 41 359
599 37 364
609 36 355
614 37 349
616 39 345
617 37 346
617 35 348
622 31 347
620 28 352
628 26 346
631 24 345
631 27 342
631 27 342
637 19 344
636 20 344
641 16 343
642 14 344
650 10 340
651 11 338
657 9 334
656 14 330
663 12 325
667 11 322
675 11 314
678 9 313
686 8 306
686 7 307
693 7 300
695 8 297
699 6 295
701 8 291
704 7 289
709 6 285
713 8 279
722 8 270
721 11 268
726 12 262
729 11 260
734 13 253
733 13 254
735 13 252
734 16 250
739 16 245
739 18 243
741 17 242
744 16 240
743 14 243
743 13 244
745 12 243
750 8 242
757 6 237
760 6 234
760 8 232
761 9 230
762 6 232
762 6 232
764 6 230
766 5 229
769 5 226
775 6 219
777 6 217
780 6 214
782 5 213
783 5 212
785 7 208
785 9 206
789 9 202
792 11 197
793 11 196
792 15 193
794 18 188
790 20 190
790 21 189
787 22 191
783 24 193
783 25 192
783 23 194
784 22 194
782 25 193
778 29 193
772 36 192
770 31 199
769 26 205
767 24 209
763 26 211
764 23 213
764 20 216
769 15 216
770 15 215
772 14 214
772 14 214
773 14 213
775 14 211
776 14 210
778 16 206
774 19 207
769 22 209
766 20 214
767 20 213
767 23 210
770 24 206
772 24 204
774 17 209
773 16 211
773 19 208
775 19 206
775 18 207
778 15 207
781 14 205
780 17 203
781 16 203
784 12 204
779 19 202
782 19 199
779 21 200
778 20 202
776 22 202
773 24 203
769 25 206
767 22 211
769 20 211
765 25 210
766 28 206
769 26 205
774 24 202
767 28 205
768 26 206
767 23 210
762 25 213
760 26 214
755 29 216
751 35 214
750 32 218
749 32 219
750 30 220
754 23 223
754 20 226
754 19 227
753 21 226
756 22 222
760 17 223
766 13 221
767 14 219
763 17 220
769 16 215
767 19 214
768 19 213
766 20 214
764 20 216
759 21 220
758 22 220
759 23 218
761 17 222
759 19 222
760 21 219
755 26 219
756 22 222
756 19 225
763 19 218
760 18 222
759 19 222
759 18 223
760 16 224
764 15 221
770 14 216
773 16 211
775 16 209
778 18 204
777 17 206
781 16 203
783 16 201
785 17 198
784 19 197
783 21 196
779 21 200
777 24 199
775 23 202
774 22 204
772 23 205
773 22 205
773 20 207
776 20 204
780 18 202
785 16 199
785 13 202
785 16 199
781 19 200
781 24 195
777 23 200
777 24 199
774 22 204
774 21 205
777 19 204
782 16 202
787 17 196
785 18 197
782 17 201
781 19 200
780 19 201
774 21 205
775 22 203
774 22 204
772 23 205
772 19 209
772 19 209
773 16 211
769 15 216
768 17 215
773 13 214
772 14 214
771 14 215
769 16 215
772 15 213
770 14 216
766 15 219
763 17 220
760 21 219
761 20 219
756 24 220
753 25 222
754 23 223
759 19 222
762 18 220
763 19 218
769 18 213
769 15 216
771 13 216
764 21 215
768 22 210
768 24 208
762 31 207
760 34 206
758 37 205
749 46 205
753 45 202
744 46 210
738 46 216
738 46 216
729 46 225
729 46 225
716 58 226
708 59 233
706 56 238
705 59 236
699 63 238
689 63 248
683 61 256
673 62 265
673 61 266
669 57 274
664 49 287
659 50 291
661 46 293
661 46 293
664 43 293
660 43 297
660 42 298
661 42 297
662 38 300
663 37 300
665 31 304
664 30 306
664 26 310
663 26 311
661 26 313
661 27 312
661 29 310
662 29 309
656 34 310
660 28 312
659 28 313
662 26 312
662 29 309
665 27 308
670 25 305
673 22 305
673 19 308
673 20 307
670 17 313
675 17 308
679 13 308
683 11 306
690 10 300
691 11 298
695 10 295
697 11 292
703 9 288
706 9 285
707 10 283
712 8 280
717 11 272
718 13 269
719 11 270
717 14 269
725 11 264
726 13 261
734 9 257
734 6 260
738 5 257
742 6 252
746 6 248
751 8 241
759 5 236
762 6 232
766 6 228
765 7 228
766 6 228
768 6 226
772 4 224
777 4 219
781 6 213
784 9 207
785 7 208
789 7 204
789 6 205
793 4 203
795 5 200
796 7 197
797 7 196
796 7 197
798 7 195
801 7 192
803 8 189
809 6 185
810 6 184
812 6 182
816 6 178
816 7 177
819 4 177
819 5 176
820 4 176
825 5 170
829 3 168
834 2 164
838 2 160
837 2 161
839 3 158
840 4 156
838 6 156
837 8 155
834 10 156
837 10 153
836 9 155
839 9 152
837 10 153
836 13 151
837 10 153
837 11 152
840 11 149
841 12 147
841 9 150
845 9 146
846 10 144
846 10 144
844 11 145
843 11 146
841 10 149
842 13 145
840 15 145
842 8 150
845 9 146
846 8 146
845 8 147
844 8 148
847 8 145
848 9 143
846 11 143
844 10 146
842 15 143
838 15 147
838 21 141
838 22 140
836 19 145
835 17 148
833 18 149
829 18 153
823 22 155
807 35 158
802 35 163
796 36 168
788 42 170
776 51 173
767 53 180
751 62 187
743 67 190
735 67 198
730 66 204
722 73 205
708 75 217
695 80 225
683 83 234
678 81 241
671 79 250
659 79 262
654 77 269
645 79 276
642 77 281
636 78 286
629 74 297
625 74 301
614 80 306
606 85 309
606 75 319
606 70 324
603 66 331
602 66 332
598 67 335
598 68 334
597 66 337
597 64 339
594 62 344
594 58 348
588 60 352
590 54 356
587 48 365
588 47 365
592 46 362
594 44 362
599 45 356
601 42 357
607 37 356
608 36 356
618 34 348
619 33 348
620 33 347
622 32 346
624 34 342
621 31 348
625 28 347
626 28 346
625 30 345
634 26 340
639 25 336
646 25 329
651 24 325
656 20 324
661 17 322
660 23 317
660 19 321
668 17 315
664 18 318
667 16 317
669 14 317
672 16 312
668 18 314
667 13 320
665 15 320
672 12 316
675 10 315
684 10 306
688 11 301
693 11 296
701 12 287
704 14 282
710 12 278
714 12 274
714 13 273
718 14 268
717 15 268
714 17 269
716 18 266
721 16 263
719 16 265
723 16 261
721 18 261
728 18 254
736 17 247
736 20 244
740 19 241
744 19 237
740 23 237
738 23 239
739 23 238
736 24 240
733 26 241
730 29 241
733 22 245
733 23 244
733 23 244
740 21 239
740 21 239
741 21 238
741 22 237
739 26 235
735 29 236
737 26 237
736 24 240
737 19 244
