1000 0 0
998 2 0
997 3 0
996 4 0
995 4 1
993 4 3
989 7 4
984 10 6
984 8 8
983 9 8
982 8 10
976 15 9
966 22 12
956 30 14
950 31 19
933 42 25
917 47 36
908 51 41
891 59 50
871 70 59
855 72 73
845 71 84
832 70 98
806 92 102
790 90 120
777 93 130
763 90 147
749 94 157
727 106 167
706 108 186
692 107 201
680 108 212
672 101 227
660 104 236
648 106 246
637 105 258
620 103 277
611 97 292
604 95 301
590 98 312
587 99 314
588 89 323
583 89 328
579 83 338
579 81 340
573 76 351
569 76 355
566 78 356
565 72 363
557 69 374
558 68 374
561 60 379
556 60 384
556 53 391
558 46 396
560 48 392
564 46 390
567 46 387
568 49 383
566 45 389
567 43 390
570 44 386
566 47 387
567 46 387
565 46 389
565 45 390
565 44 391
572 42 386
570 44 386
576 47 377
577 46 377
575 36 389
574 41 385
577 42 381
586 42 372
590 34 376
597 29 374
604 22 374
607 23 370
608 20 372
615 19 366
618 15 367
629 15 356
629 18 353
631 20 349
633 23 344
636 25 339
636 26 338
643 21 336
645 18 337
650 15 335
652 15 333
649 16 335
656 16 328
657 17 326
662 16 322
663 17 320
662 20 318
663 19 318
665 17 318
663 18 319
665 16 319
667 14 319
668 16 316
673 17 310
679 11 310
678 15 307
680 13 307
684 15 301
690 15 295
694 13 293
697 14 289
698 13 289
700 8 292
702 4 294
710 3 287
713 4 283
714 4 282
720 5 275
725 6 269
727 8 265
730 8 262
728 11 261
731 13 256
729 18 253
729 18 253
731 19 250
735 17 248
737 17 246
738 14 248
740 13 247
740 11 249
741 13 246
740 15 245
741 18 241
747 15 238
752 14 234
750 17 233
751 16 233
748 18 234
750 17 233
752 18 230
755 16 229
756 15 229
756 14 230
756 15 229
755 17 228
757 17 226
754 17 229
753 18 229
752 22 226
754 22 224
756 21 223
758 18 224
753 20 227
756 21 223
755 19 226
756 21 223
754 22 224
756 22 222
756 21 223
758 19 223
757 20 223
759 20 221
754 23 223
754 21 225
756 21 223
755 19 226
763 19 218
763 17 220
764 15 221
766 12 222
768 11 221
769 11 220
774 10 216
775 10 215
776 12 212
777 13 210
774 17 209
771 18 211
771 20 209
775 18 207
776 21 203
775 19 206
774 17 209
771 18 211
769 19 212
773 18 209
769 17 214
771 17 212
771 18 211
771 17 212
776 17 207
774 21 205
773 23 204
774 21 205
776 23 201
773 24 203
772 23 205
773 23 204
770 22 208
773 21 206
778 19 203
782 21 197
782 22 196
784 19 197
789 16 195
788 15 197
788 16 196
788 17 195
791 16 193
791 22 187
793 23 184
791 24 185
792 26 182
789 25 186
782 31 187
772 34 194
768 34 198
763 36 201
763 33 204
764 33 203
756 35 209
755 34 211
750 35 215
744 36 220
742 35 223
742 30 228
743 30 227
748 25 227
747 25 228
752 20 228
749 21 230
749 20 231
748 22 230
751 17 232
754 13 233
754 15 231
755 13 232
752 18 230
752 19 229
742 26 232
744 24 232
739 27 234
737 30 233
732 30 238
732 28 240
732 25 243
733 23 244
737 22 241
740 24 236
740 26 234
741 24 235
739 25 236
742 18 240
744 16 240
749 15 236
749 19 232
754 16 230
756 19 225
755 19 226
756 22 222
758 21 221
760 19 221
761 19 220
767 18 215
769 16 215
769 15 216
769 14 217
768 16 216
765 18 217
766 18 216
768 16 216
767 18 215
768 17 215
766 20 214
765 22 213
766 16 218
769 18 213
770 14 216
765 18 217
763 22 215
764 19 217
764 21 215
769 18 213
771 14 215
770 17 213
768 18 214
767 20 213
768 17 215
765 18 217
766 19 215
768 16 216
769 18 213
768 21 211
768 21 211
764 23 213
762 21 217
766 18 216
770 14 216
768 15 217
767 14 219
770 13 217
772 15 213
775 15 210
776 15 209
775 16 209
773 18 209
773 19 208
769 22 209
772 18 210
772 17 211
772 18 210
771 22 207
771 23 206
771 24 205
771 25 204
767 26 207
762 28 210
760 29 211
762 30 208
765 26 209
769 22 209
767 21 212
765 23 212
767 20 213
767 17 216
763 24 213
764 26 210
763 24 213
759 29 212
757 31 212
755 30 215
752 29 219
754 31 215
754 32 214
754 32 214
751 32 217
753 25 222
751 24 225
749 25 226
755 23 222
755 27 218
757 26 217
755 25 220
754 25 221
752 25 223
756 25 219
758 25 217
756 24 220
756 28 216
752 34 214
750 35 215
753 32 215
753 29 218
753 30 217
753 25 222
758 24 218
760 19 221
758 18 224
761 19 220
759 20 221
759 21 220
761 21 218
756 22 222
756 23 221
759 21 220
761 21 218
764 21 215
766 20 214
766 26 208
768 25 207
765 26 209
763 28 209
759 29 212
759 27 214
756 28 216
755 32 213
750 33 217
749 34 217
743 36 221
742 36 222
742 33 225
736 36 228
733 37 230
730 41 229
726 39 235
724 36 240
720 36 244
723 34 243
717 35 248
715 35 250
716 28 256
721 24 255
716 28 256
712 28 260
714 24 262
716 24 260
713 27 260
712 27 261
706 32 262
700 33 267
697 38 265
696 38 266
693 44 263
695 40 265
688 42 270
687 41 272
687 38 275
687 42 271
687 43 270
682 46 272
674 54 272
669 54 277
664 59 277
657 67 276
652 69 279
650 62 288
641 69 290
641 62 297
641 58 301
639 53 308
635 57 308
633 56 311
623 62 315
620 59 321
616 59 325
616 59 325
616 59 325
613 63 324
606 61 333
605 62 333
602 57 341
607 45 348
611 42 347
609 46 345
610 46 344
611 44 345
609 41 350
610 43 347
611 39 350
606 40 354
610 40 350
610 40 350
616 36 348
611 40 349
611 37 352
607 41 352
610 38 352
612 40 348
612 39 349
617 38 345
616 36 348
618 36 346
613 42 345
615 43 342
621 46 333
633 40 327
630 38 332
638 33 329
641 29 330
642 25 333
651 22 327
659 20 321
658 19 323
663 17 320
669 16 315
671 15 314
674 15 311
675 17 308
677 15 308
684 15 301
689 15 296
691 17 292
696 16 288
696 16 288
697 19 284
704 19 277
705 12 283
708 10 282
709 14 277
710 18 272
713 18 269
715 22 263
715 23 262
715 26 259
710 29 261
710 27 263
709 33 258
707 33 260
703 32 265
699 33 268
697 32 271
696 33 271
694 31 275
693 26 281
690 29 281
691 28 281
688 33 279
687 33 280
693 28 279
691 33 276
691 37 272
684 39 277
681 41 278
676 35 289
678 34 288
674 34 292
675 33 292
680 33 287
684 28 288
680 29 291
686 26 288
690 26 284
690 28 282
688 27 285
690 26 284
689 22 289
691 25 284
685 29 286
685 27 288
685 26 289
686 27 287
691 24 285
691 20 289
688 23 289
694 23 283
698 23 279
700 22 278
702 23 275
700 26 274
692 31 277
694 26 280
691 26 283
691 27 282
698 24 278
696 29 275
695 27 278
698 25 277
700 23 277
699 27 274
699 28 273
698 31 271
700 28 272
700 29 271
703 30 267
698 31 271
700 27 273
699 26 275
700 23 277
699 27 274
698 31 271
698 27 275
693 30 277
698 29 273
700 31 269
704 31 265
698 35 267
692 37 271
693 36 271
693 32 275
691 32 277
693 26 281
690 29 281
697 26 277
694 30 276
696 33 271
697 33 270
699 34 267
697 36 267
695 34 271
695 38 267
695 40 265
701 37 262
709 31 260
707 31 262
700 36 264
696 37 267
694 38 268
695 41 264
692 41 267
693 37 270
700 32 268
700 34 266
698 35 267
702 35 263
697 40 263
694 41 265
686 42 272
685 39 276
687 35 278
682 36 282
676 39 285
669 46 285
666 47 287
661 51 288
653 55 292
642 60 298
643 62 295
630 65 305
628 60 312
629 56 315
623 53 324
627 46 327
626 45 329
623 46 331
621 50 329
624 45 331
624 43 333
624 41 335
627 33 340
623 34 343
625 35 340
630 31 339
630 30 340
625 30 345
628 29 343
630 29 341
635 30 335
638 25 337
638 27 335
641 26 333
640 33 327
648 31 321
655 27 318
659 27 314
659 26 315
663 24 313
667 24 309
672 18 310
675 15 310
677 16 307
676 19 305
677 21 302
680 22 298
684 18 298
684 19 297
687 20 293
691 20 289
691 19 290
696 18 286
702 14 284
709 13 278
714 11 275
715 11 274
723 9 268
726 5 269
727 4 269
729 6 265
733 6 261
733 5 262
734 4 262
739 4 257
740 3 257
745 3 252
747 3 250
752 3 245
756 4 240
758 5 237
763 5 232
764 7 229
770 3 227
777 2 221
783 3 214
783 4 213
787 4 209
787 5 208
786 8 206
789 8 203
789 7 204
787 6 207
788 6 206
793 5 202
791 7 202
794 6 200
793 6 201
795 7 198
795 8 197
798 9 193
798 8 194
801 6 193
804 6 190
804 6 190
807 7 186
809 9 182
810 9 181
814 9 177
816 7 177
816 8 176
810 16 174
810 19 171
805 20 175
806 19 175
808 22 170
809 23 168
803 26 171
798 29 173
792 31 177
792 30 178
792 30 178
789 33 178
785 40 175
782 42 176
781 42 177
772 47 181
767 50 183
758 51 191
749 57 194
740 62 198
730 69 201
722 71 207
715 68 217
709 69 222
705 68 227
699 70 231
694 62 244
690 65 245
691 62 247
687 61 252
679 63 258
687 48 265
684 44 272
680 44 276
675 53 272
676 50 274
674 49 277
674 50 276
673 54 273
674 49 277
674 45 281
676 38 286
678 32 290
679 30 291
676 31 293
679 30 291
676 32 292
672 40 288
673 39 288
669 42 289
670 38 292
669 37 294
664 39 297
663 37 300
667 34 299
665 35 300
669 35 296
666 36 298
664 39 297
666 37 297
661 43 296
656 42 302
661 36 303
661 33 306
664 29 307
660 37 303
654 42 304
652 37 311
652 37 311
655 39 306
653 34 313
651 35 314
657 32 311
654 35 311
651 36 313
652 36 312
656 37 307
654 35 311
655 35 310
653 34 313
650 38 312
650 38 312
650 37 313
650 35 315
653 36 311
651 38 311
654 37 309
650 36 314
646 36 318
646 29 325
651 30 319
651 30 319
656 30 314
663 30 307
663 28 309
664 27 309
660 33 307
665 31 304
664 35 301
662 38 300
660 40 300
658 37 305
656 37 307
658 35 307
655 32 313
655 32 313
657 30 313
667 29 304
668 26 306
675 23 302
674 20 306
680 19 301
679 20 301
679 19 302
681 16 303
679 16 305
682 15 303
685 16 299
687 13 300
690 11 299
692 12 296
704 14 282
710 12 278
718 12 270
722 13 265
722 9 269
723 10 267
726 11 263
729 9 262
727 13 260
729 11 260
730 15 255
734 17 249
737 17 246
733 20 247
732 19 249
737 18 245
737 21 242
736 21 243
734 20 246
734 19 247
735 21 244
735 21 244
737 22 241
737 27 236
740 21 239
743 22 235
750 19 231
751 18 231
751 19 230
748 22 230
749 23 228
745 28 227
748 25 227
750 27 223
747 26 227
747 25 228
751 27 222
754 25 221
755 25 220
753 22 225
755 18 227
764 16 220
767 14 219
771 16 213
777 13 210
779 12 209
780 12 208
785 11 204
792 11 197
791 12 197
793 13 194
794 13 193
799 13 188
800 12 188
803 14 183
809 13 178
807 17 176
806 18 176
802 23 175
806 19 175
808 16 176
805 17 178
804 20 176
803 20 177
801 20 179
804 19 177
805 16 179
807 16 177
807 15 178
802 20 178
803 22 175
801 27 172
801 22 177
807 19 174
808 23 169
804 25 171
801 28 171
796 29 175
793 30 177
793 32 175
788 33 179
786 33 181
777 38 185
769 42 189
758 42 200
751 47 202
743 53 204
729 63 208
725 61 214
718 58 224
713 55 232
704 58 238
698 63 239
700 50 250
694 52 254
688 51 261
689 47 264
683 48 269
684 41 275
682 38 280
681 34 285
682 34 284
687 33 280
690 32 278
691 32 277
689 37 274
689 39 272
696 35 269
696 41 263
689 47 264
687 46 267
682 49 269
676 57 267
674 63 263
669 64 267
662 60 278
658 55 287
648 61 291
641 63 296
636 61 303
636 56 308
630 54 316
629 52 319
627 53 320
624 47 329
621 46 333
619 45 336
618 47 335
619 43 338
613 45 342
617 43 340
619 40 341
620 31 349
620 28 352
625 28 347
624 29 347
633 31 336
633 32 335
638 29 333
644 25 331
651 21 328
652 21 327
653 24 323
653 22 325
652 18 330
652 18 330
656 21 323
657 22 321
660 17 323
661 14 325
661 16 323
662 20 318
668 18 314
676 13 311
675 13 312
676 14 310
677 13 310
685 14 301
690 12 298
692 14 294
699 14 287
707 13 280
707 13 280
711 13 276
717 11 272
715 13 272
713 16 271
712 18 270
713 19 268
714 20 266
718 16 266
723 18 259
727 15 258
731 12 257
735 13 252
742 9 249
746 10 244
750 6 244
755 8 237
758 7 235
763 6 231
762 6 232
763 7 230
766 6 228
768 6 226
765 7 228
764 9 227
767 9 224
775 10 215
773 13 214
774 14 212
