1000 0 0
999 1 0
999 1 0
999 1 0
998 2 0
998 1 1
997 2 1
997 0 3
996 1 3
994 3 3
994 2 4
994 1 5
994 1 5
993 2 5
994 1 5
994 0 6
994 0 6
994 0 6
994 0 6
994 0 6
994 0 6
994 0 6
989 4 7
986 6 8
982 8 10
977 12 11
973 15 12
971 12 17
963 17 20
957 22 21
943 36 21
931 40 29
921 42 37
914 37 49
910 40 50
900 41 59
887 43 70
878 45 77
864 55 81
855 62 83
842 68 90
828 71 101
814 74 112
802 81 117
791 79 130
775 81 144
762 85 153
752 82 166
743 82 175
728 85 187
712 92 196
699 101 200
685 104 211
668 105 227
650 109 241
635 113 252
612 122 266
602 119 279
590 116 294
578 117 305
575 93 332
572 94 334
561 96 343
554 100 346
538 107 355
544 96 360
536 96 368
533 85 382
533 80 387
525 82 393
520 85 395
514 82 404
515 77 408
512 78 410
510 75 415
507 71 422
506 68 426
510 62 428
516 55 429
520 50 430
527 46 427
538 41 421
543 38 419
544 37 419
546 37 417
554 32 414
557 26 417
564 27 409
565 30 405
570 23 407
573 20 407
578 21 401
584 19 397
585 21 394
588 22 390
596 21 383
599 17 384
602 16 382
604 15 381
604 15 381
610 14 376
615 14 371
619 11 370
622 10 368
623 10 367
628 7 365
632 6 362
634 3 363
641 3 356
646 3 351
652 4 344
656 3 341
660 2 338
665 2 333
671 2 327
672 1 327
677 1 322
679 3 318
689 3 308
692 4 304
696 5 299
697 6 297
704 7 289
707 8 285
713 7 280
715 7 278
715 7 278
718 7 275
722 7 271
728 5 267
730 5 265
736 4 260
739 4 257
741 7 252
738 10 252
746 10 244
745 14 241
745 10 245
747 10 243
745 13 242
742 19 239
741 22 237
740 22 238
743 20 237
747 18 235
748 16 236
750 15 235
751 15 234
750 17 233
748 20 232
751 21 228
750 21 229
748 20 232
746 23 231
744 25 231
746 29 225
743 28 229
741 28 231
736 37 227
737 40 223
728 41 231
722 45 233
716 47 237
708 49 243
701 56 243
696 51 253
691 60 249
676 68 256
668 72 260
665 67 268
660 64 276
658 61 281
658 58 284
655 60 285
647 68 285
639 65 296
636 64 300
634 69 297
626 67 307
623 62 315
625 54 321
627 49 324
624 45 331
626 44 330
626 41 333
631 44 325
624 42 334
626 35 339
630 33 337
642 25 333
643 21 336
646 19 335
650 16 334
653 15 332
656 14 330
659 12 329
668 12 320
675 11 314
680 11 309
681 10 309
683 10 307
685 12 303
689 12 299
696 9 295
700 9 291
705 10 285
713 9 278
714 10 276
721 8 271
729 6 265
732 8 260
736 6 258
736 8 256
734 14 252
736 14 250
737 14 249
738 13 249
740 12 248
739 16 245
736 18 246
734 19 247
735 19 246
738 24 238
735 24 241
735 23 242
741 25 234
739 25 236
739 28 233
735 35 230
729 34 237
732 31 237
730 34 236
726 34 240
720 37 243
721 35 244
722 32 246
720 37 243
718 38 244
714 43 243
715 35 250
715 31 254
711 36 253
708 32 260
706 30 264
706 29 265
707 31 262
706 33 261
707 33 260
708 33 259
709 34 257
701 42 257
699 42 259
701 46 253
696 45 259
690 46 264
687 47 266
681 49 270
678 47 275
670 49 281
669 48 283
662 53 285
660 53 287
652 59 289
651 58 291
650 57 293
652 57 291
647 62 291
640 66 294
632 69 299
631 66 303
627 63 310
627 60 313
624 60 316
625 55 320
629 46 325
626 53 321
625 52 323
623 53 324
622 49 329
629 42 329
627 40 333
628 41 331
625 44 331
624 46 330
624 43 333
627 39 334
635 35 330
638 34 328
640 34 326
642 34 324
638 37 325
640 34 326
640 35 325
636 39 325
638 35 327
640 34 326
643 33 324
644 27 329
648 28 324
651 27 322
652 24 324
655 23 322
658 25 317
661 28 311
662 28 310
667 21 312
667 20 313
672 17 311
675 19 306
683 19 298
684 22 294
683 22 295
685 21 294
689 20 291
692 16 292
691 17 292
693 19 288
694 21 285
700 21 279
704 19 277
700 23 277
697 22 281
698 21 281
699 24 277
699 23 278
701 21 278
697 27 276
698 27 275
695 28 277
695 23 282
695 26 279
697 28 275
694 31 275
693 30 277
691 34 275
690 33 277
689 38 273
687 36 277
682 39 279
678 35 287
676 35 289
676 33 291
673 31 296
672 35 293
668 38 294
664 40 296
669 39 292
665 38 297
663 42 295
658 42 300
657 39 304
653 41 306
651 41 308
645 45 310
645 44 311
646 46 308
643 47 310
643 48 309
640 48 312
644 49 307
646 46 308
647 43 310
642 45 313
639 47 314
642 44 314
641 42 317
641 42 317
636 45 319
638 38 324
637 37 326
632 41 327
635 34 331
636 32 332
636 35 329
638 34 328
637 34 329
636 36 328
640 35 325
641 35 324
645 29 326
642 32 326
644 31 325
648 28 324
654 28 318
654 30 316
654 33 313
654 33 313
652 29 319
654 29 317
656 29 315
655 28 317
656 30 314
652 31 317
654 26 320
652 28 320
654 28 318
654 32 314
658 30 312
657 31 312
655 32 313
658 30 312
654 31 315
653 30 317
654 27 319
656 22 322
657 24 319
661 20 319
662 23 315
659 26 315
666 24 310
664 27 309
668 27 305
673 25 302
677 23 300
680 20 300
681 17 302
683 16 301
687 15 298
694 13 293
697 14 289
702 12 286
711 11 278
713 9 278
719 8 273
725 8 267
728 7 265
733 6 261
735 5 260
740 6 254
741 6 253
746 4 250
752 3 245
761 2 237
765 2 233
767 2 231
775 2 223
778 2 220
786 2 212
787 1 212
790 0 210
791 1 208
794 0 206
799 1 200
806 1 193
807 2 191
811 1 188
814 1 185
815 1 184
818 1 181
819 1 180
822 1 177
828 0 172
831 0 169
833 0 167
837 0 163
838 0 162
840 0 160
844 0 156
848 0 152
850 0 150
850 0 150
853 0 147
858 0 142
859 0 141
865 0 135
867 0 133
873 0 127
874 0 126
874 0 126
877 0 123
880 0 120
883 0 117
884 0 116
886 0 114
888 0 112
891 0 109
893 0 107
894 0 106
895 0 105
898 0 102
899 0 101
904 0 96
907 0 93
908 0 92
911 0 89
913 0 87
915 0 85
917 0 83
917 0 83
921 0 79
924 0 76
924 0 76
924 0 76
925 0 75
925 0 75
925 0 75
926 0 74
927 0 73
931 0 69
931 0 69
932 0 68
933 0 67
934 0 66
935 0 65
938 0 62
939 0 61
939 0 61
939 0 61
941 0 59
941 0 59
942 0 58
943 0 57
943 0 57
945 0 55
945 0 55
945 0 55
948 0 52
948 0 52
951 0 49
951 0 49
952 0 48
952 0 48
952 0 48
954 0 46
956 0 44
956 0 44
957 0 43
957 0 43
958 0 42
958 0 42
959 0 41
959 0 41
960 0 40
962 0 38
963 0 37
963 0 37
963 0 37
963 0 37
963 0 37
963 0 37
963 0 37
964 0 36
965 0 35
966 0 34
966 0 34
966 0 34
966 0 34
966 0 34
966 0 34
967 0 33
967 0 33
967 0 33
967 0 33
967 0 33
968 0 32
969 0 31
969 0 31
969 0 31
969 0 31
970 0 30
970 0 30
970 0 30
970 0 30
971 0 29
972 0 28
973 0 27
973 0 27
973 0 27
975 0 25
975 0 25
976 0 24
977 0 23
978 0 22
978 0 22
979 0 21
981 0 19
982 0 18
983 0 17
983 0 17
983 0 17
983 0 17
983 0 17
983 0 17
984 0 16
985 0 15
985 0 15
985 0 15
985 0 15
985 0 15
985 0 15
985 0 15
986 0 14
986 0 14
986 0 14
986 0 14
987 0 13
987 0 13
987 0 13
987 0 13
987 0 13
988 0 12
988 0 12
988 0 12
989 0 11
990 0 10
990 0 10
990 0 10
990 0 10
990 0 10
990 0 10
990 0 10
990 0 10
990 0 10
990 0 10
990 0 10
990 0 10
990 0 10
990 0 10
990 0 10
990 0 10
990 0 10
990 0 10
990 0 10
991 0 9
991 0 9
992 0 8
992 0 8
992 0 8
992 0 8
993 0 7
993 0 7
995 0 5
995 0 5
995 0 5
995 0 5
995 0 5
995 0 5
995 0 5
995 0 5
995 0 5
995 0 5
995 0 5
995 0 5
995 0 5
995 0 5
995 0 5
995 0 5
996 0 4
996 0 4
996 0 4
996 0 4
996 0 4
996 0 4
996 0 4
996 0 4
996 0 4
996 0 4
996 0 4
997 0 3
997 0 3
997 0 3
997 0 3
997 0 3
997 0 3
998 0 2
999 0 1
999 0 1
999 0 1
999 0 1
999 0 1
999 0 1
999 0 1
999 0 1
999 0 1
999 0 1
999 0 1
999 0 1
999 0 1
999 0 1
999 0 1
999 0 1
999 0 1
999 0 1
999 0 1
999 0 1
999 0 1
999 0 1
1000 0 0
1000 0 0
1000 0 0
1000 0 0
1000 0 0
1000 0 0
1000 0 0
1000 0 0
1000 0 0
1000 0 0
1000 0 0
1000 0 0
1000 0 0
1000 0 0
1000 0 0
1000 0 0
1000 0 0
1000 0 0
1000 0 0
1000 0 0
1000 0 0
1000 0 0
1000 0 0
1000 0 0
1000 0 0
1000 0 0
1000 0 0
1000 0 0
1000 0 0
1000 0 0
1000 0 0
1000 0 0
1000 0 0
1000 0 0
1000 0 0
1000 0 0
1000 0 0
1000 0 0
1000 0 0
1000 0 0
1000 0 0
1000 0 0
1000 0 0
1000 0 0
1000 0 0
1000 0 0
1000 0 0
1000 0 0
1000 0 0
1000 0 0
1000 0 0
1000 0 0
1000 0 0
1000 0 0
1000 0 0
1000 0 0
1000 0 0
1000 0 0
1000 0 0
1000 0 0
1000 0 0
1000 0 0
1000 0 0
1000 0 0
1000 0 0
1000 0 0
1000 0 0
1000 0 0
1000 0 0
1000 0 0
1000 0 0
1000 0 0
1000 0 0
1000 0 0
1000 0 0
1000 0 0
1000 0 0
1000 0 0
1000 0 0
1000 0 0
1000 0 0
1000 0 0
1000 0 0
1000 0 0
1000 0 0
1000 0 0
1000 0 0
1000 0 0
1000 0 0
1000 0 0
1000 0 0
1000 0 0
1000 0 0
1000 0 0
1000 0 0
1000 0 0
1000 0 0
1000 0 0
1000 0 0
1000 0 0
1000 0 0
1000 0 0
1000 0 0
1000 0 0
1000 0 0
1000 0 0
1000 0 0
1000 0 0
1000 0 0
1000 0 0
1000 0 0
1000 0 0
1000 0 0
1000 0 0
1000 0 0
1000 0 0
1000 0 0
1000 0 0
1000 0 0
1000 0 0
1000 0 0
1000 0 0
1000 0 0
1000 0 0
1000 0 0
1000 0 0
1000 0 0
1000 0 0
1000 0 0
1000 0 0
1000 0 0
1000 0 0
1000 0 0
1000 0 0
1000 0 0
1000 0 0
1000 0 0
1000 0 0
1000 0 0
1000 0 0
1000 0 0
1000 0 0
1000 0 0
1000 0 0
1000 0 0
1000 0 0
1000 0 0
1000 0 0
1000 0 0
1000 0 0
1000 0 0
1000 0 0
1000 0 0
1000 0 0
1000 0 0
1000 0 0
1000 0 0
1000 0 0
1000 0 0
1000 0 0
1000 0 0
1000 0 0
1000 0 0
1000 0 0
1000 0 0
1000 0 0
1000 0 0
1000 0 0
1000 0 0
1000 0 0
1000 0 0
1000 0 0
1000 0 0
1000 0 0
1000 0 0
1000 0 0
1000 0 0
1000 0 0
1000 0 0
1000 0 0
1000 0 0
1000 0 0
1000 0 0
1000 0 0
1000 0 0
1000 0 0
1000 0 0
1000 0 0
1000 0 0
1000 0 0
1000 0 0
1000 0 0
1000 0 0
1000 0 0
1000 0 0
1000 0 0
1000 0 0
1000 0 0
1000 0 0
1000 0 0
1000 0 0
1000 0 0
1000 0 0
1000 0 0
1000 0 0
1000 0 0
1000 0 0
1000 0 0
1000 0 0
1000 0 0
1000 0 0
1000 0 0
1000 0 0
1000 0 0
1000 0 0
1000 0 0
1000 0 0
1000 0 0
1000 0 0
1000 0 0
1000 0 0
1000 0 0
1000 0 0
1000 0 0
1000 0 0
1000 0 0
1000 0 0
1000 0 0
1000 0 0
1000 0 0
1000 0 0
1000 0 0
1000 0 0
1000 0 0
1000 0 0
1000 0 0
1000 0 0
1000 0 0
1000 0 0
1000 0 0
1000 0 0
1000 0 0
1000 0 0
1000 0 0
1000 0 0
1000 0 0
1000 0 0
1000 0 0
1000 0 0
1000 0 0
1000 0 0
1000 0 0
1000 0 0
1000 0 0
1000 0 0
1000 0 0
1000 0 0
1000 0 0
1000 0 0
1000 0 0
1000 0 0
1000 0 0
1000 0 0
1000 0 0
1000 0 0
1000 0 0
1000 0 0
1000 0 0
1000 0 0
1000 0 0
1000 0 0
1000 0 0
1000 0 0
1000 0 0
1000 0 0
1000 0 0
1000 0 0
1000 0 0
1000 0 0
1000 0 0
1000 0 0
1000 0 0
1000 0 0
1000 0 0
1000 0 0
1000 0 0
1000 0 0
1000 0 0
1000 0 0
1000 0 0
1000 0 0
1000 0 0
1000 0 0
1000 0 0
1000 0 0
1000 0 0
1000 0 0
1000 0 0
1000 0 0
1000 0 0
1000 0 0
1000 0 0
1000 0 0
1000 0 0
1000 0 0
1000 0 0
1000 0 0
1000 0 0
1000 0 0
1000 0 0
1000 0 0
1000 0 0
1000 0 0
1000 0 0
