995 5 0
993 6 1
992 6 2
989 8 3
987 9 4
980 14 6
975 18 7
971 18 11
968 20 12
961 23 16
952 29 19
947 32 21
938 34 28
914 53 33
899 61 40
874 80 46
850 92 58
826 103 71
795 124 81
765 146 89
735 151 114
707 157 136
676 163 161
661 153 186
644 155 201
616 162 222
597 163 240
585 144 271
573 137 290
561 127 312
549 129 322
537 132 331
532 123 345
529 111 360
530 107 363
530 101 369
528 90 382
524 83 393
525 78 397
526 75 399
513 81 406
512 77 411
508 77 415
512 75 413
515 73 412
517 66 417
517 65 418
514 63 423
513 58 429
512 65 423
515 65 420
514 62 424
518 57 425
523 57 420
523 50 427
531 36 433
534 30 436
535 34 431
542 30 428
537 32 431
535 35 430
544 31 425
547 32 421
549 28 423
556 23 421
561 20 419
571 17 412
572 18 410
577 16 407
581 16 403
589 12 399
592 10 398
601 14 385
602 20 378
604 21 375
607 21 372
599 30 371
598 34 368
595 37 368
595 37 368
590 39 371
588 38 374
586 35 379
588 33 379
588 40 372
584 43 373
583 46 371
586 44 370
585 46 369
589 45 366
595 42 363
588 50 362
584 55 361
584 54 362
578 57 365
572 54 374
572 54 374
572 54 374
572 54 374
570 44 386
577 42 381
575 47 378
580 36 384
585 31 384
587 32 381
590 31 379
595 28 377
598 25 377
603 24 373
603 28 369
606 30 364
602 34 364
599 37 364
603 34 363
608 33 359
610 30 360
617 27 356
622 29 349
629 28 343
630 29 341
633 31 336
626 33 341
626 32 342
632 27 341
631 23 346
632 24 344
628 28 344
630 27 343
636 25 339
637 21 342
641 21 338
645 18 337
651 16 333
652 17 331
657 14 329
661 15 324
660 21 319
660 25 315
663 24 313
664 27 309
667 25 308
670 25 305
672 16 312
670 18 312
669 22 309
670 24 306
676 21 303
680 22 298
682 23 295
684 24 292
686 21 293
690 20 290
690 18 292
694 20 286
697 20 283
699 19 282
698 20 282
697 22 281
698 24 278
700 25 275
705 23 272
708 25 267
708 25 267
706 27 267
702 30 268
693 35 272
689 37 274
685 43 272
685 37 278
683 40 277
677 47 276
675 49 276
672 45 283
662 50 288
654 50 296
650 46 304
647 45 308
645 48 307
639 53 308
633 52 315
630 50 320
622 50 328
621 48 331
621 51 328
621 53 326
618 48 334
620 45 335
624 43 333
623 42 335
624 40 336
624 44 332
624 44 332
630 45 325
630 44 326
634 44 322
634 38 328
639 31 330
643 32 325
646 27 327
643 26 331
648 24 328
654 21 325
660 17 323
662 10 328
668 8 324
672 6 322
682 6 312
689 6 305
691 6 303
698 5 297
700 4 296
708 1 291
710 1 289
715 1 284
718 1 281
724 0 276
731 0 269
738 0 262
740 0 260
745 0 255
747 1 252
754 1 245
762 1 237
764 2 234
766 2 232
767 1 232
774 1 225
778 1 221
780 1 219
784 1 215
789 1 210
793 1 206
795 1 204
798 1 201
801 1 198
806 1 193
808 1 191
810 1 189
814 0 186
819 0 181
820 2 178
821 2 177
825 1 174
827 1 172
829 1 170
834 1 165
835 1 164
836 2 162
840 1 159
842 1 157
848 1 151
850 1 149
850 1 149
851 1 148
853 1 146
856 1 143
856 0 144
857 0 143
857 0 143
858 0 142
861 0 139
863 0 137
869 0 131
871 0 129
874 0 126
875 0 125
877 0 123
877 0 123
878 0 122
881 1 118
883 1 116
885 1 114
890 1 109
893 0 107
894 0 106
894 0 106
895 0 105
895 0 105
895 0 105
896 0 104
899 0 101
900 0 100
903 0 97
903 0 97
903 0 97
908 0 92
908 0 92
909 0 91
909 0 91
909 0 91
909 1 90
911 1 88
911 0 89
913 0 87
912 1 87
915 1 84
918 0 82
918 0 82
920 0 80
920 1 79
921 2 77
923 2 75
924 2 74
923 3 74
924 3 73
925 0 75
927 0 73
927 0 73
928 0 72
929 0 71
927 2 71
928 2 70
928 3 69
930 3 67
931 3 66
935 3 62
936 3 61
936 3 61
937 5 58
935 8 57
933 9 58
932 9 59
926 13 61
923 17 60
919 18 63
907 30 63
891 42 67
869 61 70
844 77 79
824 87 89
809 89 102
793 89 118
774 101 125
755 108 137
743 98 159
729 97 174
720 101 179
710 104 186
700 99 201
691 96 213
684 91 225
670 99 231
664 90 246
652 94 254
638 99 263
633 99 268
622 106 272
612 110 278
603 104 293
589 108 303
575 101 324
557 105 338
552 100 348
545 95 360
545 86 369
541 80 379
536 78 386
533 75 392
530 68 402
525 70 405
525 69 406
525 66 409
522 65 413
526 68 406
523 69 408
526 65 409
526 65 409
524 62 414
525 65 410
524 64 412
524 64 412
524 56 420
523 51 426
516 52 432
511 54 435
511 46 443
519 44 437
516 46 438
520 46 434
525 45 430
528 38 434
526 41 433
533 37 430
534 34 432
537 29 434
541 27 432
552 23 425
562 21 417
566 19 415
574 16 410
581 14 405
583 13 404
587 12 401
592 11 397
594 10 396
599 11 390
610 9 381
615 8 377
620 8 372
624 11 365
624 12 364
628 13 359
630 10 360
636 11 353
634 15 351
637 15 348
641 13 346
641 13 346
645 13 342
650 13 337
651 14 335
650 15 335
647 17 336
653 15 332
657 14 329
663 11 326
670 11 319
679 11 310
682 10 308
691 9 300
698 6 296
697 7 296
704 5 291
711 5 284
714 7 279
720 5 275
724 6 270
729 6 265
732 6 262
732 9 259
734 6 260
737 7 256
742 7 251
746 7 247
750 6 244
756 6 238
758 6 236
767 5 228
771 5 224
774 5 221
774 5 221
777 5 218
778 5 217
780 4 216
781 5 214
782 6 212
786 6 208
791 5 204
792 7 201
794 5 201
795 5 200
794 8 198
785 18 197
783 18 199
782 20 198
780 23 197
779 25 196
779 27 194
781 30 189
773 33 194
769 33 198
771 30 199
773 29 198
768 30 202
763 32 205
760 32 208
763 30 207
760 34 206
757 36 207
752 39 209
741 44 215
734 49 217
722 55 223
707 61 232
695 67 238
683 74 243
668 85 247
651 98 251
630 107 263
619 104 277
611 106 283
602 100 298
596 99 305
588 88 324
577 86 337
573 81 346
564 80 356
562 77 361
564 75 361
560 68 372
562 56 382
571 53 376
572 48 380
575 44 381
577 37 386
577 40 383
579 34 387
578 37 385
575 39 386
576 40 384
584 38 378
586 37 377
587 37 376
588 34 378
592 29 379
597 26 377
602 21 377
604 19 377
610 17 373
613 15 372
619 14 367
625 11 364
622 14 364
624 14 362
630 14 356
631 15 354
632 19 349
633 19 348
635 23 342
639 23 338
642 18 340
643 19 338
642 19 339
642 19 339
646 20 334
641 26 333
643 24 333
646 26 328
643 26 331
647 25 328
651 24 325
649 27 324
651 25 324
651 25 324
649 24 327
648 28 324
650 23 327
649 26 325
651 25 324
656 24 320
658 23 319
653 29 318
651 35 314
648 35 317
643 36 321
636 38 326
638 34 328
636 32 332
641 31 328
644 36 320
645 32 323
641 32 327
636 35 329
634 34 332
637 34 329
640 32 328
643 27 330
645 24 331
648 21 331
655 22 323
654 26 320
657 29 314
662 32 306
661 35 304
659 36 305
660 34 306
669 31 300
669 30 301
669 29 302
670 24 306
674 21 305
679 25 296
680 22 298
681 19 300
679 20 301
685 22 293
691 23 286
690 28 282
690 22 288
695 20 285
694 23 283
695 21 284
700 16 284
704 14 282
706 12 282
706 10 284
705 12 283
711 12 277
711 11 278
712 12 276
716 12 272
720 11 269
725 10 265
731 9 260
731 9 260
736 8 256
740 6 254
744 7 249
747 9 244
752 7 241
755 7 238
753 9 238
757 7 236
761 6 233
764 6 230
769 7 224
774 7 219
778 5 217
780 6 214
779 10 211
779 13 208
784 12 204
784 14 202
788 13 199
794 12 194
795 13 192
796 13 191
798 14 188
798 16 186
798 11 191
801 7 192
804 6 190
808 6 186
809 9 182
812 9 179
811 7 182
812 6 182
813 7 180
813 6 181
813 10 177
820 6 174
822 7 171
823 7 170
825 7 168
826 5 169
827 8 165
822 11 167
825 9 166
827 10 163
826 13 161
826 16 158
831 14 155
830 16 154
829 18 153
827 21 152
826 22 152
825 26 149
826 27 147
822 28 150
818 29 153
811 33 156
809 35 156
803 41 156
801 44 155
794 47 159
783 52 165
770 56 174
757 66 177
746 70 184
734 70 196
715 84 201
696 96 208
680 103 217
660 108 232
657 101 242
641 97 262
622 109 269
613 101 286
612 96 292
607 91 302
602 90 308
593 81 326
584 83 333
578 81 341
577 78 345
572 78 350
569 79 352
561 79 360
565 63 372
566 61 373
564 61 375
568 52 380
571 46 383
572 46 382
570 48 382
578 45 377
572 50 378
564 55 381
561 53 386
555 55 390
561 47 392
558 50 392
560 47 393
559 51 390
567 47 386
571 48 381
570 46 384
573 43 384
573 41 386
578 39 383
578 37 385
579 32 389
579 36 385
580 34 386
578 38 384
582 39 379
581 37 382
582 35 383
580 41 379
577 39 384
576 42 382
580 36 384
580 37 383
579 37 384
577 42 381
576 40 384
572 38 390
581 33 386
583 32 385
586 29 385
589 31 380
594 27 379
602 27 371
605 24 371
609 24 367
615 23 362
623 22 355
622 22 356
625 20 355
627 19 354
634 18 348
635 21 344
641 21 338
645 21 334
648 21 331
649 21 330
655 22 323
653 22 325
655 17 328
656 14 330
658 13 329
664 12 324
664 17 319
665 18 317
665 20 315
669 17 314
674 16 310
679 13 308
681 11 308
691 8 301
696 7 297
699 5 296
701 3 296
711 2 287
716 2 282
719 2 279
720 2 278
727 1 272
731 1 268
738 1 261
743 0 257
751 0 249
752 0 248
759 1 240
763 1 236
766 0 234
772 0 228
776 0 224
780 0 220
783 0 217
786 0 214
789 0 211
789 0 211
793 0 207
802 0 198
807 0 193
810 0 190
811 0 189
814 0 186
816 0 184
821 0 179
827 0 173
827 0 173
830 0 170
833 0 167
836 0 164
838 0 162
840 0 160
843 0 157
844 0 156
845 0 155
845 0 155
849 0 151
850 0 150
853 0 147
856 0 144
858 0 142
861 0 139
862 0 138
864 0 136
868 0 132
870 0 130
874 0 126
874 0 126
876 0 124
877 0 123
878 0 122
880 0 120
881 0 119
882 0 118
883 0 117
883 0 117
887 0 113
890 0 110
895 0 105
897 0 103
901 0 99
901 0 99
901 0 99
905 0 95
907 0 93
908 0 92
910 0 90
910 0 90
911 0 89
911 0 89
911 0 89
911 0 89
911 0 89
913 0 87
915 0 85
916 0 84
918 0 82
921 0 79
923 0 77
925 0 75
925 0 75
925 0 75
925 0 75
926 0 74
927 0 73
927 0 73
932 0 68
934 0 66
935 0 65
935 0 65
935 0 65
936 0 64
938 0 62
939 0 61
939 0 61
940 0 60
941 0 59
941 0 59
941 0 59
943 0 57
944 0 56
946 0 54
948 0 52
949 0 51
949 0 51
950 0 50
951 0 49
952 0 48
953 0 47
953 0 47
954 0 46
955 0 45
957 0 43
958 0 42
960 0 40
960 0 40
963 0 37
964 0 36
964 0 36
967 0 33
967 0 33
970 0 30
970 0 30
970 0 30
971 0 29
972 0 28
972 0 28
972 0 28
972 0 28
972 0 28
972 0 28
972 0 28
973 0 27
974 0 26
977 0 23
978 0 22
978 0 22
978 0 22
978 0 22
979 0 21
979 0 21
980 0 20
980 0 20
981 0 19
982 0 18
982 0 18
982 0 18
982 0 18
982 0 18
982 0 18
983 0 17
983 0 17
983 0 17
983 0 17
983 0 17
983 0 17
983 0 17
983 0 17
983 0 17
983 0 17
983 0 17
983 0 17
984 0 16
985 0 15
986 0 14
987 0 13
987 0 13
987 0 13
988 0 12
989 0 11
989 0 11
989 0 11
989 0 11
989 0 11
989 0 11
989 0 11
989 0 11
989 0 11
990 0 10
990 0 10
991 0 9
991 0 9
992 0 8
992 0 8
992 0 8
993 0 7
993 0 7
993 0 7
993 0 7
993 0 7
993 0 7
993 0 7
993 0 7
993 0 7
993 0 7
993 0 7
993 0 7
993 0 7
993 0 7
993 0 7
993 0 7
993 0 7
993 0 7
993 0 7
993 0 7
994 0 6
994 0 6
994 0 6
994 0 6
994 0 6
994 0 6
994 0 6
994 0 6
994 0 6
994 0 6
994 0 6
994 0 6
994 0 6
994 0 6
994 0 6
994 0 6
994 0 6
994 0 6
994 0 6
994 0 6
994 0 6
994 0 6
994 0 6
995 0 5
995 0 5
995 0 5
995 0 5
995 0 5
995 0 5
995 0 5
995 0 5
995 0 5
995 0 5
995 0 5
995 0 5
995 0 5
995 0 5
995 0 5
995 0 5
995 0 5
