1000 0 0
1000 0 0
997 3 0
997 3 0
996 3 1
994 5 1
993 4 3
991 5 4
987 9 4
982 10 8
977 13 10
968 21 11
952 33 15
940 40 20
927 46 27
909 51 40
898 47 55
881 50 69
871 58 71
862 58 80
850 63 87
841 66 93
828 73 99
809 80 111
804 79 117
793 73 134
782 79 139
771 83 146
757 84 159
747 86 167
739 85 176
725 89 186
718 86 196
703 83 214
693 80 227
683 85 232
667 89 244
656 90 254
653 86 261
640 90 270
631 94 275
621 98 281
614 90 296
605 90 305
600 79 321
600 68 332
596 66 338
599 59 342
593 61 346
593 59 348
591 58 351
588 61 351
585 64 351
578 65 357
578 65 357
574 55 371
578 50 372
576 51 373
579 49 372
578 49 373
578 54 368
581 44 375
585 34 381
584 37 379
584 35 381
585 34 381
586 32 382
583 33 384
588 34 378
590 26 384
592 24 384
601 23 376
604 23 373
605 24 371
609 17 374
610 19 371
609 21 370
612 20 368
610 21 369
621 17 362
624 17 359
631 17 352
640 17 343
640 18 342
637 21 342
638 18 344
640 9 351
640 9 351
646 10 344
645 13 342
651 13 336
652 15 333
655 14 331
656 14 330
658 17 325
664 14 322
668 13 319
673 15 312
677 15 308
676 19 305
680 18 302
680 17 303
679 16 305
687 16 297
689 15 296
689 17 294
692 16 292
693 18 289
694 15 291
697 13 290
698 16 286
699 12 289
700 11 289
703 9 288
708 10 282
710 10 280
715 10 275
715 11 274
719 12 269
722 9 269
722 12 266
721 15 264
723 16 261
723 20 257
720 26 254
720 22 258
716 24 260
715 29 256
713 31 256
711 31 258
713 31 256
710 32 258
709 37 254
707 41 252
704 38 258
706 39 255
710 37 253
710 32 258
711 32 257
710 28 262
706 33 261
700 42 258
697 42 261
688 46 266
674 56 270
664 58 278
656 57 287
653 57 290
645 58 297
643 54 303
647 46 307
646 48 306
646 50 304
646 47 307
651 39 310
650 42 308
647 43 310
647 42 311
648 42 310
652 41 307
654 40 306
656 42 302
657 36 307
655 34 311
653 32 315
647 37 316
645 38 317
651 32 317
652 29 319
655 27 318
655 26 319
654 29 317
653 29 318
656 27 317
659 27 314
660 28 312
657 31 312
661 29 310
665 28 307
666 28 306
666 24 310
672 27 301
675 29 296
674 30 296
668 35 297
672 35 293
673 36 291
674 38 288
678 35 287
681 30 289
687 27 286
692 26 282
696 24 280
699 20 281
703 19 278
703 18 279
702 22 276
700 24 276
703 21 276
704 20 276
701 23 276
707 21 272
709 19 272
709 21 270
702 24 274
703 24 273
710 22 268
710 19 271
708 21 271
706 28 266
708 29 263
709 28 263
705 31 264
704 30 266
702 32 266
694 33 273
690 37 273
689 35 276
690 36 274
687 39 274
683 43 274
677 44 279
675 44 281
666 48 286
669 38 293
673 34 293
671 34 295
672 33 295
675 27 298
685 22 293
680 23 297
683 18 299
684 21 295
687 20 293
692 22 286
690 19 291
691 17 292
689 22 289
697 25 278
694 32 274
692 31 277
698 26 276
698 24 278
695 27 278
695 27 278
695 24 281
697 26 277
696 24 280
697 23 280
697 22 281
701 20 279
702 18 280
703 13 284
705 12 283
711 14 275
711 12 277
715 11 274
715 10 275
715 13 272
718 12 270
721 13 266
726 14 260
726 15 259
727 18 255
730 18 252
731 18 251
730 19 251
733 19 248
733 23 244
731 29 240
731 32 237
730 30 240
738 26 236
741 21 238
740 23 237
739 21 240
738 20 242
744 18 238
743 17 240
745 19 236
743 20 237
741 19 240
743 22 235
744 21 235
744 21 235
746 15 239
746 16 238
744 15 241
747 16 237
745 17 238
746 15 239
752 13 235
751 15 234
753 15 232
754 15 231
755 18 227
756 16 228
758 17 225
758 22 220
755 23 222
756 22 222
754 26 220
757 26 217
758 23 219
757 25 218
754 27 219
754 30 216
750 31 219
750 29 221
748 30 222
743 29 228
743 31 226
744 31 225
742 30 228
742 28 230
740 31 229
742 27 231
743 28 229
743 27 230
742 28 230
740 25 235
744 23 233
742 24 234
740 28 232
736 29 235
735 28 237
731 30 239
735 22 243
733 24 243
726 27 247
726 27 247
725 27 248
726 28 246
730 24 246
732 22 246
736 23 241
734 28 238
732 27 241
730 28 242
729 25 246
734 24 242
733 25 242
734 24 242
732 30 238
724 37 239
721 37 242
718 39 243
716 46 238
711 54 235
707 56 237
706 56 238
705 52 243
699 57 244
694 56 250
696 52 252
692 51 257
683 50 267
684 46 270
687 46 267
683 50 267
674 51 275
668 55 277
668 53 279
667 49 284
666 47 287
666 45 289
667 48 285
669 46 285
665 50 285
664 45 291
667 44 289
667 45 288
666 48 286
668 46 286
666 44 290
665 45 290
663 48 289
666 48 286
665 46 289
661 44 295
659 39 302
654 43 303
658 37 305
655 38 307
653 40 307
653 39 308
654 40 306
653 41 306
658 38 304
653 44 303
645 49 306
645 46 309
644 45 311
642 45 313
644 42 314
645 47 308
639 57 304
629 62 309
622 62 316
621 56 323
622 51 327
617 55 328
619 45 336
614 50 336
613 45 342
619 43 338
619 43 338
619 41 340
622 40 338
621 46 333
625 42 333
626 40 334
625 45 330
622 48 330
625 46 329
627 44 329
623 45 332
623 46 331
624 42 334
622 40 338
621 41 338
620 42 338
617 41 342
615 37 348
613 39 348
618 33 349
621 30 349
625 26 349
628 23 349
630 26 344
632 25 343
634 25 341
634 30 336
642 30 328
641 27 332
640 29 331
637 26 337
641 22 337
643 20 337
644 20 336
652 21 327
656 17 327
660 22 318
663 18 319
670 18 312
673 19 308
670 20 310
672 18 310
677 17 306
678 14 308
681 13 306
686 14 300
692 14 294
693 17 290
698 18 284
701 13 286
706 15 279
709 14 277
711 11 278
719 8 273
722 5 273
728 4 268
734 5 261
742 6 252
744 7 249
738 13 249
735 17 248
734 17 249
738 20 242
737 24 239
732 25 243
734 26 240
738 22 240
738 19 243
742 15 243
745 18 237
744 18 238
742 20 238
744 20 236
742 24 234
737 27 236
734 28 238
736 30 234
735 29 236
731 28 241
722 35 243
722 34 244
721 32 247
722 34 244
722 35 243
724 37 239
720 38 242
719 41 240
716 42 242
714 36 250
705 38 257
710 35 255
713 32 255
712 33 255
710 29 261
710 30 260
712 33 255
709 37 254
706 35 259
703 35 262
701 35 264
697 41 262
697 41 262
693 42 265
686 45 269
683 44 273
685 45 270
686 45 269
681 42 277
675 48 277
666 42 292
659 48 293
649 53 298
648 55 297
643 60 297
637 58 305
633 54 313
627 54 319
621 53 326
619 51 330
618 51 331
623 43 334
623 41 336
624 40 336
622 39 339
629 36 335
630 36 334
630 39 331
628 37 335
631 38 331
635 34 331
637 31 332
637 29 334
640 30 330
637 32 331
641 27 332
648 22 330
652 23 325
655 21 324
654 21 325
660 19 321
664 20 316
668 22 310
672 20 308
674 21 305
675 20 305
675 19 306
678 20 302
682 22 296
683 19 298
684 17 299
688 17 295
690 14 296
696 10 294
699 12 289
705 12 283
712 14 274
717 17 266
723 18 259
724 20 256
721 19 260
721 17 262
721 16 263
724 16 260
721 19 260
722 18 260
721 18 261
727 18 255
732 17 251
733 20 247
729 21 250
727 23 250
727 27 246
726 27 247
727 28 245
727 28 245
728 27 245
730 28 242
723 29 248
718 36 246
720 30 250
720 28 252
718 30 252
716 31 253
718 26 256
716 31 253
715 33 252
712 40 248
705 43 252
699 42 259
696 42 262
693 45 262
688 48 264
688 50 262
686 50 264
685 46 269
685 51 264
683 53 264
678 51 271
670 49 281
668 52 280
666 51 283
660 55 285
655 52 293
648 47 305
647 45 308
643 43 314
642 42 316
644 41 315
643 42 315
644 41 315
641 39 320
641 34 325
642 34 324
646 30 324
644 34 322
642 35 323
639 33 328
637 30 333
639 35 326
641 34 325
643 35 322
645 32 323
648 33 319
651 35 314
651 32 317
643 39 318
644 34 322
647 35 318
647 32 321
643 37 320
641 35 324
633 32 335
635 33 332
632 30 338
637 31 332
637 25 338
640 21 339
646 18 336
652 15 333
657 13 330
660 15 325
666 15 319
670 16 314
676 14 310
680 17 303
683 19 298
686 18 296
687 19 294
690 14 296
690 15 295
697 12 291
701 12 287
700 14 286
705 12 283
706 12 282
709 9 282
709 9 282
716 10 274
715 12 273
718 12 270
719 13 268
720 14 266
721 14 265
724 13 263
729 13 258
728 12 260
729 11 260
730 16 254
733 21 246
734 21 245
736 22 242
736 20 244
739 17 244
740 19 241
744 18 238
746 20 234
746 21 233
751 19 230
755 13 232
762 11 227
768 11 221
769 12 219
774 11 215
776 10 214
778 9 213
779 12 209
775 11 214
777 14 209
780 13 207
783 11 206
785 14 201
784 15 201
784 13 203
779 16 205
778 13 209
779 17 204
777 19 204
775 19 206
774 19 207
773 18 209
771 22 207
770 24 206
766 27 207
760 31 209
758 32 210
752 25 223
754 26 220
756 28 216
757 24 219
757 24 219
755 25 220
755 26 219
757 24 219
756 30 214
756 30 214
758 27 215
755 29 216
753 29 218
747 30 223
745 31 224
741 38 221
738 36 226
733 37 230
735 36 229
734 37 229
724 44 232
722 44 234
718 44 238
709 46 245
709 47 244
705 48 247
697 51 252
696 43 261
699 33 268
700 32 268
700 33 267
694 37 269
688 39 273
684 46 270
689 44 267
692 42 266
691 38 271
687 37 276
688 38 274
690 39 271
688 42 270
689 40 271
685 43 272
685 44 271
684 42 274
680 41 279
674 42 284
674 41 285
671 38 291
669 38 293
670 33 297
671 29 300
671 29 300
675 28 297
673 33 294
677 36 287
679 37 284
677 35 288
671 35 294
670 36 294
667 39 294
665 41 294
661 43 296
656 47 297
647 54 299
642 55 303
642 54 304
640 58 302
625 69 306
625 70 305
617 72 311
611 83 306
607 80 313
603 80 317
602 67 331
599 66 335
597 67 336
594 68 338
587 72 341
588 71 341
581 77 342
580 70 350
568 76 356
569 72 359
572 67 361
573 60 367
568 62 370
574 61 365
570 63 367
566 62 372
563 63 374
564 62 374
566 60 374
567 60 373
568 58 374
561 63 376
559 65 376
555 59 386
550 58 392
548 60 392
544 62 394
544 62 394
545 57 398
547 53 400
559 43 398
564 38 398
564 35 401
562 42 396
566 41 393
567 39 394
569 35 396
576 31 393
578 34 388
580 31 389
580 33 387
578 33 389
577 29 394
574 27 399
579 27 394
586 24 390
594 25 381
598 26 376
602 24 374
608 22 370
606 25 369
608 20 372
610 20 370
613 21 366
615 21 364
620 20 360
623 19 358
627 19 354
632 11 357
641 11 348
646 12 342
649 13 338
656 15 329
661 13 326
662 17 321
663 15 322
665 14 321
672 14 314
682 14 304
680 14 306
686 13 301
687 12 301
691 12 297
690 12 298
694 13 293
695 12 293
701 13 286
706 14 280
709 14 277
711 13 276
712 11 277
717 12 271
719 13 268
719 16 265
722 17 261
722 15 263
727 15 258
727 15 258
724 14 262
728 15 257
724 21 255
722 22 256
724 19 257
726 19 255
727 16 257
731 17 252
736 15 249
734 18 248
734 20 246
731 25 244
732 24 244
733 22 245
730 25 245
729 23 248
732 22 246
731 24 245
731 26 243
727 26 247
728 27 245
737 24 239
734 28 238
730 28 242
729 26 245
730 29 241
729 27 244
730 27 243
730 29 241
733 32 235
730 35 235
725 39 236
717 49 234
705 54 241
703 56 241
695 53 252
692 48 260
689 47 264
682 48 270
680 50 270
678 52 270
682 50 268
677 46 277
670 47 283
665 41 294
663 40 297
663 37 300
664 38 298
663 37 300
667 31 302
673 24 303
673 29 298
667 34 299
666 34 300
665 36 299
656 45 299
657 43 300
656 37 307
655 39 306
657 38 305
661 34 305
663 34 303
662 32 306
666 33 301
667 32 301
664 35 301
665 35 300
668 32 300
663 32 305
665 35 300
666 34 300
671 29 300
671 31 298
672 31 297
671 31 298
670 33 297
672 30 298
673 30 297
672 27 301
674 25 301
677 28 295
675 30 295
674 28 298
677 27 296
681 26 293
685 25 290
685 26 289
686 24 290
684 27 289
687 22 291
692 19 289
693 18 289
696 19 285
706 18 276
710 15 275
714 16 270
716 16 268
715 17 268
717 19 264
722 21 257
718 25 257
719 27 254
720 24 256
724 20 256
725 20 255
725 17 258
727 15 258
729 16 255
727 18 255
728 18 254
728 20 252
729 18 253
728 22 250
722 28 250
719 31 250
715 34 251
709 38 253
710 36 254
706 33 261
707 28 265
707 28 265
705 33 262
702 30 268
704 30 266
698 32 270
700 35 265
692 43 265
690 39 271
