1000 0 0
1000 0 0
1000 0 0
998 2 0
997 3 0
997 3 0
997 3 0
997 2 1
997 2 1
997 2 1
997 2 1
997 2 1
997 2 1
997 2 1
997 2 1
996 3 1
995 3 2
995 3 2
995 3 2
995 2 3
994 3 3
992 5 3
991 5 4
988 7 5
987 7 6
984 10 6
983 9 8
979 13 8
967 23 10
961 26 13
957 27 16
952 25 23
947 25 28
945 25 30
931 36 33
916 40 44
906 45 49
890 53 57
873 63 64
864 66 70
846 69 85
830 71 99
814 83 103
803 85 112
791 86 123
776 98 126
743 118 139
728 118 154
706 122 172
690 112 198
677 108 215
664 113 223
662 104 234
647 105 248
635 100 265
618 113 269
597 115 288
586 115 299
581 108 311
576 109 315
575 100 325
565 98 337
557 94 349
551 87 362
547 86 367
542 88 370
540 95 365
530 98 372
518 98 384
513 88 399
512 85 403
511 85 404
513 77 410
509 69 422
511 63 426
514 63 423
516 50 434
518 49 433
522 46 432
529 43 428
531 41 428
536 34 430
537 35 428
538 36 426
540 37 423
544 37 419
549 34 417
548 33 419
549 32 419
555 31 414
557 29 414
565 27 408
571 24 405
573 25 402
580 20 400
584 20 396
585 20 395
593 19 388
598 16 386
606 11 383
611 11 378
617 10 373
630 8 362
639 7 354
642 5 353
645 7 348
653 4 343
658 5 337
663 7 330
668 7 325
670 8 322
668 10 322
674 11 315
678 8 314
688 7 305
692 7 301
696 5 299
701 5 294
704 6 290
704 8 288
709 7 284
713 7 280
721 6 273
724 7 269
726 6 268
730 6 264
733 7 260
741 5 254
745 4 251
748 5 247
747 9 244
746 10 244
754 10 236
758 10 232
759 9 232
762 10 228
765 12 223
769 14 217
773 14 213
779 11 210
782 13 205
783 13 204
783 15 202
784 17 199
780 22 198
781 19 200
782 15 203
784 17 199
784 17 199
784 17 199
782 18 200
788 16 196
787 20 193
782 25 193
785 24 191
786 22 192
786 23 191
789 18 193
789 19 192
792 18 190
793 13 194
795 12 193
795 12 193
796 14 190
798 11 191
799 13 188
802 12 186
797 18 185
792 19 189
788 22 190
787 21 192
793 20 187
785 27 188
786 26 188
786 27 187
786 26 188
786 26 188
783 28 189
783 29 188
782 29 189
785 29 186
777 33 190
774 35 191
767 36 197
758 39 203
755 41 204
755 41 204
748 46 206
739 46 215
735 40 225
732 38 230
726 39 235
722 40 238
723 33 244
721 36 243
717 34 249
717 35 248
721 36 243
717 37 246
712 39 249
711 41 248
703 44 253
699 44 257
697 41 262
694 42 264
694 45 261
693 38 269
691 40 269
689 45 266
685 46 269
682 45 273
688 40 272
691 36 273
687 34 279
689 29 282
692 27 281
699 28 273
698 26 276
696 28 276
696 26 278
698 22 280
700 22 278
708 20 272
711 20 269
707 23 270
708 24 268
703 26 271
707 26 267
710 25 265
719 22 259
722 23 255
712 33 255
713 35 252
714 33 253
711 32 257
708 38 254
715 35 250
712 37 251
707 40 253
708 39 253
708 39 253
708 38 254
701 34 265
702 30 268
702 30 268
700 31 269
699 31 270
705 32 263
709 30 261
714 31 255
713 28 259
715 25 260
721 18 261
722 19 259
724 16 260
728 17 255
725 21 254
726 20 254
727 21 252
724 24 252
723 26 251
726 26 248
729 20 251
733 21 246
734 21 245
736 20 244
739 23 238
740 26 234
739 26 235
736 27 237
726 34 240
720 38 242
721 32 247
722 31 247
720 33 247
716 36 248
715 30 255
712 35 253
708 33 259
706 36 258
708 35 257
706 35 259
702 36 262
704 36 260
702 37 261
703 33 264
708 32 260
704 33 263
695 43 262
689 37 274
689 42 269
683 44 273
685 42 273
683 37 280
682 31 287
687 23 290
688 22 290
688 22 290
687 26 287
687 27 286
690 21 289
688 20 292
692 18 290
692 20 288
699 21 280
697 21 282
692 28 280
691 29 280
692 32 276
685 36 279
683 36 281
680 42 278
677 46 277
671 47 282
669 45 286
662 46 292
659 53 288
655 54 291
647 60 293
642 58 300
643 58 299
638 66 296
634 69 297
627 66 307
618 70 312
616 61 323
610 64 326
603 68 329
601 65 334
600 63 337
600 50 350
598 48 354
596 43 361
593 45 362
593 36 371
593 29 378
596 29 375
605 24 371
608 26 366
606 30 364
606 32 362
609 28 363
612 26 362
615 26 359
617 26 357
618 27 355
616 28 356
619 25 356
619 21 360
622 20 358
621 22 357
626 26 348
630 26 344
625 27 348
623 31 346
619 31 350
615 33 352
610 41 349
611 35 354
611 37 352
620 35 345
623 34 343
623 35 342
623 32 345
631 26 343
633 22 345
640 18 342
645 17 338
648 17 335
649 21 330
654 19 327
656 18 326
659 20 321
661 21 318
667 20 313
667 21 312
669 23 308
669 21 310
671 22 307
672 21 307
679 22 299
683 19 298
680 18 302
680 17 303
682 15 303
690 13 297
690 13 297
693 10 297
700 9 291
698 13 289
706 14 280
705 16 279
706 21 273
705 22 273
704 26 270
703 25 272
706 24 270
705 19 276
709 17 274
716 16 268
725 14 261
726 15 259
725 13 262
728 14 258
727 15 258
726 16 258
730 14 256
732 15 253
736 14 250
742 14 244
747 14 239
749 17 234
749 20 231
749 19 232
750 18 232
750 16 234
751 19 230
752 20 228
755 18 227
757 20 223
758 19 223
757 21 222
755 25 220
754 24 222
755 22 223
757 21 222
757 18 225
758 16 226
762 16 222
765 13 222
762 13 225
763 14 223
762 14 224
766 15 219
768 14 218
769 14 217
770 15 215
771 14 215
771 15 214
773 16 211
772 15 213
777 14 209
778 12 210
778 15 207
778 16 206
780 16 204
785 17 198
787 14 199
790 17 193
791 17 192
791 18 191
792 20 188
788 25 187
789 26 185
781 31 188
783 31 186
785 30 185
781 31 188
779 28 193
771 33 196
769 32 199
771 28 201
769 27 204
766 31 203
764 33 203
757 37 206
754 31 215
754 32 214
755 33 212
752 30 218
758 28 214
756 29 215
755 30 215
756 28 216
753 27 220
752 29 219
754 23 223
754 21 225
751 24 225
752 25 223
755 22 223
758 24 218
756 26 218
756 27 217
758 27 215
757 28 215
753 30 217
751 27 222
746 30 224
751 30 219
749 27 224
749 29 222
750 28 222
750 27 223
749 29 222
744 31 225
742 30 228
736 29 235
735 27 238
727 34 239
722 35 243
721 33 246
713 41 246
703 45 252
698 44 258
697 48 255
691 43 266
685 47 268
681 50 269
682 53 265
680 52 268
679 47 274
678 48 274
676 49 275
675 51 274
673 48 279
668 48 284
661 49 290
667 45 288
670 44 286
668 38 294
666 41 293
663 35 302
661 39 300
653 42 305
649 45 306
653 38 309
652 41 307
646 45 309
645 49 306
645 44 311
651 43 306
657 42 301
660 43 297
652 46 302
648 46 306
651 39 310
647 39 314
652 34 314
656 31 313
657 32 311
657 35 308
657 35 308
654 34 312
652 37 311
648 35 317
657 32 311
662 28 310
660 25 315
656 28 316
658 27 315
658 31 311
655 35 310
657 31 312
656 32 312
652 37 311
652 34 314
655 35 310
649 40 311
651 33 316
648 33 319
652 34 314
652 33 315
654 31 315
652 33 315
655 27 318
657 27 316
661 22 317
668 24 308
671 23 306
670 24 306
674 24 302
678 19 303
680 19 301
687 17 296
689 19 292
691 14 295
694 13 293
696 12 292
697 13 290
702 13 285
700 14 286
707 12 281
708 11 281
711 7 282
712 7 281
712 7 281
712 7 281
716 7 277
720 6 274
724 8 268
732 7 261
740 6 254
747 5 248
750 5 245
750 4 246
753 4 243
756 4 240
763 3 234
765 3 232
767 2 231
767 2 231
768 0 232
771 0 229
771 1 228
776 0 224
781 0 219
782 0 218
785 0 215
792 0 208
797 0 203
801 0 199
804 0 196
807 0 193
811 0 189
813 0 187
819 0 181
820 0 180
822 0 178
827 0 173
831 0 169
833 0 167
837 0 163
839 0 161
841 0 159
845 0 155
848 0 152
851 0 149
852 0 148
857 0 143
860 0 140
864 0 136
865 0 135
866 0 134
866 0 134
869 0 131
871 0 129
874 0 126
880 0 120
882 0 118
883 0 117
886 0 114
889 0 111
891 0 109
893 0 107
893 0 107
894 0 106
898 0 102
899 0 101
900 0 100
901 0 99
903 0 97
904 0 96
906 0 94
908 0 92
908 0 92
909 0 91
913 0 87
915 0 85
916 0 84
918 0 82
921 0 79
923 0 77
924 0 76
924 0 76
925 0 75
927 0 73
929 0 71
931 0 69
931 0 69
931 0 69
931 0 69
933 0 67
935 0 65
936 0 64
937 0 63
937 0 63
939 0 61
940 0 60
941 0 59
944 0 56
944 0 56
945 0 55
947 0 53
947 0 53
947 0 53
950 0 50
953 0 47
953 0 47
953 0 47
954 0 46
956 0 44
956 0 44
959 0 41
959 0 41
960 0 40
961 0 39
961 0 39
961 0 39
962 0 38
962 0 38
962 0 38
962 0 38
962 0 38
963 0 37
964 0 36
964 0 36
964 0 36
965 0 35
965 0 35
965 0 35
965 0 35
966 0 34
967 0 33
967 0 33
969 0 31
970 0 30
970 0 30
970 0 30
971 0 29
975 0 25
975 0 25
975 0 25
976 0 24
976 0 24
976 0 24
976 0 24
977 0 23
977 0 23
977 0 23
977 0 23
978 0 22
978 0 22
978 0 22
978 0 22
978 0 22
978 0 22
978 0 22
978 0 22
978 0 22
978 0 22
978 0 22
979 0 21
979 0 21
980 0 20
980 0 20
980 0 20
982 0 18
982 0 18
982 0 18
982 0 18
982 0 18
982 0 18
982 0 18
983 0 17
985 0 15
986 0 14
986 0 14
986 0 14
986 0 14
986 0 14
987 0 13
987 0 13
987 0 13
987 0 13
987 0 13
987 0 13
987 0 13
987 0 13
987 0 13
987 0 13
987 0 13
987 0 13
987 0 13
987 0 13
988 0 12
988 0 12
988 0 12
988 0 12
989 0 11
989 0 11
989 0 11
989 0 11
989 0 11
989 0 11
990 0 10
992 0 8
992 0 8
993 0 7
993 0 7
993 0 7
993 0 7
993 0 7
993 0 7
993 0 7
994 0 6
994 0 6
994 0 6
994 0 6
994 0 6
994 0 6
994 0 6
994 0 6
994 0 6
994 0 6
994 0 6
994 0 6
994 0 6
994 0 6
994 0 6
994 0 6
994 0 6
994 0 6
994 0 6
994 0 6
994 0 6
994 0 6
995 0 5
995 0 5
995 0 5
995 0 5
995 0 5
995 0 5
995 0 5
995 0 5
995 0 5
995 0 5
996 0 4
996 0 4
996 0 4
996 0 4
996 0 4
996 0 4
996 0 4
996 0 4
996 0 4
996 0 4
996 0 4
996 0 4
996 0 4
996 0 4
996 0 4
996 0 4
996 0 4
996 0 4
996 0 4
996 0 4
996 0 4
996 0 4
996 0 4
996 0 4
996 0 4
996 0 4
996 0 4
996 0 4
996 0 4
996 0 4
996 0 4
996 0 4
996 0 4
996 0 4
996 0 4
996 0 4
996 0 4
996 0 4
996 0 4
996 0 4
996 0 4
996 0 4
996 0 4
996 0 4
996 0 4
996 0 4
996 0 4
996 0 4
996 0 4
996 0 4
996 0 4
996 0 4
996 0 4
997 0 3
997 0 3
997 0 3
997 0 3
997 0 3
997 0 3
997 0 3
997 0 3
997 0 3
997 0 3
998 0 2
998 0 2
998 0 2
998 0 2
998 0 2
998 0 2
998 0 2
998 0 2
998 0 2
998 0 2
998 0 2
998 0 2
998 0 2
999 0 1
999 0 1
999 0 1
999 0 1
999 0 1
999 0 1
999 0 1
1000 0 0
1000 0 0
1000 0 0
1000 0 0
1000 0 0
1000 0 0
1000 0 0
1000 0 0
1000 0 0
1000 0 0
1000 0 0
1000 0 0
1000 0 0
1000 0 0
1000 0 0
1000 0 0
1000 0 0
1000 0 0
1000 0 0
1000 0 0
1000 0 0
1000 0 0
1000 0 0
1000 0 0
1000 0 0
1000 0 0
1000 0 0
1000 0 0
1000 0 0
1000 0 0
1000 0 0
1000 0 0
1000 0 0
1000 0 0
1000 0 0
1000 0 0
1000 0 0
1000 0 0
1000 0 0
1000 0 0
1000 0 0
1000 0 0
1000 0 0
1000 0 0
1000 0 0
1000 0 0
1000 0 0
1000 0 0
1000 0 0
1000 0 0
1000 0 0
1000 0 0
1000 0 0
1000 0 0
1000 0 0
1000 0 0
1000 0 0
1000 0 0
1000 0 0
1000 0 0
1000 0 0
1000 0 0
1000 0 0
1000 0 0
1000 0 0
1000 0 0
1000 0 0
1000 0 0
1000 0 0
1000 0 0
1000 0 0
1000 0 0
1000 0 0
1000 0 0
1000 0 0
1000 0 0
1000 0 0
1000 0 0
1000 0 0
1000 0 0
1000 0 0
1000 0 0
1000 0 0
1000 0 0
1000 0 0
1000 0 0
1000 0 0
1000 0 0
1000 0 0
1000 0 0
1000 0 0
