1000 0 0
1000 0 0
1000 0 0
999 1 0
996 3 1
987 10 3
981 14 5
971 23 6
963 26 11
951 29 20
939 38 23
925 42 33
909 49 42
896 45 59
890 46 64
883 45 72
873 49 78
864 55 81
857 57 86
842 59 99
830 66 104
817 62 121
805 65 130
794 69 137
784 70 146
766 82 152
755 81 164
741 76 183
731 86 183
720 89 191
707 90 203
694 93 213
691 92 217
673 106 221
666 98 236
657 98 245
643 104 253
626 106 268
625 97 278
621 90 289
611 90 299
603 91 306
607 88 305
600 87 313
595 82 323
590 83 327
590 76 334
584 68 348
581 65 354
585 62 353
585 62 353
584 63 353
588 63 349
582 65 353
580 63 357
582 54 364
583 50 367
584 45 371
586 44 370
583 44 373
583 39 378
584 41 375
594 40 366
599 37 364
598 36 366
600 36 364
601 37 362
600 36 364
600 38 362
607 36 357
608 39 353
609 39 352
604 41 355
607 38 355
610 33 357
610 30 360
613 28 359
614 28 358
620 27 353
622 25 353
620 25 355
625 23 352
629 19 352
633 17 350
637 16 347
636 23 341
640 24 336
642 24 334
638 26 336
645 26 329
644 25 331
650 21 329
657 17 326
662 16 322
668 14 318
673 15 312
675 14 311
675 12 313
676 16 308
671 20 309
672 21 307
673 22 305
672 25 303
673 27 300
673 27 300
676 24 300
680 22 298
682 24 294
683 27 290
685 28 287
684 32 284
676 41 283
665 47 288
665 45 290
660 45 295
657 44 299
666 47 287
664 44 292
665 40 295
663 41 296
661 38 301
651 45 304
647 46 307
646 46 308
634 52 314
631 45 324
624 49 327
618 53 329
622 47 331
623 44 333
621 43 336
626 36 338
621 35 344
623 34 343
627 30 343
625 33 342
630 30 340
634 28 338
635 27 338
632 31 337
635 28 337
634 30 336
636 25 339
633 30 337
632 29 339
638 26 336
639 28 333
642 27 331
646 24 330
645 24 331
647 23 330
649 26 325
654 21 325
657 20 323
658 20 322
657 18 325
664 16 320
666 17 317
669 14 317
676 15 309
679 15 306
685 11 304
690 11 299
693 10 297
699 11 290
702 11 287
705 12 283
709 10 281
709 13 278
708 18 274
710 13 277
717 13 270
720 14 266
722 11 267
722 14 264
722 13 265
721 13 266
726 13 261
727 11 262
728 10 262
727 12 261
731 13 256
732 17 251
724 22 254
722 24 254
719 24 257
725 26 249
724 25 251
720 26 254
717 26 257
715 25 260
716 26 258
719 27 254
718 25 257
720 20 260
724 20 256
726 20 254
729 20 251
725 24 251
725 24 251
725 27 248
725 31 244
725 28 247
719 32 249
714 34 252
717 33 250
718 29 253
721 28 251
720 28 252
717 29 254
712 31 257
706 33 261
704 30 266
699 37 264
700 35 265
701 28 271
697 27 276
699 25 276
704 16 280
708 17 275
704 19 277
708 18 274
704 19 277
704 24 272
705 26 269
701 23 276
703 26 271
708 22 270
706 24 270
706 25 269
703 32 265
698 38 264
694 37 269
694 38 268
695 37 268
692 35 273
690 29 281
695 26 279
691 32 277
690 35 275
686 39 275
688 38 274
690 38 272
696 34 270
696 38 266
697 38 265
705 31 264
706 32 262
701 35 264
699 36 265
698 41 261
696 44 260
693 44 263
686 48 266
684 42 274
680 42 278
675 43 282
673 39 288
670 43 287
673 40 287
675 41 284
679 36 285
681 33 286
685 31 284
683 33 284
683 32 285
682 30 288
678 31 291
679 27 294
682 30 288
679 31 290
682 33 285
682 32 286
680 34 286
680 32 288
681 31 288
681 31 288
681 36 283
675 39 286
678 40 282
678 38 284
679 35 286
677 31 292
673 33 294
675 25 300
674 28 298
673 30 297
673 29 298
671 33 296
672 32 296
676 29 295
674 27 299
672 26 302
672 26 302
674 24 302
672 29 299
669 33 298
670 30 300
667 33 300
669 33 298
668 33 299
668 29 303
673 28 299
671 34 295
672 30 298
673 27 300
671 31 298
668 35 297
665 35 300
668 32 300
672 33 295
664 39 297
664 40 296
671 37 292
669 35 296
670 36 294
672 34 294
671 35 294
670 32 298
673 31 296
676 33 291
673 33 294
675 31 294
677 26 297
678 26 296
682 27 291
682 27 291
679 27 294
673 29 298
672 27 301
676 25 299
679 20 301
686 19 295
689 16 295
692 18 290
692 18 290
694 20 286
694 23 283
694 25 281
695 22 283
703 23 274
700 24 276
704 24 272
703 28 269
699 31 270
701 21 278
700 23 277
704 25 271
705 25 270
711 21 268
709 21 270
707 24 269
713 24 263
718 20 262
724 20 256
722 24 254
730 22 248
729 23 248
731 24 245
730 26 244
728 23 249
726 26 248
726 25 249
727 29 244
723 32 245
723 31 246
723 33 244
725 28 247
728 28 244
725 30 245
725 28 247
725 27 248
727 30 243
731 28 241
732 25 243
732 26 242
728 27 245
728 28 244
728 25 247
726 26 248
730 25 245
733 22 245
739 21 240
739 19 242
736 19 245
732 20 248
732 22 246
733 23 244
732 26 242
731 26 243
734 22 244
733 22 245
732 19 249
733 19 248
731 25 244
730 23 247
731 22 247
725 28 247
724 32 244
722 28 250
722 26 252
728 24 248
730 17 253
731 15 254
725 18 257
725 19 256
726 18 256
733 18 249
734 15 251
734 14 252
740 12 248
742 12 246
740 15 245
749 12 239
753 12 235
754 11 235
758 12 230
758 12 230
761 12 227
764 11 225
769 11 220
769 10 221
771 10 219
775 10 215
778 9 213
780 11 209
786 9 205
785 11 204
790 11 199
791 12 197
793 11 196
792 12 196
796 12 192
800 11 189
803 11 186
804 10 186
803 14 183
799 17 184
801 17 182
800 18 182
799 17 184
798 20 182
798 22 180
796 24 180
796 26 178
792 24 184
789 24 187
788 25 187
786 29 185
783 26 191
780 27 193
782 31 187
774 36 190
774 33 193
771 34 195
771 31 198
767 37 196
764 39 197
760 41 199
757 42 201
753 47 200
752 43 205
749 38 213
744 42 214
742 40 218
736 41 223
736 40 224
730 38 232
731 32 237
730 30 240
730 33 237
721 39 240
717 41 242
708 48 244
706 45 249
708 41 251
709 43 248
700 49 251
695 51 254
693 43 264
686 46 268
695 41 264
693 44 263
690 41 269
686 42 272
685 41 274
685 34 281
692 32 276
690 35 275
688 32 280
688 33 279
690 29 281
693 30 277
693 30 277
700 29 271
702 29 269
703 27 270
702 27 271
692 34 274
695 31 274
688 37 275
688 35 277
686 39 275
688 41 271
684 38 278
686 40 274
683 36 281
680 34 286
681 30 289
682 34 284
683 33 284
686 29 285
685 28 287
690 29 281
690 31 279
690 28 282
691 27 282
689 27 284
690 25 285
694 29 277
700 26 274
700 25 275
699 20 281
702 21 277
705 18 277
712 16 272
714 14 272
716 14 270
718 16 266
720 19 261
722 17 261
726 17 257
726 18 256
727 17 256
731 17 252
728 19 253
732 17 251
734 17 249
735 19 246
738 17 245
740 18 242
741 19 240
742 21 237
735 26 239
733 30 237
732 35 233
728 36 236
728 34 238
728 35 237
725 35 240
721 34 245
720 32 248
720 25 255
721 26 253
720 22 258
724 21 255
720 23 257
721 23 256
718 28 254
715 30 255
715 30 255
708 32 260
701 36 263
698 36 266
697 41 262
688 47 265
686 48 266
678 53 269
670 49 281
665 51 284
664 47 289
663 45 292
663 48 289
663 49 288
662 47 291
655 49 296
660 47 293
659 43 298
658 43 299
650 44 306
643 50 307
643 42 315
639 45 316
633 46 321
624 47 329
623 46 331
617 45 338
617 45 338
617 41 342
619 37 344
624 36 340
626 35 339
628 30 342
631 30 339
632 31 337
634 30 336
632 34 334
630 34 336
626 37 337
626 37 337
629 37 334
631 34 335
629 34 337
627 36 337
619 44 337
624 43 333
622 47 331
619 48 333
614 47 339
622 39 339
621 36 343
622 38 340
624 34 342
624 36 340
629 37 334
629 33 338
635 33 332
634 32 334
635 31 334
636 32 332
631 34 335
629 35 336
628 31 341
628 28 344
636 24 340
634 27 339
642 26 332
645 27 328
646 30 324
650 28 322
659 26 315
660 23 317
663 20 317
666 17 317
669 14 317
673 11 316
673 11 316
679 10 311
679 9 312
684 8 308
691 7 302
695 7 298
699 7 294
705 6 289
710 5 285
710 8 282
714 7 279
715 7 278
720 10 270
720 11 269
719 14 267
719 16 265
715 22 263
713 20 267
712 26 262
711 27 262
710 27 263
711 28 261
712 27 261
715 25 260
715 20 265
719 17 264
717 21 262
718 19 263
720 19 261
722 19 259
727 20 253
727 22 251
726 21 253
730 16 254
730 16 254
731 12 257
732 9 259
734 10 256
738 7 255
744 5 251
749 4 247
751 3 246
749 5 246
755 7 238
756 10 234
759 11 230
761 11 228
766 11 223
770 10 220
771 10 219
776 9 215
778 10 212
779 11 210
780 13 207
780 12 208
783 12 205
784 8 208
786 7 207
785 10 205
790 9 201
787 12 201
785 15 200
784 12 204
789 12 199
789 13 198
790 16 194
790 13 197
790 14 196
789 15 196
787 16 197
786 13 201
789 14 197
792 12 196
795 8 197
803 6 191
806 8 186
808 7 185
809 7 184
812 7 181
814 9 177
817 8 175
820 6 174
823 7 170
828 8 164
827 9 164
827 10 163
823 13 164
823 15 162
818 17 165
819 17 164
822 17 161
821 19 160
823 17 160
820 20 160
819 21 160
817 20 163
817 18 165
818 15 167
814 15 171
815 15 170
817 15 168
815 17 168
819 16 165
818 15 167
820 15 165
820 15 165
819 16 165
818 17 165
809 24 167
809 25 166
804 23 173
800 28 172
792 30 178
783 35 182
780 32 188
778 33 189
777 30 193
772 33 195
765 37 198
761 33 206
758 34 208
757 39 204
756 32 212
752 33 215
749 34 217
746 37 217
746 38 216
742 36 222
741 35 224
744 35 221
733 41 226
732 36 232
728 34 238
727 39 234
721 47 232
720 47 233
715 48 237
713 49 238
706 56 238
698 52 250
697 47 256
693 52 255
694 47 259
688 47 265
688 46 266
686 46 268
681 50 269
670 53 277
669 53 278
666 54 280
656 60 284
653 57 290
650 55 295
653 52 295
646 57 297
643 60 297
642 57 301
635 59 306
637 55 308
635 53 312
627 55 318
627 53 320
629 54 317
627 50 323
628 51 321
627 46 327
622 44 334
619 45 336
619 35 346
617 33 350
615 34 351
618 27 355
620 27 353
625 25 350
627 22 351
632 20 348
631 20 349
637 17 346
643 14 343
643 17 340
649 11 340
653 8 339
660 7 333
667 7 326
672 8 320
680 5 315
690 6 304
693 9 298
697 10 293
703 13 284
700 14 286
698 20 282
699 18 283
698 17 285
697 18 285
702 14 284
697 20 283
701 25 274
701 25 274
701 23 276
702 20 278
705 19 276
703 19 278
703 21 276
700 20 280
699 19 282
700 20 280
703 16 281
710 15 275
719 16 265
722 16 262
723 16 261
733 14 253
737 13 250
741 10 249
750 9 241
756 7 237
763 8 229
766 8 226
764 9 227
766 10 224
768 12 220
773 8 219
774 10 216
776 8 216
776 6 218
779 5 216
783 5 212
787 3 210
791 3 206
796 3 201
801 1 198
804 2 194
808 1 191
809 0 191
817 0 183
819 0 181
823 0 177
826 0 174
828 0 172
833 0 167
838 0 162
839 0 161
841 0 159
845 0 155
848 0 152
850 0 150
853 0 147
857 0 143
860 0 140
861 0 139
861 0 139
864 0 136
868 0 132
869 0 131
872 0 128
874 0 126
875 0 125
875 0 125
877 0 123
881 0 119
885 0 115
888 0 112
889 0 111
890 0 110
890 0 110
892 0 108
895 0 105
896 0 104
897 0 103
899 0 101
899 0 101
900 0 100
902 0 98
902 0 98
903 0 97
909 0 91
909 0 91
909 0 91
909 0 91
911 0 89
912 0 88
915 0 85
915 0 85
919 0 81
919 0 81
920 0 80
920 0 80
921 0 79
922 0 78
924 0 76
924 0 76
925 0 75
927 0 73
928 0 72
928 0 72
929 0 71
931 0 69
931 0 69
931 0 69
934 0 66
935 0 65
940 0 60
942 0 58
943 0 57
943 0 57
945 0 55
945 0 55
945 0 55
946 0 54
948 0 52
950 0 50
951 0 49
954 0 46
955 0 45
956 0 44
956 0 44
956 0 44
956 0 44
956 0 44
956 0 44
957 0 43
960 0 40
960 0 40
960 0 40
961 0 39
963 0 37
963 0 37
963 0 37
963 0 37
964 0 36
966 0 34
967 0 33
968 0 32
968 0 32
969 0 31
970 0 30
971 0 29
971 0 29
971 0 29
971 0 29
972 0 28
973 0 27
974 0 26
974 0 26
975 0 25
975 0 25
975 0 25
975 0 25
976 0 24
976 0 24
977 0 23
977 0 23
978 0 22
978 0 22
979 0 21
979 0 21
979 0 21
979 0 21
980 0 20
980 0 20
980 0 20
981 0 19
981 0 19
981 0 19
