1000 0 0
1000 0 0
1000 0 0
1000 0 0
1000 0 0
1000 0 0
1000 0 0
1000 0 0
1000 0 0
1000 0 0
1000 0 0
1000 0 0
1000 0 0
1000 0 0
1000 0 0
1000 0 0
1000 0 0
1000 0 0
999 1 0
999 0 1
999 0 1
999 0 1
999 0 1
999 0 1
999 0 1
999 0 1
998 1 1
997 2 1
997 2 1
997 1 2
998 1 1
997 2 1
995 3 2
993 3 4
990 5 5
989 6 5
988 7 5
986 6 8
982 10 8
975 16 9
972 14 14
967 13 20
962 15 23
960 16 24
956 16 28
949 18 33
943 20 37
937 23 40
927 30 43
919 36 45
902 45 53
893 48 59
886 46 68
874 51 75
857 65 78
849 67 84
839 62 99
832 64 104
822 59 119
812 59 129
807 55 138
799 59 142
789 66 145
776 66 158
767 69 164
761 73 166
756 69 175
745 74 181
737 76 187
725 86 189
719 82 199
706 86 208
687 92 221
684 89 227
683 82 235
672 86 242
660 86 254
652 83 265
643 77 280
637 73 290
634 76 290
629 78 293
632 75 293
626 72 302
622 72 306
616 75 309
609 73 318
602 69 329
601 68 331
599 64 337
600 57 343
600 56 344
601 56 343
600 58 342
602 56 342
601 55 344
602 51 347
606 48 346
604 46 350
609 35 356
614 35 351
615 37 348
617 37 346
619 38 343
620 38 342
624 37 339
619 43 338
620 42 338
622 40 338
620 44 336
614 48 338
616 52 332
612 47 341
604 53 343
600 49 351
603 45 352
603 44 353
602 49 349
603 52 345
603 50 347
601 54 345
600 58 342
599 52 349
596 51 353
596 49 355
592 44 364
587 47 366
588 43 369
594 41 365
589 42 369
580 46 374
583 42 375
587 42 371
582 46 372
587 50 363
590 54 356
587 53 360
586 58 356
589 51 360
589 44 367
589 47 364
585 44 371
597 42 361
595 39 366
594 36 370
594 35 371
599 35 366
603 31 366
606 31 363
618 32 350
616 33 351
613 40 347
618 40 342
617 41 342
614 41 345
613 41 346
613 45 342
616 40 344
622 33 345
625 36 339
626 35 339
629 30 341
631 28 341
636 27 337
635 28 337
640 25 335
643 24 333
646 24 330
647 27 326
648 29 323
651 26 323
657 27 316
662 22 316
665 21 314
668 21 311
671 22 307
674 20 306
675 21 304
673 25 302
673 25 302
672 29 299
683 25 292
687 26 287
692 22 286
691 23 286
692 22 286
692 21 287
696 17 287
697 17 286
706 15 279
707 15 278
710 15 275
710 16 274
712 20 268
715 22 263
712 26 262
713 26 261
706 31 263
705 32 263
697 36 267
697 37 266
696 30 274
703 25 272
699 28 273
696 31 273
694 29 277
692 31 277
695 32 273
696 30 274
692 36 272
692 30 278
692 31 277
690 33 277
691 34 275
685 33 282
684 29 287
685 29 286
682 33 285
679 34 287
678 36 286
676 33 291
677 33 290
675 31 294
668 38 294
671 35 294
672 31 297
672 25 303
672 26 302
668 25 307
669 24 307
668 26 306
673 28 299
678 26 296
674 28 298
674 30 296
676 31 293
675 32 293
672 35 293
670 36 294
671 37 292
668 32 300
665 31 304
664 32 304
663 33 304
666 27 307
664 28 308
663 26 311
666 24 310
667 23 310
669 22 309
674 20 306
674 22 304
680 20 300
686 18 296
689 17 294
692 18 290
693 23 284
691 24 285
694 25 281
698 24 278
702 18 280
706 17 277
706 18 276
709 16 275
716 17 267
717 18 265
721 15 264
724 13 263
727 14 259
731 13 256
734 9 257
734 10 256
739 10 251
744 10 246
748 13 239
748 12 240
747 16 237
749 18 233
753 18 229
751 13 236
756 13 231
760 11 229
764 11 225
767 10 223
768 8 224
768 8 224
768 11 221
771 7 222
777 8 215
778 6 216
778 7 215
781 8 211
784 9 207
784 8 208
788 11 201
790 14 196
788 18 194
785 19 196
783 20 197
781 24 195
778 23 199
778 19 203
774 23 203
772 25 203
770 26 204
766 30 204
770 27 203
764 28 208
759 27 214
757 31 212
759 32 209
754 34 212
748 38 214
742 44 214
738 48 214
737 47 216
733 53 214
728 55 217
725 52 223
722 45 233
719 49 232
717 48 235
712 51 237
709 51 240
708 52 240
708 50 242
705 52 243
704 46 250
702 48 250
701 40 259
697 40 263
695 42 263
692 44 264
686 47 267
686 45 269
682 41 277
679 38 283
676 41 283
678 40 282
676 38 286
677 34 289
673 38 289
674 34 292
675 30 295
672 32 296
674 33 293
676 33 291
676 34 290
673 33 294
673 36 291
673 32 295
673 30 297
671 30 299
670 29 301
678 21 301
681 17 302
677 24 299
675 26 299
675 28 297
673 28 299
675 24 301
676 27 297
678 30 292
676 29 295
676 29 295
677 26 297
678 26 296
680 29 291
685 30 285
681 36 283
684 36 280
682 35 283
679 34 287
684 29 287
685 31 284
682 32 286
680 36 284
682 35 283
685 32 283
683 33 284
688 31 281
686 29 285
681 34 285
683 26 291
687 18 295
689 18 293
695 18 287
701 18 281
705 16 279
705 18 277
708 18 274
707 18 275
711 19 270
709 19 272
709 19 272
709 22 269
709 22 269
708 23 269
705 21 274
708 20 272
711 21 268
717 14 269
720 14 266
721 15 264
725 14 261
726 15 259
731 14 255
735 11 254
737 14 249
743 11 246
747 9 244
750 8 242
756 9 235
756 12 232
760 10 230
764 14 222
768 16 216
766 17 217
764 20 216
769 19 212
771 21 208
772 20 208
775 18 207
773 23 204
773 20 207
775 17 208
777 15 208
777 16 207
778 11 211
777 12 211
779 13 208
775 21 204
774 23 203
777 23 200
770 30 200
764 30 206
761 28 211
758 30 212
753 32 215
753 30 217
759 25 216
759 23 218
760 25 215
761 26 213
758 28 214
756 25 219
761 25 214
754 26 220
756 21 223
751 23 226
752 23 225
754 25 221
754 22 224
754 24 222
756 24 220
755 26 219
751 28 221
752 24 224
751 27 222
751 24 225
758 21 221
757 25 218
757 26 217
757 29 214
759 23 218
760 18 222
761 17 222
761 14 225
765 12 223
769 12 219
768 13 219
772 13 215
771 12 217
773 15 212
773 14 213
776 18 206
783 18 199
782 18 200
780 19 201
782 17 201
780 18 202
779 19 202
782 22 196
784 21 195
782 23 195
786 22 192
782 22 196
780 24 196
777 28 195
775 34 191
773 36 191
771 32 197
767 29 204
765 27 208
769 24 207
766 23 211
769 23 208
770 19 211
772 19 209
768 19 213
763 24 213
760 29 211
760 26 214
755 30 215
749 32 219
743 31 226
740 36 224
739 35 226
732 38 230
731 30 239
733 27 240
736 26 238
737 27 236
735 28 237
732 30 238
728 33 239
727 32 241
725 28 247
726 27 247
727 26 247
724 28 248
719 30 251
720 29 251
721 27 252
721 29 250
728 27 245
728 25 247
728 25 247
725 24 251
723 27 250
716 32 252
719 31 250
715 35 250
711 37 252
709 36 255
708 36 256
712 36 252
706 39 255
704 43 253
704 40 256
708 39 253
706 38 256
707 30 263
708 28 264
706 28 266
707 28 265
706 27 267
702 27 271
699 28 273
701 28 271
699 27 274
696 33 271
691 34 275
688 34 278
675 43 282
672 37 291
677 30 293
678 34 288
680 29 291
680 31 289
680 37 283
681 35 284
675 42 283
675 37 288
673 40 287
674 34 292
673 27 300
669 30 301
669 26 305
676 21 303
674 23 303
677 19 304
682 19 299
681 22 297
677 26 297
678 25 297
678 22 300
679 22 299
677 22 301
680 18 302
683 14 303
679 17 304
673 21 306
674 19 307
680 21 299
682 22 296
683 19 298
680 21 299
681 23 296
680 29 291
676 34 290
680 27 293
680 22 298
685 21 294
686 22 292
685 27 288
688 27 285
686 28 286
686 29 285
685 29 286
689 27 284
693 22 285
695 16 289
702 14 284
704 16 280
704 19 277
703 20 277
704 17 279
705 18 277
708 14 278
704 18 278
704 20 276
706 19 275
713 15 272
711 15 274
714 12 274
716 13 271
718 12 270
719 16 265
719 14 267
721 12 267
723 12 265
727 15 258
726 17 257
731 12 257
733 11 256
738 11 251
740 11 249
741 10 249
744 11 245
745 9 246
743 12 245
743 18 239
744 20 236
748 16 236
747 18 235
748 17 235
749 17 234
747 17 236
750 15 235
746 20 234
744 23 233
737 26 237
737 26 237
736 24 240
739 25 236
735 26 239
732 28 240
734 24 242
732 22 246
730 23 247
730 23 247
732 19 249
734 16 250
733 18 249
733 20 247
736 22 242
734 20 246
735 24 241
732 24 244
732 21 247
735 23 242
734 24 242
732 24 244
732 27 241
734 24 242
735 23 242
735 25 240
730 31 239
723 36 241
721 38 241
716 42 242
710 42 248
706 46 248
707 44 249
701 51 248
693 51 256
694 48 258
681 53 266
674 55 271
670 54 276
664 52 284
658 48 294
653 52 295
654 42 304
650 41 309
648 43 309
646 44 310
646 44 310
646 45 309
648 41 311
646 40 314
645 38 317
641 41 318
640 38 322
641 38 321
642 39 319
642 39 319
643 39 318
645 37 318
648 36 316
654 33 313
655 32 313
660 31 309
659 28 313
656 29 315
658 26 316
657 26 317
661 21 318
666 18 316
666 18 316
667 13 320
671 12 317
678 12 310
677 13 310
680 13 307
684 17 299
693 15 292
695 14 291
693 14 293
697 16 287
696 17 287
703 13 284
703 16 281
704 17 279
706 18 276
707 20 273
711 17 272
711 16 273
715 18 267
715 21 264
718 21 261
722 24 254
719 24 257
721 21 258
720 22 258
719 20 261
724 19 257
724 20 256
723 19 258
726 17 257
726 18 256
731 19 250
731 18 251
731 19 250
731 18 251
728 20 252
723 24 253
723 24 253
725 24 251
725 28 247
722 23 255
719 27 254
718 27 255
723 27 250
728 28 244
728 28 244
733 27 240
731 28 241
732 29 239
734 26 240
735 24 241
732 26 242
733 25 242
736 23 241
737 22 241
743 22 235
748 20 232
747 21 232
750 18 232
752 15 233
753 15 232
756 17 227
760 20 220
764 20 216
770 17 213
775 17 208
775 18 207
774 17 209
768 21 211
762 24 214
765 16 219
770 13 217
771 14 215
773 11 216
773 14 213
761 24 215
758 26 216
756 30 214
753 31 216
744 34 222
740 40 220
736 36 228
735 36 229
730 38 232
720 44 236
714 45 241
710 43 247
702 47 251
706 47 247
704 50 246
697 47 256
698 47 255
701 42 257
698 39 263
699 36 265
700 34 266
697 36 267
696 36 268
696 35 269
693 37 270
692 36 272
688 39 273
684 40 276
677 43 280
675 41 284
673 42 285
672 41 287
673 38 289
673 38 289
672 41 287
668 47 285
667 44 289
661 48 291
654 51 295
655 42 303
656 41 303
649 39 312
651 40 309
652 36 312
652 33 315
650 37 313
651 36 313
650 35 315
644 39 317
640 45 315
640 46 314
637 48 315
637 42 321
630 44 326
625 42 333
622 42 336
624 42 334
618 42 340
625 44 331
624 42 334
626 40 334
628 41 331
626 35 339
624 35 341
620 38 342
617 39 344
619 36 345
618 40 342
622 38 340
620 39 341
625 32 343
622 32 346
628 31 341
630 29 341
638 29 333
642 29 329
641 28 331
644 26 330
642 27 331
641 31 328
643 34 323
644 37 319
645 34 321
652 31 317
657 27 316
664 25 311
668 20 312
670 17 313
671 16 313
673 14 313
671 16 313
669 16 315
667 20 313
670 22 308
676 21 303
673 25 302
674 24 302
680 24 296
676 30 294
677 26 297
683 26 291
683 26 291
682 27 291
675 31 294
675 29 296
679 31 290
678 36 286
676 37 287
674 37 289
675 36 289
672 36 292
673 34 293
672 31 297
677 29 294
675 28 297
675 32 293
679 31 290
680 32 288
679 28 293
679 31 290
680 24 296
682 26 292
682 27 291
681 28 291
678 28 294
680 33 287
683 31 286
685 31 284
684 33 283
685 37 278
687 34 279
686 39 275
688 42 270
684 40 276
683 40 277
683 36 281
688 29 283
687 30 283
693 30 277
691 29 280
690 26 284
689 26 285
690 27 283
695 18 287
697 20 283
699 22 279
700 22 278
706 22 272
709 24 267
714 23 263
717 19 264
717 18 265
723 18 259
722 18 260
727 17 256
729 17 254
739 12 249
742 13 245
744 14 242
744 18 238
746 16 238
752 11 237
757 9 234
758 8 234
760 10 230
762 9 229
766 8 226
768 10 222
774 8 218
777 9 214
778 8 214
778 9 213
779 8 213
780 6 214
786 6 208
786 8 206
782 9 209
782 7 211
787 6 207
789 5 206
796 5 199
799 4 197
799 5 196
801 5 194
803 6 191
805 8 187
806 9 185
807 11 182
806 12 182
808 9 183
810 8 182
809 9 182
811 9 180
809 13 178
816 11 173
816 12 172
816 10 174
817 12 171
821 12 167
817 16 167
817 15 168
818 17 165
815 19 166
814 17 169
813 19 168
815 19 166
815 21 164
810 27 163
807 31 162
803 31 166
799 31 170
796 32 172
798 29 173
797 25 178
801 28 171
