1000 0 0
1000 0 0
1000 0 0
1000 0 0
1000 0 0
1000 0 0
1000 0 0
1000 0 0
1000 0 0
1000 0 0
999 0 1
996 3 1
994 4 2
989 8 3
984 10 6
976 14 10
959 28 13
937 44 19
928 41 31
919 42 39
907 51 42
893 57 50
883 57 60
871 57 72
857 59 84
849 63 88
839 64 97
820 71 109
811 74 115
793 81 126
771 95 134
759 82 159
747 79 174
741 70 189
732 69 199
730 71 199
719 75 206
706 80 214
699 82 219
686 81 233
673 78 249
673 71 256
670 66 264
664 66 270
662 55 283
664 46 290
660 43 297
655 44 301
649 46 305
649 48 303
653 49 298
652 49 299
648 51 301
639 57 304
635 55 310
631 56 313
635 51 314
630 51 319
628 52 320
626 51 323
625 53 322
625 48 327
622 45 333
626 42 332
623 40 337
622 39 339
618 42 340
613 44 343
613 43 344
615 45 340
617 44 339
619 42 339
619 40 341
621 39 340
622 36 342
627 32 341
624 32 344
625 28 347
627 29 344
632 27 341
635 26 339
637 28 335
637 25 338
637 27 336
636 30 334
634 30 336
638 27 335
640 26 334
640 28 332
637 28 335
642 24 334
646 19 335
651 14 335
657 15 328
659 12 329
662 14 324
661 15 324
663 18 319
666 18 316
669 14 317
672 12 316
674 14 312
678 14 308
681 16 303
680 19 301
680 21 299
685 26 289
683 31 286
682 28 290
687 27 286
693 29 278
690 26 284
695 23 282
699 21 280
701 25 274
699 25 276
700 25 275
702 21 277
700 24 276
701 25 274
695 27 278
694 28 278
692 30 278
693 30 277
698 29 273
696 29 275
701 26 273
702 29 269
703 27 270
706 27 267
709 24 267
708 24 268
710 24 266
710 22 268
712 19 269
712 19 269
712 16 272
712 18 270
712 19 269
716 18 266
713 20 267
723 20 257
723 19 258
726 17 257
729 13 258
729 13 258
734 13 253
736 15 249
735 16 249
734 18 248
733 20 247
736 20 244
733 20 247
733 24 243
734 19 247
736 18 246
735 19 246
734 21 245
737 22 241
738 23 239
743 22 235
747 25 228
748 21 231
749 22 229
750 26 224
743 28 229
744 27 229
744 29 227
737 31 232
732 37 231
728 40 232
728 37 235
726 36 238
728 37 235
729 38 233
728 42 230
729 33 238
724 42 234
721 33 246
718 30 252
721 29 250
725 23 252
734 24 242
730 25 245
725 31 244
720 36 244
714 40 246
716 34 250
718 36 246
721 33 246
719 32 249
712 38 250
712 34 254
711 33 256
710 32 258
706 36 258
695 37 268
696 36 268
687 43 270
687 39 274
681 42 277
683 46 271
684 46 270
681 45 274
679 43 278
680 42 278
680 41 279
682 44 274
682 43 275
683 43 274
688 39 273
687 39 274
688 37 275
681 47 272
678 51 271
677 46 277
679 47 274
679 48 273
673 48 279
671 49 280
667 50 283
661 54 285
662 52 286
658 55 287
658 51 291
644 61 295
648 57 295
645 56 299
645 58 297
641 60 299
637 60 303
640 59 301
642 57 301
641 53 306
637 49 314
637 54 309
632 53 315
630 57 313
635 51 314
637 49 314
638 47 315
637 46 317
639 40 321
636 42 322
640 41 319
639 41 320
644 38 318
643 41 316
648 35 317
650 35 315
652 31 317
649 28 323
647 29 324
651 32 317
649 36 315
648 37 315
646 36 318
634 45 321
630 41 329
627 43 330
633 38 329
636 36 328
639 32 329
640 31 329
637 32 331
633 31 336
630 32 338
636 34 330
638 30 332
634 28 338
630 29 341
627 30 343
628 26 346
629 29 342
631 33 336
633 29 338
632 32 336
634 36 330
636 30 334
638 30 332
638 28 334
642 22 336
645 22 333
650 18 332
649 21 330
653 22 325
655 21 324
653 22 325
653 24 323
658 24 318
660 25 315
658 27 315
658 29 313
658 30 312
660 30 310
651 31 318
652 30 318
652 28 320
654 25 321
654 21 325
662 22 316
663 22 315
665 22 313
668 22 310
671 25 304
676 25 299
677 25 298
675 19 306
675 20 305
673 22 305
678 25 297
675 28 297
680 24 296
676 23 301
676 26 298
679 25 296
677 27 296
679 25 296
679 23 298
678 24 298
689 22 289
686 22 292
690 22 288
689 20 291
690 20 290
690 23 287
686 26 288
688 29 283
687 31 282
685 33 282
677 37 286
678 40 282
676 34 290
677 34 289
680 27 293
675 32 293
678 29 293
677 29 294
681 26 293
685 26 289
684 26 290
687 23 290
686 29 285
689 26 285
693 23 284
692 27 281
696 26 278
708 19 273
711 18 271
711 19 270
710 21 269
709 19 272
715 20 265
717 21 262
725 19 256
726 17 257
732 15 253
730 19 251
734 20 246
735 17 248
740 16 244
739 15 246
742 16 242
743 17 240
744 16 240
747 13 240
753 11 236
754 11 235
751 13 236
755 13 232
753 12 235
758 11 231
758 12 230
760 16 224
762 13 225
755 19 226
756 19 225
758 21 221
752 25 223
747 28 225
747 29 224
747 28 225
747 29 224
743 31 226
741 35 224
738 31 231
732 35 233
727 36 237
727 37 236
725 38 237
724 36 240
727 30 243
724 32 244
728 33 239
731 27 242
729 30 241
725 32 243
721 35 244
720 39 241
717 36 247
713 40 247
702 44 254
700 41 259
703 43 254
693 50 257
686 53 261
686 48 266
689 43 268
688 44 268
687 41 272
680 43 277
678 47 275
674 50 276
671 43 286
668 40 292
668 41 291
662 47 291
661 42 297
660 44 296
661 40 299
665 40 295
665 44 291
667 47 286
667 43 290
675 43 282
669 42 289
672 41 287
672 39 289
675 36 289
678 33 289
679 34 287
673 39 288
677 36 287
672 37 291
672 31 297
677 28 295
674 25 301
677 25 298
675 27 298
675 26 299
676 24 300
677 24 299
679 23 298
676 28 296
676 27 297
673 24 303
675 23 302
670 26 304
665 31 304
666 34 300
661 34 305
662 35 303
662 35 303
664 30 306
667 33 300
671 31 298
674 29 297
670 32 298
671 27 302
668 33 299
669 30 301
664 34 302
662 32 306
663 35 302
660 39 301
661 41 298
657 41 302
659 36 305
654 39 307
651 36 313
647 38 315
649 34 317
646 35 319
645 32 323
648 34 318
649 35 316
652 38 310
655 43 302
652 44 304
652 43 305
654 40 306
657 37 306
655 36 309
656 38 306
664 28 308
662 33 305
658 30 312
656 33 311
650 32 318
653 32 315
652 32 316
654 30 316
652 29 319
652 32 316
646 32 322
650 29 321
651 27 322
652 24 324
653 23 324
660 24 316
658 28 314
659 27 314
656 29 315
657 31 312
662 30 308
666 27 307
671 29 300
673 28 299
674 27 299
668 33 299
666 37 297
664 34 302
666 36 298
665 39 296
662 36 302
666 35 299
663 34 303
666 28 306
663 29 308
666 27 307
665 29 306
664 32 304
661 34 305
661 37 302
664 36 300
667 34 299
668 32 300
668 31 301
668 31 301
670 30 300
669 33 298
672 35 293
666 34 300
669 34 297
666 34 300
663 37 300
658 42 300
652 47 301
655 46 299
646 53 301
644 55 301
644 50 306
643 52 305
637 48 315
627 57 316
624 51 325
621 48 331
619 50 331
620 46 334
617 49 334
615 46 339
612 49 339
614 48 338
611 53 336
609 49 342
609 45 346
611 43 346
613 40 347
609 39 352
616 39 345
615 38 347
621 34 345
623 29 348
621 28 351
621 29 350
626 28 346
625 28 347
627 29 344
628 32 340
625 33 342
624 32 344
628 28 344
630 27 343
633 27 340
635 30 335
633 34 333
634 36 330
633 35 332
634 34 332
633 30 337
631 32 337
630 30 340
631 32 337
633 31 336
638 36 326
632 41 327
637 38 325
636 40 324
638 36 326
636 40 324
640 34 326
644 29 327
646 27 327
647 29 324
648 31 321
654 23 323
656 21 323
663 18 319
668 16 316
676 15 309
681 13 306
684 13 303
686 14 300
687 15 298
691 14 295
692 12 296
692 15 293
692 17 291
697 14 289
705 10 285
706 10 284
707 11 282
717 10 273
722 10 268
724 9 267
729 6 265
734 5 261
742 5 253
749 6 245
752 7 241
755 7 238
757 7 236
758 10 232
760 8 232
761 8 231
762 10 228
765 12 223
766 12 222
767 9 224
772 8 220
772 9 219
773 10 217
773 9 218
775 10 215
779 8 213
783 7 210
782 7 211
782 9 209
785 11 204
787 11 202
790 10 200
793 11 196
791 14 195
790 17 193
791 18 191
796 16 188
795 16 189
795 17 188
797 18 185
797 17 186
796 17 187
799 12 189
800 12 188
801 14 185
804 13 183
804 10 186
805 10 185
798 15 187
796 15 189
793 19 188
794 18 188
792 22 186
786 27 187
783 22 195
783 24 193
783 25 192
781 26 193
775 28 197
770 28 202
766 34 200
769 33 198
763 34 203
757 37 206
749 41 210
745 44 211
740 37 223
734 42 224
723 46 231
715 51 234
709 54 237
703 59 238
697 59 244
696 62 242
690 62 248
682 59 259
677 54 269
677 55 268
676 51 273
674 48 278
672 53 275
663 53 284
663 48 289
661 45 294
657 47 296
662 45 293
659 46 295
660 48 292
661 49 290
658 46 296
659 42 299
663 40 297
663 38 299
666 35 299
667 33 300
673 28 299
679 23 298
678 21 301
681 15 304
682 15 303
683 15 302
690 12 298
693 12 295
699 13 288
700 12 288
701 10 289
704 10 286
708 9 283
711 11 278
711 14 275
715 13 272
716 11 273
723 9 268
729 8 263
732 9 259
736 10 254
739 9 252
742 10 248
748 9 243
751 9 240
750 11 239
755 10 235
762 7 231
766 5 229
773 4 223
774 4 222
777 4 219
782 4 214
783 1 216
786 1 213
789 2 209
796 2 202
798 2 200
804 0 196
805 0 195
809 0 191
818 0 182
820 1 179
821 1 178
823 1 176
823 1 176
828 1 171
830 0 170
835 0 165
837 0 163
838 0 162
838 0 162
841 0 159
842 0 158
847 0 153
852 0 148
854 0 146
855 0 145
857 0 143
861 0 139
864 0 136
866 0 134
868 0 132
869 0 131
871 0 129
876 0 124
878 0 122
880 0 120
881 0 119
881 0 119
881 0 119
883 0 117
887 0 113
889 0 111
891 0 109
896 0 104
898 0 102
901 0 99
903 0 97
906 0 94
908 0 92
913 0 87
914 0 86
915 0 85
915 0 85
915 0 85
916 0 84
917 0 83
917 0 83
918 0 82
920 0 80
921 0 79
922 0 78
924 0 76
924 0 76
926 0 74
927 0 73
929 0 71
931 0 69
932 0 68
933 0 67
935 0 65
935 0 65
937 0 63
937 0 63
937 0 63
938 0 62
938 0 62
939 0 61
940 0 60
941 0 59
943 0 57
943 0 57
943 0 57
945 0 55
947 0 53
948 0 52
950 0 50
951 0 49
953 0 47
954 0 46
954 0 46
954 0 46
955 0 45
955 0 45
956 0 44
958 0 42
961 0 39
962 0 38
962 0 38
963 0 37
963 0 37
963 0 37
964 0 36
964 0 36
965 0 35
965 0 35
965 0 35
966 0 34
967 0 33
967 0 33
967 0 33
968 0 32
968 0 32
969 0 31
969 0 31
969 0 31
970 0 30
970 0 30
971 0 29
971 0 29
971 0 29
971 0 29
971 0 29
972 0 28
972 0 28
973 0 27
974 0 26
977 0 23
977 0 23
978 0 22
978 0 22
979 0 21
979 0 21
979 0 21
979 0 21
979 0 21
979 0 21
979 0 21
980 0 20
980 0 20
980 0 20
980 0 20
982 0 18
982 0 18
982 0 18
982 0 18
982 0 18
982 0 18
982 0 18
983 0 17
983 0 17
984 0 16
984 0 16
985 0 15
987 0 13
987 0 13
987 0 13
988 0 12
988 0 12
989 0 11
989 0 11
989 0 11
990 0 10
990 0 10
991 0 9
991 0 9
991 0 9
993 0 7
993 0 7
993 0 7
993 0 7
993 0 7
993 0 7
993 0 7
994 0 6
994 0 6
994 0 6
994 0 6
994 0 6
995 0 5
995 0 5
996 0 4
996 0 4
996 0 4
996 0 4
996 0 4
997 0 3
997 0 3
997 0 3
997 0 3
998 0 2
998 0 2
998 0 2
998 0 2
998 0 2
998 0 2
998 0 2
999 0 1
999 0 1
999 0 1
999 0 1
999 0 1
999 0 1
999 0 1
999 0 1
999 0 1
999 0 1
999 0 1
999 0 1
999 0 1
999 0 1
999 0 1
999 0 1
999 0 1
999 0 1
999 0 1
999 0 1
999 0 1
999 0 1
1000 0 0
1000 0 0
1000 0 0
1000 0 0
1000 0 0
1000 0 0
1000 0 0
1000 0 0
1000 0 0
1000 0 0
1000 0 0
1000 0 0
1000 0 0
1000 0 0
1000 0 0
1000 0 0
1000 0 0
1000 0 0
1000 0 0
1000 0 0
1000 0 0
1000 0 0
1000 0 0
1000 0 0
1000 0 0
1000 0 0
1000 0 0
1000 0 0
1000 0 0
1000 0 0
1000 0 0
1000 0 0
1000 0 0
1000 0 0
1000 0 0
1000 0 0
1000 0 0
1000 0 0
1000 0 0
1000 0 0
1000 0 0
1000 0 0
1000 0 0
1000 0 0
1000 0 0
1000 0 0
1000 0 0
