995 5 0
995 4 1
994 5 1
993 5 2
987 11 2
972 23 5
968 23 9
961 26 13
954 26 20
951 25 24
932 40 28
910 56 34
895 61 44
880 68 52
859 82 59
833 99 68
804 110 86
774 121 105
744 129 127
724 129 147
704 129 167
691 121 188
670 125 205
657 121 222
645 120 235
634 116 250
614 119 267
599 119 282
590 123 287
588 108 304
578 100 322
567 97 336
557 95 348
543 98 359
548 84 368
548 87 365
550 76 374
541 72 387
539 70 391
542 63 395
534 64 402
534 61 405
536 57 407
533 57 410
539 48 413
540 45 415
541 41 418
549 40 411
553 33 414
554 29 417
561 25 414
565 25 410
569 22 409
576 18 406
586 18 396
594 17 389
596 17 387
605 15 380
612 11 377
613 11 376
614 11 375
615 13 372
618 12 370
623 12 365
624 16 360
628 17 355
633 16 351
640 15 345
643 16 341
652 14 334
659 15 326
664 14 322
661 20 319
664 19 317
662 23 315
664 28 308
664 30 306
664 30 306
672 28 300
674 26 300
677 21 302
682 18 300
687 15 298
691 14 295
697 13 290
705 14 281
709 14 277
710 14 276
713 13 274
717 10 273
718 8 274
723 9 268
728 8 264
738 6 256
745 5 250
747 6 247
752 5 243
758 6 236
762 4 234
764 5 231
769 3 228
769 2 229
774 2 224
780 1 219
783 2 215
785 3 212
791 1 208
794 1 205
798 0 202
804 0 196
806 0 194
807 0 193
809 1 190
812 1 187
815 1 184
817 0 183
821 0 179
823 0 177
824 4 172
825 2 173
828 3 169
829 1 170
832 1 167
836 1 163
838 1 161
842 2 156
844 2 154
849 3 148
852 2 146
857 2 141
861 1 138
863 0 137
871 0 129
876 0 124
876 0 124
878 0 122
878 0 122
879 0 121
878 2 120
881 2 117
881 2 117
880 4 116
881 5 114
882 8 110
878 12 110
873 16 111
863 26 111
859 27 114
857 29 114
850 35 115
842 42 116
829 52 119
819 59 122
815 58 127
811 56 133
790 76 134
771 93 136
753 95 152
739 96 165
723 104 173
701 107 192
685 114 201
676 110 214
664 111 225
645 125 230
624 129 247
606 127 267
597 109 294
586 102 312
584 93 323
577 86 337
580 75 345
576 70 354
575 69 356
573 63 364
574 56 370
576 53 371
570 56 374
570 51 379
574 44 382
581 42 377
585 35 380
595 31 374
597 33 370
601 28 371
607 28 365
611 25 364
615 23 362
617 23 360
617 26 357
618 25 357
619 28 353
619 25 356
618 25 357
622 25 353
618 28 354
624 23 353
627 23 350
631 25 344
630 26 344
626 33 341
632 28 340
638 23 339
643 18 339
647 17 336
649 16 335
649 16 335
653 18 329
657 15 328
663 13 324
664 14 322
669 13 318
670 13 317
676 12 312
681 11 308
679 13 308
682 11 307
688 9 303
694 8 298
699 7 294
701 7 292
707 6 287
712 4 284
716 4 280
719 3 278
725 3 272
721 9 270
721 8 271
724 10 266
721 14 265
723 13 264
726 13 261
724 16 260
724 15 261
725 13 262
725 14 261
731 14 255
733 13 254
733 15 252
733 15 252
735 13 252
736 15 249
733 18 249
736 16 248
738 18 244
742 15 243
743 16 241
746 19 235
746 21 233
744 18 238
746 18 236
746 18 236
749 19 232
749 19 232
746 20 234
746 21 233
747 22 231
745 26 229
742 30 228
743 29 228
744 27 229
746 24 230
746 24 230
749 20 231
748 21 231
744 24 232
736 30 234
733 33 234
724 41 235
723 42 235
716 41 243
714 45 241
710 51 239
703 57 240
698 62 240
697 64 239
684 69 247
678 70 252
671 73 256
672 67 261
668 62 270
667 56 277
669 55 276
662 53 285
664 48 288
665 47 288
664 45 291
666 40 294
663 38 299
664 33 303
670 26 304
676 23 301
678 17 305
681 16 303
684 10 306
687 9 304
690 7 303
700 4 296
709 6 285
712 7 281
712 8 280
720 8 272
722 8 270
722 8 270
727 9 264
730 10 260
734 7 259
738 6 256
743 6 251
749 7 244
747 9 244
747 11 242
747 14 239
743 18 239
744 16 240
742 17 241
748 16 236
751 14 235
749 16 235
751 15 234
753 9 238
758 10 232
757 13 230
762 12 226
765 12 223
768 9 223
772 8 220
776 7 217
778 7 215
779 6 215
778 7 215
783 7 210
784 10 206
784 12 204
788 11 201
791 11 198
790 11 199
790 12 198
792 15 193
792 14 194
790 17 193
791 19 190
790 19 191
787 20 193
787 21 192
787 25 188
787 27 186
782 30 188
773 37 190
768 47 185
757 52 191
748 52 200
737 56 207
729 64 207
723 63 214
715 66 219
711 61 228
701 63 236
702 60 238
697 56 247
691 61 248
686 58 256
678 63 259
676 62 262
674 64 262
667 67 266
665 63 272
669 54 277
665 50 285
666 45 289
666 44 290
665 46 289
668 44 288
667 45 288
668 42 290
673 39 288
674 35 291
674 36 290
678 32 290
677 33 290
679 32 289
679 31 290
678 31 291
682 31 287
685 32 283
684 36 280
684 38 278
687 32 281
684 32 284
685 30 285
677 39 284
671 44 285
668 46 286
672 39 289
672 40 288
673 44 283
672 46 282
668 50 282
649 67 284
631 78 291
622 77 301
620 73 307
613 70 317
605 74 321
611 63 326
607 61 332
606 57 337
608 55 337
606 48 346
601 48 351
603 40 357
606 40 354
604 32 364
607 25 368
613 24 363
615 24 361
620 18 362
625 15 360
629 16 355
632 18 350
641 18 341
644 18 338
644 19 337
647 21 332
647 19 334
657 18 325
659 16 325
665 14 321
668 11 321
671 8 321
676 9 315
682 8 310
682 10 308
693 7 300
694 6 300
703 5 292
709 6 285
713 7 280
717 6 277
721 7 272
725 8 267
724 11 265
719 18 263
722 14 264
728 16 256
728 17 255
722 25 253
720 27 253
723 25 252
721 29 250
723 23 254
726 21 253
724 20 256
729 16 255
730 17 253
730 17 253
733 15 252
734 14 252
735 16 249
735 18 247
735 20 245
731 19 250
734 21 245
731 27 242
724 32 244
723 33 244
723 37 240
726 36 238
723 42 235
718 42 240
716 41 243
711 41 248
706 45 249
700 50 250
696 53 251
694 50 256
685 53 262
680 53 267
673 57 270
675 58 267
671 62 267
668 62 270
664 52 284
665 52 283
664 53 283
666 44 290
662 42 296
665 41 294
662 47 291
658 50 292
654 48 298
651 45 304
651 38 311
649 36 315
646 37 317
645 32 323
648 24 328
653 22 325
652 27 321
652 25 323
654 27 319
657 22 321
656 20 324
659 18 323
662 10 328
670 8 322
673 8 319
674 8 318
670 14 316
670 14 316
676 14 310
680 14 306
683 15 302
689 16 295
692 13 295
693 11 296
690 8 302
692 10 298
692 12 296
695 11 294
695 10 295
697 12 291
700 9 291
697 14 289
698 15 287
700 17 283
706 13 281
707 15 278
712 13 275
711 20 269
710 24 266
710 25 265
705 26 269
704 25 271
703 27 270
708 22 270
707 26 267
712 26 262
711 27 262
710 22 268
717 24 259
720 21 259
720 22 258
722 21 257
722 20 258
721 20 259
724 14 262
725 14 261
729 16 255
732 17 251
730 19 251
733 17 250
740 15 245
741 16 243
740 17 243
734 20 246
741 20 239
744 22 234
747 17 236
748 20 232
748 20 232
753 18 229
747 24 229
751 23 226
747 23 230
747 24 229
746 26 228
746 27 227
749 26 225
743 31 226
739 29 232
742 28 230
740 27 233
742 24 234
745 21 234
746 20 234
746 22 232
749 23 228
753 24 223
758 20 222
763 16 221
769 15 216
769 13 218
771 10 219
775 9 216
775 9 216
776 10 214
776 10 214
776 12 212
778 9 213
777 9 214
781 8 211
783 11 206
781 15 204
774 23 203
771 28 201
766 29 205
760 32 208
758 35 207
759 32 209
757 33 210
759 31 210
760 33 207
762 27 211
760 28 212
759 28 213
757 28 215
755 28 217
753 31 216
750 32 218
747 34 219
746 39 215
746 35 219
742 34 224
742 31 227
743 30 227
735 34 231
733 34 233
733 36 231
727 40 233
725 38 237
720 37 243
717 35 248
718 32 250
719 29 252
720 32 248
717 30 253
708 38 254
704 42 254
701 43 256
697 43 260
697 43 260
704 38 258
703 40 257
696 37 267
698 41 261
696 38 266
695 34 271
697 31 272
697 30 273
693 24 283
691 23 286
692 24 284
692 23 285
693 23 284
694 21 285
698 18 284
693 24 283
687 28 285
687 27 286
688 30 282
689 32 279
692 30 278
694 29 277
698 27 275
696 28 276
702 24 274
701 24 275
705 22 273
706 19 275
706 20 274
701 26 273
703 24 273
700 27 273
699 28 273
703 29 268
701 25 274
700 26 274
703 26 271
704 27 269
703 25 272
703 25 272
703 21 276
705 17 278
706 19 275
706 18 276
709 17 274
715 17 268
717 20 263
719 20 261
721 19 260
724 20 256
727 18 255
728 19 253
730 17 253
727 20 253
724 25 251
721 31 248
726 26 248
725 27 248
722 27 251
719 22 259
718 21 261
718 23 259
719 21 260
720 22 258
719 23 258
713 34 253
707 35 258
708 36 256
708 31 261
712 31 257
713 29 258
713 27 260
713 29 258
715 30 255
716 26 258
719 24 257
726 23 251
731 22 247
732 19 249
733 18 249
737 17 246
738 19 243
747 22 231
742 26 232
744 24 232
745 24 231
746 25 229
748 22 230
744 20 236
741 23 236
739 25 236
732 30 238
724 38 238
716 42 242
713 47 240
710 50 240
705 52 243
692 56 252
690 55 255
685 57 258
676 58 266
675 54 271
668 51 281
662 52 286
658 54 288
655 56 289
649 60 291
644 60 296
638 58 304
638 55 307
636 53 311
631 50 319
630 53 317
623 56 321
621 58 321
611 69 320
607 69 324
600 73 327
591 66 343
583 69 348
582 67 351
579 61 360
573 62 365
567 67 366
573 66 361
569 64 367
570 52 378
571 49 380
566 53 381
571 47 382
566 46 388
570 43 387
573 43 384
571 43 386
572 36 392
574 35 391
577 37 386
580 35 385
582 31 387
580 31 389
579 37 384
577 41 382
577 44 379
575 41 384
575 39 386
582 36 382
588 37 375
584 38 378
580 43 377
578 46 376
572 47 381
573 40 387
578 36 386
578 38 384
579 44 377
582 37 381
587 35 378
585 37 378
583 41 376
580 43 377
583 42 375
585 43 372
582 43 375
586 38 376
587 35 378
589 34 377
594 28 378
593 30 377
595 25 380
599 19 382
600 19 381
603 19 378
602 19 379
602 21 377
604 18 378
604 19 377
610 16 374
613 14 373
618 12 370
622 12 366
629 9 362
636 7 357
640 5 355
645 4 351
652 3 345
661 3 336
667 2 331
676 2 322
682 2 316
687 2 311
692 2 306
697 2 301
702 2 296
712 2 286
713 1 286
716 0 284
721 0 279
727 0 273
734 0 266
740 0 260
741 0 259
749 0 251
757 0 243
760 0 240
761 0 239
764 0 236
768 0 232
775 0 225
778 0 222
779 0 221
781 0 219
783 1 216
787 1 212
789 1 210
791 1 208
793 1 206
795 0 205
796 0 204
799 0 201
806 0 194
809 0 191
807 3 190
810 2 188
815 0 185
820 0 180
827 0 173
828 0 172
830 0 170
833 0 167
837 0 163
839 0 161
844 0 156
845 0 155
847 0 153
850 0 150
854 1 145
858 1 141
862 3 135
858 5 137
861 6 133
860 8 132
860 7 133
860 6 134
859 7 134
862 6 132
864 6 130
863 8 129
855 17 128
845 27 128
834 36 130
815 49 136
807 50 143
795 58 147
775 74 151
756 87 157
735 100 165
712 111 177
689 117 194
668 122 210
655 123 222
636 125 239
620 121 259
612 116 272
600 115 285
585 114 301
574 113 313
566 108 326
565 98 337
569 89 342
571 75 354
562 73 365
557 73 370
560 62 378
561 62 377
562 59 379
561 63 376
561 57 382
562 54 384
562 56 382
561 55 384
560 50 390
562 48 390
561 45 394
566 39 395
571 35 394
568 39 393
570 42 388
564 49 387
562 50 388
567 45 388
573 41 386
574 37 389
581 31 388
584 27 389
595 23 382
595 25 380
595 29 376
600 30 370
596 34 370
603 31 366
602 26 372
605 27 368
611 24 365
618 21 361
622 21 357
625 24 351
624 34 342
622 39 339
615 51 334
608 54 338
604 55 341
604 55 341
591 66 343
589 63 348
583 65 352
583 65 352
581 69 350
571 71 358
569 62 369
566 58 376
569 53 378
570 53 377
570 54 376
581 50 369
584 36 380
587 35 378
596 34 370
594 33 373
599 32 369
604 31 365
609 30 361
611 30 359
621 27 352
628 26 346
635 24 341
635 25 340
638 24 338
647 21 332
650 19 331
656 17 327
662 18 320
663 13 324
663 14 323
665 11 324
666 15 319
673 17 310
672 19 309
678 20 302
681 19 300
685 19 296
685 20 295
684 17 299
684 22 294
685 25 290
676 33 291
670 36 294
666 39 295
663 38 299
658 45 297
655 47 298
646 55 299
639 54 307
636 53 311
638 50 312
637 50 313
636 49 315
638 52 310
645 45 310
643 46 311
