995 5 0
993 6 1
989 10 1
985 13 2
976 17 7
967 22 11
953 34 13
941 40 19
928 44 28
914 48 38
896 59 45
870 77 53
837 99 64
806 114 80
771 133 96
733 152 115
699 159 142
667 173 160
644 180 176
618 179 203
601 181 218
584 168 248
569 157 274
551 164 285
537 159 304
530 143 327
519 135 346
511 130 359
515 116 369
517 96 387
523 84 393
527 85 388
523 85 392
518 76 406
513 78 409
512 70 418
515 57 428
518 51 431
526 48 426
530 47 423
532 48 420
532 42 426
533 40 427
532 37 431
533 37 430
533 38 429
539 33 428
543 30 427
545 30 425
562 26 412
573 23 404
573 25 402
578 21 401
587 19 394
590 18 392
597 15 388
607 18 375
615 14 371
619 16 365
628 14 358
636 14 350
642 14 344
644 12 344
644 14 342
640 20 340
646 19 335
644 22 334
642 25 333
643 24 333
648 20 332
652 17 331
651 22 327
654 21 325
657 22 321
658 21 321
661 22 317
662 21 317
670 16 314
670 15 315
671 17 312
678 16 306
687 13 300
691 14 295
694 12 294
698 13 289
702 12 286
706 8 286
704 11 285
699 15 286
702 19 279
699 26 275
698 30 272
693 32 275
689 30 281
685 33 282
686 36 278
690 33 277
687 31 282
683 35 282
683 32 285
684 29 287
679 33 288
676 37 287
670 38 292
669 33 298
670 30 300
671 29 300
680 25 295
683 24 293
682 27 291
687 21 292
688 20 292
695 22 283
697 24 279
700 23 277
700 23 277
703 19 278
707 15 278
707 16 277
707 14 279
709 15 276
708 14 278
713 13 274
712 15 273
715 16 269
719 18 263
721 18 261
725 18 257
727 15 258
726 16 258
727 20 253
733 15 252
735 12 253
736 10 254
735 11 254
738 11 251
740 13 247
743 14 243
744 16 240
738 23 239
734 26 240
730 33 237
724 37 239
712 49 239
703 55 242
696 54 250
692 54 254
686 55 259
691 49 260
682 52 266
681 51 268
681 45 274
681 41 278
674 43 283
676 38 286
676 37 287
683 31 286
684 27 289
688 22 290
692 17 291
692 16 292
697 13 290
697 15 288
701 12 287
705 6 289
706 5 289
709 5 286
712 4 284
716 3 281
722 2 276
728 2 270
731 5 264
732 8 260
734 8 258
729 12 259
735 11 254
738 10 252
741 12 247
742 13 245
746 9 245
746 13 241
743 15 242
737 23 240
731 25 244
719 35 246
709 41 250
710 35 255
712 32 256
708 36 256
708 28 264
708 27 265
709 26 265
709 26 265
709 26 265
711 26 263
710 28 262
711 27 262
713 22 265
713 25 262
714 26 260
716 25 259
720 20 260
729 19 252
734 16 250
735 15 250
738 13 249
742 12 246
745 10 245
744 13 243
747 14 239
748 11 241
751 14 235
751 14 235
754 15 231
756 15 229
754 18 228
755 21 224
755 21 224
753 25 222
750 28 222
751 27 222
749 27 224
744 30 226
746 28 226
741 28 231
739 29 232
734 35 231
732 35 233
729 41 230
730 42 228
723 50 227
718 47 235
717 44 239
709 43 248
706 46 248
706 43 251
705 39 256
703 38 259
700 40 260
695 45 260
695 42 263
689 43 268
684 40 276
683 42 275
681 43 276
680 41 279
682 43 275
681 40 279
681 37 282
689 31 280
692 27 281
686 31 283
686 26 288
686 29 285
687 28 285
689 27 284
692 27 281
695 24 281
694 24 282
692 24 284
687 27 286
687 28 285
686 31 283
680 37 283
675 36 289
674 35 291
677 35 288
679 34 287
678 30 292
679 30 291
682 30 288
679 28 293
677 32 291
682 30 288
683 26 291
679 29 292
680 32 288
681 34 285
681 31 288
681 35 284
686 34 280
683 37 280
682 32 286
683 33 284
686 32 282
681 44 275
672 51 277
665 53 282
657 57 286
645 63 292
643 62 295
642 52 306
639 51 310
639 44 317
639 49 312
633 56 311
630 52 318
624 51 325
616 55 329
606 59 335
608 54 338
604 52 344
606 53 341
598 55 347
588 67 345
588 62 350
580 61 359
574 59 367
577 49 374
580 44 376
580 42 378
582 40 378
584 36 380
582 32 386
587 33 380
597 29 374
601 26 373
601 27 372
601 27 372
610 24 366
610 26 364
613 23 364
612 25 363
617 26 357
623 24 353
627 22 351
635 21 344
640 19 341
642 15 343
644 16 340
644 16 340
645 16 339
648 19 333
646 18 336
645 20 335
648 19 333
648 24 328
646 27 327
645 29 326
643 31 326
635 41 324
638 39 323
642 36 322
641 32 327
648 30 322
649 28 323
648 29 323
648 29 323
648 28 324
653 28 319
653 27 320
655 27 318
656 22 322
667 19 314
671 16 313
673 12 315
678 13 309
677 15 308
677 15 308
680 14 306
680 18 302
674 25 301
667 31 302
664 34 302
669 33 298
665 39 296
663 41 296
649 45 306
648 44 308
647 43 310
645 44 311
642 49 309
641 52 307
643 51 306
640 51 309
638 54 308
631 56 313
627 57 316
625 59 316
623 53 324
618 55 327
614 54 332
619 51 330
614 51 335
614 47 339
611 49 340
609 53 338
605 57 338
604 55 341
598 55 347
597 47 356
587 53 360
587 49 364
580 52 368
580 50 370
577 48 375
572 53 375
569 51 380
568 50 382
570 46 384
570 50 380
567 48 385
568 47 385
573 38 389
577 37 386
576 38 386
575 38 387
579 34 387
581 33 386
584 33 383
591 33 376
600 31 369
605 27 368
606 22 372
614 20 366
620 17 363
622 16 362
630 13 357
632 12 356
638 11 351
640 12 348
644 12 344
649 13 338
652 15 333
651 18 331
653 18 329
654 18 328
657 20 323
661 24 315
666 24 310
668 24 308
674 19 307
675 17 308
681 15 304
685 16 299
689 14 297
692 13 295
696 11 293
698 14 288
698 12 290
703 14 283
704 15 281
702 21 277
697 25 278
695 26 279
697 27 276
696 32 272
690 36 274
688 40 272
684 36 280
681 36 283
682 33 285
682 34 284
688 32 280
691 31 278
693 31 276
687 40 273
686 41 273
689 36 275
687 34 279
690 27 283
687 29 284
692 30 278
694 29 277
698 28 274
696 34 270
696 33 271
695 33 272
691 39 270
691 42 267
693 36 271
692 32 276
687 35 278
688 33 279
687 34 279
686 34 280
684 32 284
685 31 284
685 29 286
687 27 286
690 23 287
693 24 283
691 24 285
690 26 284
692 24 284
692 27 281
697 27 276
699 26 275
694 29 277
694 32 274
696 28 276
698 28 274
698 22 280
700 23 277
696 26 278
685 33 282
675 39 286
675 38 287
664 49 287
657 52 291
646 58 296
632 73 295
626 71 303
626 74 300
619 70 311
617 66 317
604 74 322
600 74 326
597 75 328
586 75 339
582 74 344
571 78 351
562 80 358
562 72 366
559 80 361
556 73 371
549 74 377
543 77 380
537 77 386
531 78 391
533 71 396
533 66 401
526 65 409
529 63 408
532 61 407
539 58 403
544 54 402
554 49 397
552 51 397
553 50 397
556 41 403
559 41 400
564 34 402
571 27 402
571 25 404
576 22 402
582 13 405
587 10 403
591 12 397
593 13 394
599 10 391
600 13 387
607 12 381
611 11 378
612 12 376
621 11 368
624 11 365
629 9 362
631 13 356
634 13 353
637 10 353
641 12 347
638 16 346
644 13 343
650 14 336
653 16 331
654 18 328
652 20 328
651 23 326
655 25 320
653 25 322
653 26 321
655 26 319
653 31 316
646 40 314
641 49 310
642 40 318
645 44 311
640 47 313
635 50 315
630 51 319
631 44 325
631 46 323
633 44 323
634 47 319
625 56 319
620 54 326
617 55 328
622 51 327
626 47 327
628 37 335
631 31 338
628 36 336
630 35 335
628 44 328
624 40 336
624 43 333
617 49 334
611 50 339
608 50 342
610 51 339
607 55 338
607 54 339
608 58 334
602 57 341
593 60 347
592 56 352
594 50 356
600 42 358
610 41 349
611 38 351
609 38 353
617 39 344
619 36 345
623 38 339
625 36 339
628 32 340
630 34 336
631 33 336
636 32 332
639 31 330
638 33 329
638 40 322
627 42 331
628 40 332
626 42 332
621 38 341
624 32 344
624 31 345
622 35 343
624 39 337
623 36 341
625 34 341
622 36 342
620 34 346
619 38 343
617 39 344
615 35 350
614 35 351
617 31 352
620 31 349
621 30 349
625 27 348
629 27 344
634 26 340
637 28 335
635 31 334
632 36 332
628 37 335
636 30 334
637 32 331
637 32 331
642 27 331
643 24 333
646 25 329
649 19 332
653 19 328
658 16 326
661 16 323
666 13 321
672 10 318
675 9 316
675 12 313
680 10 310
681 14 305
681 16 303
678 19 303
682 17 301
685 19 296
686 19 295
683 22 295
683 25 292
687 23 290
692 22 286
694 19 287
698 21 281
704 20 276
707 19 274
714 18 268
714 20 266
716 19 265
715 19 266
717 17 266
721 15 264
726 13 261
729 12 259
736 10 254
736 11 253
742 11 247
745 8 247
747 10 243
752 8 240
758 7 235
760 7 233
766 6 228
767 5 228
767 6 227
767 6 227
769 5 226
773 5 222
774 5 221
775 5 220
779 6 215
782 7 211
783 5 212
785 5 210
789 6 205
791 7 202
792 5 203
793 6 201
795 5 200
795 5 200
801 3 196
805 2 193
808 2 190
811 2 187
811 2 187
813 2 185
817 2 181
821 2 177
822 2 176
823 5 172
822 7 171
822 6 172
823 8 169
823 9 168
823 9 168
821 8 171
816 11 173
812 16 172
809 17 174
799 26 175
791 33 176
789 33 178
792 31 177
791 28 181
792 27 181
786 32 182
788 28 184
786 32 182
783 30 187
776 34 190
780 36 184
778 31 191
775 34 191
779 37 184
772 38 190
763 43 194
749 45 206
740 50 210
731 58 211
729 51 220
720 63 217
713 61 226
699 69 232
694 64 242
686 63 251
685 61 254
685 54 261
676 54 270
672 53 275
665 54 281
653 58 289
643 62 295
635 66 299
632 68 300
637 66 297
639 60 301
630 59 311
621 74 305
611 74 315
607 77 316
599 70 331
602 62 336
602 62 336
596 65 339
592 66 342
587 59 354
590 47 363
595 44 361
595 40 365
597 33 370
600 32 368
605 29 366
607 28 365
608 26 366
612 23 365
616 24 360
618 21 361
623 19 358
629 21 350
629 22 349
635 19 346
635 19 346
636 18 346
640 19 341
639 24 337
641 26 333
647 25 328
650 23 327
655 24 321
662 21 317
670 21 309
677 24 299
676 28 296
669 31 300
670 25 305
671 30 299
670 33 297
671 32 297
671 36 293
669 38 293
665 44 291
665 45 290
659 53 288
645 60 295
634 62 304
637 62 301
639 55 306
630 52 318
628 54 318
624 61 315
623 64 313
622 61 317
626 56 318
628 49 323
625 55 320
629 49 322
629 51 320
624 47 329
622 49 329
622 48 330
618 46 336
613 44 343
609 44 347
613 45 342
610 44 346
611 45 344
612 41 347
617 41 342
621 35 344
629 33 338
634 33 333
635 32 333
635 35 330
628 38 334
632 35 333
632 32 336
629 37 334
626 40 334
626 38 336
627 39 334
625 42 333
620 44 336
619 42 339
618 42 340
617 41 342
618 37 345
620 35 345
627 36 337
630 30 340
631 32 337
636 36 328
637 38 325
637 35 328
638 34 328
640 35 325
641 37 322
642 39 319
641 42 317
642 43 315
642 40 318
640 45 315
639 42 319
643 41 316
646 39 315
644 36 320
647 35 318
645 36 319
644 34 322
644 34 322
641 32 327
642 33 325
648 30 322
647 33 320
648 28 324
645 29 326
649 29 322
649 28 323
651 27 322
655 27 318
658 26 316
661 23 316
671 20 309
671 21 308
675 17 308
681 17 302
684 13 303
685 12 303
691 13 296
690 15 295
693 15 292
694 11 295
701 8 291
702 5 293
707 6 287
708 7 285
709 9 282
710 10 280
712 11 277
713 12 275
713 11 276
711 11 278
713 10 277
717 11 272
719 11 270
719 12 269
717 16 267
719 15 266
718 16 266
710 22 268
709 19 272
710 24 266
717 16 267
717 13 270
720 9 271
721 10 269
724 10 266
729 8 263
731 8 261
737 9 254
737 11 252
740 12 248
744 15 241
744 15 241
739 22 239
738 26 236
720 47 233
718 47 235
704 59 237
700 57 243
694 51 255
692 44 264
680 57 263
672 55 273
667 60 273
655 66 279
644 70 286
635 74 291
631 79 290
622 85 293
606 84 310
603 82 315
600 79 321
598 70 332
591 73 336
587 67 346
585 67 348
589 61 350
584 63 353
578 57 365
578 54 368
576 52 372
580 49 371
579 44 377
583 43 374
583 41 376
586 40 374
588 39 373
590 35 375
596 31 373
597 28 375
598 26 376
597 30 373
598 29 373
594 32 374
594 32 374
595 32 373
598 32 370
602 34 364
609 32 359
605 37 358
609 33 358
606 38 356
604 42 354
607 37 356
607 37 356
616 32 352
613 32 355
617 31 352
620 29 351
623 28 349
627 25 348
628 20 352
628 20 352
634 15 351
639 15 346
640 17 343
642 17 341
647 12 341
653 10 337
661 9 330
662 8 330
672 8 320
677 9 314
681 7 312
689 4 307
692 4 304
694 4 302
695 6 299
699 6 295
