995 5 0
994 6 0
993 7 0
990 9 1
982 16 2
973 22 5
957 34 9
939 43 18
917 59 24
902 67 31
882 79 39
865 82 53
846 89 65
830 89 81
812 97 91
804 93 103
783 98 119
765 102 133
748 103 149
732 115 153
717 120 163
698 116 186
683 118 199
661 119 220
647 116 237
640 110 250
631 109 260
627 102 271
617 101 282
611 97 292
597 96 307
600 93 307
593 85 322
589 83 328
585 82 333
583 75 342
586 61 353
582 60 358
579 55 366
585 49 366
580 52 368
588 42 370
596 40 364
594 39 367
596 33 371
600 26 374
612 24 364
618 21 361
622 20 358
626 16 358
632 12 356
637 11 352
641 9 350
649 9 342
650 9 341
654 7 339
661 7 332
660 8 332
669 8 323
679 8 313
682 9 309
686 12 302
685 15 300
684 19 297
681 25 294
682 24 294
681 28 291
680 28 292
674 37 289
674 38 288
673 37 290
671 39 290
674 40 286
682 33 285
677 37 286
676 41 283
672 43 285
670 46 284
668 50 282
672 47 281
668 48 284
664 42 294
667 40 293
669 37 294
667 39 294
669 39 292
669 40 291
671 38 291
668 36 296
667 39 294
662 44 294
657 44 299
656 45 299
650 44 306
653 43 304
652 40 308
647 44 309
651 44 305
652 42 306
649 43 308
655 33 312
659 35 306
660 38 302
658 34 308
658 36 306
650 40 310
645 46 309
646 43 311
644 37 319
644 35 321
642 31 327
647 30 323
648 34 318
651 29 320
649 26 325
653 23 324
656 21 323
660 19 321
668 18 314
671 15 314
676 17 307
678 15 307
682 13 305
686 16 298
690 16 294
689 14 297
694 13 293
698 10 292
702 11 287
710 9 281
713 9 278
715 10 275
716 13 271
720 13 267
719 15 266
717 19 264
717 23 260
713 26 261
709 31 260
700 40 260
698 42 260
693 50 257
681 61 258
674 63 263
668 60 272
664 65 271
663 59 278
658 62 280
660 64 276
654 66 280
650 70 280
654 71 275
651 61 288
644 60 296
641 66 293
638 65 297
635 61 304
635 56 309
634 55 311
631 56 313
630 49 321
629 47 324
631 48 321
630 46 324
632 47 321
632 48 320
634 44 322
635 40 325
637 41 322
637 41 322
641 45 314
641 44 315
647 42 311
643 44 313
636 44 320
642 41 317
637 35 328
639 36 325
632 37 331
626 39 335
626 40 334
631 37 332
631 40 329
631 41 328
627 41 332
627 36 337
629 34 337
632 28 340
634 24 342
636 22 342
637 20 343
641 20 339
646 26 328
654 26 320
656 26 318
657 30 313
658 26 316
663 28 309
664 28 308
664 28 308
663 27 310
671 25 304
671 25 304
675 24 301
676 26 298
678 24 298
679 24 297
679 26 295
682 21 297
685 20 295
686 18 296
690 14 296
693 16 291
695 17 288
698 18 284
701 18 281
699 20 281
700 23 277
697 24 279
697 26 277
688 34 278
683 37 280
675 42 283
672 45 283
678 35 287
671 36 293
671 33 296
669 37 294
668 44 288
664 41 295
661 39 300
669 33 298
666 34 300
666 37 297
657 41 302
662 40 298
656 44 300
653 39 308
655 36 309
656 30 314
656 29 315
661 28 311
665 22 313
670 19 311
671 20 309
674 20 306
679 18 303
676 22 302
676 19 305
674 23 303
670 26 304
667 31 302
673 30 297
672 31 297
673 34 293
673 34 293
671 34 295
668 37 295
668 36 296
670 29 301
670 30 300
672 28 300
676 27 297
679 25 296
679 24 297
684 22 294
685 21 294
688 21 291
687 21 292
692 18 290
696 16 288
696 16 288
699 16 285
702 12 286
701 16 283
701 21 278
701 22 277
708 18 274
704 26 270
701 32 267
699 32 269
696 34 270
704 28 268
698 35 267
699 35 266
699 32 269
700 27 273
706 24 270
708 21 271
707 23 270
712 20 268
715 18 267
719 21 260
717 21 262
723 19 258
724 21 255
727 20 253
728 21 251
730 20 250
732 16 252
736 13 251
741 13 246
743 14 243
741 14 245
749 14 237
753 15 232
753 13 234
759 12 229
764 12 224
766 8 226
771 7 222
771 6 223
772 5 223
778 6 216
786 5 209
789 4 207
793 3 204
795 3 202
801 3 196
806 4 190
808 6 186
809 6 185
811 3 186
814 3 183
815 4 181
817 3 180
818 4 178
821 4 175
826 3 171
832 2 166
835 2 163
836 2 162
840 2 158
839 5 156
841 5 154
845 3 152
850 3 147
850 3 147
854 1 145
855 2 143
858 2 140
859 2 139
862 2 136
865 2 133
869 2 129
873 1 126
875 1 124
875 1 124
879 0 121
880 0 120
881 0 119
881 1 118
884 0 116
886 0 114
887 0 113
888 0 112
894 0 106
894 0 106
896 0 104
897 2 101
900 2 98
902 2 96
901 3 96
901 4 95
902 4 94
893 12 95
888 16 96
880 21 99
872 31 97
871 32 97
866 32 102
860 30 110
858 31 111
856 31 113
851 36 113
845 37 118
838 39 123
832 47 121
823 47 130
818 51 131
809 54 137
800 55 145
790 62 148
783 70 147
779 67 154
776 63 161
768 57 175
761 59 180
755 65 180
749 65 186
741 64 195
733 67 200
716 75 209
712 72 216
697 78 225
689 76 235
683 75 242
675 77 248
666 73 261
655 75 270
650 75 275
642 79 279
632 77 291
623 81 296
616 79 305
607 76 317
598 80 322
594 74 332
588 83 329
594 77 329
586 78 336
581 73 346
583 70 347
579 71 350
575 70 355
571 72 357
566 76 358
567 67 366
565 63 372
565 53 382
563 53 384
559 50 391
555 55 390
553 55 392
552 48 400
553 43 404
555 46 399
559 43 398
559 41 400
559 38 403
555 40 405
554 42 404
552 42 406
554 37 409
559 32 409
559 31 410
565 33 402
573 33 394
576 32 392
582 30 388
591 31 378
593 30 377
596 26 378
598 27 375
597 25 378
599 25 376
605 20 375
607 20 373
611 17 372
614 14 372
620 13 367
628 10 362
632 9 359
633 12 355
638 10 352
645 9 346
655 8 337
660 8 332
663 4 333
664 6 330
672 5 323
681 4 315
683 5 312
686 7 307
688 10 302
693 9 298
696 8 296
695 6 299
699 6 295
704 4 292
706 6 288
713 7 280
716 7 277
714 12 274
715 14 271
714 15 271
715 17 268
715 16 269
715 18 267
718 15 267
718 18 264
717 17 266
713 21 266
719 20 261
719 24 257
716 27 257
715 27 258
717 28 255
722 21 257
723 22 255
722 24 254
718 31 251
713 37 250
711 36 253
714 31 255
711 34 255
707 37 256
706 35 259
704 35 261
702 33 265
702 30 268
710 25 265
702 32 266
705 29 266
701 32 267
700 29 271
704 27 269
707 24 269
706 29 265
707 23 270
706 20 274
714 17 269
719 17 264
717 20 263
722 20 258
727 19 254
721 26 253
720 25 255
718 21 261
719 16 265
721 20 259
719 23 258
718 26 256
718 23 259
715 28 257
713 28 259
714 26 260
716 27 257
720 24 256
724 24 252
722 24 254
723 21 256
720 22 258
720 23 257
719 28 253
711 36 253
707 41 252
696 54 250
680 67 253
664 79 257
653 79 268
646 74 280
639 73 288
630 71 299
617 78 305
613 78 309
608 76 316
604 70 326
605 73 322
605 66 329
609 63 328
613 55 332
605 60 335
606 58 336
599 55 346
596 58 346
592 54 354
598 51 351
603 48 349
599 43 358
599 46 355
595 44 361
595 46 359
593 46 361
592 39 369
592 36 372
595 31 374
597 28 375
601 26 373
602 29 369
603 32 365
602 33 365
600 37 363
591 45 364
590 47 363
588 44 368
587 44 369
590 45 365
590 43 367
594 39 367
596 42 362
593 44 363
598 41 361
593 42 365
594 39 367
600 40 360
607 39 354
610 39 351
607 40 353
610 40 350
607 44 349
603 49 348
608 48 344
613 37 350
609 32 359
613 28 359
616 27 357
618 24 358
618 26 356
623 27 350
626 21 353
625 24 351
634 22 344
639 20 341
643 24 333
649 24 327
650 23 327
649 26 325
657 25 318
657 27 316
656 26 318
659 25 316
656 27 317
662 24 314
659 25 316
657 26 317
657 27 316
659 27 314
661 31 308
660 32 308
662 33 305
662 37 301
664 34 302
663 37 300
666 36 298
671 38 291
669 38 293
669 35 296
667 31 302
665 34 301
666 34 300
669 33 298
667 37 296
662 45 293
655 49 296
650 58 292
649 57 294
640 66 294
631 69 300
626 72 302
621 74 305
615 72 313
609 70 321
604 72 324
604 59 337
604 60 336
607 51 342
607 44 349
612 40 348
619 38 343
618 40 342
618 39 343
621 34 345
624 32 344
619 37 344
607 45 348
609 43 348
602 48 350
599 51 350
597 50 353
587 51 362
584 57 359
587 56 357
583 53 364
586 53 361
582 50 368
577 51 372
578 46 376
573 53 374
579 46 375
584 38 378
587 34 379
592 34 374
596 33 371
601 29 370
606 25 369
609 23 368
608 25 367
610 24 366
613 24 363
618 18 364
621 19 360
624 18 358
623 21 356
620 22 358
625 18 357
632 19 349
635 20 345
642 16 342
646 18 336
648 18 334
651 17 332
653 15 332
652 16 332
653 17 330
658 15 327
660 13 327
662 9 329
669 9 322
677 10 313
687 8 305
689 6 305
695 8 297
697 7 296
703 7 290
708 6 286
714 6 280
720 5 275
721 3 276
727 3 270
731 3 266
736 3 261
740 4 256
742 5 253
745 5 250
748 7 245
755 6 239
759 4 237
761 4 235
765 4 231
774 3 223
778 4 218
780 4 216
786 5 209
789 5 206
793 5 202
792 4 204
796 3 201
799 3 198
800 4 196
804 5 191
806 6 188
808 4 188
812 3 185
814 3 183
816 3 181
819 2 179
820 2 178
823 1 176
826 1 173
832 1 167
837 1 162
839 1 160
844 0 156
848 0 152
849 0 151
849 0 151
856 0 144
860 0 140
860 0 140
863 0 137
866 0 134
869 0 131
871 0 129
875 0 125
878 0 122
880 0 120
881 0 119
884 0 116
888 0 112
888 0 112
891 0 109
895 2 103
894 2 104
899 1 100
895 6 99
884 17 99
878 24 98
875 27 98
869 29 102
861 34 105
856 35 109
851 36 113
843 30 127
838 29 133
834 27 139
827 32 141
821 37 142
815 34 151
813 34 153
805 36 159
793 47 160
787 46 167
771 52 177
771 48 181
765 48 187
759 52 189
759 51 190
744 60 196
736 62 202
727 67 206
712 70 218
710 72 218
704 69 227
694 72 234
689 68 243
688 56 256
686 55 259
682 57 261
678 53 269
677 54 269
674 59 267
668 60 272
665 49 286
665 52 283
664 49 287
653 58 289
648 55 297
650 52 298
649 49 302
646 51 303
648 47 305
640 53 307
643 49 308
644 52 304
640 51 309
631 54 315
634 48 318
634 47 319
637 41 322
636 39 325
636 38 326
634 38 328
636 35 329
639 33 328
636 35 329
641 34 325
642 32 326
642 35 323
646 30 324
646 33 321
648 29 323
645 29 326
649 30 321
649 26 325
655 24 321
655 26 319
656 27 317
659 24 317
659 26 315
661 24 315
667 27 306
672 26 302
677 24 299
680 22 298
678 27 295
679 25 296
678 25 297
675 29 296
670 33 297
668 32 300
668 32 300
667 30 303
668 32 300
667 30 303
671 30 299
674 28 298
677 25 298
679 26 295
683 26 291
682 25 293
684 20 296
681 23 296
683 26 291
683 28 289
686 23 291
681 28 291
677 26 297
678 24 298
678 22 300
673 32 295
666 39 295
660 36 304
659 38 303
652 43 305
643 48 309
639 46 315
627 52 321
625 53 322
624 53 323
621 54 325
624 49 327
624 48 328
617 45 338
621 45 334
619 42 339
625 38 337
626 40 334
629 39 332
623 43 334
623 42 335
619 40 341
620 39 341
619 36 345
623 30 347
623 33 344
624 32 344
626 30 344
633 25 342
635 22 343
637 19 344
636 22 342
637 21 342
639 21 340
640 22 338
642 21 337
646 21 333
648 22 330
650 19 331
655 12 333
664 11 325
667 11 322
673 10 317
675 12 313
683 11 306
685 8 307
688 7 305
696 6 298
698 6 296
703 7 290
706 7 287
707 8 285
710 6 284
713 10 277
711 14 275
712 17 271
713 16 271
713 20 267
715 24 261
716 26 258
713 28 259
714 24 262
711 24 265
714 21 265
712 22 266
712 26 262
714 28 258
713 33 254
712 34 254
707 40 253
703 42 255
701 41 258
701 41 258
696 44 260
684 57 259
679 54 267
674 55 271
667 56 277
665 57 278
666 51 283
661 46 293
664 48 288
659 45 296
657 50 293
652 50 298
647 53 300
642 61 297
638 62 300
633 66 301
633 60 307
630 54 316
635 45 320
632 43 325
627 50 323
626 49 325
629 45 326
629 46 325
632 44 324
632 43 325
632 44 324
634 42 324
634 37 329
634 38 328
640 34 326
642 36 322
644 36 320
647 32 321
650 26 324
650 28 322
657 26 317
661 26 313
667 26 307
671 24 305
670 21 309
675 20 305
677 19 304
678 20 302
682 21 297
687 19 294
690 18 292
691 19 290
694 18 288
704 15 281
705 15 280
711 16 273
708 16 276
712 15 273
713 14 273
712 13 275
718 8 274
722 7 271
