1000 0 0
999 1 0
995 5 0
990 8 2
983 14 3
971 22 7
949 40 11
928 55 17
904 66 30
878 81 41
848 93 59
824 104 72
794 121 85
757 139 104
719 146 135
693 158 149
665 167 168
641 171 188
625 169 206
606 170 224
597 153 250
581 157 262
562 164 274
551 155 294
546 148 306
541 134 325
523 134 343
513 135 352
506 120 374
498 110 392
497 94 409
506 79 415
510 70 420
508 68 424
513 65 422
516 59 425
518 50 432
522 46 432
528 44 428
532 39 429
536 39 425
543 31 426
540 37 423
534 42 424
531 38 431
532 37 431
538 38 424
540 40 420
545 38 417
547 40 413
555 36 409
561 33 406
568 29 403
575 26 399
576 28 396
579 28 393
581 25 394
583 27 390
581 34 385
581 35 384
588 37 375
586 37 377
580 38 382
581 35 384
579 34 387
576 38 386
576 42 382
571 45 384
566 55 379
561 53 386
552 54 394
553 49 398
560 43 397
566 43 391
560 48 392
567 49 384
569 47 384
573 43 384
578 40 382
575 38 387
579 38 383
582 37 381
586 37 377
587 32 381
589 30 381
590 28 382
590 30 380
593 32 375
595 28 377
602 27 371
609 27 364
615 26 359
614 23 363
615 22 363
619 21 360
625 18 357
633 15 352
636 16 348
636 19 345
644 21 335
640 23 337
637 27 336
634 28 338
632 31 337
635 29 336
635 32 333
630 32 338
627 37 336
629 34 337
629 39 332
630 40 330
631 39 330
627 42 331
618 42 340
615 44 341
605 52 343
600 52 348
596 60 344
585 69 346
585 69 346
578 68 354
570 77 353
567 74 359
573 68 359
570 69 361
566 65 369
564 59 377
564 56 380
566 50 384
564 54 382
569 49 382
568 45 387
579 42 379
586 42 372
585 34 381
593 31 376
598 28 374
601 27 372
605 20 375
606 19 375
614 14 372
623 15 362
630 11 359
637 10 353
644 11 345
645 17 338
651 18 331
654 16 330
660 14 326
662 11 327
662 13 325
667 9 324
675 8 317
678 9 313
681 10 309
685 10 305
691 13 296
692 11 297
689 12 299
691 13 296
689 21 290
685 23 292
682 23 295
679 31 290
676 37 287
671 42 287
670 48 282
663 51 286
656 56 288
650 54 296
648 46 306
641 48 311
640 50 310
643 51 306
643 51 306
645 42 313
643 43 314
642 37 321
644 36 320
646 37 317
644 40 316
639 44 317
637 46 317
634 47 319
633 44 323
641 36 323
640 33 327
639 33 328
640 32 328
643 31 326
639 33 328
639 32 329
640 31 329
634 33 333
624 36 340
622 38 340
620 41 339
615 43 342
613 43 344
614 41 345
616 38 346
617 33 350
614 34 352
610 40 350
610 36 354
607 40 353
611 36 353
615 35 350
616 29 355
621 23 356
621 24 355
625 28 347
629 29 342
630 29 341
629 33 338
630 31 339
633 27 340
637 28 335
634 32 334
630 38 332
619 42 339
617 44 339
613 46 341
614 43 343
614 37 349
615 37 348
617 35 348
617 32 351
614 37 349
609 42 349
603 43 354
604 37 359
605 34 361
606 34 360
616 34 350
620 37 343
621 37 342
617 41 342
620 36 344
621 35 344
627 31 342
634 31 335
632 37 331
636 37 327
636 36 328
637 40 323
635 40 325
630 43 327
634 35 331
641 33 326
643 32 325
647 29 324
648 34 318
652 29 319
655 25 320
651 23 326
651 20 329
651 23 326
659 24 317
666 21 313
664 22 314
664 21 315
663 22 315
659 23 318
660 21 319
662 20 318
665 16 319
670 19 311
671 21 308
676 24 300
672 29 299
666 33 301
661 40 299
657 38 305
646 41 313
640 47 313
632 53 315
632 49 319
624 50 326
627 49 324
628 44 328
635 42 323
635 38 327
642 39 319
638 39 323
640 34 326
642 33 325
638 36 326
637 36 327
637 29 334
639 29 332
637 28 335
638 26 336
639 29 332
639 33 328
634 35 331
633 33 334
635 32 333
633 37 330
632 38 330
628 35 337
632 34 334
634 28 338
636 33 331
639 30 331
639 28 333
641 27 332
647 25 328
650 21 329
658 20 322
659 22 319
658 25 317
655 20 325
653 21 326
652 18 330
658 11 331
657 14 329
663 16 321
665 15 320
665 19 316
667 15 318
670 14 316
672 14 314
669 18 313
665 20 315
665 21 314
669 19 312
669 24 307
669 29 302
661 37 302
665 39 296
663 38 299
669 39 292
671 31 298
670 30 300
667 33 300
671 29 300
676 28 296
675 28 297
669 31 300
669 27 304
675 23 302
674 28 298
679 26 295
682 20 298
685 18 297
680 20 300
677 23 300
675 22 303
674 23 303
671 27 302
671 30 299
674 30 296
680 26 294
680 27 293
677 25 298
680 25 295
684 18 298
689 20 291
694 17 289
697 19 284
699 20 281
698 22 280
698 23 279
693 27 280
693 25 282
689 30 281
687 35 278
683 35 282
688 30 282
691 28 281
690 29 281
689 34 277
691 35 274
685 37 278
685 32 283
690 32 278
687 32 281
685 35 280
685 31 284
681 30 289
677 31 292
677 29 294
670 35 295
670 40 290
664 47 289
658 48 294
649 44 307
653 41 306
651 41 308
648 43 309
648 43 309
644 47 309
640 53 307
631 60 309
625 64 311
619 65 316
615 65 320
600 73 327
598 69 333
593 65 342
596 64 340
593 65 342
593 68 339
587 67 346
583 66 351
584 57 359
584 57 359
583 53 364
580 54 366
581 46 373
579 48 373
582 45 373
589 41 370
595 38 367
601 31 368
603 31 366
606 31 363
611 27 362
614 22 364
614 24 362
614 26 360
613 28 359
613 28 359
619 26 355
619 22 359
626 23 351
629 24 347
634 20 346
634 24 342
633 23 344
635 22 343
634 25 341
640 23 337
642 24 334
651 23 326
656 21 323
663 21 316
671 18 311
676 15 309
682 16 302
687 14 299
686 14 300
693 8 299
700 5 295
703 6 291
707 5 288
709 3 288
716 4 280
722 4 274
725 4 271
734 1 265
735 1 264
737 1 262
740 1 259
746 1 253
749 1 250
750 1 249
753 4 243
755 4 241
756 2 242
758 3 239
762 3 235
769 3 228
772 2 226
775 3 222
780 3 217
783 3 214
786 3 211
790 4 206
787 8 205
790 9 201
790 10 200
795 9 196
800 10 190
804 12 184
804 12 184
800 14 186
804 13 183
806 13 181
807 12 181
802 15 183
798 20 182
798 16 186
800 15 185
804 10 186
801 11 188
799 14 187
787 24 189
776 34 190
767 40 193
753 44 203
741 53 206
728 57 215
706 75 219
695 77 228
688 76 236
676 78 246
665 91 244
656 89 255
652 81 267
647 78 275
647 71 282
641 73 286
637 71 292
635 68 297
635 63 302
636 59 305
630 61 309
627 60 313
627 53 320
629 47 324
628 43 329
628 44 328
632 41 327
633 44 323
630 49 321
625 50 325
623 51 326
628 43 329
626 48 326
625 46 329
628 43 329
627 43 330
632 37 331
640 32 328
648 28 324
646 30 324
645 29 326
646 30 324
641 38 321
643 34 323
641 37 322
640 37 323
636 39 325
634 47 319
637 46 317
638 46 316
635 50 315
631 49 320
633 50 317
620 61 319
615 65 320
611 62 327
614 61 325
605 63 332
603 65 332
600 66 334
602 56 342
602 51 347
603 49 348
600 46 354
603 42 355
603 43 354
606 39 355
610 37 353
612 33 355
609 35 356
614 34 352
614 35 351
613 37 350
611 37 352
615 38 347
613 37 350
609 39 352
610 35 355
614 30 356
615 28 357
618 27 355
616 34 350
609 37 354
611 28 361
614 30 356
614 28 358
610 30 360
610 32 358
611 32 357
606 31 363
610 31 359
614 27 359
619 24 357
624 18 358
628 22 350
627 23 350
630 23 347
631 28 341
630 29 341
627 34 339
625 35 340
620 39 341
622 35 343
624 29 347
625 31 344
625 26 349
626 25 349
632 23 345
638 23 339
644 20 336
649 20 331
652 18 330
656 15 329
659 16 325
660 15 325
660 19 321
661 21 318
666 18 316
667 19 314
669 17 314
669 18 313
673 20 307
676 22 302
674 24 302
674 24 302
674 21 305
675 20 305
680 18 302
680 17 303
683 16 301
686 17 297
685 17 298
685 19 296
688 21 291
695 22 283
693 24 283
691 23 286
695 22 283
701 20 279
706 17 277
712 19 269
714 20 266
716 19 265
717 20 263
718 20 262
715 20 265
716 20 264
719 21 260
718 20 262
716 23 261
709 28 263
709 27 264
711 22 267
711 25 264
708 26 266
707 26 267
704 28 268
705 20 275
707 21 272
707 20 273
707 21 272
704 19 277
704 21 275
707 19 274
703 20 277
707 19 274
709 20 271
710 20 270
711 20 269
715 17 268
709 21 270
714 25 261
702 34 264
704 33 263
700 34 266
701 34 265
700 34 266
698 31 271
695 28 277
697 28 275
696 27 277
701 24 275
700 29 271
701 29 270
701 31 268
704 28 268
706 22 272
700 26 274
705 24 271
706 17 277
711 16 273
706 19 275
700 24 276
700 22 278
693 31 276
696 26 278
689 32 279
693 30 277
692 31 277
692 30 278
690 30 280
691 28 281
686 35 279
685 32 283
684 29 287
685 27 288
688 27 285
693 25 282
696 23 281
695 22 283
698 19 283
699 20 281
700 18 282
704 16 280
699 19 282
695 22 283
692 24 284
698 24 278
697 26 277
699 24 277
695 24 281
694 23 283
691 26 283
690 29 281
687 34 279
678 43 279
672 51 277
661 59 280
651 68 281
640 79 281
639 77 284
633 76 291
623 77 300
618 69 313
613 70 317
607 79 314
593 85 322
591 71 338
579 76 345
581 68 351
581 70 349
581 67 352
576 69 355
573 67 360
572 68 360
571 61 368
571 50 379
573 47 380
569 46 385
570 45 385
572 45 383
575 40 385
577 39 384
572 47 381
570 43 387
575 37 388
569 43 388
570 36 394
572 30 398
575 28 397
577 30 393
589 24 387
590 26 384
595 24 381
600 19 381
601 22 377
602 23 375
606 23 371
602 27 371
611 21 368
616 19 365
617 20 363
617 18 365
618 19 363
622 17 361
627 15 358
631 14 355
634 16 350
633 18 349
628 23 349
629 22 349
634 21 345
639 22 339
642 25 333
640 23 337
643 22 335
649 25 326
650 23 327
653 20 327
656 16 328
662 16 322
667 14 319
672 15 313
677 13 310
685 11 304
689 13 298
696 12 292
705 11 284
710 12 278
706 16 278
715 14 271
716 13 271
720 11 269
725 8 267
724 9 267
726 9 265
729 12 259
730 10 260
737 8 255
735 10 255
739 11 250
739 15 246
739 18 243
740 18 242
739 20 241
734 24 242
735 23 242
735 23 242
738 23 239
743 25 232
745 24 231
744 26 230
740 30 230
736 34 230
730 40 230
725 46 229
722 50 228
710 56 234
701 59 240
702 48 250
699 45 256
697 45 258
692 48 260
691 49 260
683 58 259
677 50 273
674 53 273
674 48 278
672 46 282
667 42 291
664 47 289
662 49 289
659 49 292
650 52 298
648 50 302
642 56 302
645 53 302
650 49 301
644 46 310
641 45 314
640 48 312
642 42 316
644 39 317
641 38 321
644 32 324
651 29 320
656 27 317
660 29 311
663 33 304
653 41 306
649 38 313
646 40 314
645 37 318
644 35 321
649 29 322
653 27 320
657 28 315
655 28 317
655 24 321
657 19 324
660 18 322
662 18 320
671 14 315
675 12 313
680 11 309
683 9 308
688 8 304
691 8 301
691 10 299
694 14 292
691 16 293
695 18 287
699 15 286
702 13 285
704 14 282
701 12 287
699 14 287
699 14 287
698 15 287
696 20 284
694 23 283
695 24 281
693 28 279
691 31 278
686 32 282
678 37 285
681 33 286
690 32 278
690 31 279
692 27 281
692 30 278
689 30 281
689 29 282
681 35 284
678 38 284
669 49 282
661 56 283
657 55 288
653 54 293
648 55 297
641 54 305
641 56 303
643 46 311
639 46 315
632 49 319
631 50 319
634 49 317
625 52 323
624 47 329
619 48 333
613 48 339
604 50 346
603 48 349
598 49 353
597 49 354
596 51 353
596 45 359
593 44 363
592 42 366
595 40 365
597 36 367
597 34 369
607 28 365
610 27 363
618 23 359
623 15 362
626 10 364
629 11 360
630 11 359
631 12 357
634 14 352
631 17 352
631 17 352
629 17 354
633 14 353
635 13 352
638 10 352
648 11 341
650 9 341
655 11 334
658 12 330
659 17 324
664 18 318
661 24 315
659 25 316
663 25 312
663 23 314
664 25 311
666 24 310
667 22 311
659 30 311
652 34 314
649 36 315
649 38 313
646 37 317
644 35 321
643 38 319
638 39 323
637 40 323
631 45 324
637 48 315
638 44 318
635 44 321
629 48 323
631 47 322
638 39 323
632 41 327
631 39 330
632 41 327
637 44 319
638 42 320
639 46 315
638 46 316
639 41 320
640 40 320
642 40 318
643 36 321
635 42 323
641 40 319
641 41 318
641 40 319
645 41 314
637 41 322
637 39 324
640 40 320
645 35 320
655 33 312
658 36 306
663 29 308
663 31 306
664 35 301
656 45 299
648 54 298
637 69 294
626 76 298
618 77 305
606 76 318
600 77 323
590 80 330
589 76 335
586 75 339
576 74 350
573 75 352
