998 2 0
998 2 0
991 9 0
987 10 3
973 22 5
948 44 8
928 54 18
901 69 30
865 98 37
829 118 53
780 159 61
735 179 86
694 185 121
647 200 153
614 201 185
594 192 214
569 197 234
558 190 252
532 193 275
515 181 304
498 176 326
480 170 350
471 158 371
468 149 383
472 122 406
465 111 424
459 108 433
461 100 439
452 98 450
455 93 452
459 91 450
461 81 458
463 74 463
464 72 464
470 66 464
469 57 474
469 60 471
477 56 467
481 47 472
480 46 474
481 47 472
487 46 467
489 44 467
494 41 465
494 34 472
501 36 463
505 37 458
508 33 459
518 35 447
529 30 441
526 36 438
526 34 440
524 38 438
518 39 443
520 43 437
519 39 442
519 39 442
520 39 441
524 32 444
529 32 439
528 33 439
536 28 436
539 24 437
542 21 437
548 25 427
549 28 423
547 29 424
549 29 422
553 24 423
562 22 416
565 18 417
571 13 416
570 13 417
575 16 409
582 15 403
586 17 397
592 15 393
595 16 389
599 18 383
599 21 380
603 23 374
607 26 367
613 26 361
611 29 360
610 24 366
614 20 366
621 19 360
621 20 359
626 17 357
632 13 355
637 15 348
640 18 342
644 18 338
645 20 335
649 18 333
654 16 330
656 20 324
658 18 324
657 22 321
653 27 320
646 31 323
644 36 320
638 43 319
627 53 320
627 54 319
628 54 318
625 55 320
618 54 328
611 53 336
613 56 331
610 54 336
603 59 338
599 59 342
593 60 347
585 62 353
578 61 361
576 59 365
569 61 370
570 56 374
572 52 376
571 55 374
572 56 372
569 59 372
567 62 371
564 59 377
564 56 380
558 56 386
558 53 389
556 53 391
561 55 384
555 54 391
553 49 398
555 45 400
554 41 405
561 31 408
568 30 402
573 31 396
575 29 396
578 28 394
578 28 394
584 30 386
582 30 388
581 29 390
583 28 389
589 22 389
605 19 376
610 19 371
612 17 371
616 16 368
620 16 364
616 20 364
617 22 361
619 20 361
620 18 362
623 17 360
627 17 356
634 13 353
637 11 352
639 12 349
642 12 346
652 10 338
654 10 336
658 10 332
662 9 329
668 11 321
667 17 316
668 17 315
670 23 307
668 20 312
663 23 314
661 26 313
663 28 309
664 30 306
661 32 307
655 39 306
651 40 309
654 41 305
653 38 309
652 35 313
648 35 317
653 34 313
656 31 313
656 31 313
655 26 319
658 27 315
659 28 313
667 24 309
668 27 305
671 27 302
671 23 306
678 24 298
684 27 289
687 25 288
686 26 288
684 28 288
686 23 291
689 24 287
693 20 287
694 20 286
697 20 283
698 19 283
693 22 285
695 24 281
696 23 281
695 25 280
697 27 276
699 26 275
700 27 273
702 28 270
700 28 272
705 25 270
706 18 276
706 18 276
711 14 275
708 16 276
711 19 270
709 21 270
709 18 273
708 22 270
706 24 270
704 24 272
705 25 270
706 22 272
715 19 266
718 18 264
719 19 262
720 21 259
721 26 253
722 23 255
731 20 249
731 16 253
736 14 250
739 18 243
737 18 245
739 18 243
737 27 236
734 27 239
732 31 237
724 41 235
721 47 232
710 53 237
706 54 240
707 51 242
695 54 251
691 54 255
687 50 263
683 41 276
676 47 277
675 43 282
672 41 287
669 41 290
668 34 298
669 31 300
668 26 306
672 23 305
677 21 302
683 17 300
683 16 301
691 12 297
693 11 296
695 11 294
701 15 284
702 16 282
700 19 281
702 17 281
703 18 279
701 23 276
708 18 274
710 19 271
712 16 272
716 16 268
714 19 267
715 17 268
717 17 266
722 21 257
713 29 258
702 37 261
704 36 260
697 36 267
697 37 266
696 40 264
688 44 268
686 42 272
685 46 269
685 45 270
680 43 277
677 50 273
675 49 276
678 50 272
678 46 276
679 43 278
669 43 288
664 47 289
663 42 295
657 43 300
645 51 304
647 45 308
639 52 309
648 43 309
645 48 307
646 48 306
642 48 310
645 36 319
646 33 321
645 33 322
650 28 322
651 30 319
648 36 316
648 35 317
659 31 310
661 30 309
657 33 310
651 34 315
653 36 311
653 36 311
645 42 313
642 43 315
645 42 313
650 39 311
652 36 312
656 35 309
656 34 310
655 32 313
655 30 315
658 29 313
663 27 310
669 25 306
673 25 302
676 25 299
671 32 297
668 33 299
662 38 300
663 28 309
665 28 307
670 28 302
668 28 304
668 24 308
665 23 312
667 20 313
672 21 307
672 22 306
673 22 305
678 21 301
679 22 299
676 25 299
676 21 303
672 23 305
677 23 300
671 30 299
671 29 300
670 29 301
679 29 292
676 34 290
671 33 296
670 36 294
666 37 297
664 43 293
664 42 294
657 42 301
651 44 305
641 49 310
636 52 312
635 51 314
630 56 314
624 58 318
623 55 322
623 55 322
626 48 326
620 48 332
616 48 336
613 49 338
613 50 337
603 57 340
598 57 345
597 44 359
582 51 367
580 51 369
581 48 371
580 50 370
576 52 372
573 54 373
575 42 383
581 34 385
583 35 382
582 36 382
587 32 381
592 27 381
598 27 375
596 28 376
602 29 369
606 31 363
613 29 358
610 33 357
613 34 353
616 31 353
615 30 355
613 34 353
609 37 354
605 41 354
601 43 356
606 42 352
604 45 351
606 51 343
600 47 353
598 46 356
603 45 352
605 41 354
607 42 351
607 42 351
603 47 350
594 51 355
597 49 354
596 44 360
594 44 362
600 40 360
600 39 361
609 34 357
612 34 354
623 29 348
631 29 340
637 29 334
642 23 335
647 19 334
645 23 332
648 24 328
654 24 322
653 27 320
655 26 319
651 33 316
654 34 312
658 30 312
662 28 310
664 30 306
659 38 303
656 39 305
650 41 309
650 40 310
651 41 308
646 48 306
650 45 305
649 39 312
651 38 311
645 44 311
637 47 316
638 37 325
634 45 321
625 49 326
623 46 331
617 51 332
613 53 334
606 57 337
598 54 348
596 56 348
591 58 351
595 51 354
591 59 350
588 63 349
578 72 350
579 65 356
579 59 362
577 57 366
578 49 373
577 50 373
578 51 371
583 43 374
589 36 375
597 36 367
596 36 368
596 30 374
598 29 373
600 31 369
601 28 371
604 27 369
605 28 367
607 28 365
609 28 363
607 28 365
605 29 366
606 27 367
609 22 369
612 20 368
611 20 369
606 27 367
606 29 365
601 40 359
592 43 365
594 43 363
594 36 370
591 40 369
595 37 368
604 33 363
607 34 359
600 36 364
599 34 367
596 35 369
595 44 361
598 42 360
597 45 358
602 42 356
608 41 351
608 41 351
606 37 357
608 37 355
601 46 353
592 46 362
579 60 361
575 66 359
576 64 360
565 72 363
561 73 366
550 81 369
547 83 370
546 70 384
546 67 387
543 64 393
541 59 400
543 54 403
546 46 408
545 47 408
555 44 401
553 45 402
557 42 401
562 34 404
561 36 403
562 34 404
569 30 401
575 31 394
581 27 392
581 27 392
583 26 391
586 28 386
589 26 385
590 28 382
592 28 380
596 24 380
600 24 376
606 23 371
608 22 370
609 23 368
610 22 368
614 21 365
616 21 363
620 23 357
628 21 351
631 21 348
631 23 346
630 24 346
632 24 344
636 22 342
637 19 344
645 15 340
647 15 338
652 14 334
657 13 330
662 9 329
661 10 329
667 8 325
671 8 321
678 6 316
682 5 313
683 8 309
682 8 310
683 11 306
681 12 307
681 11 308
684 12 304
681 17 302
678 22 300
674 28 298
671 32 297
668 35 297
665 39 296
669 36 295
668 29 303
664 24 312
666 24 310
666 27 307
664 28 308
664 27 309
663 26 311
660 30 310
654 40 306
652 43 305
651 40 309
647 46 307
646 46 308
640 46 314
641 45 314
636 49 315
626 56 318
624 55 321
619 53 328
618 51 331
615 52 333
605 56 339
597 64 339
595 62 343
593 62 345
594 55 351
595 50 355
596 43 361
595 45 360
589 45 366
587 45 368
582 49 369
574 47 379
576 46 378
574 51 375
576 54 370
583 50 367
583 45 372
578 44 378
584 50 366
588 46 366
590 41 369
587 41 372
589 43 368
589 36 375
583 35 382
587 30 383
597 27 376
601 26 373
603 24 373
606 29 365
608 31 361
610 30 360
605 30 365
609 29 362
614 29 357
620 28 352
627 25 348
633 26 341
630 31 339
624 41 335
626 42 332
622 45 333
620 46 334
607 49 344
605 52 343
592 61 347
586 65 349
588 62 350
594 55 351
588 59 353
585 56 359
585 56 359
587 52 361
581 53 366
575 48 377
569 47 384
565 49 386
556 52 392
546 58 396
546 49 405
549 44 407
545 51 404
540 57 403
541 52 407
536 57 407
533 59 408
530 58 412
527 56 417
525 62 413
523 61 416
520 64 416
519 62 419
523 56 421
525 59 416
522 60 418
519 56 425
522 50 428
522 48 430
531 42 427
535 38 427
539 35 426
549 31 420
557 27 416
557 31 412
560 27 413
563 26 411
571 21 408
574 20 406
578 22 400
581 20 399
587 18 395
592 18 390
593 14 393
593 15 392
599 16 385
606 16 378
608 14 378
604 18 378
606 21 373
605 26 369
605 29 366
600 31 369
598 33 369
602 33 365
605 29 366
609 28 363
607 32 361
603 32 365
599 35 366
603 33 364
607 27 366
603 35 362
598 39 363
594 42 364
597 43 360
598 41 361
600 39 361
595 48 357
587 50 363
574 53 373
576 46 378
569 50 381
570 54 376
569 54 377
564 53 383
565 54 381
565 50 385
563 51 386
567 54 379
571 52 377
578 49 373
578 48 374
582 47 371
576 51 373
576 53 371
574 51 375
573 46 381
576 43 381
570 49 381
566 50 384
569 48 383
570 45 385
572 38 390
575 36 389
582 34 384
580 27 393
585 24 391
596 23 381
599 24 377
601 20 379
604 21 375
610 20 370
617 14 369
621 18 361
627 14 359
635 12 353
639 13 348
641 16 343
651 13 336
656 14 330
659 16 325
657 18 325
660 19 321
668 15 317
670 13 317
671 15 314
675 13 312
677 11 312
679 10 311
686 7 307
685 11 304
693 11 296
699 13 288
702 8 290
701 9 290
703 10 287
703 11 286
704 15 281
706 16 278
709 17 274
710 14 276
707 14 279
706 16 278
703 18 279
702 19 279
704 20 276
703 23 274
697 28 275
684 42 274
676 45 279
664 56 280
663 51 286
661 50 289
661 50 289
653 48 299
649 51 300
646 50 304
633 56 311
636 51 313
637 50 313
631 51 318
634 52 314
630 53 317
630 46 324
631 40 329
621 45 334
623 45 332
618 43 339
617 45 338
612 50 338
606 54 340
605 55 340
605 51 344
604 43 353
604 44 352
600 50 350
605 44 351
606 38 356
605 39 356
607 37 356
609 45 346
609 51 340
608 54 338
604 53 343
608 48 344
602 52 346
599 54 347
590 57 353
589 59 352
586 56 358
588 50 362
586 52 362
583 49 368
588 46 366
592 39 369
596 33 371
599 29 372
600 27 373
599 26 375
605 25 370
606 24 370
603 23 374
609 17 374
612 15 373
617 11 372
623 11 366
628 12 360
628 15 357
640 15 345
638 22 340
633 24 343
638 26 336
638 26 336
639 26 335
643 22 335
650 22 328
655 21 324
653 22 325
651 24 325
654 24 322
651 25 324
653 26 321
661 20 319
664 16 320
667 15 318
672 15 313
675 13 312
679 12 309
679 12 309
679 14 307
686 13 301
689 12 299
694 12 294
700 11 289
704 12 284
705 9 286
709 9 282
714 9 277
717 9 274
722 9 269
727 8 265
731 6 263
736 6 258
739 6 255
743 5 252
746 6 248
746 8 246
751 9 240
753 9 238
755 9 236
756 8 236
759 7 234
760 5 235
763 4 233
767 3 230
770 3 227
773 3 224
774 5 221
777 4 219
782 4 214
783 3 214
786 3 211
785 5 210
783 10 207
779 15 206
778 14 208
781 12 207
780 10 210
780 12 208
778 15 207
782 14 204
780 19 201
777 24 199
776 26 198
762 32 206
757 34 209
752 38 210
745 44 211
741 40 219
741 39 220
733 39 228
734 39 227
728 39 233
717 48 235
712 48 240
698 53 249
691 56 253
685 58 257
689 53 258
686 57 257
674 69 257
668 66 266
662 59 279
657 59 284
652 56 292
653 52 295
652 52 296
660 45 295
654 52 294
658 54 288
661 51 288
660 52 288
654 52 294
652 49 299
645 50 305
644 47 309
634 52 314
624 58 318
619 61 320
618 54 328
622 49 329
628 46 326
621 50 329
618 45 337
612 48 340
605 64 331
594 65 341
579 68 353
578 68 354
578 68 354
576 67 357
572 69 359
567 65 368
573 64 363
575 64 361
573 64 363
572 57 371
576 54 370
577 53 370
570 53 377
568 53 379
559 60 381
562 61 377
564 57 379
567 51 382
564 55 381
562 55 383
561 53 386
563 49 388
568 41 391
569 41 390
570 41 389
576 41 383
579 39 382
582 34 384
585 32 383
582 33 385
585 31 384
586 31 383
585 33 382
591 28 381
598 28 374
606 28 366
611 22 367
615 19 366
619 23 358
622 27 351
628 27 345
635 21 344
637 24 339
640 25 335
638 26 336
640 26 334
645 24 331
650 18 332
656 19 325
658 20 322
