998 2 0
998 2 0
998 0 2
998 0 2
998 0 2
998 0 2
998 0 2
998 0 2
998 0 2
998 0 2
998 0 2
994 3 3
993 4 3
990 6 4
979 15 6
971 23 6
954 40 6
922 61 17
890 82 28
853 105 42
812 124 64
781 137 82
732 170 98
689 185 126
645 196 159
615 201 184
600 179 221
581 173 246
565 159 276
555 154 291
540 155 305
527 143 330
520 135 345
518 124 358
512 120 368
507 108 385
507 98 395
512 84 404
509 75 416
506 75 419
493 80 427
497 76 427
491 73 436
498 71 431
500 61 439
503 61 436
501 57 442
509 50 441
514 47 439
514 44 442
520 40 440
519 36 445
523 34 443
528 28 444
536 23 441
541 25 434
547 22 431
558 19 423
566 17 417
569 18 413
574 19 407
575 19 406
578 20 402
579 20 401
585 16 399
588 13 399
594 9 397
602 8 390
605 6 389
610 6 384
613 7 380
619 6 375
629 5 366
629 7 364
641 6 353
651 5 344
659 5 336
666 4 330
670 2 328
671 3 326
675 3 322
682 2 316
681 4 315
684 7 309
685 8 307
681 16 303
682 16 302
681 20 299
682 22 296
683 22 295
680 28 292
678 29 293
672 37 291
660 44 296
655 45 300
651 46 303
646 49 305
642 54 304
624 66 310
614 64 322
606 74 320
600 75 325
601 71 328
597 65 338
594 60 346
597 56 347
594 52 354
590 55 355
585 53 362
587 52 361
585 51 364
594 46 360
589 47 364
588 44 368
589 39 372
593 36 371
598 32 370
599 30 371
597 30 373
597 29 374
598 30 372
597 29 374
597 30 373
594 31 375
596 32 372
591 41 368
592 36 372
592 35 373
589 35 376
588 38 374
586 41 373
587 43 370
589 40 371
595 34 371
591 37 372
593 38 369
596 32 372
604 33 363
606 34 360
613 33 354
612 30 358
617 22 361
619 24 357
621 28 351
615 30 355
616 33 351
617 31 352
622 30 348
621 36 343
616 41 343
618 40 342
610 49 341
616 45 339
611 47 342
610 41 349
608 40 352
614 37 349
614 38 348
623 32 345
621 33 346
619 36 345
620 36 344
615 41 344
617 44 339
617 39 344
620 42 338
616 43 341
613 47 340
610 47 343
609 47 344
605 46 349
605 45 350
609 44 347
606 50 344
603 45 352
607 39 354
606 41 353
606 41 353
606 39 355
607 42 351
606 39 355
607 41 352
608 42 350
613 40 347
623 35 342
627 35 338
633 33 334
639 30 331
642 29 329
647 28 325
660 22 318
658 22 320
660 26 314
661 26 313
661 23 316
661 25 314
661 24 315
659 23 318
662 22 316
666 21 313
668 21 311
671 19 310
671 19 310
668 25 307
661 32 307
657 36 307
650 42 308
648 42 310
646 43 311
639 48 313
632 53 315
622 57 321
616 57 327
611 58 331
605 52 343
606 51 343
605 47 348
595 54 351
592 58 350
586 59 355
582 62 356
579 60 361
580 57 363
581 53 366
577 51 372
582 46 372
586 41 373
592 36 372
601 34 365
609 31 360
610 31 359
606 28 366
604 30 366
605 26 369
606 28 366
608 29 363
609 34 357
607 29 364
612 28 360
613 28 359
617 27 356
622 27 351
625 30 345
628 29 343
631 29 340
631 26 343
636 23 341
639 23 338
636 26 338
639 25 336
639 28 333
638 30 332
638 32 330
634 36 330
632 29 339
632 28 340
634 27 339
637 24 339
637 24 339
638 24 338
643 22 335
642 26 332
648 24 328
648 21 331
649 21 330
649 19 332
654 24 322
641 36 323
622 53 325
608 60 332
598 66 336
583 72 345
574 69 357
570 70 360
572 65 363
573 66 361
568 69 363
563 69 368
566 63 371
560 68 372
558 64 378
556 59 385
555 58 387
555 60 385
555 60 385
556 55 389
554 53 393
557 51 392
558 47 395
560 45 395
566 42 392
563 40 397
569 35 396
576 34 390
578 36 386
581 34 385
578 36 386
580 40 380
580 43 377
579 43 378
580 36 384
582 37 381
584 37 379
584 36 380
583 30 387
587 29 384
586 33 381
588 38 374
586 39 375
585 40 375
587 38 375
585 34 381
585 39 376
588 38 374
588 44 368
584 44 372
579 43 378
582 46 372
583 45 372
585 47 368
582 49 369
579 43 378
577 46 377
581 44 375
573 46 381
571 49 380
570 52 378
563 57 380
566 52 382
566 53 381
562 57 381
563 53 384
563 52 385
564 48 388
564 42 394
563 45 392
567 40 393
566 39 395
570 37 393
572 40 388
574 40 386
575 42 383
574 47 379
575 44 381
572 45 383
574 39 387
579 39 382
581 36 383
584 34 382
589 30 381
590 32 378
594 32 374
601 25 374
609 24 367
611 24 365
616 22 362
620 16 364
627 15 358
629 12 359
628 14 358
633 17 350
638 17 345
637 18 345
636 21 343
635 23 342
641 23 336
640 26 334
641 30 329
637 35 328
627 45 328
625 48 327
625 47 328
621 52 327
618 51 331
617 52 331
610 54 336
606 56 338
601 59 340
596 60 344
597 56 347
587 61 352
582 65 353
577 63 360
572 62 366
569 64 367
563 66 371
563 55 382
567 56 377
560 61 379
553 61 386
550 63 387
545 61 394
541 63 396
541 64 395
542 60 398
544 54 402
545 49 406
546 41 413
544 38 418
548 36 416
550 35 415
546 38 416
542 41 417
545 41 414
552 42 406
556 41 403
553 44 403
546 45 409
545 47 408
543 45 412
535 54 411
537 56 407
532 58 410
531 61 408
525 65 410
526 56 418
527 52 421
530 52 418
525 50 425
522 47 431
520 47 433
520 40 440
528 43 429
528 43 429
532 38 430
536 37 427
537 38 425
536 38 426
539 31 430
546 30 424
551 26 423
555 22 423
560 22 418
558 20 422
559 23 418
559 28 413
554 31 415
553 34 413
555 32 413
558 30 412
564 26 410
568 29 403
571 31 398
576 29 395
576 30 394
579 29 392
583 26 391
592 25 383
602 21 377
604 16 380
608 14 378
616 12 372
621 12 367
625 14 361
632 12 356
639 11 350
636 12 352
638 14 348
638 13 349
641 14 345
645 12 343
652 13 335
651 17 332
649 20 331
643 25 332
642 26 332
642 29 329
639 29 332
639 30 331
636 36 328
633 34 333
633 33 334
641 32 327
636 38 326
633 39 328
633 42 325
638 38 324
636 41 323
636 43 321
626 49 325
623 57 320
612 64 324
598 71 331
590 71 339
577 78 345
569 83 348
559 91 350
552 90 358
553 85 362
549 75 376
553 68 379
554 64 382
558 59 383
557 59 384
561 51 388
562 50 388
560 49 391
562 50 388
562 47 391
566 45 389
569 41 390
564 41 395
569 39 392
572 41 387
571 39 390
569 36 395
574 33 393
579 34 387
589 28 383
591 31 378
596 23 381
598 25 377
606 21 373
609 20 371
611 16 373
617 12 371
622 11 367
624 11 365
629 13 358
638 12 350
643 9 348
651 8 341
661 8 331
669 9 322
672 13 315
672 14 314
673 14 313
675 17 308
677 17 306
679 18 303
678 18 304
685 16 299
688 17 295
691 22 287
692 22 286
692 26 282
694 29 277
689 31 280
686 34 280
679 43 278
671 40 289
666 41 293
661 48 291
660 47 293
655 51 294
642 55 303
635 59 306
618 65 317
610 66 324
608 66 326
602 64 334
599 64 337
588 61 351
591 51 358
593 50 357
588 52 360
585 52 363
581 48 371
572 50 378
573 50 377
571 52 377
567 52 381
568 51 381
565 54 381
560 55 385
556 50 394
558 47 395
558 45 397
560 38 402
562 35 403
565 30 405
565 31 404
569 26 405
581 28 391
583 24 393
590 19 391
600 18 382
598 18 384
604 20 376
606 17 377
604 18 378
608 17 375
611 15 374
622 13 365
630 13 357
632 16 352
638 18 344
645 16 339
653 14 333
658 16 326
659 20 321
660 15 325
665 12 323
671 12 317
671 13 316
674 13 313
674 12 314
672 14 314
680 11 309
684 9 307
688 9 303
692 12 296
694 14 292
701 12 287
705 9 286
710 9 281
712 9 279
713 10 277
715 11 274
714 12 274
708 20 272
706 23 271
708 27 265
709 29 262
706 26 268
702 32 266
702 31 267
700 37 263
692 46 262
693 39 268
691 35 274
689 36 275
692 38 270
688 40 272
684 37 279
684 40 276
682 42 276
680 41 279
678 43 279
677 48 275
674 46 280
673 43 284
672 45 283
666 50 284
665 47 288
663 50 287
661 49 290
654 45 301
655 44 301
656 46 298
659 45 296
652 45 303
655 37 308
661 36 303
659 39 302
659 36 305
653 37 310
656 35 309
655 32 313
658 27 315
661 23 316
663 19 318
663 16 321
674 14 312
680 10 310
684 10 306
685 13 302
691 11 298
695 9 296
690 13 297
698 11 291
707 11 282
715 10 275
718 14 268
718 15 267
718 21 261
713 27 260
707 31 262
706 29 265
707 28 265
697 37 266
684 49 267
670 53 277
658 60 282
654 59 287
650 57 293
646 62 292
631 70 299
632 64 304
623 63 314
624 64 312
620 69 311
619 69 312
610 63 327
603 67 330
601 68 331
596 74 330
589 79 332
587 74 339
588 65 347
586 66 348
586 63 351
579 62 359
575 66 359
578 59 363
578 57 365
569 64 367
570 62 368
571 58 371
572 52 376
580 49 371
575 49 376
574 44 382
576 41 383
584 35 381
583 36 381
583 30 387
590 25 385
592 26 382
602 25 373
599 29 372
601 29 370
605 26 369
608 22 370
612 21 367
620 20 360
626 18 356
630 16 354
634 16 350
636 15 349
640 16 344
641 15 344
645 17 338
651 18 331
655 16 329
657 13 330
663 10 327
670 9 321
669 8 323
673 7 320
681 8 311
688 7 305
693 8 299
696 8 296
703 5 292
709 4 287
711 9 280
710 10 280
714 10 276
714 12 274
714 14 272
714 13 273
717 12 271
717 14 269
716 15 269
712 23 265
712 25 263
711 31 258
712 31 257
710 30 260
707 31 262
702 38 260
697 36 267
693 40 267
682 47 271
673 56 271
669 54 277
657 55 288
648 61 291
637 64 299
629 64 307
619 61 320
618 60 322
614 59 327
621 53 326
621 57 322
620 61 319
619 62 319
614 65 321
602 76 322
599 72 329
590 75 335
591 74 335
583 80 337
578 77 345
577 72 351
573 72 355
561 76 363
554 75 371
552 64 384
557 62 381
559 47 394
555 47 398
554 48 398
559 44 397
560 42 398
565 31 404
576 27 397
581 21 398
587 21 392
590 21 389
591 25 384
585 27 388
582 29 389
586 25 389
590 26 384
589 24 387
586 27 387
592 26 382
587 32 381
590 32 378
593 34 373
592 28 380
592 22 386
596 26 378
595 25 380
599 22 379
602 28 370
605 29 366
608 27 365
603 31 366
610 24 366
612 26 362
613 21 366
619 23 358
627 23 350
631 24 345
631 28 341
628 27 345
628 31 341
629 28 343
627 31 342
630 27 343
627 30 343
626 28 346
626 30 344
626 31 343
633 34 333
628 37 335
630 36 334
634 29 337
637 27 336
635 26 339
636 30 334
643 29 328
648 29 323
651 31 318
649 34 317
652 31 317
652 32 316
654 30 316
650 34 316
647 39 314
647 36 317
647 41 312
640 46 314
637 49 314
642 47 311
637 48 315
633 47 320
640 44 316
638 44 318
639 47 314
640 48 312
642 47 311
647 46 307
647 43 310
646 43 311
650 39 311
654 39 307
654 39 307
661 34 305
656 31 313
656 32 312
655 40 305
652 42 306
649 40 311
654 42 304
653 45 302
655 46 299
650 55 295
646 59 295
641 63 296
643 64 293
638 62 300
631 61 308
630 52 318
629 47 324
630 41 329
631 34 335
633 30 337
634 34 332
631 32 337
631 32 337
629 31 340
638 29 333
644 32 324
644 36 320
645 34 321
641 35 324
644 29 327
656 27 317
655 24 321
658 25 317
663 22 315
669 23 308
670 19 311
671 23 306
676 19 305
677 19 304
676 18 306
671 23 306
673 26 301
675 24 301
675 26 299
675 27 298
667 35 298
667 35 298
670 34 296
670 34 296
665 41 294
655 49 296
651 42 307
657 40 303
657 34 309
658 30 312
661 27 312
666 22 312
670 16 314
675 12 313
679 9 312
682 8 310
688 6 306
688 5 307
690 2 308
689 3 308
694 5 301
699 6 295
703 6 291
705 8 287
709 10 281
711 8 281
709 9 282
713 9 278
716 7 277
720 8 272
723 7 270
728 7 265
732 7 261
739 6 255
741 6 253
741 5 254
748 2 250
750 2 248
753 3 244
758 3 239
764 4 232
768 3 229
773 3 224
776 3 221
782 3 215
785 4 211
785 4 211
787 5 208
789 5 206
793 4 203
800 4 196
803 5 192
804 3 193
806 4 190
811 3 186
813 2 185
816 2 182
819 3 178
826 3 171
825 8 167
821 9 170
821 12 167
819 12 169
815 17 168
810 23 167
802 29 169
791 37 172
783 45 172
773 53 174
759 60 181
741 68 191
726 77 197
704 91 205
688 98 214
671 94 235
652 96 252
641 93 266
632 95 273
624 100 276
612 99 289
613 92 295
599 92 309
602 87 311
594 83 323
587 80 333
592 73 335
587 72 341
582 67 351
581 64 355
581 61 358
574 65 361
581 58 361
577 55 368
578 50 372
581 43 376
