997 3 0
997 1 2
997 1 2
996 2 2
996 2 2
995 2 3
993 4 3
986 10 4
979 15 6
967 25 8
951 33 16
941 37 22
920 50 30
897 66 37
872 82 46
847 101 52
817 107 76
791 116 93
750 137 113
709 156 135
671 173 156
629 187 184
610 180 210
582 190 228
559 185 256
545 167 288
536 155 309
529 136 335
515 144 341
502 137 361
498 126 376
485 127 388
481 125 394
480 120 400
467 118 415
461 108 431
464 98 438
456 99 445
452 99 449
456 91 453
453 81 466
453 76 471
450 78 472
448 86 466
446 76 478
440 75 485
448 71 481
451 63 486
458 53 489
463 51 486
470 47 483
478 44 478
484 39 477
493 36 471
495 36 469
498 36 466
508 30 462
518 25 457
523 21 456
522 25 453
524 28 448
523 35 442
522 35 443
519 36 445
520 39 441
517 44 439
515 46 439
518 46 436
520 39 441
519 42 439
524 36 440
526 35 439
528 36 436
529 36 435
528 39 433
532 43 425
532 46 422
526 52 422
523 55 422
522 55 423
524 53 423
530 50 420
531 49 420
533 46 421
532 45 423
534 40 426
538 43 419
540 42 418
538 45 417
541 38 421
541 37 422
547 35 418
552 35 413
552 31 417
555 29 416
557 30 413
560 30 410
566 27 407
569 19 412
572 22 406
582 17 401
589 15 396
595 15 390
600 12 388
610 11 379
624 9 367
631 8 361
634 8 358
636 9 355
640 10 350
644 10 346
645 14 341
648 12 340
647 11 342
653 5 342
658 4 338
662 3 335
668 4 328
673 4 323
679 3 318
684 3 313
691 3 306
695 2 303
697 3 300
703 3 294
705 2 293
707 4 289
717 3 280
720 5 275
725 2 273
729 2 269
731 2 267
738 3 259
742 3 255
743 3 254
748 2 250
754 4 242
752 7 241
750 14 236
748 19 233
735 32 233
727 41 232
713 53 234
711 44 245
705 52 243
690 62 248
678 66 256
669 72 259
654 84 262
651 86 263
644 84 272
634 89 277
617 94 289
605 102 293
592 98 310
588 88 324
589 76 335
582 69 349
579 67 354
572 64 364
569 60 371
564 63 373
556 67 377
557 69 374
554 71 375
552 71 377
549 77 374
543 75 382
543 68 389
538 53 409
539 50 411
538 43 419
544 38 418
549 35 416
555 35 410
558 36 406
553 44 403
545 45 410
547 39 414
543 41 416
544 39 417
543 41 416
539 41 420
545 44 411
552 38 410
553 37 410
560 36 404
571 31 398
572 29 399
576 28 396
580 27 393
592 26 382
591 26 383
588 25 387
590 20 390
594 20 386
600 17 383
605 16 379
610 13 377
620 11 369
627 10 363
631 10 359
639 8 353
644 8 348
647 8 345
653 9 338
662 9 329
666 10 324
671 9 320
671 14 315
673 14 313
676 12 312
679 10 311
682 9 309
686 9 305
687 10 303
687 10 303
690 7 303
696 5 299
703 6 291
707 5 288
709 7 284
712 9 279
712 13 275
717 11 272
715 15 270
718 15 267
720 15 265
720 16 264
721 19 260
720 17 263
719 20 261
717 27 256
715 31 254
711 36 253
707 34 259
704 35 261
707 34 259
704 33 263
695 40 265
696 32 272
695 33 272
692 40 268
692 37 271
688 39 273
690 35 275
692 32 276
691 28 281
691 24 285
691 24 285
690 24 286
695 23 282
698 23 279
706 21 273
707 23 270
710 18 272
717 16 267
723 16 261
723 17 260
728 16 256
730 16 254
733 16 251
737 15 248
736 15 249
739 17 244
744 17 239
743 13 244
745 14 241
747 17 236
745 19 236
740 25 235
737 32 231
725 44 231
719 46 235
715 46 239
705 48 247
687 66 247
678 67 255
666 69 265
652 83 265
639 80 281
637 79 284
628 83 289
625 74 301
613 77 310
608 74 318
609 70 321
608 64 328
599 66 335
589 74 337
585 72 343
580 74 346
577 66 357
575 67 358
573 66 361
572 60 368
577 59 364
577 50 373
569 55 376
558 59 383
556 56 388
558 50 392
559 45 396
561 45 394
572 35 393
574 32 394
580 31 389
580 29 391
581 34 385
583 41 376
582 37 381
579 38 383
581 35 384
579 37 384
581 33 386
585 31 384
589 34 377
594 27 379
600 22 378
598 25 377
606 21 373
605 20 375
606 15 379
612 11 377
614 12 374
614 12 374
615 13 372
623 10 367
626 10 364
625 13 362
629 12 359
631 13 356
633 11 356
636 15 349
637 14 349
635 16 349
634 16 350
639 14 347
641 17 342
643 17 340
653 15 332
658 16 326
665 16 319
667 13 320
667 11 322
672 6 322
677 5 318
682 6 312
681 8 311
680 9 311
687 8 305
690 7 303
691 8 301
697 6 297
707 6 287
712 4 284
715 4 281
722 4 274
724 5 271
724 10 266
727 10 263
731 9 260
732 9 259
736 10 254
742 7 251
745 6 249
746 9 245
751 8 241
755 9 236
759 13 228
756 14 230
751 21 228
741 34 225
735 35 230
737 38 225
727 48 225
722 51 227
710 54 236
702 58 240
705 53 242
698 56 246
687 61 252
680 63 257
674 64 262
664 65 271
659 65 276
654 62 284
651 58 291
647 55 298
641 56 303
636 59 305
628 56 316
626 53 321
622 46 332
620 40 340
616 45 339
613 46 341
611 44 345
605 52 343
605 46 349
604 42 354
606 43 351
603 39 358
602 43 355
597 48 355
592 48 360
591 48 361
588 44 368
591 40 369
594 37 369
599 38 363
597 41 362
599 42 359
595 45 360
600 42 358
599 45 356
589 52 359
590 49 361
592 46 362
589 46 365
591 42 367
600 42 358
598 43 359
610 38 352
612 35 353
617 32 351
624 29 347
624 27 349
621 33 346
624 33 343
626 33 341
629 33 338
630 29 341
627 37 336
629 40 331
631 42 327
629 36 335
622 40 338
625 33 342
626 33 341
626 31 343
627 28 345
630 26 344
633 23 344
634 21 345
639 23 338
641 19 340
646 15 339
651 15 334
651 12 337
653 11 336
661 9 330
660 10 330
664 12 324
667 11 322
669 13 318
671 16 313
674 13 313
672 16 312
674 20 306
677 19 304
676 22 302
681 20 299
688 18 294
690 19 291
694 18 288
696 20 284
700 19 281
695 21 284
695 22 283
699 22 279
701 24 275
697 27 276
692 30 278
683 40 277
677 42 281
681 40 279
677 34 289
681 30 289
680 26 294
682 27 291
682 28 290
683 31 286
686 27 287
688 28 284
692 23 285
690 23 287
686 26 288
684 29 287
680 33 287
677 34 289
673 38 289
670 47 283
671 40 289
665 40 295
653 48 299
649 50 301
643 53 304
644 50 306
644 46 310
640 41 319
641 40 319
639 35 326
644 34 322
645 34 321
649 33 318
651 29 320
657 29 314
662 26 312
661 25 314
660 29 311
661 26 313
658 28 314
661 28 311
664 25 311
666 28 306
663 32 305
666 34 300
668 34 298
659 38 303
660 36 304
667 34 299
665 33 302
666 32 302
669 29 302
670 29 301
669 34 297
668 37 295
665 38 297
665 37 298
662 37 301
660 33 307
655 37 308
655 36 309
658 33 309
662 32 306
663 28 309
661 25 314
663 22 315
662 23 315
662 26 312
659 28 313
657 30 313
661 31 308
663 33 304
668 32 300
669 31 300
671 33 296
673 34 293
672 42 286
665 46 289
662 47 291
653 51 296
648 49 303
647 54 299
638 57 305
623 59 318
614 63 323
616 58 326
611 59 330
609 57 334
611 51 338
615 45 340
617 47 336
618 42 340
621 45 334
622 44 334
624 44 332
622 44 334
618 42 340
618 44 338
620 46 334
616 48 336
617 51 332
616 48 336
617 41 342
620 35 345
619 34 347
626 32 342
628 36 336
630 38 332
637 34 329
636 35 329
634 32 334
633 38 329
631 37 332
628 39 333
628 35 337
634 33 333
634 27 339
638 28 334
635 37 328
629 45 326
628 42 330
631 41 328
634 35 331
632 34 334
633 28 339
640 25 335
649 22 329
649 17 334
654 17 329
657 18 325
661 16 323
661 18 321
663 18 319
660 18 322
659 20 321
656 23 321
654 24 322
656 18 326
662 19 319
663 21 316
661 22 317
665 22 313
669 18 313
670 18 312
675 16 309
676 18 306
680 18 302
685 17 298
689 16 295
692 17 291
691 23 286
689 28 283
685 32 283
682 32 286
678 34 288
674 36 290
673 37 290
663 44 293
654 51 295
650 54 296
640 61 299
636 63 301
635 60 305
634 57 309
632 52 316
627 54 319
622 52 326
625 46 329
626 44 330
628 40 332
629 40 331
630 41 329
629 43 328
623 46 331
620 43 337
618 40 342
610 42 348
601 47 352
596 53 351
599 49 352
596 47 357
595 50 355
593 54 353
597 46 357
599 40 361
606 37 357
609 38 353
609 40 351
605 39 356
608 37 355
607 39 354
608 33 359
615 27 358
619 25 356
624 20 356
631 20 349
627 28 345
633 27 340
630 31 339
632 26 342
636 26 338
637 24 339
631 27 342
631 29 340
635 30 335
634 28 338
641 25 334
637 28 335
640 30 330
638 30 332
638 28 334
640 28 332
637 33 330
640 32 328
638 35 327
635 39 326
631 38 331
626 44 330
627 41 332
635 32 333
637 30 333
640 30 330
639 29 332
633 34 333
641 25 334
642 28 330
640 34 326
637 25 338
638 28 334
636 30 334
640 28 332
637 33 330
638 32 330
645 33 322
642 41 317
637 44 319
634 49 317
636 43 321
635 44 321
634 42 324
629 40 331
622 47 331
622 51 327
618 56 326
619 55 326
624 54 322
630 42 328
625 39 336
628 35 337
624 37 339
622 36 342
622 33 345
628 26 346
633 23 344
635 19 346
642 12 346
646 14 340
654 14 332
662 9 329
664 9 327
668 9 323
672 11 317
670 13 317
672 15 313
680 16 304
679 16 305
679 13 308
681 10 309
686 9 305
693 8 299
698 6 296
698 9 293
699 10 291
700 13 287
701 10 289
702 12 286
706 8 286
709 8 283
719 7 274
720 7 273
726 7 267
727 8 265
727 9 264
721 14 265
721 15 264
718 15 267
722 14 264
725 18 257
730 18 252
726 22 252
724 23 253
724 27 249
724 28 248
722 27 251
718 32 250
711 32 257
713 31 256
711 32 257
710 36 254
711 30 259
706 35 259
704 35 261
697 41 262
691 46 263
685 52 263
679 49 272
669 55 276
660 64 276
651 66 283
646 71 283
634 69 297
636 66 298
632 65 303
628 59 313
620 65 315
615 66 319
610 65 325
604 61 335
597 66 337
595 69 336
587 68 345
585 69 346
586 62 352
576 70 354
574 62 364
573 63 364
570 63 367
571 58 371
571 53 376
574 52 374
572 49 379
572 51 377
567 50 383
567 46 387
575 39 386
576 37 387
583 34 383
589 27 384
600 21 379
606 21 373
610 16 374
610 18 372
618 17 365
623 17 360
633 16 351
636 19 345
635 20 345
637 18 345
636 20 344
644 13 343
647 16 337
646 14 340
650 13 337
650 14 336
651 14 335
654 14 332
655 15 330
655 16 329
657 18 325
658 21 321
660 22 318
659 20 321
664 18 318
673 18 309
674 19 307
675 17 308
678 16 306
684 12 304
687 13 300
686 20 294
692 23 285
691 21 288
688 24 288
691 25 284
689 23 288
686 25 289
686 24 290
685 25 290
689 22 289
692 21 287
698 20 282
696 25 279
694 22 284
688 29 283
681 39 280
668 46 286
650 60 290
638 65 297
632 59 309
631 58 311
618 64 318
619 62 319
617 57 326
617 52 331
607 59 334
607 53 340
604 51 345
606 53 341
604 51 345
611 50 339
614 46 340
614 43 343
615 44 341
612 47 341
609 55 336
609 54 337
603 53 344
602 51 347
605 45 350
608 43 349
603 44 353
604 43 353
599 40 361
604 34 362
611 31 358
617 25 358
619 26 355
620 23 357
624 19 357
632 18 350
624 26 350
633 25 342
634 26 340
636 28 336
640 29 331
640 32 328
638 30 332
642 27 331
641 31 328
642 33 325
637 34 329
634 37 329
630 38 332
633 39 328
632 41 327
633 38 329
632 34 334
641 27 332
643 26 331
641 28 331
646 26 328
643 26 331
644 24 332
648 24 328
647 25 328
645 27 328
650 27 323
651 25 324
652 29 319
654 30 316
657 32 311
660 27 313
661 27 312
651 36 313
653 37 310
650 38 312
654 35 311
654 35 311
656 32 312
661 26 313
665 27 308
660 26 314
659 26 315
659 30 311
654 37 309
652 39 309
653 40 307
654 41 305
654 43 303
660 37 303
663 34 303
662 34 304
662 30 308
666 25 309
672 18 310
676 17 307
681 16 303
683 14 303
689 13 298
693 9 298
694 11 295
696 11 293
700 13 287
706 13 281
710 15 275
712 15 273
718 14 268
717 13 270
713 17 270
713 17 270
720 12 268
724 7 269
725 7 268
731 6 263
738 6 256
742 6 252
743 6 251
752 6 242
754 5 241
757 5 238
760 4 236
762 5 233
766 8 226
767 11 222
767 9 224
769 10 221
768 12 220
765 19 216
766 16 218
767 11 222
774 10 216
778 10 212
780 13 207
780 11 209
779 16 205
778 18 204
780 22 198
772 32 196
763 38 199
757 43 200
750 43 207
740 47 213
734 52 214
727 49 224
722 53 225
717 55 228
702 64 234
695 61 244
