653
32
158
127
129
858
196
779
198
814
897
144
611
911
231
492
192
878
990
859
214
642
507
407
308
658
831
918
209
493
759
108
509
269
18
41
145
202
474
364
873
154
751
398
205
278
65
460
377
582
472
7
865
916
900
780
506
256
264
883
741
147
771
563
893
676
630
828
284
778
409
599
482
526
562
426
557
428
853
660
881
578
187
294
649
136
70
457
289
588
341
373
703
705
988
999
301
513
72
115
299
495
847
755
310
204
590
503
555
902
461
55
802
971
687
955
352
63
841
270
103
473
598
984
864
25
191
604
972
948
825
164
917
391
143
784
379
