379
475
102
70
776
831
29
205
530
357
439
934
224
429
736
685
436
843
578
285
481
557
20
628
333
836
144
826
936
593
552
756
686
734
559
469
664
945
902
322
789
517
92
115
509
364
5
21
296
683
138
198
86
362
647
197
857
433
963
690
146
434
112
367
165
863
830
886
847
864
229
233
461
411
57
560
377
79
692
953
375
767
697
356
24
828
665
246
900
651
529
426
547
728
153
673
398
993
78
47
452
856
376
867
10
84
745
708
280
349
598
97
155
709
202
583
225
18
979
483
365
160
242
19
181
607
883
414
960
482
553
595
881
373
183
382
969
