406
347
768
477
234
357
682
336
525
141
547
293
856
6
885
712
833
127
855
690
876
149
343
568
445
356
711
932
710
992
880
945
646
709
860
226
593
938
559
44
412
692
220
367
123
500
113
397
745
952
22
462
434
261
620
117
611
210
197
311
598
813
706
916
428
994
863
704
371
716
913
522
780
530
579
550
176
788
15
765
872
686
110
970
272
615
239
501
950
565
904
30
360
947
825
808
987
930
870
797
279
179
936
670
447
816
463
385
225
861
345
301
750
526
953
613
249
318
755
104
277
696
698
718
981
538
556
271
132
728
973
966
793
375
515
156
965
