590
426
921
742
783
154
278
875
506
350
627
431
269
16
94
872
835
773
403
457
853
184
949
501
759
920
959
478
439
306
542
876
489
787
280
93
481
849
834
287
67
971
192
92
753
379
666
442
695
541
888
34
510
554
800
877
890
842
224
178
907
359
422
102
640
691
329
970
398
563
13
744
713
897
762
22
540
215
606
522
644
671
848
80
561
583
140
324
340
823
584
131
83
755
570
453
565
682
128
613
208
355
244
326
79
158
391
319
345
412
106
871
517
348
870
198
700
957
772
272
49
679
372
741
884
292
615
111
889
8
108
552
764
226
520
424
179
