822
173
861
789
404
464
338
454
451
348
413
868
531
825
213
143
743
165
885
799
297
2
713
78
224
94
906
901
259
123
156
857
831
970
883
242
667
379
174
640
340
353
558
434
712
323
412
514
87
939
809
663
77
555
306
304
836
786
44
339
816
93
303
710
96
191
518
990
481
284
747
19
517
233
746
753
607
751
329
916
249
801
570
179
695
294
891
645
615
896
987
851
79
199
170
646
772
571
312
293
495
892
1
616
778
390
139
905
928
468
439
70
431
874
649
744
241
889
761
541
812
6
590
967
351
188
938
445
525
45
378
131
135
579
383
393
791
