720
464
518
997
163
952
237
108
177
903
17
384
228
250
912
205
712
581
407
589
482
1
9
971
568
965
671
261
275
608
49
812
826
210
435
682
789
571
714
684
84
945
771
698
405
533
662
502
650
731
141
891
77
742
486
55
866
334
706
382
842
988
399
360
870
585
504
816
758
993
951
410
601
302
596
961
74
186
995
598
838
624
7
594
709
783
326
35
874
770
835
339
227
567
379
810
658
790
547
794
949
175
233
727
195
982
209
515
183
355
747
637
685
109
511
553
748
248
467
799
693
899
20
780
308
125
212
740
969
591
262
12
551
231
646
823
238
