644
161
887
874
662
285
683
241
592
500
37
914
71
396
98
24
274
369
883
666
79
605
324
342
231
125
364
246
782
675
568
33
691
426
636
258
424
10
507
85
31
478
831
21
43
290
9
815
483
832
200
416
172
170
603
244
584
707
614
885
146
365
166
136
257
531
649
656
99
230
835
303
923
440
509
130
425
932
325
392
552
126
460
228
890
23
34
93
451
867
236
375
743
117
191
518
972
59
788
65
463
576
904
305
240
570
363
376
475
395
627
630
341
493
444
680
940
678
64
857
541
421
910
68
698
591
897
911
133
352
77
32
29
168
86
986
89
