995 5 0
993 6 1
991 7 2
989 8 3
984 13 3
979 17 4
968 28 4
952 37 11
941 47 12
926 53 21
894 73 33
860 92 48
814 115 71
787 122 91
753 137 110
727 148 125
697 147 156
672 153 175
656 148 196
635 152 213
617 139 244
592 143 265
580 133 287
574 133 293
560 127 313
554 119 327
549 113 338
539 110 351
530 110 360
525 91 384
518 93 389
507 86 407
500 81 419
495 86 419
498 79 423
496 73 431
489 72 439
487 69 444
486 58 456
486 54 460
486 52 462
493 43 464
496 41 463
502 39 459
510 34 456
516 31 453
523 29 448
527 24 449
533 25 442
543 21 436
543 22 435
547 19 434
553 16 431
562 16 422
567 16 417
572 15 413
571 15 414
579 15 406
582 17 401
582 20 398
585 18 397
591 20 389
597 18 385
605 14 381
614 10 376
615 13 372
620 11 369
624 10 366
628 11 361
633 10 357
639 9 352
642 10 348
649 10 341
653 9 338
657 7 336
659 7 334
663 6 331
665 4 331
666 5 329
671 4 325
673 7 320
685 6 309
688 8 304
688 8 304
692 9 299
692 8 300
694 9 297
698 8 294
703 8 289
706 10 284
713 12 275
719 14 267
721 15 264
722 14 264
725 14 261
726 12 262
728 9 263
726 8 266
726 6 268
726 7 267
724 8 268
725 7 268
734 7 259
736 7 257
741 9 250
743 9 248
742 8 250
745 7 248
745 7 248
748 7 245
755 8 237
757 10 233
757 12 231
757 14 229
754 17 229
754 18 228
754 23 223
757 21 222
749 30 221
744 31 225
741 30 229
740 33 227
733 34 233
726 38 236
717 51 232
708 57 235
701 61 238
695 61 244
689 58 253
684 59 257
682 55 263
680 55 265
677 48 275
679 45 276
677 47 276
669 48 283
664 44 292
667 41 292
667 33 300
668 29 303
671 31 298
668 38 294
665 34 301
662 32 306
661 28 311
670 27 303
668 31 301
669 31 300
670 30 300
669 30 301
675 27 298
678 26 296
677 24 299
676 27 297
680 25 295
677 33 290
680 36 284
679 39 282
674 45 281
665 53 282
656 56 288
654 55 291
648 60 292
643 63 294
638 72 290
633 75 292
623 83 294
613 82 305
610 79 311
603 83 314
594 85 321
589 75 336
589 70 341
579 68 353
571 76 353
570 68 362
566 57 377
561 52 387
561 46 393
559 51 390
558 51 391
560 47 393
558 51 391
556 45 399
566 41 393
563 39 398
565 30 405
568 30 402
573 26 401
574 24 402
579 23 398
584 21 395
594 21 385
597 21 382
601 24 375
603 23 374
605 21 374
616 17 367
616 21 363
621 22 357
626 20 354
628 25 347
632 26 342
638 22 340
647 20 333
649 21 330
653 19 328
657 16 327
661 16 323
662 16 322
665 16 319
663 18 319
663 20 317
667 18 315
670 21 309
671 23 306
671 23 306
670 23 307
676 19 305
678 20 302
683 17 300
687 17 296
687 22 291
681 31 288
683 27 290
683 29 288
686 31 283
688 37 275
689 38 273
686 37 277
680 35 285
679 28 293
680 23 297
675 28 297
676 30 294
675 29 296
679 29 292
681 30 289
683 25 292
683 26 291
679 31 290
674 33 293
679 30 291
680 33 287
675 35 290
672 37 291
677 37 286
672 39 289
669 39 292
671 39 290
670 43 287
669 42 289
668 42 290
673 39 288
677 35 288
675 36 289
677 34 289
670 38 292
661 49 290
659 50 291
657 48 295
654 49 297
654 47 299
656 39 305
654 42 304
652 45 303
649 44 307
646 40 314
639 45 316
638 43 319
638 42 320
645 38 317
649 31 320
646 28 326
647 29 324
648 29 323
656 26 318
662 22 316
665 20 315
674 19 307
675 18 307
680 16 304
682 15 303
688 11 301
690 10 300
690 11 299
693 10 297
694 15 291
699 12 289
704 15 281
702 14 284
706 15 279
708 13 279
713 8 279
717 4 279
722 2 276
729 1 270
732 1 267
739 1 260
748 0 252
752 1 247
762 1 237
762 3 235
766 6 228
769 4 227
770 4 226
774 3 223
777 2 221
779 1 220
787 1 212
792 2 206
797 2 201
801 2 197
804 1 195
807 2 191
807 3 190
808 4 188
811 5 184
816 6 178
820 6 174
820 6 174
824 6 170
824 5 171
825 6 169
826 5 169
824 10 166
827 10 163
830 10 160
831 8 161
832 9 159
828 15 157
824 20 156
825 19 156
818 27 155
819 23 158
809 28 163
802 30 168
796 34 170
787 40 173
781 42 177
774 50 176
758 61 181
737 74 189
723 79 198
711 82 207
703 83 214
681 97 222
673 92 235
663 90 247
663 80 257
658 71 271
652 73 275
653 68 279
648 69 283
641 67 292
633 66 301
626 72 302
618 76 306
615 73 312
612 67 321
613 62 325
610 60 330
613 56 331
614 43 343
612 40 348
616 37 347
614 38 348
613 35 352
612 36 352
618 31 351
617 33 350
616 31 353
618 33 349
617 38 345
616 41 343
620 41 339
621 40 339
613 44 343
611 50 339
615 46 339
622 43 335
617 41 342
617 37 346
617 32 351
624 30 346
630 28 342
631 31 338
631 25 344
631 24 345
635 19 346
638 20 342
645 19 336
644 23 333
646 27 327
649 28 323
650 28 322
650 27 323
651 26 323
647 28 325
644 31 325
646 28 326
652 25 323
649 25 326
654 23 323
658 24 318
663 22 315
664 22 314
662 24 314
658 25 317
659 24 317
661 25 314
665 23 312
662 27 311
660 29 311
657 34 309
658 36 306
654 36 310
648 36 316
652 31 317
656 32 312
653 33 314
660 29 311
662 29 309
666 28 306
678 21 301
680 22 298
676 20 304
681 22 297
672 31 297
670 29 301
673 29 298
681 25 294
681 28 291
676 30 294
677 30 293
676 28 296
677 28 295
679 26 295
683 21 296
690 20 290
686 21 293
691 18 291
686 23 291
683 28 289
687 25 288
688 22 290
691 20 289
696 18 286
700 20 280
701 18 281
705 18 277
709 15 276
711 16 273
715 15 270
720 10 270
720 13 267
723 14 263
728 13 259
729 16 255
727 17 256
728 17 255
731 14 255
735 15 250
738 17 245
740 17 243
744 17 239
748 13 239
748 11 241
748 13 239
749 12 239
751 11 238
752 11 237
756 9 235
757 8 235
761 9 230
762 9 229
759 13 228
756 14 230
757 12 231
757 16 227
758 15 227
759 13 228
763 11 226
763 13 224
765 9 226
767 8 225
769 8 223
772 9 219
775 10 215
775 11 214
778 11 211
777 10 213
776 12 212
772 15 213
770 15 215
767 20 213
763 20 217
763 21 216
758 26 216
756 29 215
753 31 216
749 34 217
745 38 217
740 33 227
740 35 225
735 35 230
737 30 233
737 31 232
735 27 238
733 28 239
733 29 238
738 26 236
741 20 239
738 21 241
736 20 244
735 20 245
738 18 244
741 17 242
743 20 237
745 20 235
743 18 239
744 15 241
749 9 242
751 6 243
757 8 235
761 7 232
764 10 226
767 8 225
770 8 222
773 8 219
775 9 216
780 7 213
787 6 207
788 6 206
794 4 202
794 6 200
796 7 197
786 16 198
785 20 195
781 24 195
777 23 200
773 28 199
769 34 197
765 43 192
753 55 192
747 50 203
737 54 209
726 59 215
719 66 215
712 63 225
710 62 228
704 57 239
700 58 242
699 54 247
692 56 252
680 58 262
683 58 259
670 64 266
658 68 274
646 74 280
637 74 289
627 79 294
619 81 300
614 75 311
609 69 322
609 67 324
605 63 332
604 57 339
602 51 347
608 50 342
609 44 347
610 41 349
611 38 351
610 37 353
610 35 355
614 32 354
618 29 353
622 26 352
627 23 350
629 27 344
632 22 346
637 20 343
641 19 340
644 21 335
645 22 333
648 20 332
649 21 330
656 20 324
658 17 325
661 12 327
663 10 327
664 11 325
668 10 322
677 8 315
680 6 314
683 7 310
690 7 303
694 7 299
697 10 293
701 10 289
701 13 286
698 18 284
702 17 281
707 17 276
709 15 276
709 16 275
709 20 271
712 21 267
713 20 267
714 21 265
716 20 264
716 22 262
717 19 264
724 16 260
726 17 257
731 15 254
733 19 248
734 18 248
728 23 249
724 28 248
714 38 248
712 40 248
711 43 246
712 44 244
706 47 247
699 45 256
704 39 257
697 43 260
694 42 264
693 37 270
690 40 270
688 39 273
684 39 277
681 37 282
681 36 283
683 34 283
682 38 280
681 36 283
683 31 286
681 30 289
674 35 291
677 36 287
675 42 283
678 35 287
675 36 289
671 35 294
675 35 290
673 42 285
667 47 286
666 47 287
665 47 288
661 48 291
653 52 295
659 49 292
648 59 293
644 64 292
632 72 296
629 67 304
624 68 308
616 69 315
605 68 327
598 66 336
593 64 343
590 67 343
593 68 339
589 68 343
586 62 352
583 63 354
586 55 359
590 53 357
591 56 353
588 48 364
588 47 365
585 53 362
574 61 365
571 64 365
559 71 370
554 73 373
556 65 379
553 65 382
556 56 388
554 51 395
557 49 394
560 50 390
556 45 399
561 40 399
563 38 399
569 36 395
573 33 394
571 37 392
572 40 388
574 37 389
578 34 388
581 32 387
584 31 385
586 27 387
586 26 388
586 31 383
590 31 379
599 24 377
609 19 372
611 21 368
613 21 366
621 22 357
621 22 357
623 19 358
629 18 353
638 17 345
642 12 346
644 16 340
647 18 335
652 18 330
645 25 330
646 26 328
648 26 326
643 29 328
650 27 323
655 24 321
658 24 318
661 22 317
661 18 321
665 16 319
666 17 317
670 14 316
673 14 313
674 14 312
682 12 306
685 11 304
688 12 300
690 11 299
693 10 297
702 9 289
705 10 285
708 10 282
714 7 279
719 5 276
723 5 272
726 5 269
736 5 259
742 4 254
744 3 253
747 2 251
758 2 240
762 2 236
762 3 235
767 3 230
769 4 227
770 7 223
773 5 222
779 5 216
781 7 212
779 12 209
772 21 207
759 30 211
751 40 209
745 47 208
735 52 213
727 58 215
715 66 219
706 67 227
709 65 226
698 70 232
688 70 242
685 64 251
672 66 262
665 69 266
659 66 275
650 73 277
640 77 283
628 76 296
633 67 300
633 58 309
625 62 313
621 55 324
624 54 322
625 44 331
629 38 333
626 40 334
631 35 334
632 33 335
638 29 333
633 25 342
633 28 339
629 30 341
627 32 341
622 37 341
626 33 341
631 31 338
634 31 335
630 32 338
628 38 334
629 32 339
638 29 333
636 36 328
640 30 330
639 29 332
638 27 335
640 26 334
646 27 327
643 32 325
638 29 333
646 30 324
647 28 325
641 32 327
645 35 320
648 29 323
646 27 327
644 28 328
645 28 327
648 27 325
652 29 319
654 28 318
656 26 318
663 25 312
669 28 303
669 28 303
674 27 299
673 32 295
676 33 291
677 34 289
677 35 288
680 36 284
677 35 288
674 39 287
668 40 292
666 36 298
666 38 296
664 43 293
664 42 294
663 42 295
665 40 295
664 43 293
664 40 296
663 40 297
661 41 298
657 40 303
657 41 302
653 40 307
652 38 310
649 37 314
649 35 316
649 36 315
647 36 317
651 34 315
648 36 316
651 33 316
645 34 321
646 33 321
649 29 322
648 31 321
644 35 321
641 34 325
644 33 323
649 31 320
652 31 317
659 31 310
661 30 309
663 29 308
659 35 306
657 40 303
642 50 308
643 47 310
635 47 318
626 50 324
628 51 321
626 48 326
627 45 328
623 40 337
624 42 334
623 42 335
626 43 331
622 48 330
620 49 331
618 47 335
620 44 336
621 41 338
617 47 336
614 49 337
616 47 337
618 45 337
616 43 341
616 44 340
614 45 341
609 49 342
602 47 351
606 47 347
605 46 349
603 50 347
602 51 347
596 58 346
594 54 352
596 45 359
605 42 353
607 42 351
605 39 356
602 38 360
603 33 364
611 26 363
619 22 359
623 23 354
631 19 350
637 17 346
645 14 341
647 13 340
655 12 333
655 14 331
656 12 332
660 14 326
661 20 319
653 24 323
655 27 318
656 28 316
664 27 309
665 30 305
669 31 300
678 28 294
685 26 289
687 24 289
691 24 285
692 29 279
690 25 285
691 21 288
695 22 283
698 22 280
700 20 280
698 19 283
700 25 275
711 21 268
711 18 271
714 16 270
719 17 264
721 18 261
721 20 259
719 20 261
711 32 257
705 37 258
703 39 258
698 41 261
693 47 260
692 43 265
682 47 271
676 48 276
669 50 281
658 52 290
662 50 288
658 51 291
659 47 294
657 49 294
655 49 296
655 52 293
655 50 295
661 41 298
658 43 299
655 43 302
663 39 298
662 42 296
656 42 302
652 43 305
642 49 309
643 45 312
646 46 308
644 45 311
635 45 320
637 46 317
634 48 318
631 55 314
625 57 318
628 54 318
626 56 318
625 55 320
622 55 323
619 53 328
616 49 335
615 53 332
616 47 337
609 47 344
609 43 348
607 39 354
610 37 353
612 34 354
613 35 352
612 35 353
613 32 355
612 31 357
612 36 352
613 36 351
613 37 350
618 35 347
613 40 347
610 41 349
609 40 351
610 36 354
607 40 353
607 38 355
604 42 354
597 45 358
593 44 363
591 44 365
594 41 365
596 38 366
600 38 362
