1000 0 0
1000 0 0
1000 0 0
997 3 0
996 3 1
991 6 3
980 15 5
967 25 8
961 27 12
946 39 15
930 46 24
907 58 35
880 73 47
853 81 66
824 93 83
796 103 101
773 114 113
750 116 134
731 129 140
698 144 158
667 151 182
636 154 210
611 152 237
597 150 253
583 142 275
570 136 294
559 131 310
549 124 327
533 120 347
527 105 368
531 103 366
528 97 375
520 97 383
514 97 389
518 90 392
516 84 400
511 86 403
511 79 410
506 75 419
502 70 428
502 62 436
500 57 443
501 50 449
505 51 444
505 52 443
505 50 445
507 46 447
509 43 448
508 35 457
511 35 454
518 28 454
528 31 441
529 38 433
534 33 433
541 35 424
539 36 425
539 39 422
540 37 423
541 37 422
550 30 420
555 27 418
561 23 416
566 25 409
570 22 408
577 18 405
585 17 398
589 14 397
590 16 394
597 14 389
603 14 383
607 12 381
612 8 380
616 7 377
620 9 371
623 9 368
627 7 366
632 6 362
635 6 359
643 6 351
646 4 350
649 4 347
648 8 344
658 8 334
667 8 325
668 8 324
672 7 321
680 8 312
688 10 302
697 11 292
701 15 284
700 14 286
698 18 284
705 14 281
709 12 279
708 12 280
706 13 281
711 11 278
710 15 275
710 15 275
710 16 274
711 18 271
713 20 267
716 16 268
719 13 268
723 11 266
726 9 265
728 7 265
735 7 258
741 6 253
746 6 248
756 8 236
758 8 234
762 7 231
768 10 222
766 9 225
764 11 225
764 10 226
765 12 223
758 19 223
755 21 224
752 25 223
752 26 222
745 32 223
738 35 227
736 38 226
732 30 238
730 30 240
728 32 240
724 32 244
721 34 245
722 28 250
724 35 241
717 41 242
712 43 245
706 44 250
709 44 247
700 52 248
694 51 255
698 50 252
694 55 251
685 55 260
679 60 261
671 67 262
664 63 273
659 61 280
660 58 282
656 47 297
645 58 297
646 52 302
650 45 305
644 52 304
642 48 310
635 52 313
633 52 315
632 49 319
632 47 321
633 35 332
629 41 330
625 43 332
618 41 341
619 38 343
620 35 345
623 35 342
621 38 341
622 34 344
621 38 341
629 38 333
622 44 334
621 45 334
620 43 337
614 47 339
609 44 347
602 44 354
599 44 357
601 39 360
597 42 361
598 45 357
592 47 361
593 46 361
599 44 357
600 40 360
598 40 362
604 41 355
608 38 354
616 31 353
617 30 353
611 35 354
612 33 355
609 39 352
609 45 346
605 49 346
599 50 351
599 47 354
605 42 353
605 40 355
601 39 360
603 38 359
597 40 363
599 45 356
599 37 364
603 37 360
604 36 360
611 38 351
609 35 356
616 35 349
619 31 350
621 26 353
619 26 355
620 29 351
626 28 346
624 32 344
625 30 345
627 32 341
624 33 343
626 34 340
625 34 341
621 35 344
622 35 343
618 36 346
620 34 346
619 35 346
623 35 342
622 35 343
619 30 351
632 30 338
628 35 337
616 43 341
619 39 342
620 39 341
622 35 343
613 41 346
612 41 347
613 38 349
617 39 344
615 40 345
613 40 347
612 46 342
604 54 342
594 56 350
591 57 352
585 56 359
585 60 355
590 50 360
588 53 359
582 59 359
580 57 363
577 55 368
580 56 364
575 54 371
575 53 372
572 57 371
575 46 379
575 44 381
576 40 384
576 43 381
576 43 381
577 43 380
584 41 375
584 42 374
587 41 372
590 34 376
588 38 374
590 34 376
591 33 376
589 35 376
587 40 373
593 38 369
592 41 367
593 42 365
596 34 370
597 31 372
599 33 368
609 30 361
614 24 362
614 23 363
624 23 353
627 20 353
627 16 357
631 18 351
634 18 348
632 19 349
634 16 350
642 17 341
646 15 339
648 15 337
653 16 331
658 14 328
665 11 324
669 11 320
677 11 312
681 12 307
678 14 308
689 12 299
696 13 291
698 15 287
705 14 281
707 21 272
708 23 269
707 26 267
710 33 257
707 34 259
707 40 253
702 34 264
700 34 266
694 39 267
689 42 269
686 42 272
682 37 281
676 35 289
676 32 292
662 45 293
654 52 294
648 57 295
643 61 296
631 63 306
625 60 315
629 53 318
623 57 320
627 50 323
626 52 322
631 48 321
626 50 324
630 45 325
630 47 323
630 43 327
629 46 325
627 43 330
625 47 328
619 51 330
615 53 332
611 54 335
602 55 343
590 62 348
596 60 344
590 59 351
588 54 358
592 57 351
590 61 349
594 57 349
589 59 352
583 62 355
579 59 362
576 51 373
579 49 372
578 49 373
586 39 375
587 37 376
586 31 383
593 30 377
588 33 379
592 34 374
598 27 375
599 30 371
600 32 368
599 29 372
607 26 367
611 26 363
620 23 357
628 20 352
625 21 354
631 20 349
638 16 346
646 13 341
663 14 323
666 17 317
670 17 313
672 15 313
681 14 305
686 13 301
684 16 300
693 13 294
698 10 292
699 13 288
699 15 286
698 20 282
694 26 280
684 39 277
674 52 274
672 51 277
665 50 285
654 51 295
652 45 303
647 44 309
644 39 317
647 33 320
642 39 319
650 40 310
650 40 310
652 41 307
655 38 307
658 35 307
661 37 302
658 40 302
654 45 301
649 45 306
644 42 314
642 44 314
638 46 316
629 49 322
622 53 325
621 48 331
621 45 334
622 43 335
626 40 334
630 40 330
629 39 332
632 36 332
633 34 333
634 31 335
633 34 333
634 29 337
641 24 335
640 25 335
636 33 331
636 34 330
636 31 333
633 30 337
633 28 339
635 29 336
638 26 336
643 22 335
644 25 331
642 30 328
646 23 331
649 22 329
647 23 330
651 28 321
652 27 321
651 31 318
651 32 317
656 34 310
654 35 311
652 35 313
649 40 311
647 39 314
646 34 320
646 33 321
654 33 313
652 31 317
653 30 317
652 31 317
654 27 319
654 30 316
650 27 323
649 24 327
647 30 323
647 32 321
646 30 324
649 31 320
649 30 321
648 29 323
650 32 318
645 35 320
649 37 314
647 40 313
647 31 322
649 33 318
654 32 314
656 28 316
657 29 314
651 32 317
649 29 322
651 28 321
659 25 316
661 25 314
659 30 311
665 27 308
666 26 308
669 20 311
671 21 308
672 21 307
672 17 311
673 20 307
674 19 307
675 20 305
676 19 305
677 21 302
681 23 296
675 26 299
669 36 295
665 42 293
648 60 292
650 67 283
642 67 291
631 72 297
616 78 306
610 72 318
602 69 329
595 80 325
590 75 335
586 74 340
586 69 345
585 63 352
587 58 355
586 53 361
587 46 367
584 47 369
586 46 368
588 43 369
584 46 370
588 42 370
579 47 374
579 53 368
580 53 367
578 57 365
587 55 358
581 48 371
580 42 378
582 36 382
588 39 373
589 39 372
586 41 373
585 37 378
587 37 376
585 42 373
586 41 373
585 40 375
583 38 379
580 40 380
577 41 382
579 38 383
585 34 381
582 40 378
586 33 381
591 30 379
594 27 379
595 32 373
600 32 368
597 38 365
593 35 372
596 35 369
601 30 369
609 27 364
607 33 360
615 25 360
614 24 362
622 23 355
621 22 357
623 28 349
634 22 344
637 25 338
638 25 337
642 28 330
645 27 328
649 29 322
654 29 317
659 27 314
661 22 317
665 21 314
666 21 313
669 27 304
665 30 305
664 29 307
667 27 306
667 31 302
670 27 303
674 31 295
676 33 291
675 37 288
674 37 289
679 30 291
677 35 288
681 32 287
684 31 285
685 29 286
678 35 287
677 34 289
676 33 291
670 40 290
672 39 289
674 37 289
675 37 288
669 39 292
665 43 292
660 46 294
660 46 294
653 49 298
649 51 300
646 52 302
642 52 306
641 49 310
633 50 317
620 60 320
612 60 328
607 62 331
607 61 332
600 63 337
597 64 339
598 64 338
602 59 339
600 60 340
600 62 338
598 62 340
597 54 349
594 54 352
591 52 357
596 41 363
597 32 371
599 25 376
602 25 373
607 23 370
610 19 371
606 20 374
609 18 373
606 25 369
611 26 363
620 23 357
626 19 355
629 16 355
634 12 354
634 10 356
641 8 351
655 9 336
661 8 331
666 9 325
670 9 321
674 10 316
676 7 317
678 8 314
682 6 312
685 6 309
690 5 305
696 8 296
700 10 290
701 14 285
701 18 281
703 18 279
709 14 277
716 17 267
719 15 266
722 18 260
722 17 261
720 16 264
718 18 264
714 23 263
708 25 267
708 29 263
703 34 263
695 37 268
684 42 274
686 36 278
680 39 281
679 37 284
680 36 284
677 44 279
678 45 277
678 41 281
679 39 282
674 42 284
677 37 286
682 30 288
686 27 287
687 27 286
688 27 285
688 28 284
689 27 284
686 29 285
684 32 284
685 30 285
682 32 286
682 30 288
683 32 285
679 31 290
678 34 288
678 32 290
681 32 287
682 26 292
678 34 288
679 35 286
668 44 288
661 47 292
653 52 295
646 52 302
641 48 311
640 41 319
644 38 318
648 39 313
648 37 315
642 40 318
640 40 320
643 39 318
642 36 322
639 40 321
642 32 326
638 37 325
636 37 327
640 37 323
640 36 324
641 34 325
642 37 321
639 36 325
636 36 328
633 34 333
637 28 335
635 27 338
634 29 337
631 32 337
639 28 333
634 27 339
634 29 337
637 29 334
642 30 328
641 25 334
643 28 329
644 27 329
643 29 328
649 30 321
652 34 314
650 38 312
646 43 311
644 47 309
647 49 304
645 47 308
642 42 316
647 35 318
649 37 314
649 35 316
647 38 315
644 39 317
640 40 320
639 40 321
642 35 323
637 40 323
636 41 323
633 42 325
630 38 332
625 42 333
619 47 334
615 44 341
619 42 339
619 39 342
612 39 349
611 41 348
614 42 344
614 38 348
613 39 348
613 40 347
614 42 344
598 57 345
596 56 348
596 54 350
594 59 347
594 52 354
594 47 359
586 49 365
582 46 372
583 39 378
586 42 372
589 36 375
587 41 372
594 42 364
591 42 367
594 40 366
595 36 369
595 37 368
589 40 371
582 50 368
575 47 378
576 44 380
579 42 379
579 42 379
575 35 390
576 33 391
584 35 381
584 34 382
584 33 383
588 35 377
589 36 375
589 36 375
595 30 375
600 31 369
602 26 372
606 27 367
613 22 365
619 19 362
627 18 355
628 20 352
631 21 348
632 18 350
632 20 348
633 17 350
639 17 344
642 18 340
647 17 336
652 19 329
658 18 324
659 14 327
657 19 324
658 17 325
663 16 321
666 16 318
669 13 318
673 11 316
676 10 314
679 9 312
680 8 312
689 9 302
695 9 296
699 12 289
704 12 284
707 13 280
712 13 275
712 13 275
720 13 267
720 16 264
719 17 264
720 20 260
717 22 261
717 28 255
718 28 254
720 27 253
712 33 255
713 24 263
709 24 267
706 25 269
708 26 266
709 25 266
707 31 262
709 35 256
703 38 259
695 44 261
687 47 266
682 54 264
676 47 277
675 46 279
674 46 280
667 43 290
672 36 292
669 36 295
665 32 303
665 35 300
664 32 304
659 35 306
657 37 306
664 37 299
660 42 298
658 44 298
654 49 297
647 51 302
644 47 309
650 40 310
646 44 310
640 43 317
641 38 321
644 36 320
648 36 316
651 34 315
654 35 311
653 34 313
655 35 310
656 36 308
653 41 306
650 33 317
650 30 320
648 37 315
648 36 316
646 37 317
640 39 321
639 39 322
630 43 327
628 41 331
619 48 333
624 42 334
622 44 334
617 50 333
616 51 333
614 55 331
618 54 328
612 50 338
607 48 345
608 47 345
601 54 345
601 59 340
604 61 335
599 61 340
593 57 350
593 50 357
588 42 370
588 39 373
592 36 372
600 38 362
604 40 356
603 43 354
604 41 355
606 41 353
600 45 355
602 38 360
609 37 354
615 33 352
612 31 357
617 27 356
615 34 351
614 30 356
615 30 355
621 26 353
628 25 347
631 25 344
634 24 342
634 25 341
644 18 338
646 19 335
647 20 333
648 20 332
647 21 332
649 23 328
654 21 325
660 22 318
659 25 316
663 23 314
664 23 313
670 22 308
664 28 308
665 32 303
666 30 304
664 27 309
666 27 307
668 27 305
668 23 309
671 22 307
672 24 304
672 26 302
678 23 299
680 20 300
681 19 300
681 21 298
684 23 293
685 18 297
688 20 292
683 29 288
680 33 287
675 30 295
678 30 292
677 36 287
675 40 285
669 41 290
672 38 290
668 36 296
667 36 297
671 29 300
673 27 300
673 32 295
667 33 300
663 32 305
664 31 305
668 33 299
669 31 300
668 29 303
665 26 309
668 26 306
668 25 307
669 24 307
674 24 302
677 26 297
675 30 295
673 32 295
675 29 296
678 24 298
678 23 299
675 25 300
679 25 296
679 28 293
679 29 292
676 33 291
675 35 290
672 42 286
670 39 291
660 43 297
657 41 302
655 39 306
651 42 307
636 53 311
632 54 314
629 54 317
633 55 312
629 52 319
630 54 316
627 43 330
628 41 331
629 39 332
626 38 336
625 38 337
630 32 338
627 37 336
629 32 339
621 40 339
625 34 341
625 35 340
621 37 342
620 38 342
615 40 345
613 42 345
605 50 345
606 48 346
605 49 346
606 47 347
602 53 345
600 54 346
603 49 348
603 49 348
605 48 347
603 44 353
