995 5 0
994 4 2
993 5 2
993 4 3
991 6 3
990 7 3
989 6 5
988 7 5
985 9 6
985 9 6
982 10 8
980 10 10
972 18 10
957 31 12
936 45 19
913 62 25
894 68 38
873 74 53
841 94 65
822 99 79
799 102 99
778 102 120
758 99 143
735 102 163
716 106 178
684 118 198
660 124 216
638 126 236
624 121 255
607 125 268
589 123 288
580 116 304
574 115 311
572 114 314
560 104 336
550 95 355
529 111 360
520 111 369
520 95 385
515 91 394
515 84 401
518 75 407
507 71 422
509 67 424
503 65 432
506 58 436
505 54 441
510 53 437
512 50 438
511 46 443
513 42 445
513 43 444
518 37 445
526 37 437
529 36 435
531 36 433
537 27 436
547 21 432
552 20 428
557 22 421
559 21 420
564 21 415
571 21 408
570 22 408
577 24 399
585 25 390
586 27 387
601 24 375
606 20 374
609 21 370
611 20 369
617 17 366
623 15 362
630 14 356
634 14 352
634 15 351
644 14 342
651 12 337
653 10 337
657 12 331
662 10 328
664 11 325
662 14 324
663 15 322
667 15 318
671 17 312
674 20 306
677 16 307
680 15 305
685 15 300
686 18 296
690 21 289
692 23 285
685 28 287
683 34 283
682 35 283
678 36 286
682 39 279
680 40 280
679 35 286
676 33 291
674 32 294
673 25 302
675 30 295
676 29 295
676 34 290
676 38 286
672 36 292
668 37 295
663 38 299
663 37 300
659 40 301
657 40 303
656 38 306
660 31 309
662 31 307
668 26 306
673 27 300
672 27 301
679 22 299
684 21 295
682 24 294
683 23 294
681 28 291
678 29 293
666 43 291
653 45 302
651 50 299
653 45 302
647 48 305
647 37 316
652 34 314
652 33 315
657 32 311
664 33 303
664 25 311
668 26 306
669 27 304
668 28 304
673 22 305
682 20 298
681 21 298
680 22 298
680 24 296
676 27 297
675 34 291
667 39 294
669 34 297
668 35 297
661 37 302
658 38 304
659 37 304
655 45 300
645 52 303
644 50 306
641 49 310
639 49 312
637 48 315
632 54 314
635 50 315
632 49 319
631 47 322
635 49 316
633 44 323
630 46 324
624 51 325
623 51 326
620 55 325
613 59 328
606 58 336
600 61 339
595 57 348
588 59 353
590 53 357
589 52 359
590 45 365
586 46 368
588 41 371
593 33 374
597 29 374
602 23 375
606 20 374
608 18 374
607 16 377
611 17 372
615 14 371
621 14 365
629 13 358
633 14 353
634 18 348
643 14 343
643 13 344
649 10 341
657 8 335
661 7 332
664 5 331
670 2 328
672 4 324
668 11 321
665 19 316
655 31 314
652 42 306
653 43 304
646 48 306
640 50 310
643 47 310
641 37 322
642 32 326
642 30 328
647 30 323
647 28 325
652 29 319
655 23 322
656 23 321
660 21 319
662 20 318
664 21 315
664 23 313
672 20 308
677 19 304
679 17 304
685 14 301
686 13 301
684 17 299
686 17 297
689 18 293
692 17 291
693 16 291
694 19 287
694 22 284
698 20 282
702 21 277
704 20 276
695 26 279
697 24 279
695 30 275
695 29 276
696 26 278
698 28 274
699 28 273
698 27 275
698 25 277
692 30 278
698 29 273
696 28 276
696 25 279
694 25 281
699 27 274
699 26 275
697 30 273
695 34 271
695 34 271
690 35 275
681 49 270
674 53 273
672 50 278
669 51 280
669 50 281
666 52 282
666 48 286
667 50 283
661 51 288
651 55 294
649 48 303
645 49 306
654 41 305
656 40 304
656 37 307
652 40 308
653 29 318
650 31 319
652 29 319
657 30 313
650 36 314
649 35 316
653 31 316
649 35 316
644 40 316
638 41 321
642 43 315
640 42 318
644 44 312
640 44 316
643 40 317
643 38 319
639 40 321
644 39 317
644 40 316
633 50 317
632 49 319
632 49 319
636 50 314
633 55 312
626 57 317
627 61 312
617 67 316
601 77 322
589 76 335
585 68 347
579 66 355
585 60 355
591 53 356
588 55 357
591 54 355
588 52 360
589 51 360
588 50 362
592 46 362
591 47 362
587 43 370
585 46 369
585 45 370
588 46 366
597 45 358
599 38 363
604 29 367
602 27 371
604 29 367
611 29 360
614 29 357
617 27 356
624 27 349
629 21 350
632 21 347
637 20 343
637 23 340
643 18 339
652 15 333
656 16 328
660 16 324
664 16 320
666 16 318
672 13 315
673 13 314
676 12 312
673 13 314
677 17 306
679 17 304
682 12 306
685 14 301
692 15 293
691 15 294
690 21 289
691 23 286
694 20 286
699 16 285
701 18 281
708 19 273
711 15 274
712 14 274
723 13 264
724 15 261
724 20 256
725 23 252
720 24 256
719 26 255
715 28 257
716 26 258
719 24 257
722 23 255
723 23 254
725 22 253
730 22 248
734 18 248
737 14 249
739 13 248
741 13 246
742 14 244
742 12 246
743 10 247
743 10 247
750 11 239
754 10 236
756 9 235
756 11 233
757 9 234
758 7 235
762 8 230
762 7 231
766 6 228
769 3 228
773 3 224
776 3 221
778 3 219
780 8 212
779 10 211
783 10 207
778 15 207
777 19 204
774 22 204
770 21 209
763 24 213
757 27 216
754 35 211
749 31 220
743 37 220
733 41 226
732 38 230
731 37 232
730 35 235
729 35 236
731 29 240
728 30 242
732 29 239
733 27 240
731 25 244
736 24 240
732 27 241
731 26 243
730 27 243
730 24 246
732 25 243
726 31 243
718 37 245
716 35 249
708 39 253
711 37 252
703 45 252
691 50 259
681 58 261
671 60 269
667 57 276
658 55 287
648 63 289
648 59 293
640 63 297
633 72 295
631 71 298
621 78 301
609 75 316
602 74 324
598 71 331
596 59 345
596 59 345
588 62 350
579 65 356
577 67 356
580 63 357
581 64 355
576 70 354
573 66 361
572 60 368
572 59 369
573 54 373
573 52 375
574 50 376
578 39 383
580 39 381
580 38 382
586 36 378
589 31 380
594 29 377
599 28 373
598 30 372
601 27 372
602 32 366
605 33 362
600 37 363
599 39 362
598 36 366
600 38 362
599 36 365
600 40 360
600 41 359
600 38 362
599 37 364
599 37 364
597 39 364
590 46 364
588 50 362
584 49 367
581 52 367
579 52 369
581 48 371
589 48 363
590 50 360
593 46 361
596 46 358
595 51 354
588 53 359
586 55 359
583 50 367
584 46 370
583 52 365
581 46 373
580 47 373
580 48 372
576 49 375
577 44 379
577 46 377
576 43 381
578 45 377
583 37 380
584 39 377
586 41 373
585 42 373
582 41 377
581 39 380
584 39 377
580 40 380
586 36 378
586 32 382
591 31 378
598 30 372
600 30 370
603 26 371
604 24 372
608 23 369
607 30 363
603 41 356
605 39 356
603 41 356
599 44 357
603 40 357
605 36 359
607 32 361
602 32 366
605 28 367
605 28 367
611 29 360
613 35 352
616 38 346
614 44 342
612 48 340
612 48 340
617 40 343
613 40 347
609 40 351
608 37 355
611 34 355
619 34 347
622 34 344
621 29 350
627 30 343
624 37 339
627 35 338
631 33 336
627 34 339
626 35 339
625 35 340
629 33 338
633 27 340
637 23 340
638 20 342
638 18 344
645 16 339
645 13 342
648 12 340
653 13 334
660 13 327
663 11 326
670 10 320
673 9 318
676 9 315
680 8 312
686 9 305
684 15 301
678 24 298
678 23 299
679 23 298
674 31 295
676 29 295
675 35 290
668 41 291
666 40 294
659 47 294
649 56 295
641 56 303
636 60 304
630 62 308
619 69 312
621 61 318
615 61 324
604 70 326
584 79 337
572 79 349
566 79 355
564 68 368
563 70 367
562 67 371
560 63 377
561 52 387
560 50 390
564 49 387
565 52 383
566 49 385
567 45 388
570 37 393
575 33 392
572 31 397
577 30 393
578 27 395
573 32 395
584 27 389
590 29 381
589 26 385
593 28 379
597 28 375
602 27 371
605 22 373
613 20 367
619 18 363
622 16 362
623 20 357
631 19 350
633 17 350
637 18 345
642 19 339
643 19 338
647 17 336
648 15 337
650 12 338
650 12 338
652 14 334
654 8 338
653 7 340
660 6 334
666 5 329
671 4 325
671 8 321
676 8 316
676 10 314
674 13 313
675 16 309
676 18 306
677 23 300
671 25 304
673 27 300
665 32 303
666 31 303
670 32 298
671 33 296
671 38 291
668 42 290
668 38 294
669 34 297
671 27 302
675 28 297
684 27 289
679 32 289
680 32 288
677 37 286
672 38 290
669 37 294
660 46 294
659 45 296
660 44 296
660 41 299
658 39 303
651 41 308
645 43 312
644 42 314
644 41 315
644 41 315
638 47 315
634 50 316
625 52 323
616 59 325
621 54 325
622 50 328
620 46 334
622 46 332
621 47 332
619 48 333
619 47 334
616 47 337
607 47 346
609 43 348
597 54 349
601 53 346
600 52 348
595 44 361
597 39 364
599 41 360
602 38 360
606 45 349
608 50 342
606 53 341
605 51 344
607 49 344
607 51 342
603 50 347
600 54 346
594 60 346
599 58 343
591 58 351
586 55 359
584 60 356
580 59 361
582 54 364
583 55 362
583 51 366
583 48 369
581 47 372
590 38 372
581 43 376
578 40 382
577 40 383
579 35 386
578 38 384
575 36 389
577 38 385
583 32 385
584 31 385
581 35 384
586 37 377
586 40 374
585 42 373
585 41 374
584 40 376
582 39 379
579 40 381
585 31 384
587 25 388
592 24 384
604 22 374
607 22 371
605 26 369
611 19 370
615 16 369
617 15 368
621 14 365
627 14 359
635 10 355
636 9 355
640 5 355
650 5 345
660 6 334
668 7 325
673 9 318
677 10 313
683 9 308
686 9 305
687 10 303
692 8 300
693 10 297
698 11 291
701 11 288
702 10 288
703 12 285
709 8 283
715 8 277
714 9 277
713 12 275
720 11 269
725 10 265
726 12 262
728 15 257
731 15 254
731 16 253
736 17 247
724 31 245
718 35 247
716 40 244
715 36 249
712 31 257
712 31 257
708 35 257
710 30 260
713 27 260
717 25 258
720 24 256
724 21 255
722 23 255
725 27 248
722 31 247
719 32 249
719 30 251
721 24 255
724 23 253
725 19 256
727 19 254
726 19 255
726 20 254
730 21 249
730 22 248
727 25 248
727 24 249
729 22 249
722 28 250
720 23 257
720 19 261
722 19 259
719 26 255
716 30 254
712 32 256
707 32 261
693 44 263
684 53 263
675 50 275
670 53 277
667 53 280
664 56 280
656 58 286
659 50 291
659 49 292
661 50 289
659 54 287
653 51 296
649 54 297
643 55 302
642 50 308
642 46 312
642 45 313
644 36 320
644 36 320
648 38 314
651 42 307
650 42 308
646 42 312
646 40 314
646 37 317
649 36 315
651 36 313
655 30 315
652 32 316
657 31 312
661 29 310
662 31 307
659 38 303
654 41 305
645 46 309
643 39 318
645 37 318
647 37 316
651 34 315
642 38 320
644 35 321
644 34 322
645 31 324
643 34 323
646 35 319
643 31 326
645 32 323
646 31 323
646 31 323
645 33 322
641 36 323
642 36 322
636 38 326
643 35 322
644 35 321
648 32 320
655 28 317
655 26 319
656 22 322
658 19 323
663 15 322
668 13 319
671 14 315
676 14 310
678 15 307
679 15 306
679 17 304
684 16 300
692 11 297
695 8 297
697 8 295
702 8 290
706 11 283
704 11 285
709 10 281
718 10 272
719 9 272
721 10 269
727 10 263
730 13 257
727 16 257
731 19 250
724 25 251
721 23 256
717 26 257
716 24 260
716 24 260
717 25 258
720 22 258
718 24 258
719 22 259
719 24 257
718 20 262
724 20 256
736 17 247
737 15 248
741 13 246
743 14 243
749 11 240
750 12 238
751 13 236
752 11 237
756 11 233
759 11 230
763 7 230
762 10 228
767 10 223
772 8 220
773 8 219
779 8 213
776 11 213
776 12 212
772 18 210
772 20 208
765 22 213
770 23 207
768 19 213
769 20 211
774 14 212
774 13 213
775 15 210
775 16 209
776 15 209
780 16 204
777 20 203
777 21 202
776 22 202
777 18 205
778 20 202
776 24 200
774 26 200
769 30 201
763 33 204
762 35 203
748 43 209
741 41 218
731 45 224
713 57 230
701 65 234
691 66 243
675 78 247
653 89 258
642 87 271
628 90 282
612 94 294
601 95 304
592 95 313
588 91 321
584 89 327
575 85 340
574 77 349
568 73 359
568 69 363
564 68 368
568 60 372
574 51 375
571 49 380
575 41 384
577 43 380
582 40 378
589 33 378
589 31 380
595 28 377
593 35 372
596 31 373
598 30 372
602 32 366
605 31 364
605 36 359
602 40 358
602 43 355
609 41 350
605 44 351
604 46 350
607 43 350
608 41 351
611 39 350
618 35 347
614 39 347
616 42 342
619 37 344
619 38 343
618 41 341
625 40 335
623 42 335
625 43 332
623 43 334
627 43 330
626 41 333
623 39 338
631 30 339
633 32 335
635 30 335
638 27 335
640 24 336
643 19 338
645 13 342
649 14 337
651 11 338
657 12 331
662 14 324
667 17 316
672 10 318
676 9 315
677 10 313
677 10 313
680 9 311
686 7 307
690 8 302
694 8 298
686 19 295
689 20 291
688 20 292
689 26 285
