1000 0 0
1000 0 0
999 1 0
993 7 0
988 9 3
977 14 9
964 23 13
953 28 19
939 34 27
922 42 36
903 53 44
887 57 56
866 74 60
844 86 70
817 101 82
795 109 96
776 98 126
753 115 132
719 130 151
686 140 174
669 135 196
651 135 214
628 141 231
605 140 255
583 143 274
564 130 306
555 128 317
540 130 330
525 129 346
523 121 356
517 112 371
506 103 391
500 100 400
501 91 408
490 93 417
496 82 422
497 74 429
502 68 430
500 62 438
507 59 434
511 58 431
515 56 429
515 53 432
515 49 436
519 48 433
522 43 435
524 37 439
530 37 433
532 32 436
540 30 430
544 26 430
547 24 429
548 27 425
549 25 426
556 22 422
563 19 418
566 19 415
565 18 417
578 16 406
587 15 398
586 17 397
592 16 392
593 17 390
600 14 386
604 11 385
608 11 381
612 11 377
623 10 367
626 10 364
629 11 360
630 12 358
631 13 356
635 15 350
634 14 352
634 17 349
642 19 339
642 24 334
645 26 329
646 29 325
648 31 321
648 24 328
652 23 325
655 23 322
655 25 320
652 27 321
648 31 321
644 33 323
641 39 320
640 38 322
642 38 320
640 39 321
641 38 321
643 36 321
633 40 327
630 47 323
626 47 327
624 49 327
623 48 329
621 51 328
626 47 327
625 51 324
623 46 331
621 53 326
627 49 324
626 50 324
620 52 328
614 47 339
610 43 347
609 46 345
603 52 345
596 59 345
596 59 345
595 60 345
593 57 350
590 56 354
595 54 351
594 58 348
596 48 356
594 45 361
597 41 362
599 42 359
604 40 356
608 36 356
611 34 355
617 31 352
617 34 349
621 33 346
624 31 345
626 31 343
624 31 345
621 26 353
625 24 351
629 24 347
632 21 347
635 22 343
638 21 341
635 26 339
638 26 336
647 28 325
652 27 321
651 31 318
647 34 319
646 34 320
651 34 315
652 31 317
651 30 319
650 30 320
653 29 318
655 26 319
652 29 319
657 30 313
653 40 307
644 43 313
646 39 315
647 40 313
640 43 317
635 42 323
629 43 328
634 47 319
631 43 326
631 42 327
624 43 333
622 47 331
625 47 328
624 37 339
626 40 334
624 42 334
623 40 337
627 34 339
631 33 336
629 38 333
629 39 332
626 38 336
623 40 337
625 41 334
626 40 334
626 38 336
624 38 338
624 32 344
624 31 345
627 30 343
634 27 339
634 27 339
635 28 337
638 29 333
638 33 329
632 36 332
630 36 334
628 42 330
623 44 333
622 47 331
618 41 341
619 45 336
620 47 333
621 46 333
618 44 338
613 47 340
618 37 345
612 33 355
615 31 354
613 33 354
617 33 350
613 32 355
613 29 358
614 26 360
613 35 352
614 36 350
616 37 347
614 31 355
615 31 354
617 28 355
617 29 354
617 32 351
618 34 348
620 35 345
626 43 331
623 45 332
615 55 330
612 49 339
608 49 343
605 51 344
604 46 350
601 42 357
601 43 356
600 44 356
605 40 355
603 37 360
598 40 362
597 35 368
599 32 369
603 29 368
608 28 364
607 30 363
606 32 362
607 32 361
610 35 355
610 30 360
610 30 360
605 30 365
606 35 359
610 31 359
609 35 356
613 36 351
617 37 346
616 34 350
618 35 347
617 35 348
620 34 346
624 34 342
630 32 338
632 34 334
636 36 328
633 38 329
635 38 327
637 39 324
632 44 324
634 43 323
635 41 324
639 37 324
640 35 325
645 37 318
647 35 318
645 38 317
642 42 316
635 45 320
632 44 324
619 54 327
610 63 327
599 67 334
600 63 337
598 56 346
592 59 349
587 57 356
590 46 364
591 43 366
585 46 369
591 43 366
590 39 371
589 37 374
588 36 376
589 32 379
587 34 379
586 29 385
595 24 381
602 18 380
602 14 384
602 18 380
610 14 376
606 17 377
609 19 372
606 18 376
605 23 372
604 21 375
610 20 370
614 19 367
613 23 364
617 21 362
617 20 363
613 24 363
618 21 361
618 22 360
621 23 356
621 20 359
623 18 359
622 17 361
624 18 358
621 28 351
625 28 347
629 27 344
630 24 346
631 24 345
630 24 346
632 27 341
633 28 339
642 25 333
647 27 326
648 28 324
652 26 322
653 29 318
662 27 311
665 28 307
663 29 308
662 26 312
664 22 314
665 22 313
665 20 315
669 19 312
671 18 311
674 15 311
673 18 309
673 19 308
675 23 302
674 26 300
677 24 299
680 22 298
684 18 298
684 22 294
691 19 290
693 20 287
697 19 284
699 17 284
699 19 282
704 17 279
706 17 277
708 18 274
712 17 271
712 23 265
716 27 257
710 33 257
709 35 256
710 32 258
704 35 261
699 37 264
690 39 271
687 39 274
680 41 279
667 49 284
666 50 284
661 49 290
662 53 285
661 43 296
659 43 298
656 39 305
656 38 306
657 36 307
656 33 311
657 31 312
660 27 313
659 25 316
660 26 314
658 29 313
659 23 318
663 22 315
664 21 315
665 22 313
667 21 312
670 16 314
669 17 314
676 17 307
684 17 299
685 19 296
685 17 298
686 19 295
683 22 295
682 23 295
681 25 294
684 28 288
680 34 286
681 26 293
687 25 288
692 24 284
696 20 284
701 19 280
702 21 277
705 19 276
710 18 272
711 22 267
717 22 261
716 24 260
714 30 256
716 27 257
714 28 258
717 22 261
716 21 263
719 21 260
717 26 257
721 24 255
719 23 258
720 24 256
728 24 248
729 26 245
736 24 240
733 27 240
731 27 242
729 26 245
727 30 243
724 34 242
717 38 245
718 31 251
721 34 245
720 36 244
727 34 239
721 35 244
713 39 248
715 36 249
713 34 253
709 34 257
711 29 260
709 29 262
705 33 262
701 36 263
703 34 263
703 30 267
707 28 265
706 26 268
709 32 259
704 36 260
702 36 262
696 43 261
684 47 269
677 53 270
678 52 270
666 60 274
664 57 279
660 53 287
651 57 292
644 56 300
640 63 297
628 67 305
620 64 316
616 64 320
612 66 322
608 55 337
601 59 340
597 58 345
593 55 352
596 48 356
591 46 363
589 44 367
586 51 363
587 46 367
590 35 375
584 41 375
590 40 370
595 35 370
598 31 371
597 32 371
600 35 365
599 35 366
598 32 370
599 32 369
597 32 371
597 32 371
590 36 374
593 38 369
597 38 365
601 35 364
600 38 362
600 35 365
599 36 365
596 34 370
600 30 370
603 29 368
607 26 367
601 30 369
603 30 367
606 29 365
611 29 360
608 33 359
609 32 359
612 34 354
614 31 355
611 33 356
612 31 357
615 27 358
616 27 357
617 27 356
619 28 353
625 27 348
624 31 345
629 29 342
636 26 338
636 22 342
638 18 344
637 19 344
635 18 347
639 16 345
642 17 341
651 15 334
655 17 328
658 21 321
662 19 319
665 14 321
666 12 322
670 15 315
671 16 313
670 18 312
673 14 313
678 14 308
683 16 301
685 16 299
694 15 291
699 15 286
703 17 280
704 20 276
700 22 278
700 28 272
694 32 274
698 31 271
686 41 273
681 42 277
670 50 280
668 46 286
663 42 295
660 42 298
661 50 289
657 46 297
654 44 302
651 49 300
646 49 305
645 49 306
647 51 302
640 57 303
639 59 302
634 58 308
631 62 307
631 50 319
626 50 324
623 46 331
625 43 332
628 39 333
626 38 336
632 35 333
628 38 334
630 31 339
635 30 335
631 38 331
633 37 330
629 40 331
630 41 329
632 39 329
630 42 328
629 41 330
627 37 336
628 36 336
629 36 335
627 36 337
630 35 335
633 32 335
631 34 335
630 33 337
626 38 336
629 31 340
629 31 340
634 27 339
639 24 337
647 22 331
649 20 331
654 17 329
650 20 330
653 25 322
659 20 321
657 19 324
653 24 323
652 29 319
656 30 314
659 27 314
663 29 308
665 29 306
669 28 303
673 33 294
668 40 292
662 42 296
660 45 295
658 46 296
649 45 306
647 45 308
647 42 311
644 44 312
641 41 318
643 39 318
645 36 319
647 34 319
646 38 316
647 40 313
646 44 310
639 55 306
636 47 317
626 54 320
623 54 323
617 52 331
613 47 340
608 44 348
601 53 346
588 60 352
593 55 352
590 55 355
585 54 361
580 54 366
577 56 367
566 63 371
570 61 369
562 62 376
563 58 379
563 54 383
558 59 383
559 55 386
554 57 389
551 57 392
550 56 394
552 51 397
551 52 397
554 48 398
562 44 394
555 44 401
560 38 402
558 40 402
557 39 404
564 33 403
568 34 398
569 27 404
568 26 406
574 26 400
578 22 400
579 27 394
586 24 390
590 25 385
598 23 379
599 23 378
607 23 370
614 24 362
620 23 357
626 23 351
628 22 350
635 19 346
641 17 342
639 21 340
644 19 337
648 17 335
652 16 332
661 14 325
663 15 322
661 18 321
665 18 317
676 17 307
680 16 304
684 13 303
689 9 302
692 10 298
697 9 294
704 8 288
708 9 283
709 8 283
717 9 274
720 10 270
728 10 262
732 9 259
733 11 256
738 8 254
740 7 253
743 5 252
746 7 247
752 7 241
755 7 238
760 5 235
764 4 232
765 4 231
767 3 230
768 2 230
767 7 226
772 7 221
775 9 216
777 9 214
776 11 213
775 11 214
775 11 214
778 11 211
780 13 207
783 16 201
782 16 202
782 19 199
783 16 201
782 17 201
778 18 204
775 19 206
773 25 202
768 28 204
765 27 208
765 28 207
761 29 210
760 28 212
758 31 211
753 38 209
751 37 212
743 43 214
740 42 218
733 45 222
726 44 230
716 52 232
703 65 232
689 64 247
678 67 255
673 69 258
664 72 264
658 73 269
656 67 277
649 70 281
641 68 291
627 72 301
623 67 310
618 63 319
604 69 327
597 68 335
596 65 339
595 58 347
604 54 342
603 50 347
599 53 348
588 60 352
581 64 355
579 59 362
575 60 365
576 56 368
576 54 370
580 52 368
582 49 369
574 51 375
578 48 374
574 50 376
579 38 383
579 35 386
583 35 382
580 35 385
588 32 380
587 36 377
593 32 375
598 31 371
601 32 367
600 37 363
604 36 360
607 33 360
612 25 363
613 26 361
612 25 363
609 29 362
613 28 359
611 32 357
617 29 354
620 30 350
620 32 348
620 32 348
624 32 344
626 26 348
630 28 342
635 26 339
640 22 338
640 24 336
645 23 332
648 22 330
653 18 329
657 16 327
663 16 321
667 15 318
673 10 317
684 6 310
690 2 308
693 1 306
702 0 298
704 0 296
711 0 289
714 0 286
722 0 278
728 0 272
735 0 265
739 0 261
745 0 255
749 0 251
751 1 248
755 3 242
759 2 239
764 2 234
770 2 228
773 1 226
778 1 221
781 2 217
787 1 212
792 1 207
791 5 204
795 6 199
796 8 196
797 8 195
799 9 192
796 15 189
792 16 192
789 17 194
785 19 196
786 17 197
783 20 197
781 22 197
778 24 198
775 25 200
772 26 202
774 25 201
774 23 203
770 23 207
770 23 207
770 19 211
767 19 214
766 22 212
769 22 209
766 21 213
767 20 213
775 22 203
777 17 206
775 18 207
768 24 208
755 35 210
754 33 213
745 38 217
738 43 219
734 44 222
731 42 227
725 41 234
720 40 240
717 40 243
713 43 244
712 46 242
706 47 247
697 52 251
696 49 255
686 56 258
675 58 267
660 59 281
653 59 288
645 64 291
637 62 301
636 58 306
626 60 314
625 60 315
616 60 324
614 57 329
617 56 327
615 58 327
612 58 330
608 60 332
607 63 330
610 61 329
602 61 337
601 58 341
598 54 348
602 50 348
603 46 351
601 42 357
599 35 366
594 38 368
592 39 369
588 43 369
590 43 367
586 45 369
591 45 364
592 44 364
594 39 367
601 41 358
602 45 353
606 37 357
606 36 358
612 35 353
613 32 355
614 26 360
614 26 360
619 23 358
625 23 352
628 23 349
630 27 343
628 27 345
637 26 337
646 25 329
649 30 321
651 29 320
650 28 322
653 24 323
656 23 321
662 20 318
666 22 312
671 21 308
672 19 309
671 20 309
672 20 308
674 22 304
675 20 305
678 20 302
682 19 299
682 18 300
679 20 301
683 18 299
686 20 294
688 19 293
690 13 297
699 10 291
702 8 290
706 10 284
706 15 279
705 16 279
703 22 275
694 29 277
696 28 276
691 26 283
694 28 278
683 36 281
682 34 284
677 37 286
670 45 285
663 46 291
663 44 293
654 49 297
634 62 304
627 62 311
619 63 318
618 63 319
611 67 322
603 75 322
597 76 327
592 78 330
580 83 337
567 84 349
557 87 356
550 84 366
546 82 372
550 77 373
543 74 383
545 74 381
538 74 388
538 69 393
538 66 396
544 59 397
544 52 404
546 54 400
550 50 400
550 45 405
548 44 408
549 37 414
548 41 411
548 36 416
545 46 409
547 45 408
552 36 412
552 41 407
552 37 411
553 33 414
554 28 418
559 29 412
567 27 406
564 35 401
562 40 398
564 38 398
568 40 392
569 34 397
570 32 398
565 35 400
567 33 400
570 25 405
566 28 406
564 24 412
569 25 406
573 22 405
582 20 398
584 19 397
589 22 389
595 26 379
601 23 376
602 24 374
601 24 375
606 28 366
604 27 369
605 26 369
601 28 371
599 33 368
590 43 367
589 42 369
592 42 366
592 40 368
