820
192
308
202
113
642
720
443
189
802
22
765
999
119
490
328
219
890
683
317
737
689
19
516
448
387
912
473
60
713
391
452
210
834
83
983
68
883
417
138
758
309
107
128
618
971
591
446
32
142
285
675
985
289
877
175
803
367
881
915
441
412
265
806
954
365
951
465
13
699
363
131
438
570
346
123
472
230
711
344
621
724
537
831
735
47
548
656
557
535
282
878
550
551
894
357
421
234
924
355
927
97
458
928
555
177
590
515
187
145
862
41
851
738
661
392
933
575
48
578
876
749
482
771
398
541
860
565
26
466
772
1
741
576
880
838
233
663
455
106
274
199
91
255
69
698
967
587
715
422
825
631
602
84
657
451
649
253
99
20
774
896
295
269
728
629
719
704
33
746
716
59
196
95
815
750
264
707
852
571
407
55
449
400
859
518
526
92
804
670
349
36
474
592
828
626
381
801
120
104
