735
854
842
713
505
422
455
405
549
589
981
634
539
726
974
628
694
63
300
248
686
435
621
240
828
367
249
112
208
391
639
552
358
124
410
516
785
446
355
586
70
661
829
317
852
65
460
398
252
0
655
468
979
709
428
189
617
51
408
407
227
452
679
781
666
109
660
960
882
934
522
479
36
91
483
212
45
643
572
803
942
796
414
703
209
395
484
244
745
450
791
402
243
588
351
79
390
794
706
293
161
246
237
175
335
564
119
969
883
426
475
177
378
66
309
871
203
767
239
267
474
1
33
361
673
938
21
417
779
133
903
764
327
28
931
699
847
977
543
997
308
799
262
105
863
26
500
141
245
807
911
682
441
3
637
348
733
171
325
132
592
330
610
509
411
250
176
480
207
16
991
753
833
996
418
443
482
305
289
623
687
397
232
919
67
924
204
396
932
5
613
298
384
125
486
574
867
366
369
793
