487
900
95
128
747
288
213
391
741
90
764
974
760
65
702
795
735
677
821
671
852
711
856
455
4
838
828
865
156
834
371
737
54
588
808
727
196
198
322
743
952
5
178
165
758
830
44
197
523
260
593
909
897
560
490
831
912
569
444
472
610
192
117
106
704
616
451
337
708
762
150
899
878
925
179
501
296
62
274
418
450
142
506
673
657
415
571
292
759
370
374
529
495
676
630
761
995
505
338
641
680
861
401
521
494
950
372
132
6
612
403
252
154
698
365
104
907
312
499
992
9
547
360
158
604
53
607
27
211
479
674
685
887
486
515
636
862
805
473
664
885
619
56
160
347
40
320
646
826
546
228
454
258
212
793
74
555
572
573
874
962
994
901
120
460
22
766
668
672
669
627
511
341
624
398
135
614
295
969
175
139
94
613
984
642
168
173
7
129
954
493
222
514
51
675
200
461
275
180
973
