680
75
492
530
435
578
43
901
529
127
105
320
915
39
121
74
300
171
797
403
85
465
730
967
907
923
694
191
370
789
634
209
488
682
753
950
332
159
747
0
641
658
894
342
518
1
441
523
427
614
986
484
703
56
599
663
551
750
742
704
359
269
756
66
569
73
86
883
617
236
165
478
567
610
133
52
124
274
62
498
432
334
666
253
118
81
185
820
319
736
117
948
273
926
735
410
737
214
315
746
514
661
438
54
942
259
44
279
355
983
851
699
922
900
99
378
723
902
685
818
602
865
999
25
293
9
748
116
827
626
109
280
471
721
390
778
726
115
483
612
839
524
974
671
15
533
711
867
652
862
395
860
579
201
94
394
204
173
331
72
552
126
67
439
792
534
241
364
952
290
202
880
114
581
97
701
145
545
181
536
628
247
644
759
512
411
245
197
503
179
194
522
45
166
31
662
716
784
673
555
