914
201
785
229
985
91
790
998
696
601
359
481
761
656
40
549
476
986
706
243
868
638
77
897
5
700
458
858
701
381
972
867
660
948
137
757
150
374
997
848
811
345
318
81
982
489
594
67
922
649
949
32
769
861
917
578
389
151
833
396
392
891
677
36
527
580
233
357
55
324
249
467
887
103
739
806
26
413
278
39
456
508
153
731
433
291
895
444
692
545
736
856
320
176
97
408
726
99
10
102
121
485
159
928
454
864
105
662
490
764
399
302
655
672
694
282
190
9
46
821
585
809
542
148
511
371
206
540
642
507
990
678
495
993
426
0
600
980
333
266
135
981
568
211
933
667
215
311
327
789
950
779
830
202
109
837
343
686
15
57
610
222
261
174
725
101
144
83
267
728
437
708
191
188
315
847
260
631
605
657
253
936
314
119
133
767
238
276
30
113
974
198
208
497
120
182
554
515
612
522
