63
815
124
227
64
439
332
277
728
94
592
623
150
939
627
709
601
536
431
664
32
921
442
202
551
576
566
20
970
609
989
44
217
225
79
712
889
248
786
689
678
654
569
333
960
51
186
85
505
573
930
622
543
807
70
874
984
619
274
203
831
154
696
122
674
74
637
386
158
519
937
125
497
933
823
642
132
684
971
397
62
719
26
427
927
555
540
198
473
161
72
320
759
113
237
222
370
5
420
430
775
185
920
997
210
685
785
570
296
538
870
663
311
97
364
96
92
358
213
285
478
73
797
975
652
541
137
112
368
878
60
596
166
292
329
0
138
768
86
703
942
199
33
974
908
794
751
16
301
598
985
850
394
873
614
763
544
676
653
200
616
661
467
666
417
291
475
325
239
611
308
559
911
812
579
400
423
530
620
813
788
743
127
915
556
321
822
91
891
457
89
838
77
553
273
451
701
347
209
774
