484
354
740
793
590
980
518
231
600
405
834
31
355
627
218
322
849
780
652
185
680
988
748
240
428
453
826
200
582
663
550
276
519
304
263
927
329
544
654
407
102
746
105
824
699
97
906
569
380
925
526
719
865
215
413
289
998
482
161
285
754
314
806
119
465
478
266
100
55
153
1
451
557
856
821
975
476
602
727
431
596
46
760
10
688
187
140
626
211
739
74
69
430
817
841
250
477
461
9
791
694
583
790
321
573
886
313
246
258
224
115
420
148
635
298
634
341
761
311
89
474
399
592
955
799
714
838
136
421
757
705
481
935
809
233
661
881
745
567
559
334
436
996
514
343
689
532
19
620
944
312
984
543
79
234
213
951
117
332
784
326
494
900
394
414
66
346
901
504
5
912
412
442
88
137
40
130
4
843
230
252
324
158
882
914
35
154
439
828
958
423
845
249
529
36
823
885
658
553
297
