989
998
67
442
756
291
744
408
653
381
735
100
54
417
424
808
999
253
25
635
483
959
601
40
844
457
831
681
645
893
416
280
79
259
552
418
207
210
84
342
324
36
570
919
12
694
82
763
344
794
271
414
847
524
883
425
734
515
843
64
944
228
225
116
715
628
154
802
967
598
49
822
22
859
256
596
465
288
927
208
234
798
443
772
749
61
977
360
719
359
841
260
330
826
806
78
698
716
783
437
718
824
917
978
410
882
658
126
650
630
686
946
484
158
544
106
617
361
983
71
85
331
737
157
930
132
42
185
412
800
356
817
950
466
696
334
267
122
461
379
745
602
479
113
287
652
198
820
181
782
105
441
933
889
488
813
98
910
668
892
815
953
301
880
478
569
519
237
347
948
693
793
460
197
141
538
72
542
636
503
402
199
936
328
292
657
656
83
836
554
364
243
420
332
76
168
346
244
270
351
