862
987
327
0
306
205
335
376
495
552
3
487
707
446
563
665
977
725
20
667
177
510
13
587
872
945
172
745
54
104
442
35
406
80
475
705
660
897
600
894
549
721
8
996
139
14
141
449
28
30
923
560
84
717
676
787
426
174
253
73
828
289
108
182
756
167
173
146
724
877
322
396
757
455
935
734
520
503
405
993
428
251
124
577
962
641
91
979
664
207
337
123
445
324
591
443
115
142
773
89
228
107
387
760
970
221
247
352
50
937
180
496
610
118
519
735
71
965
870
807
291
733
581
381
616
213
825
135
640
627
628
710
569
709
69
9
808
134
109
850
730
398
885
545
303
907
384
537
113
731
531
908
480
690
736
468
242
926
967
903
614
101
161
984
157
609
464
679
921
973
340
869
111
777
143
812
964
927
367
841
484
369
754
946
714
336
244
436
470
18
17
288
31
797
936
181
422
262
490
454
