429
260
84
205
981
473
198
157
329
579
986
17
118
578
788
381
441
428
919
648
124
305
116
475
243
853
325
448
15
708
113
241
892
883
446
382
196
335
889
422
724
230
783
938
610
436
51
55
738
104
850
265
277
375
996
406
62
583
628
660
353
717
698
166
873
170
956
47
398
310
77
24
672
594
685
337
731
723
994
808
868
60
466
340
752
895
536
171
141
989
732
744
31
478
404
71
367
39
662
786
179
998
183
535
383
999
454
513
912
93
215
228
258
588
806
262
497
456
86
139
694
393
252
969
970
355
95
623
9
514
480
68
917
181
811
790
66
462
288
737
286
894
80
810
575
302
715
240
459
417
41
711
584
572
669
94
911
437
146
602
472
379
338
318
392
457
272
20
246
915
296
726
83
6
561
463
701
903
467
901
440
97
263
227
941
458
721
499
349
173
99
394
188
504
69
351
405
962
521
273
