998 2 0
998 2 0
997 3 0
995 4 1
994 3 3
994 3 3
993 4 3
988 8 4
980 16 4
975 16 9
963 26 11
948 38 14
926 53 21
907 64 29
882 73 45
852 93 55
809 116 75
774 132 94
750 132 118
719 144 137
686 149 165
656 161 183
629 165 206
611 163 226
588 154 258
578 144 278
566 142 292
558 135 307
551 121 328
543 118 339
541 100 359
535 92 373
531 84 385
533 68 399
534 63 403
539 54 407
541 51 408
544 49 407
547 43 410
549 45 406
553 42 405
553 38 409
555 35 410
569 30 401
568 34 398
575 34 391
574 36 390
569 41 390
568 43 389
569 38 393
576 34 390
583 28 389
585 28 387
580 34 386
589 30 381
590 30 380
583 36 381
583 34 383
587 32 381
589 31 380
593 33 374
593 39 368
593 44 363
594 44 362
591 46 363
595 44 361
599 40 361
600 39 361
606 36 358
611 35 354
612 37 351
612 35 353
617 30 353
616 35 349
623 32 345
625 30 345
633 29 338
631 24 345
634 19 347
634 20 346
642 18 340
649 17 334
651 17 332
656 14 330
659 15 326
664 16 320
672 15 313
677 13 310
683 11 306
688 11 301
690 13 297
693 13 294
693 19 288
693 21 286
697 22 281
697 19 284
701 20 279
699 23 278
693 34 273
695 34 271
685 47 268
680 49 271
673 54 273
670 55 275
663 53 284
660 53 287
654 47 299
648 45 307
649 42 309
648 47 305
641 48 311
638 48 314
628 56 316
631 55 314
631 53 316
627 50 323
621 55 324
619 60 321
611 63 326
604 66 330
595 66 339
599 63 338
595 56 349
592 58 350
591 62 347
593 54 353
592 46 362
592 44 364
589 46 365
592 40 368
594 38 368
592 34 374
597 34 369
602 37 361
602 38 360
599 37 364
599 40 361
608 34 358
610 34 356
607 34 359
616 34 350
618 39 343
621 38 341
624 38 338
622 39 339
621 34 345
622 34 344
621 30 349
621 33 346
619 35 346
625 31 344
628 29 343
630 24 346
631 26 343
634 23 343
638 22 340
639 17 344
646 17 337
650 17 333
654 17 329
656 14 330
666 12 322
667 13 320
667 15 318
669 15 316
670 17 313
678 11 311
677 18 305
675 19 306
676 19 305
675 25 300
670 30 300
665 34 301
665 28 307
667 27 306
667 27 306
664 26 310
662 28 310
664 27 309
669 21 310
667 24 309
668 27 305
669 26 305
669 27 304
670 23 307
671 23 306
671 23 306
669 23 308
668 24 308
673 24 303
674 24 302
681 21 298
683 18 299
687 21 292
687 24 289
686 27 287
687 28 285
695 27 278
697 29 274
695 35 270
683 42 275
676 47 277
670 46 284
670 43 287
675 41 284
679 42 279
677 49 274
675 49 276
675 45 280
675 42 283
673 44 283
677 40 283
680 33 287
685 32 283
690 27 283
691 25 284
693 25 282
692 23 285
694 25 281
696 24 280
697 24 279
699 25 276
699 21 280
705 17 278
708 18 274
705 21 274
703 25 272
707 22 271
713 22 265
714 22 264
716 20 264
713 23 264
718 18 264
728 16 256
733 12 255
735 9 256
735 7 258
735 10 255
738 12 250
740 11 249
743 10 247
745 13 242
745 16 239
747 16 237
747 19 234
743 21 236
741 23 236
742 22 236
741 22 237
746 20 234
750 21 229
755 21 224
754 22 224
758 19 223
761 16 223
761 15 224
756 17 227
759 15 226
755 22 223
752 25 223
747 31 222
739 41 220
734 42 224
729 44 227
727 42 231
716 46 238
713 43 244
711 47 242
708 49 243
700 52 248
696 53 251
693 51 256
689 51 260
687 47 266
679 51 270
680 50 270
671 55 274
672 48 280
675 45 280
679 41 280
677 39 284
677 37 286
672 40 288
672 37 291
673 32 295
674 33 293
678 34 288
680 36 284
674 42 284
668 47 285
668 46 286
674 41 285
671 40 289
661 39 300
663 39 298
651 45 304
651 43 306
650 46 304
642 43 315
633 49 318
637 44 319
626 50 324
611 59 330
605 58 337
602 58 340
601 55 344
599 53 348
589 60 351
586 56 358
587 54 359
586 53 361
583 50 367
581 50 369
586 47 367
588 42 370
588 37 375
587 41 372
592 37 371
598 36 366
600 38 362
599 38 363
600 41 359
605 37 358
601 39 360
599 39 362
603 31 366
609 27 364
609 26 365
609 25 366
613 27 360
616 29 355
608 39 353
604 41 355
600 44 356
598 44 358
601 39 360
607 35 358
605 36 359
611 31 358
615 33 352
619 29 352
627 25 348
626 24 350
625 24 351
627 26 347
624 32 344
624 30 346
632 31 337
633 29 338
630 33 337
629 30 341
632 25 343
636 27 337
638 31 331
642 31 327
644 31 325
645 31 324
647 30 323
648 27 325
651 23 326
654 20 326
662 17 321
668 11 321
672 13 315
675 11 314
675 10 315
675 13 312
677 11 312
678 10 312
683 9 308
688 12 300
690 15 295
692 20 288
689 23 288
693 20 287
698 18 284
705 19 276
702 20 278
699 24 277
697 23 280
697 21 282
699 25 276
698 25 277
696 24 280
698 20 282
699 19 282
707 17 276
706 16 278
705 18 277
703 17 280
704 15 281
708 14 278
710 10 280
712 12 276
714 12 274
720 13 267
725 13 262
732 10 258
734 9 257
734 12 254
740 11 249
737 13 250
740 9 251
744 8 248
746 10 244
747 11 242
748 14 238
752 12 236
755 13 232
756 12 232
754 14 232
755 15 230
758 16 226
761 16 223
765 16 219
766 12 222
770 11 219
771 11 218
774 10 216
773 12 215
767 17 216
768 16 216
764 16 220
759 19 222
763 20 217
764 17 219
765 16 219
771 13 216
768 14 218
770 17 213
773 18 209
774 18 208
770 22 208
763 23 214
762 25 213
764 20 216
764 16 220
767 14 219
769 13 218
772 7 221
775 8 217
780 6 214
783 5 212
789 4 207
790 5 205
791 5 204
797 4 199
800 4 196
808 1 191
813 1 186
816 1 183
820 1 179
825 1 174
830 1 169
832 1 167
835 1 164
841 1 158
843 1 156
847 2 151
841 10 149
843 9 148
846 8 146
848 6 146
849 5 146
850 5 145
854 4 142
854 3 143
857 1 142
859 1 140
859 1 140
864 1 135
863 3 134
866 3 131
868 5 127
867 7 126
866 6 128
867 9 124
864 11 125
861 14 125
858 17 125
852 22 126
841 29 130
827 40 133
809 48 143
797 55 148
783 65 152
765 73 162
757 68 175
751 67 182
738 76 186
726 84 190
707 93 200
691 100 209
685 98 217
681 96 223
668 103 229
661 98 241
653 100 247
640 91 269
634 89 277
637 87 276
623 91 286
622 85 293
616 82 302
607 78 315
602 73 325
597 72 331
599 69 332
597 72 331
593 70 337
597 65 338
599 59 342
598 57 345
602 53 345
609 49 342
610 43 347
615 39 346
619 34 347
616 40 344
618 38 344
619 32 349
617 37 346
622 37 341
621 34 345
620 35 345
618 40 342
613 42 345
612 40 348
611 43 346
617 45 338
614 49 337
616 47 337
613 48 339
613 44 343
618 43 339
625 40 335
628 42 330
625 43 332
626 41 333
635 39 326
634 40 326
635 42 323
633 42 325
634 37 329
632 35 333
632 38 330
633 36 331
629 36 335
634 32 334
641 26 333
651 21 328
649 22 329
650 21 329
653 22 325
657 18 325
665 16 319
673 16 311
678 14 308
678 13 309
680 13 307
684 12 304
689 11 300
690 13 297
689 14 297
693 12 295
692 12 296
697 10 293
700 9 291
699 9 292
702 9 289
701 13 286
704 12 284
704 15 281
707 14 279
715 12 273
715 12 273
724 13 263
724 10 266
719 14 267
719 13 268
723 9 268
724 9 267
725 8 267
727 10 263
728 11 261
731 10 259
733 9 258
735 10 255
735 8 257
738 7 255
739 7 254
747 6 247
752 7 241
752 9 239
756 8 236
760 7 233
765 6 229
768 6 226
768 8 224
767 9 224
766 10 224
766 12 222
766 11 223
771 11 218
771 10 219
776 10 214
779 8 213
776 10 214
777 9 214
777 10 213
784 10 206
783 11 206
787 10 203
786 12 202
785 9 206
782 12 206
784 10 206
782 8 210
780 12 208
780 16 204
775 18 207
767 23 210
766 28 206
758 32 210
751 32 217
746 33 221
742 38 220
736 39 225
729 38 233
732 37 231
735 30 235
733 31 236
738 31 231
738 31 231
739 30 231
740 32 228
740 28 232
738 28 234
733 29 238
737 27 236
732 31 237
734 29 237
736 22 242
742 21 237
744 20 236
748 19 233
748 17 235
748 19 233
746 21 233
741 26 233
739 27 234
744 25 231
743 27 230
745 26 229
743 36 221
741 38 221
733 43 224
728 38 234
722 43 235
718 47 235
717 39 244
718 36 246
717 34 249
717 33 250
716 31 253
715 33 252
721 30 249
715 31 254
714 33 253
716 30 254
718 28 254
714 31 255
712 32 256
707 35 258
706 38 256
709 35 256
704 34 262
696 39 265
691 37 272
688 38 274
682 42 276
683 40 277
685 39 276
681 41 278
678 39 283
674 42 284
670 44 286
670 47 283
668 54 278
664 54 282
656 51 293
654 50 296
650 52 298
646 50 304
647 51 302
637 55 308
635 55 310
635 52 313
635 58 307
634 47 319
637 49 314
637 49 314
635 51 314
632 51 317
629 47 324
622 56 322
620 56 324
610 60 330
597 64 339
598 63 339
595 56 349
589 55 356
588 50 362
587 52 361
585 51 364
589 46 365
581 50 369
574 55 371
575 55 370
571 53 376
574 46 380
574 43 383
574 45 381
583 39 378
589 36 375
592 36 372
591 38 371
594 38 368
601 35 364
601 30 369
608 29 363
610 30 360
610 32 358
611 29 360
610 29 361
614 24 362
615 27 358
616 27 357
617 24 359
609 29 362
615 26 359
619 24 357
623 21 356
630 21 349
628 27 345
630 25 345
632 20 348
632 22 346
635 20 345
634 18 348
640 19 341
642 14 344
645 10 345
647 13 340
647 14 339
649 13 338
652 16 332
654 14 332
656 13 331
655 15 330
668 16 316
667 17 316
676 16 308
678 17 305
681 15 304
681 22 297
682 20 298
685 17 298
681 25 294
680 24 296
679 20 301
679 21 300
682 19 299
686 16 298
685 16 299
688 17 295
691 20 289
682 27 291
677 31 292
674 26 300
676 29 295
675 27 298
673 29 298
676 28 296
681 27 292
684 27 289
678 30 292
680 31 289
676 38 286
678 34 288
672 37 291
673 38 289
677 38 285
680 32 288
681 31 288
683 29 288
681 30 289
685 26 289
685 27 288
687 27 286
679 33 288
677 37 286
676 30 294
676 32 292
672 31 297
668 37 295
661 39 300
660 32 308
664 31 305
659 39 302
654 43 303
655 34 311
648 39 313
648 38 314
649 39 312
645 37 318
649 37 314
655 32 313
656 24 320
656 24 320
655 26 319
656 24 320
662 23 315
665 20 315
666 19 315
673 18 309
678 20 302
679 22 299
684 16 300
690 14 296
690 14 296
690 17 293
693 16 291
694 19 287
694 23 283
691 23 286
693 25 282
686 36 278
687 39 274
689 36 275
684 44 272
676 49 275
670 53 277
665 59 276
666 57 277
660 60 280
662 54 284
657 55 288
652 53 295
644 51 305
642 46 312
645 44 311
644 41 315
646 38 316
648 31 321
643 33 324
641 35 324
643 33 324
644 38 318
646 35 319
638 38 324
641 36 323
644 35 321
644 32 324
642 34 324
640 38 322
631 46 323
621 53 326
622 52 326
621 46 333
616 49 335
609 53 338
603 55 342
597 53 350
594 58 348
593 52 355
593 54 353
586 55 359
585 50 365
586 48 366
587 47 366
584 50 366
585 50 365
582 52 366
587 47 366
588 46 366
593 44 363
596 41 363
595 38 367
598 36 366
602 36 362
603 39 358
606 37 357
608 31 361
614 29 357
615 28 357
617 27 356
629 24 347
627 29 344
630 26 344
636 21 343
643 18 339
644 18 338
646 23 331
644 22 334
645 19 336
649 20 331
655 17 328
659 15 326
665 14 321
671 15 314
676 12 312
681 13 306
687 10 303
692 12 296
698 10 292
696 11 293
696 14 290
696 14 290
699 13 288
703 10 287
706 11 283
705 10 285
709 9 282
710 13 277
711 15 274
711 20 269
712 19 269
722 16 262
723 23 254
715 26 259
712 28 260
710 30 260
702 38 260
693 46 261
680 62 258
671 65 264
664 64 272
659 63 278
651 61 288
649 60 291
646 56 298
643 55 302
639 56 305
638 49 313
634 50 316
629 47 324
629 43 328
618 51 331
616 51 333
616 47 337
611 49 340
608 49 343
606 53 341
607 47 346
603 48 349
607 45 348
602 47 351
593 56 351
576 73 351
570 73 357
567 68 365
562 69 369
566 63 371
565 63 372
573 56 371
576 48 376
574 51 375
574 49 377
570 46 384
566 49 385
566 47 387
565 46 389
563 41 396
563 40 397
561 45 394
551 47 402
552 49 399
547 52 401
543 57 400
543 54 403
540 49 411
539 55 406
533 52 415
532 54 414
539 50 411
539 45 416
539 40 421
541 39 420
550 32 418
558 25 417
561 21 418
563 23 414
567 22 411
575 17 408
579 16 405
590 15 395
597 13 390
603 12 385
607 12 381
621 10 369
