997 3 0
997 3 0
997 3 0
996 4 0
995 5 0
993 6 1
992 5 3
992 5 3
990 6 4
988 7 5
984 8 8
979 11 10
975 12 13
966 19 15
955 27 18
932 45 23
908 60 32
888 71 41
860 88 52
827 102 71
793 116 91
755 136 109
728 142 130
707 144 149
686 142 172
661 148 191
637 144 219
616 135 249
602 129 269
580 137 283
574 129 297
568 120 312
561 112 327
553 104 343
551 96 353
543 94 363
535 95 370
534 90 376
536 84 380
529 82 389
525 85 390
523 86 391
519 77 404
522 66 412
520 66 414
523 61 416
526 58 416
532 63 405
534 52 414
536 44 420
539 46 415
540 44 416
538 45 417
542 45 413
543 41 416
547 41 412
551 35 414
554 29 417
556 28 416
553 33 414
557 32 411
561 29 410
570 29 401
572 29 399
573 29 398
578 25 397
588 24 388
587 25 388
587 23 390
586 24 390
591 24 385
594 23 383
601 19 380
606 15 379
610 13 377
613 12 375
620 12 368
622 12 366
623 16 361
622 21 357
626 21 353
622 27 351
628 28 344
630 28 342
635 29 336
631 33 336
632 29 339
632 30 338
635 21 344
644 20 336
653 19 328
661 18 321
662 19 319
666 17 317
667 16 317
673 15 312
676 16 308
681 13 306
684 14 302
686 15 299
687 16 297
695 17 288
701 12 287
702 13 285
704 15 281
708 13 279
712 12 276
721 12 267
721 13 266
720 11 269
725 11 264
729 10 261
735 11 254
738 8 254
744 9 247
745 11 244
743 14 243
749 12 239
753 12 235
755 10 235
757 12 231
756 15 229
749 22 229
748 23 229
751 20 229
755 20 225
754 21 225
755 22 223
761 20 219
763 22 215
764 22 214
762 23 215
763 25 212
767 21 212
766 19 215
768 19 213
765 19 216
767 19 214
766 21 213
766 24 210
768 27 205
766 27 207
760 32 208
752 34 214
746 34 220
743 34 223
743 31 226
740 33 227
734 35 231
732 31 237
729 25 246
726 24 250
728 23 249
721 25 254
721 27 252
721 28 251
716 28 256
716 23 261
715 22 263
710 25 265
706 26 268
712 23 265
709 27 264
708 29 263
706 32 262
696 43 261
690 47 263
680 53 267
674 54 272
662 63 275
655 64 281
644 68 288
644 60 296
633 67 300
627 58 315
627 49 324
629 44 327
631 41 328
634 39 327
639 36 325
641 34 325
643 36 321
645 39 316
645 40 315
652 36 312
651 36 313
649 33 318
650 30 320
649 32 319
651 28 321
652 25 323
656 25 319
659 25 316
660 22 318
666 21 313
672 18 310
677 18 305
678 16 306
684 15 301
684 11 305
688 9 303
691 9 300
696 3 301
697 5 298
701 7 292
703 9 288
704 10 286
710 6 284
716 7 277
716 11 273
720 12 268
724 11 265
722 12 266
725 10 265
726 12 262
729 13 258
729 12 259
734 12 254
732 15 253
736 15 249
743 13 244
745 13 242
743 13 244
746 16 238
749 14 237
751 15 234
752 14 234
752 15 233
748 20 232
744 22 234
746 23 231
744 23 233
734 35 231
724 42 234
715 51 234
711 54 235
702 58 240
694 60 246
688 59 253
682 58 260
680 53 267
671 55 274
667 60 273
665 57 278
667 52 281
662 51 287
661 51 288
652 59 289
644 62 294
636 63 301
636 61 303
627 67 306
619 69 312
618 72 310
614 70 316
613 54 333
617 50 333
616 52 332
622 52 326
624 46 330
626 42 332
626 42 332
623 40 337
621 41 338
620 41 339
625 35 340
621 35 344
618 37 345
619 41 340
607 53 340
607 53 340
613 50 337
611 46 343
612 45 343
613 38 349
621 37 342
625 38 337
625 39 336
627 43 330
627 47 326
621 50 329
624 47 329
630 44 326
628 44 328
630 43 327
628 43 329
631 42 327
633 42 325
638 43 319
635 40 325
635 38 327
635 41 324
629 45 326
636 39 325
635 44 321
634 43 323
644 37 319
642 38 320
645 37 318
637 42 321
635 45 320
635 45 320
637 44 319
637 36 327
636 33 331
640 34 326
645 29 326
645 29 326
646 29 325
649 24 327
649 21 330
654 19 327
658 19 323
657 19 324
659 18 323
657 17 326
663 12 325
670 11 319
674 7 319
676 5 319
681 5 314
685 3 312
696 3 301
701 2 297
705 2 293
708 2 290
710 2 288
713 2 285
715 2 283
720 2 278
721 4 275
724 5 271
729 5 266
732 7 261
732 7 261
734 11 255
738 10 252
744 10 246
747 10 243
747 15 238
748 19 233
748 18 234
748 18 234
751 18 231
751 19 230
754 16 230
757 16 227
755 16 229
760 14 226
761 14 225
762 17 221
758 19 223
759 19 222
757 25 218
759 20 221
760 16 224
762 19 219
763 20 217
764 20 216
763 19 218
765 21 214
767 20 213
764 24 212
761 32 207
762 30 208
757 33 210
752 35 213
748 40 212
742 40 218
735 39 226
728 41 231
726 44 230
723 45 232
717 48 235
706 55 239
694 62 244
686 68 246
687 61 252
676 68 256
666 69 265
668 59 273
661 63 276
662 58 280
656 50 294
650 49 301
646 55 299
645 58 297
646 46 308
642 52 306
642 56 302
635 59 306
625 58 317
624 60 316
615 67 318
608 73 319
601 77 322
600 77 323
598 72 330
593 66 341
590 64 346
581 70 349
582 69 349
574 71 355
568 74 358
561 70 369
560 68 372
552 65 383
551 67 382
550 65 385
549 67 384
547 61 392
548 58 394
545 59 396
546 55 399
551 56 393
550 56 394
549 58 393
544 55 401
548 49 403
547 51 402
546 47 407
551 40 409
552 42 406
554 42 404
553 38 409
553 41 406
559 38 403
564 30 406
568 27 405
578 26 396
581 23 396
583 20 397
591 16 393
590 19 391
594 17 389
598 16 386
602 16 382
606 18 376
606 22 372
606 21 373
607 24 369
611 24 365
614 21 365
618 21 361
622 20 358
620 21 359
624 18 358
631 20 349
633 23 344
637 22 341
642 21 337
642 21 337
643 21 336
651 15 334
654 14 332
658 14 328
662 13 325
670 9 321
679 10 311
682 9 309
690 6 304
700 6 294
706 7 287
709 8 283
715 8 277
720 8 272
726 4 270
728 4 268
728 6 266
738 7 255
740 8 252
746 6 248
745 7 248
749 5 246
751 10 239
753 9 238
759 10 231
758 12 230
755 15 230
753 22 225
750 26 224
745 35 220
734 46 220
715 62 223
704 60 236
691 66 243
677 72 251
670 72 258
660 73 267
654 77 269
644 76 280
637 69 294
637 64 299
635 59 306
637 52 311
631 58 311
625 58 317
620 64 316
617 68 315
609 65 326
598 66 336
583 72 345
581 71 348
572 66 362
572 60 368
567 58 375
558 67 375
557 63 380
562 62 376
555 63 382
559 57 384
559 50 391
559 47 394
561 42 397
562 43 395
563 42 395
571 43 386
573 40 387
577 40 383
579 34 387
582 30 388
579 33 388
583 30 387
582 28 390
582 27 391
585 24 391
591 21 388
599 20 381
606 20 374
611 17 372
617 18 365
625 17 358
626 15 359
625 15 360
624 19 357
626 14 360
632 15 353
636 16 348
640 12 348
641 17 342
642 21 337
651 20 329
653 20 327
652 23 325
650 30 320
646 32 322
638 43 319
629 50 321
625 45 330
625 45 330
622 48 330
622 50 328
617 49 334
612 55 333
614 52 334
612 55 333
603 56 341
594 54 352
597 49 354
593 51 356
596 45 359
598 38 364
597 41 362
598 37 365
597 34 369
605 33 362
616 25 359
616 30 354
621 30 349
622 31 347
627 23 350
636 20 344
642 18 340
641 18 341
642 20 338
646 19 335
653 17 330
658 15 327
660 16 324
659 17 324
658 17 325
661 18 321
662 22 316
658 24 318
657 23 320
657 22 321
659 24 317
658 24 318
658 21 321
660 22 318
670 21 309
671 25 304
666 30 304
663 31 306
661 34 305
654 42 304
649 48 303
645 43 312
644 44 312
646 45 309
647 48 305
648 44 308
648 44 308
645 44 311
643 42 315
643 43 314
634 44 322
636 35 329
636 35 329
632 32 336
629 31 340
630 29 341
630 27 343
637 27 336
642 30 328
642 28 330
647 28 325
642 30 328
647 27 326
650 29 321
648 34 318
643 37 320
645 34 321
634 41 325
637 32 331
634 29 337
635 31 334
633 33 334
632 32 336
628 34 338
628 30 342
626 33 341
635 30 335
633 30 337
635 28 337
638 33 329
642 30 328
644 26 330
642 25 333
643 20 337
648 16 336
659 14 327
662 14 324
666 13 321
672 12 316
672 13 315
677 11 312
682 9 309
688 8 304
690 10 300
689 11 300
697 10 293
700 10 290
704 6 290
707 8 285
712 7 281
720 7 273
721 8 271
722 9 269
725 8 267
728 10 262
732 10 258
735 12 253
739 12 249
737 15 248
731 24 245
723 32 245
720 38 242
718 35 247
721 28 251
725 26 249
724 26 250
724 26 250
728 24 248
732 21 247
735 24 241
734 26 240
730 27 243
731 25 244
731 22 247
732 23 245
730 25 245
728 26 246
726 29 245
723 28 249
726 25 249
731 19 250
730 22 248
729 22 249
735 20 245
737 19 244
739 19 242
741 20 239
742 19 239
740 19 241
744 18 238
745 17 238
743 18 239
745 15 240
750 13 237
748 20 232
747 24 229
745 23 232
745 25 230
740 27 233
739 27 234
734 26 240
735 28 237
738 25 237
739 30 231
734 33 233
728 36 236
723 41 236
722 41 237
721 46 233
718 45 237
709 51 240
704 49 247
700 47 253
705 43 252
692 53 255
680 58 262
674 53 273
673 55 272
669 57 274
661 59 280
662 52 286
663 50 287
657 50 293
655 52 293
657 51 292
656 41 303
659 42 299
657 41 302
656 41 303
659 38 303
656 37 307
659 31 310
660 31 309
666 27 307
668 28 304
672 25 303
671 27 302
675 26 299
678 22 300
671 29 300
672 27 301
673 24 303
675 25 300
679 23 298
682 25 293
684 27 289
690 24 286
693 27 280
696 23 281
704 23 273
705 21 274
710 16 274
713 15 272
717 13 270
720 15 265
725 15 260
727 15 258
727 16 257
727 16 257
728 16 256
731 15 254
730 18 252
729 17 254
735 13 252
735 15 250
736 13 251
736 15 249
739 13 248
742 11 247
742 9 249
745 7 248
744 8 248
752 9 239
752 8 240
756 6 238
752 10 238
755 12 233
760 10 230
760 9 231
763 10 227
764 7 229
768 8 224
774 9 217
776 9 215
777 11 212
772 15 213
776 10 214
779 12 209
787 9 204
784 11 205
786 11 203
792 10 198
791 10 199
789 15 196
788 17 195
782 24 194
770 37 193
768 37 195
770 35 195
769 33 198
770 34 196
764 36 200
762 35 203
759 36 205
757 36 207
753 42 205
746 46 208
745 49 206
741 49 210
728 54 218
716 59 225
709 61 230
709 62 229
698 69 233
694 58 248
690 56 254
683 60 257
676 67 257
672 71 257
660 78 262
652 77 271
637 84 279
631 80 289
615 87 298
616 73 311
611 73 316
602 71 327
599 67 334
597 64 339
592 62 346
594 58 348
593 54 353
595 52 353
594 43 363
594 44 362
595 42 363
602 40 358
608 36 356
613 31 356
612 31 357
611 36 353
617 32 351
618 31 351
624 30 346
622 31 347
627 32 341
629 30 341
629 29 342
632 27 341
636 21 343
640 22 338
639 21 340
642 19 339
642 22 336
648 20 332
653 16 331
659 15 326
666 12 322
674 13 313
673 16 311
674 17 309
669 22 309
665 28 307
665 37 298
663 38 299
656 41 303
659 41 300
654 42 304
652 51 297
648 53 299
645 46 309
645 50 305
644 56 300
638 55 307
633 62 305
626 66 308
624 72 304
610 76 314
606 75 319
606 73 321
604 72 324
601 71 328
597 70 333
588 72 340
591 68 341
590 61 349
602 54 344
607 50 343
602 47 351
605 42 353
606 41 353
612 40 348
617 35 348
615 34 351
618 30 352
619 32 349
629 29 342
630 31 339
629 34 337
632 36 332
632 36 332
637 32 331
639 35 326
634 35 331
630 39 331
629 39 332
631 40 329
632 35 333
632 38 330
632 34 334
634 30 336
643 28 329
642 27 331
648 25 327
646 27 327
646 26 328
653 27 320
657 28 315
660 21 319
661 22 317
658 24 318
659 24 317
659 22 319
666 15 319
672 13 315
676 12 312
683 11 306
686 12 302
686 15 299
691 14 295
695 12 293
699 13 288
707 10 283
711 12 277
716 10 274
720 9 271
722 9 269
729 7 264
734 8 258
738 6 256
747 7 246
750 7 243
752 5 243
754 5 241
757 5 238
759 7 234
761 6 233
766 7 227
766 11 223
771 11 218
773 11 216
776 10 214
782 8 210
783 9 208
791 6 203
793 5 202
799 6 195
804 5 191
808 4 188
811 5 184
812 8 180
818 10 172
816 15 169
808 19 173
810 18 172
808 20 172
806 20 174
803 21 176
798 30 172
786 42 172
772 55 173
767 55 178
752 65 183
742 71 187
726 77 197
712 82 206
699 84 217
689 86 225
681 86 233
680 82 238
670 82 248
658 80 262
660 69 271
654 73 273
658 66 276
652 63 285
651 56 293
649 53 298
644 55 301
641 54 305
639 55 306
631 47 322
627 49 324
625 52 323
623 52 325
