998 2 0
995 4 1
971 28 1
942 53 5
915 72 13
868 106 26
843 113 44
817 126 57
796 134 70
766 139 95
735 155 110
705 162 133
678 161 161
652 163 185
626 167 207
605 165 230
587 165 248
570 161 269
548 154 298
532 161 307
518 146 336
509 132 359
501 118 381
496 103 401
490 101 409
487 95 418
488 81 431
490 76 434
492 69 439
490 69 441
491 61 448
494 55 451
495 52 453
497 51 452
501 46 453
503 47 450
506 43 451
513 38 449
515 37 448
517 36 447
517 40 443
516 41 443
516 39 445
521 35 444
525 34 441
535 34 431
538 31 431
543 32 425
546 27 427
550 27 423
551 27 422
559 23 418
561 24 415
571 20 409
576 18 406
585 17 398
593 12 395
597 14 389
601 14 385
606 12 382
613 10 377
615 7 378
623 7 370
631 9 360
639 9 352
647 10 343
651 10 339
654 11 335
650 16 334
651 15 334
650 16 334
652 14 334
659 12 329
662 11 327
669 10 321
679 7 314
683 7 310
687 6 307
691 7 302
692 8 300
694 9 297
699 8 293
701 7 292
707 7 286
710 6 284
716 7 277
718 5 277
719 5 276
725 4 271
728 4 268
734 4 262
741 1 258
746 1 253
746 1 253
749 2 249
752 2 246
754 2 244
759 2 239
765 2 233
770 2 228
776 2 222
777 2 221
783 3 214
785 3 212
789 3 208
794 2 204
798 2 200
800 1 199
805 1 194
808 2 190
810 1 189
813 0 187
822 0 178
826 0 174
829 0 171
833 0 167
838 0 162
840 0 160
842 0 158
843 0 157
846 0 154
847 1 152
847 1 152
848 1 151
852 1 147
854 1 145
857 1 142
858 1 141
860 1 139
861 1 138
864 2 134
867 2 131
869 2 129
869 2 129
872 0 128
874 1 125
879 1 120
877 5 118
873 7 120
866 14 120
858 21 121
843 36 121
820 54 126
794 70 136
776 80 144
750 95 155
714 120 166
678 148 174
642 165 193
613 171 216
590 174 236
556 188 256
529 191 280
510 181 309
496 175 329
477 171 352
455 169 376
450 150 400
448 133 419
446 120 434
442 110 448
442 104 454
435 101 464
446 88 466
444 83 473
439 72 489
438 70 492
445 66 489
448 66 486
441 70 489
435 69 496
433 61 506
433 57 510
436 56 508
439 59 502
445 59 496
451 55 494
456 57 487
444 67 489
436 66 498
423 73 504
430 68 502
436 57 507
441 50 509
438 52 510
443 42 515
449 35 516
455 33 512
466 28 506
472 28 500
483 24 493
486 22 492
498 16 486
506 15 479
516 15 469
523 15 462
524 12 464
529 12 459
533 14 453
535 15 450
542 13 445
550 14 436
554 12 434
565 12 423
572 13 415
575 11 414
585 11 404
589 10 401
591 13 396
592 12 396
596 11 393
599 8 393
606 8 386
607 10 383
620 7 373
622 8 370
632 7 361
640 8 352
644 8 348
644 10 346
645 11 344
647 10 343
652 11 337
658 12 330
665 10 325
670 8 322
676 6 318
675 7 318
675 13 312
672 17 311
670 16 314
669 17 314
671 21 308
675 22 303
678 20 302
679 25 296
682 25 293
680 25 295
681 24 295
680 24 296
680 24 296
684 27 289
689 21 290
685 27 288
683 31 286
679 35 286
681 30 289
678 32 290
670 35 295
669 36 295
667 37 296
662 42 296
664 43 293
666 40 294
665 40 295
659 49 292
659 51 290
657 44 299
660 44 296
659 44 297
658 40 302
658 40 302
661 38 301
661 42 297
656 43 301
653 41 306
652 39 309
647 43 310
644 53 303
634 56 310
624 63 313
612 72 316
597 76 327
588 75 337
580 72 348
572 69 359
568 67 365
565 62 373
559 64 377
559 58 383
551 67 382
546 61 393
544 58 398
545 59 396
547 64 389
549 57 394
556 57 387
559 52 389
561 45 394
565 44 391
564 46 390
567 44 389
568 42 390
566 43 391
566 43 391
565 45 390
566 51 383
571 47 382
567 44 389
564 49 387
562 54 384
548 63 389
551 69 380
548 70 382
541 76 383
539 76 385
545 66 389
549 63 388
547 57 396
548 51 401
549 48 403
547 45 408
547 40 413
552 36 412
556 37 407
557 37 406
559 37 404
567 35 398
570 33 397
577 29 394
583 23 394
583 17 400
586 19 395
591 16 393
598 18 384
606 16 378
611 18 371
619 14 367
620 15 365
627 13 360
628 10 362
637 8 355
642 7 351
648 6 346
652 6 342
653 8 339
658 9 333
663 9 328
669 11 320
664 15 321
656 23 321
649 29 322
630 43 327
622 42 336
613 49 338
609 56 335
609 51 340
609 51 340
608 44 348
614 39 347
615 38 347
616 41 343
604 46 350
603 45 352
606 39 355
613 39 348
609 45 346
609 43 348
612 47 341
615 47 338
613 46 341
616 44 340
617 42 341
622 37 341
622 37 341
618 37 345
622 32 346
630 32 338
635 32 333
637 29 334
640 25 335
646 21 333
651 19 330
656 18 326
659 16 325
659 19 322
665 19 316
663 22 315
665 23 312
661 28 311
660 24 316
659 23 318
660 24 316
662 23 315
658 29 313
652 35 313
655 34 311
652 37 311
649 36 315
646 39 315
649 36 315
647 32 321
644 36 320
648 32 320
644 31 325
642 30 328
645 27 328
642 33 325
640 34 326
641 28 331
643 25 332
646 22 332
644 20 336
649 18 333
648 20 332
655 19 326
664 21 315
661 22 317
658 28 314
658 24 318
657 24 319
647 31 322
646 35 319
644 36 320
649 35 316
646 36 318
644 35 321
647 30 323
647 26 327
645 27 328
649 24 327
647 25 328
648 20 332
648 20 332
648 19 333
659 17 324
653 20 327
659 19 322
660 18 322
660 19 321
658 22 320
657 22 321
654 27 319
652 30 318
653 27 320
649 31 320
655 26 319
659 22 319
660 23 317
664 23 313
665 22 313
666 20 314
667 22 311
668 21 311
669 19 312
673 19 308
675 20 305
678 15 307
682 19 299
690 18 292
692 17 291
699 13 288
698 15 287
699 18 283
700 16 284
704 17 279
708 10 282
708 12 280
710 11 279
715 12 273
716 14 270
721 14 265
715 21 264
718 21 261
718 24 258
712 24 264
710 25 265
705 30 265
701 35 264
689 46 265
679 51 270
674 51 275
666 56 278
659 62 279
646 67 287
639 73 288
630 85 285
627 74 299
617 77 306
604 85 311
602 79 319
591 86 323
579 90 331
572 93 335
565 93 342
565 90 345
563 86 351
563 79 358
562 74 364
558 75 367
552 71 377
549 66 385
549 60 391
548 55 397
548 51 401
558 43 399
557 46 397
559 43 398
562 39 399
571 38 391
579 39 382
583 34 383
588 30 382
597 24 379
600 21 379
607 21 372
608 17 375
617 13 370
621 13 366
625 13 362
631 12 357
637 11 352
643 7 350
650 7 343
659 7 334
664 7 329
668 7 325
672 9 319
674 10 316
673 14 313
677 13 310
685 11 304
691 10 299
698 10 292
703 8 289
709 8 283
712 9 279
703 20 277
701 25 274
703 23 274
710 22 268
711 19 270
719 17 264
719 16 265
719 14 267
724 13 263
730 11 259
734 8 258
741 4 255
746 3 251
747 6 247
751 3 246
753 2 245
755 0 245
761 0 239
765 0 235
767 0 233
770 0 230
775 0 225
777 0 223
784 0 216
788 0 212
793 0 207
795 0 205
800 0 200
803 0 197
806 0 194
812 0 188
816 0 184
820 0 180
821 0 179
824 0 176
824 0 176
828 0 172
833 0 167
834 0 166
837 0 163
838 0 162
840 0 160
843 0 157
848 0 152
851 0 149
856 0 144
857 0 143
859 0 141
860 0 140
863 0 137
866 0 134
869 0 131
873 0 127
878 0 122
879 0 121
880 0 120
880 0 120
880 0 120
883 0 117
884 0 116
886 0 114
889 0 111
892 0 108
894 0 106
895 0 105
897 0 103
900 0 100
901 0 99
903 0 97
905 0 95
906 0 94
907 0 93
908 0 92
908 0 92
908 0 92
911 0 89
913 0 87
915 0 85
916 0 84
919 0 81
919 0 81
921 0 79
924 0 76
926 0 74
926 0 74
926 0 74
927 0 73
929 0 71
930 0 70
930 0 70
931 0 69
931 0 69
933 0 67
933 0 67
935 0 65
936 0 64
938 0 62
941 0 59
941 0 59
941 0 59
942 0 58
943 0 57
943 0 57
945 0 55
950 0 50
950 0 50
950 0 50
951 0 49
951 0 49
951 0 49
952 0 48
953 0 47
955 0 45
956 0 44
956 0 44
956 0 44
957 0 43
958 0 42
958 0 42
959 0 41
959 0 41
960 0 40
962 0 38
963 0 37
964 0 36
964 0 36
965 0 35
965 0 35
966 0 34
966 0 34
967 0 33
968 0 32
968 0 32
968 0 32
969 0 31
969 0 31
969 0 31
970 0 30
970 0 30
971 0 29
971 0 29
971 0 29
971 0 29
972 0 28
973 0 27
973 0 27
973 0 27
974 0 26
975 0 25
975 0 25
975 0 25
975 0 25
976 0 24
978 0 22
978 0 22
978 0 22
979 0 21
979 0 21
980 0 20
980 0 20
980 0 20
981 0 19
981 0 19
982 0 18
982 0 18
982 0 18
982 0 18
982 0 18
982 0 18
982 0 18
982 0 18
982 0 18
982 0 18
982 0 18
983 0 17
983 0 17
983 0 17
984 0 16
984 0 16
984 0 16
984 0 16
985 0 15
987 0 13
987 0 13
987 0 13
987 0 13
987 0 13
987 0 13
987 0 13
988 0 12
989 0 11
989 0 11
989 0 11
990 0 10
990 0 10
990 0 10
990 0 10
991 0 9
991 0 9
991 0 9
991 0 9
992 0 8
992 0 8
992 0 8
992 0 8
992 0 8
992 0 8
992 0 8
992 0 8
992 0 8
992 0 8
992 0 8
992 0 8
992 0 8
993 0 7
993 0 7
993 0 7
993 0 7
993 0 7
993 0 7
993 0 7
993 0 7
993 0 7
993 0 7
993 0 7
993 0 7
993 0 7
993 0 7
993 0 7
993 0 7
993 0 7
993 0 7
993 0 7
993 0 7
993 0 7
993 0 7
994 0 6
994 0 6
994 0 6
994 0 6
994 0 6
994 0 6
994 0 6
994 0 6
994 0 6
994 0 6
994 0 6
994 0 6
994 0 6
994 0 6
994 0 6
994 0 6
994 0 6
994 0 6
994 0 6
994 0 6
994 0 6
994 0 6
994 0 6
994 0 6
994 0 6
995 0 5
995 0 5
995 0 5
995 0 5
995 0 5
995 0 5
995 0 5
995 0 5
995 0 5
995 0 5
995 0 5
995 0 5
995 0 5
995 0 5
995 0 5
995 0 5
995 0 5
995 0 5
995 0 5
995 0 5
995 0 5
995 0 5
996 0 4
996 0 4
996 0 4
996 0 4
996 0 4
996 0 4
996 0 4
996 0 4
996 0 4
996 0 4
996 0 4
996 0 4
996 0 4
996 0 4
996 0 4
996 0 4
996 0 4
997 0 3
997 0 3
997 0 3
997 0 3
997 0 3
997 0 3
997 0 3
997 0 3
997 0 3
997 0 3
997 0 3
998 0 2
998 0 2
998 0 2
998 0 2
998 0 2
998 0 2
998 0 2
998 0 2
998 0 2
998 0 2
998 0 2
998 0 2
998 0 2
998 0 2
998 0 2
998 0 2
998 0 2
998 0 2
998 0 2
998 0 2
998 0 2
998 0 2
998 0 2
998 0 2
998 0 2
998 0 2
998 0 2
998 0 2
998 0 2
998 0 2
998 0 2
999 0 1
999 0 1
999 0 1
999 0 1
999 0 1
999 0 1
999 0 1
999 0 1
999 0 1
999 0 1
999 0 1
999 0 1
999 0 1
999 0 1
999 0 1
999 0 1
999 0 1
999 0 1
999 0 1
999 0 1
999 0 1
999 0 1
999 0 1
999 0 1
999 0 1
999 0 1
999 0 1
999 0 1
999 0 1
999 0 1
999 0 1
999 0 1
999 0 1
999 0 1
999 0 1
999 0 1
999 0 1
999 0 1
999 0 1
999 0 1
999 0 1
999 0 1
999 0 1
999 0 1
999 0 1
999 0 1
999 0 1
999 0 1
999 0 1
999 0 1
999 0 1
1000 0 0
1000 0 0
1000 0 0
1000 0 0
1000 0 0
1000 0 0
1000 0 0
1000 0 0
1000 0 0
1000 0 0
1000 0 0
1000 0 0
1000 0 0
1000 0 0
1000 0 0
1000 0 0
1000 0 0
1000 0 0
1000 0 0
1000 0 0
1000 0 0
1000 0 0
1000 0 0
1000 0 0
1000 0 0
1000 0 0
1000 0 0
1000 0 0
1000 0 0
1000 0 0
1000 0 0
1000 0 0
1000 0 0
1000 0 0
1000 0 0
1000 0 0
1000 0 0
1000 0 0
1000 0 0
1000 0 0
1000 0 0
1000 0 0
1000 0 0
1000 0 0
1000 0 0
1000 0 0
1000 0 0
1000 0 0
1000 0 0
1000 0 0
1000 0 0
1000 0 0
1000 0 0
1000 0 0
1000 0 0
1000 0 0
1000 0 0
1000 0 0
1000 0 0
1000 0 0
1000 0 0
1000 0 0
1000 0 0
1000 0 0
1000 0 0
1000 0 0
1000 0 0
1000 0 0
1000 0 0
1000 0 0
1000 0 0
1000 0 0
1000 0 0
1000 0 0
1000 0 0
1000 0 0
1000 0 0
1000 0 0
1000 0 0
1000 0 0
1000 0 0
