998 2 0
998 1 1
999 1 0
999 1 0
999 1 0
999 1 0
999 1 0
998 2 0
996 3 1
990 8 2
975 21 4
964 21 15
949 33 18
920 54 26
881 82 37
848 103 49
813 117 70
786 131 83
750 150 100
720 161 119
691 165 144
667 170 163
642 163 195
619 173 208
604 168 228
594 168 238
581 156 263
569 149 282
556 143 301
551 138 311
543 133 324
530 130 340
526 120 354
522 105 373
518 89 393
515 85 400
515 84 401
515 78 407
518 71 411
521 69 410
524 67 409
529 61 410
533 56 411
528 56 416
533 53 414
534 48 418
535 45 420
544 49 407
546 46 408
550 40 410
552 40 408
549 43 408
553 35 412
558 31 411
557 32 411
555 32 413
558 32 410
559 27 414
560 25 415
565 26 409
558 33 409
559 29 412
565 28 407
567 25 408
567 27 406
570 27 403
573 24 403
578 20 402
580 20 400
586 16 398
589 18 393
590 20 390
591 21 388
594 21 385
596 18 386
606 18 376
605 17 378
613 15 372
617 15 368
617 19 364
616 20 364
623 23 354
629 20 351
633 16 351
641 16 343
643 22 335
644 24 332
644 22 334
646 22 332
649 23 328
651 21 328
653 21 326
651 19 330
656 17 327
657 22 321
665 21 314
668 19 313
669 19 312
671 20 309
672 24 304
665 31 304
663 33 304
661 34 305
659 37 304
659 37 304
656 37 307
656 41 303
661 41 298
654 44 302
654 37 309
656 37 307
656 35 309
657 37 306
655 41 304
655 44 301
657 43 300
653 44 303
653 41 306
653 39 308
656 38 306
654 37 309
661 34 305
659 35 306
656 36 308
660 31 309
663 24 313
664 26 310
668 25 307
672 24 304
678 21 301
678 24 298
682 22 296
683 17 300
684 16 300
691 15 294
697 16 287
700 16 284
699 17 284
700 22 278
700 28 272
698 30 272
692 36 272
690 36 274
689 34 277
681 43 276
676 47 277
676 48 276
679 45 276
674 45 281
666 48 286
666 42 292
672 39 289
666 43 291
667 37 296
667 38 295
669 33 298
676 28 296
680 26 294
684 24 292
689 23 288
688 21 291
689 21 290
691 20 289
695 14 291
696 14 290
696 15 289
700 17 283
700 20 280
699 22 279
694 31 275
690 32 278
676 44 280
669 41 290
660 51 289
655 56 289
646 55 299
640 58 302
636 56 308
632 54 314
634 50 316
635 47 318
632 44 324
626 50 324
623 52 325
626 48 326
629 43 328
629 40 331
631 40 329
632 43 325
630 44 326
629 46 325
624 50 326
620 52 328
616 54 330
619 50 331
613 57 330
611 54 335
615 47 338
609 58 333
597 61 342
602 55 343
605 51 344
605 54 341
602 53 345
593 55 352
584 58 358
579 60 361
572 63 365
566 66 368
562 64 374
556 55 389
557 46 397
554 46 400
553 45 402
550 49 401
550 45 405
559 40 401
566 35 399
572 31 397
577 29 394
584 27 389
591 22 387
593 25 382
595 24 381
600 20 380
603 20 377
608 21 371
612 19 369
609 19 372
611 19 370
621 16 363
623 17 360
629 14 357
637 17 346
640 16 344
648 16 336
648 17 335
648 20 332
650 18 332
651 18 331
650 17 333
653 18 329
659 18 323
665 20 315
668 19 313
672 19 309
671 23 306
672 23 305
674 22 304
673 22 305
681 19 300
684 16 300
688 19 293
690 20 290
688 19 293
692 17 291
693 21 286
693 21 286
697 20 283
703 16 281
702 14 284
703 15 282
703 14 283
709 18 273
707 23 270
703 26 271
704 25 271
700 30 270
698 29 273
693 31 276
690 36 274
681 40 279
673 46 281
661 53 286
653 54 293
646 54 300
639 53 308
635 55 310
627 60 313
615 63 322
604 68 328
606 61 333
604 59 337
594 66 340
586 74 340
580 71 349
577 67 356
576 65 359
569 63 368
563 62 375
568 54 378
571 48 381
564 54 382
568 52 380
567 49 384
574 46 380
580 46 374
584 40 376
582 38 380
586 34 380
585 34 381
585 34 381
584 36 380
588 32 380
594 32 374
588 37 375
583 37 380
584 31 385
589 28 383
589 32 379
588 34 378
588 36 376
594 33 373
596 31 373
598 30 372
600 28 372
606 27 367
606 25 369
611 23 366
612 20 368
619 16 365
623 13 364
627 13 360
628 18 354
633 17 350
631 17 352
629 20 351
630 19 351
631 19 350
634 21 345
636 21 343
635 24 341
637 21 342
638 22 340
641 21 338
643 16 341
646 17 337
646 19 335
649 14 337
652 16 332
653 17 330
657 18 325
657 17 326
653 21 326
656 19 325
654 24 322
654 27 319
653 26 321
657 21 322
660 21 319
662 15 323
669 13 318
676 9 315
686 8 306
691 11 298
693 11 296
696 11 293
692 18 290
687 19 294
693 19 288
701 19 280
705 16 279
708 18 274
703 22 275
709 21 270
713 19 268
716 18 266
713 20 267
712 24 264
707 30 263
701 35 264
691 47 262
679 55 266
671 56 273
670 49 281
666 49 285
656 54 290
657 45 298
657 44 299
660 41 299
661 37 302
659 39 302
658 40 302
655 35 310
647 42 311
640 49 311
641 42 317
638 44 318
635 40 325
641 36 323
652 35 313
650 35 315
652 36 312
658 38 304
661 38 301
660 36 304
664 32 304
670 30 300
668 30 302
671 33 296
671 34 295
667 41 292
667 43 290
665 45 290
662 50 288
655 53 292
647 51 302
640 48 312
631 53 316
626 46 328
626 47 327
626 49 325
621 52 327
619 51 330
614 57 329
611 52 337
601 62 337
597 60 343
592 57 351
599 53 348
594 54 352
592 50 358
590 49 361
591 46 363
596 44 360
590 47 363
594 40 366
594 36 370
594 43 363
591 40 369
594 36 370
596 34 370
597 34 369
597 40 363
592 47 361
589 48 363
580 51 369
574 51 375
569 53 378
573 47 380
577 39 384
578 35 387
580 35 385
581 30 389
584 25 391
581 29 390
590 17 393
595 17 388
594 14 392
594 13 393
600 15 385
604 17 379
610 13 377
614 18 368
618 11 371
617 13 370
620 12 368
624 11 365
625 10 365
624 14 362
632 13 355
631 13 356
624 24 352
627 28 345
639 21 340
641 22 337
643 20 337
645 19 336
648 19 333
655 18 327
658 19 323
658 20 322
659 18 323
661 19 320
657 21 322
660 23 317
660 26 314
656 30 314
663 26 311
666 28 306
664 32 304
673 26 301
672 29 299
671 30 299
670 32 298
668 41 291
657 46 297
657 47 296
650 47 303
644 53 303
643 51 306
636 51 313
633 49 318
630 49 321
630 42 328
635 40 325
639 38 323
636 41 323
636 37 327
631 36 333
635 35 330
641 29 330
641 26 333
644 28 328
647 27 326
647 26 327
649 29 322
648 29 323
647 27 326
651 26 323
655 23 322
655 25 320
658 25 317
665 26 309
665 28 307
673 29 298
676 32 292
675 34 291
677 31 292
677 32 291
679 32 289
680 33 287
677 37 286
679 37 284
684 36 280
684 33 283
689 30 281
686 33 281
686 27 287
689 28 283
684 33 283
685 34 281
677 41 282
673 40 287
676 40 284
670 38 292
670 34 296
666 35 299
667 32 301
665 37 298
662 37 301
663 36 301
662 41 297
658 40 302
657 42 301
655 46 299
653 39 308
654 37 309
657 35 308
661 31 308
660 31 309
664 35 301
673 28 299
674 30 296
668 34 298
666 43 291
662 49 289
662 48 290
664 47 289
658 46 296
654 48 298
658 48 294
659 44 297
653 41 306
651 42 307
648 40 312
648 36 316
645 42 313
640 43 317
638 45 317
641 44 315
638 41 321
638 46 316
640 45 315
643 48 309
641 44 315
643 47 310
638 47 315
639 49 312
633 44 323
632 42 326
628 42 330
626 39 335
623 39 338
622 40 338
625 36 339
628 34 338
628 29 343
629 25 346
633 21 346
638 20 342
640 17 343
648 12 340
649 14 337
651 16 333
649 20 331
643 23 334
641 23 336
641 28 331
640 34 326
641 37 322
639 37 324
642 40 318
643 42 315
637 47 316
635 40 325
637 37 326
640 35 325
638 36 326
638 36 326
644 28 328
644 26 330
649 28 323
652 33 315
647 38 315
642 44 314
645 43 312
637 49 314
630 53 317
634 52 314
632 54 314
630 56 314
628 58 314
619 61 320
615 66 319
614 59 327
615 54 331
619 51 330
621 46 333
620 39 341
616 42 342
613 40 347
613 36 351
616 31 353
621 28 351
622 23 355
630 21 349
624 23 353
626 25 349
633 17 350
637 17 346
642 16 342
647 16 337
654 15 331
658 12 330
659 13 328
663 12 325
663 12 325
668 12 320
674 12 314
674 13 313
679 12 309
686 10 304
690 10 300
697 8 295
704 9 287
707 9 284
706 9 285
714 9 277
720 8 272
726 5 269
732 3 265
736 7 257
739 8 253
738 15 247
736 18 246
728 29 243
722 32 246
715 36 249
706 44 250
704 47 249
695 47 258
699 44 257
694 44 262
695 34 271
695 32 273
694 29 277
694 30 276
693 26 281
695 27 278
690 35 275
687 41 272
686 44 270
680 44 276
686 40 274
689 36 275
689 35 276
688 37 275
688 37 275
690 38 272
689 31 280
683 34 283
682 40 278
677 38 285
677 35 288
671 38 291
665 42 293
668 42 290
668 36 296
676 34 290
674 31 295
678 31 291
674 31 295
675 34 291
669 34 297
673 27 300
670 33 297
669 29 302
666 30 304
665 25 310
666 27 307
667 26 307
666 28 306
667 30 303
669 25 306
671 23 306
679 20 301
681 20 299
688 21 291
691 20 289
693 22 285
693 22 285
692 24 284
690 23 287
687 24 289
688 23 289
692 23 285
690 25 285
691 26 283
691 26 283
689 27 284
687 28 285
693 26 281
703 21 276
710 20 270
711 18 271
715 19 266
718 20 262
718 19 263
723 16 261
724 20 256
722 21 257
725 22 253
727 19 254
731 21 248
733 21 246
732 22 246
724 29 247
718 35 247
721 29 250
720 29 251
717 30 253
710 33 257
700 39 261
694 41 265
689 42 269
679 52 269
668 62 270
656 73 271
643 85 272
624 90 286
611 91 298
605 87 308
597 83 320
583 92 325
573 90 337
571 78 351
569 80 351
557 82 361
556 78 366
553 76 371
549 70 381
546 69 385
541 68 391
536 61 403
530 64 406
528 62 410
521 70 409
517 63 420
525 57 418
529 50 421
539 47 414
536 48 416
536 53 411
535 55 410
531 56 413
528 49 423
531 46 423
526 45 429
531 39 430
535 37 428
538 34 428
541 32 427
543 31 426
543 31 426
547 29 424
550 26 424
553 26 421
556 26 418
562 28 410
567 25 408
568 24 408
569 23 408
575 21 404
577 22 401
580 26 394
584 26 390
584 27 389
589 28 383
597 22 381
598 21 381
607 20 373
605 21 374
612 17 371
618 16 366
619 18 363
619 18 363
612 26 362
612 31 357
609 38 353
612 34 354
610 35 355
613 32 355
612 36 352
617 33 350
611 37 352
611 38 351
608 34 358
615 31 354
616 29 355
618 24 358
618 26 356
619 27 354
622 30 348
624 31 345
625 26 349
621 31 348
626 25 349
626 18 356
631 14 355
639 13 348
637 12 351
640 13 347
644 14 342
645 16 339
650 15 335
650 15 335
655 13 332
663 12 325
663 13 324
666 15 319
668 15 317
675 19 306
683 16 301
688 14 298
691 12 297
691 13 296
696 9 295
695 12 293
699 11 290
704 13 283
709 15 276
711 13 276
717 12 271
721 13 266
721 11 268
720 11 269
723 13 264
725 16 259
728 12 260
732 10 258
734 13 253
734 16 250
735 15 250
740 14 246
745 11 244
746 7 247
746 6 248
749 5 246
754 5 241
757 5 238
758 5 237
768 4 228
769 3 228
772 2 226
775 2 223
781 2 217
784 2 214
789 1 210
794 1 205
798 1 201
799 2 199
799 2 199
802 2 196
805 2 193
808 2 190
809 2 189
812 2 186
817 3 180
822 5 173
822 5 173
827 6 167
828 7 165
830 7 163
830 8 162
832 10 158
832 11 157
832 10 158
832 9 159
829 11 160
829 12 159
823 14 163
819 18 163
812 26 162
805 31 164
798 38 164
783 54 163
764 71 165
750 70 180
741 62 197
738 59 203
728 58 214
719 62 219
709 64 227
703 51 246
699 53 248
693 53 254
686 57 257
679 61 260
671 61 268
670 57 273
668 57 275
669 51 280
665 58 277
652 65 283
642 71 287
635 76 289
632 71 297
633 68 299
626 69 305
622 68 310
615 66 319
609 66 325
605 66 329
600 65 335
582 78 340
579 74 347
578 63 359
572 64 364
567 63 370
564 59 377
559 61 380
559 61 380
559 60 381
558 57 385
561 58 381
564 59 377
560 64 376
559 60 381
561 57 382
562 59 379
559 58 383
564 55 381
559 58 383
557 54 389
555 54 391
555 48 397
560 42 398
564 41 395
554 43 403
557 42 401
557 41 402
559 38 403
562 40 398
564 43 393
563 38 399
567 34 399
573 36 391
568 46 386
569 45 386
569 42 389
566 35 399
565 33 402
568 32 400
569 30 401
575 33 392
574 36 390
574 33 393
575 27 398
581 25 394
588 16 396
590 15 395
591 13 396
597 15 388
606 16 378
608 15 377
606 20 374
608 31 361
610 33 357
612 31 357
608 35 357
