997 3 0
996 3 1
994 5 1
993 5 2
991 7 2
989 7 4
988 6 6
988 5 7
988 7 5
985 9 6
983 11 6
982 9 9
980 9 11
970 19 11
954 31 15
927 53 20
892 83 25
864 100 36
824 125 51
781 148 71
754 154 92
713 168 119
681 166 153
656 162 182
632 163 205
603 167 230
582 160 258
571 149 280
558 144 298
543 137 320
535 138 327
531 131 338
528 127 345
517 116 367
509 104 387
505 104 391
513 99 388
513 91 396
510 85 405
512 77 411
514 68 418
516 64 420
521 59 420
515 53 432
522 47 431
525 51 424
528 45 427
528 43 429
527 45 428
529 41 430
529 41 430
528 40 432
530 43 427
528 46 426
528 45 427
531 41 428
531 43 426
537 40 423
541 40 419
545 33 422
553 32 415
557 33 410
563 29 408
562 29 409
560 38 402
564 39 397
567 39 394
570 29 401
572 30 398
565 34 401
571 29 400
572 28 400
574 26 400
579 26 395
583 27 390
587 24 389
595 26 379
592 27 381
594 27 379
606 25 369
605 26 369
602 28 370
602 28 370
602 33 365
604 29 367
611 28 361
606 32 362
609 31 360
613 30 357
619 27 354
620 23 357
620 26 354
620 28 352
622 28 350
628 28 344
633 22 345
637 21 342
642 21 337
647 21 332
647 24 329
647 27 326
650 23 327
656 22 322
650 31 319
657 24 319
661 23 316
663 23 314
664 20 316
662 21 317
655 26 319
661 25 314
665 25 310
665 20 315
670 18 312
671 18 311
669 19 312
669 20 311
671 20 309
674 21 305
676 21 303
684 18 298
685 21 294
690 21 289
693 23 284
690 28 282
689 29 282
685 31 284
682 32 286
684 31 285
684 32 284
684 30 286
686 28 286
685 30 285
685 32 283
689 30 281
689 31 280
693 31 276
683 33 284
684 32 284
678 31 291
681 30 289
678 32 290
673 32 295
674 26 300
678 23 299
681 23 296
687 23 290
688 22 290
688 24 288
692 26 282
696 27 277
698 21 281
700 24 276
705 20 275
704 23 273
708 18 274
713 22 265
713 21 266
714 18 268
707 21 272
709 20 271
710 23 267
705 26 269
709 24 267
710 22 268
716 18 266
715 19 266
716 16 268
713 18 269
712 21 267
708 25 267
704 33 263
700 33 267
694 42 264
690 43 267
683 46 271
666 59 275
652 66 282
652 57 291
646 54 300
641 56 303
626 66 308
620 68 312
618 66 316
608 63 329
613 56 331
607 60 333
600 64 336
596 58 346
590 62 348
587 63 350
587 62 351
587 61 352
584 57 359
586 55 359
585 48 367
589 44 367
593 35 372
597 31 372
597 35 368
595 33 372
597 31 372
596 34 370
596 31 373
604 31 365
609 22 369
611 18 371
612 20 368
622 23 355
629 21 350
634 20 346
640 19 341
642 14 344
641 16 343
642 14 344
649 11 340
655 10 335
659 10 331
665 9 326
666 9 325
670 9 321
669 9 322
671 7 322
678 7 315
685 5 310
689 7 304
693 4 303
696 6 298
700 5 295
706 5 289
712 4 284
715 3 282
720 4 276
725 6 269
727 7 266
735 6 259
737 8 255
741 5 254
738 7 255
735 9 256
737 7 256
736 9 255
739 5 256
741 6 253
743 8 249
744 9 247
745 10 245
746 12 242
743 16 241
738 17 245
739 16 245
741 12 247
741 13 246
744 9 247
740 13 247
746 12 242
742 19 239
741 20 239
742 23 235
739 22 239
742 16 242
746 11 243
755 11 234
759 11 230
761 10 229
765 12 223
767 14 219
763 18 219
762 22 216
758 23 219
752 27 221
748 31 221
744 33 223
738 37 225
729 45 226
717 54 229
712 50 238
703 57 240
697 56 247
693 53 254
681 60 259
676 58 266
671 56 273
666 60 274
654 60 286
648 56 296
646 52 302
646 53 301
651 49 300
651 49 300
648 48 304
649 43 308
656 40 304
657 37 306
658 36 306
662 37 301
660 33 307
662 34 304
663 37 300
660 39 301
658 39 303
662 39 299
662 40 298
653 45 302
650 38 312
645 39 316
648 38 314
647 33 320
651 27 322
653 31 316
655 31 314
651 34 315
651 33 316
649 36 315
649 37 314
648 35 317
651 37 312
651 42 307
654 30 316
661 27 312
659 33 308
659 37 304
650 43 307
649 42 309
652 38 310
652 36 312
652 29 319
647 31 322
649 30 321
650 29 321
652 30 318
653 30 317
656 29 315
655 26 319
657 23 320
662 24 314
665 22 313
665 23 312
668 23 309
671 19 310
666 21 313
666 22 312
669 21 310
679 16 305
682 17 301
688 16 296
691 17 292
692 16 292
692 18 290
696 16 288
694 18 288
695 14 291
700 14 286
703 15 282
708 14 278
717 15 268
724 15 261
725 18 257
726 23 251
728 18 254
731 19 250
735 18 247
735 17 248
738 17 245
741 15 244
747 13 240
750 14 236
754 12 234
757 10 233
756 13 231
754 16 230
754 16 230
756 13 231
758 12 230
762 13 225
763 10 227
760 12 228
757 18 225
756 18 226
752 22 226
752 23 225
751 26 223
743 35 222
742 37 221
739 44 217
730 46 224
722 47 231
718 47 235
711 47 242
695 56 249
682 63 255
671 69 260
665 70 265
645 77 278
635 81 284
630 83 287
626 74 300
625 64 311
625 57 318
619 57 324
613 60 327
607 66 327
606 58 336
607 52 341
611 49 340
614 48 338
616 41 343
616 34 350
618 31 351
615 35 350
614 34 352
618 29 353
624 27 349
624 27 349
633 27 340
638 24 338
645 20 335
650 18 332
650 19 331
649 22 329
652 24 324
651 21 328
653 22 325
656 22 322
656 20 324
658 23 319
658 25 317
659 28 313
661 25 314
666 22 312
670 20 310
674 19 307
678 17 305
681 12 307
687 13 300
687 14 299
690 14 296
698 11 291
704 9 287
708 7 285
715 5 280
718 7 275
720 5 275
725 6 269
729 6 265
731 9 260
732 11 257
731 11 258
735 9 256
742 7 251
743 7 250
748 8 244
751 6 243
756 5 239
763 6 231
763 6 231
765 5 230
766 8 226
766 12 222
762 20 218
756 26 218
741 41 218
738 43 219
728 49 223
727 48 225
728 42 230
724 35 241
721 35 244
724 32 244
735 29 236
735 26 239
734 24 242
737 22 241
739 26 235
741 24 235
743 21 236
741 23 236
742 20 238
744 21 235
743 18 239
747 22 231
738 30 232
740 31 229
738 30 232
735 32 233
733 32 235
726 35 239
729 29 242
730 28 242
728 28 244
726 30 244
727 28 245
732 28 240
732 26 242
732 24 244
736 25 239
731 25 244
733 24 243
737 21 242
739 18 243
735 21 244
737 17 246
739 14 247
742 16 242
738 18 244
743 15 242
747 12 241
747 11 242
747 5 248
744 7 249
747 9 244
746 12 242
749 11 240
753 9 238
754 11 235
759 10 231
758 13 229
757 15 228
762 17 221
758 20 222
760 20 220
760 24 216
762 20 218
759 23 218
761 22 217
762 16 222
764 14 222
767 15 218
764 25 211
760 27 213
759 27 214
757 29 214
757 29 214
752 30 218
756 26 218
755 21 224
758 19 223
763 18 219
763 17 220
763 14 223
762 18 220
761 19 220
765 18 217
764 19 217
765 16 219
766 17 217
763 22 215
764 18 218
763 21 216
764 20 216
761 21 218
759 22 219
757 26 217
749 32 219
753 33 214
746 35 219
745 38 217
736 48 216
732 48 220
723 47 230
716 52 232
708 59 233
704 61 235
699 62 239
686 72 242
675 79 246
665 76 259
662 74 264
652 66 282
647 61 292
645 58 297
641 54 305
640 55 305
636 49 315
633 55 312
634 55 311
634 48 318
632 55 313
633 48 319
626 51 323
622 55 323
616 55 329
610 59 331
612 54 334
616 55 329
615 53 332
611 52 337
612 49 339
609 45 346
605 42 353
602 37 361
601 39 360
601 38 361
596 41 363
594 39 367
594 37 369
598 36 366
600 33 367
606 30 364
610 31 359
615 30 355
614 32 354
617 34 349
621 35 344
622 37 341
621 40 339
620 39 341
616 37 347
614 43 343
607 51 342
602 51 347
600 58 342
596 65 339
594 66 340
589 66 345
584 67 349
584 71 345
578 68 354
575 66 359
574 57 369
569 54 377
572 53 375
576 53 371
570 58 372
566 61 373
573 55 372
577 49 374
578 45 377
578 42 380
576 43 381
583 36 381
580 34 386
581 36 383
580 34 386
579 33 388
580 37 383
584 38 378
587 37 376
589 38 373
593 41 366
596 43 361
592 39 369
589 44 367
584 49 367
576 50 374
575 52 373
577 46 377
576 45 379
575 42 383
572 45 383
570 45 385
563 47 390
564 46 390
563 50 387
560 50 390
565 45 390
563 45 392
570 44 386
566 39 395
568 43 389
564 44 392
563 49 388
560 46 394
561 44 395
561 46 393
559 47 394
563 38 399
562 38 400
561 37 402
563 39 398
564 36 400
562 37 401
564 36 400
570 33 397
571 29 400
580 25 395
585 20 395
580 25 395
584 21 395
591 20 389
595 18 387
600 18 382
603 15 382
608 13 379
611 16 373
617 15 368
622 14 364
626 13 361
627 15 358
632 15 353
636 18 346
638 21 341
642 21 337
647 22 331
649 24 327
652 28 320
654 28 318
656 30 314
660 29 311
664 27 309
663 23 314
658 23 319
660 21 319
666 26 308
668 26 306
673 25 302
673 23 304
675 24 301
678 24 298
679 21 300
679 21 300
678 25 297
681 23 296
685 23 292
683 26 291
681 29 290
683 23 294
680 28 292
676 30 294
671 31 298
672 28 300
681 24 295
685 22 293
689 18 293
694 21 285
693 22 285
694 21 285
701 21 278
703 23 274
706 19 275
709 16 275
713 16 271
715 20 265
720 19 261
718 24 258
714 24 262
712 24 264
712 25 263
713 22 265
715 24 261
711 31 258
712 25 263
714 24 262
717 28 255
719 26 255
722 28 250
722 30 248
719 31 250
716 34 250
713 33 254
708 34 258
707 33 260
711 32 257
710 32 258
710 22 268
710 22 268
713 22 265
717 21 262
715 24 261
710 30 260
702 39 259
705 32 263
697 37 266
696 33 271
699 33 268
698 32 270
700 30 270
699 29 272
696 29 275
692 29 279
692 30 278
690 32 278
694 29 277
688 34 278
688 30 282
688 30 282
679 37 284
675 32 293
679 31 290
681 27 292
683 28 289
689 21 290
689 20 291
691 19 290
688 24 288
683 29 288
678 34 288
673 35 292
668 39 293
666 41 293
661 47 292
660 41 299
655 46 299
654 49 297
656 51 293
645 57 298
638 60 302
632 65 303
628 67 305
628 64 308
624 61 315
620 60 320
618 60 322
615 53 332
609 57 334
612 52 336
610 53 337
611 53 336
608 48 344
612 42 346
611 38 351
613 32 355
614 34 352
620 35 345
616 34 350
614 35 351
614 34 352
610 36 354
617 39 344
617 34 349
620 33 347
623 34 343
616 39 345
617 36 347
614 34 352
611 32 357
612 32 356
616 30 354
621 27 352
626 24 350
629 24 347
630 23 347
639 21 340
646 19 335
654 20 326
654 24 322
655 22 323
656 20 324
659 21 320
663 23 314
665 19 316
671 19 310
674 20 306
675 22 303
674 25 301
672 27 301
668 28 304
660 32 308
662 30 308
661 31 308
661 29 310
665 30 305
668 29 303
669 28 303
667 30 303
663 36 301
664 35 301
662 34 304
661 30 309
664 30 306
659 33 308
661 31 308
657 34 309
661 33 306
667 33 300
667 32 301
662 38 300
655 41 304
648 48 304
642 49 309
640 50 310
635 55 310
632 56 312
621 66 313
619 66 315
612 53 335
611 53 336
608 49 343
610 48 342
612 42 346
610 45 345
609 43 348
611 41 348
620 34 346
623 32 345
621 31 348
624 25 351
626 19 355
626 18 356
633 17 350
638 14 348
643 14 343
647 14 339
654 13 333
662 12 326
670 10 320
675 10 315
683 9 308
692 7 301
697 8 295
697 8 295
701 8 291
704 9 287
704 10 286
712 9 279
713 7 280
713 8 279
708 11 281
710 12 278
712 10 278
711 11 278
714 13 273
707 20 273
703 29 268
694 35 271
685 42 273
681 44 275
674 52 274
662 54 284
661 51 288
654 55 291
646 60 294
633 70 297
625 75 300
610 83 307
602 80 318
597 81 322
586 85 329
586 78 336
579 79 342
563 87 350
557 86 357
553 83 364
549 77 374
546 74 380
542 78 380
540 72 388
543 68 389
539 56 405
542 52 406
538 58 404
540 53 407
542 54 404
543 51 406
544 50 406
539 52 409
541 52 407
539 50 411
545 47 408
544 47 409
538 45 417
537 49 414
538 53 409
535 51 414
535 47 418
539 49 412
530 52 418
533 48 419
528 48 424
529 45 426
531 43 426
535 45 420
530 45 425
534 42 424
540 40 420
539 40 421
537 44 419
535 43 422
535 40 425
533 40 427
535 37 428
529 46 425
533 46 421
537 43 420
539 45 416
544 45 411
542 48 410
537 47 416
535 46 419
533 50 417
531 49 420
527 50 423
516 54 430
513 58 429
517 55 428
516 51 433
513 49 438
513 50 437
516 48 436
515 50 435
517 46 437
517 50 433
523 41 436
523 39 438
529 32 439
536 27 437
540 29 431
547 27 426
552 28 420
559 21 420
566 22 412
