998 2 0
998 2 0
998 2 0
988 11 1
972 27 1
955 37 8
944 42 14
933 45 22
912 58 30
875 81 44
841 108 51
794 135 71
749 152 99
713 158 129
677 175 148
651 176 173
621 178 201
593 179 228
574 170 256
561 156 283
548 150 302
535 155 310
510 161 329
497 151 352
482 148 370
485 136 379
468 130 402
457 119 424
450 109 441
452 102 446
446 104 450
441 101 458
445 97 458
445 93 462
441 88 471
442 75 483
446 66 488
444 58 498
448 56 496
454 55 491
454 56 490
451 57 492
454 54 492
458 51 491
458 48 494
463 43 494
473 41 486
480 33 487
489 31 480
493 28 479
506 28 466
512 28 460
513 26 461
514 21 465
516 27 457
510 33 457
520 32 448
518 31 451
517 30 453
523 32 445
531 27 442
534 28 438
540 26 434
539 23 438
544 21 435
542 24 434
547 22 431
551 24 425
552 24 424
551 20 429
551 27 422
562 25 413
565 24 411
574 24 402
582 21 397
580 16 404
582 16 402
586 19 395
585 18 397
582 13 405
588 11 401
599 12 389
602 15 383
605 16 379
603 21 376
605 21 374
610 22 368
611 23 366
612 24 364
614 24 362
618 24 358
618 32 350
619 30 351
624 28 348
623 27 350
625 26 349
625 26 349
633 22 345
638 22 340
639 21 340
639 22 339
650 20 330
653 19 328
658 17 325
664 15 321
670 11 319
673 11 316
678 10 312
685 9 306
689 8 303
686 12 302
691 11 298
689 16 295
690 17 293
690 16 294
692 13 295
697 12 291
694 14 292
695 18 287
697 19 284
698 19 283
701 21 278
704 22 274
705 24 271
704 22 274
705 22 273
703 26 271
710 23 267
710 24 266
708 18 274
709 17 274
712 16 272
712 19 269
705 24 271
689 40 271
676 50 274
662 55 283
659 53 288
662 53 285
654 52 294
648 56 296
637 64 299
630 62 308
626 63 311
617 64 319
617 57 326
617 51 332
610 52 338
599 56 345
593 59 348
591 55 354
597 46 357
596 53 351
602 42 356
608 43 349
602 44 354
596 47 357
593 51 356
591 42 367
582 49 369
585 50 365
577 50 373
577 46 377
572 51 377
569 45 386
574 45 381
570 49 381
567 53 380
570 49 381
570 52 378
573 47 380
583 42 375
577 43 380
582 39 379
582 35 383
585 35 380
584 33 383
588 31 381
588 34 378
596 29 375
598 29 373
598 31 371
601 29 370
604 28 368
606 23 371
608 24 368
607 25 368
613 23 364
616 21 363
616 24 360
617 21 362
618 19 363
622 14 364
621 17 362
623 18 359
625 20 355
622 22 356
621 29 350
626 31 343
620 31 349
618 37 345
615 45 340
616 44 340
611 48 341
613 44 343
615 40 345
613 33 354
614 35 351
619 37 344
620 38 342
612 49 339
612 46 342
609 43 348
608 49 343
602 51 347
606 50 344
598 51 351
598 45 357
593 51 356
593 45 362
590 49 361
589 48 363
585 49 366
589 43 368
589 42 369
592 40 368
591 43 366
591 43 366
591 48 361
596 44 360
592 46 362
593 44 363
581 52 367
578 52 370
584 50 366
584 47 369
586 42 372
589 42 369
594 44 362
596 38 366
600 36 364
603 35 362
606 33 361
609 29 362
611 30 359
609 33 358
618 33 349
618 39 343
622 34 344
628 30 342
628 30 342
631 28 341
635 30 335
643 31 326
645 31 324
643 33 324
638 33 329
639 29 332
648 28 324
647 28 325
651 26 323
653 26 321
655 25 320
663 21 316
669 20 311
674 19 307
670 22 308
674 20 306
678 23 299
681 21 298
681 21 298
679 24 297
679 21 300
679 22 299
680 20 300
680 21 299
678 23 299
677 23 300
677 21 302
677 21 302
681 18 301
680 22 298
683 22 295
687 18 295
689 17 294
693 20 287
688 24 288
685 28 287
685 28 287
685 24 291
687 26 287
690 29 281
687 33 280
685 29 286
682 32 286
684 29 287
681 34 285
681 29 290
686 26 288
685 25 290
686 21 293
687 21 292
688 20 292
684 21 295
688 18 294
690 20 290
689 26 285
692 19 289
695 21 284
696 18 286
698 14 288
700 18 282
702 16 282
703 17 280
693 26 281
687 34 279
686 35 279
681 32 287
678 34 288
674 36 290
673 40 287
672 40 288
676 36 288
677 34 289
669 39 292
670 38 292
675 34 291
676 31 293
673 30 297
677 33 290
671 36 293
677 31 292
670 32 298
669 33 298
672 31 297
667 33 300
669 30 301
672 28 300
669 29 302
674 27 299
671 32 297
669 36 295
663 43 294
662 44 294
657 43 300
657 46 297
654 52 294
650 44 306
655 38 307
659 37 304
653 43 304
651 38 311
648 41 311
640 45 315
637 43 320
637 41 322
630 51 319
627 46 327
631 39 330
630 42 328
631 41 328
627 46 327
628 48 324
629 43 328
633 38 329
631 40 329
633 39 328
631 41 328
632 40 328
640 32 328
637 33 330
637 34 329
638 36 326
642 35 323
646 28 326
649 26 325
645 28 327
642 30 328
646 29 325
642 30 328
634 34 332
631 34 335
633 36 331
634 36 330
629 37 334
626 36 338
620 42 338
616 50 334
603 59 338
591 71 338
583 68 349
578 65 357
579 61 360
576 55 369
569 56 375
565 56 379
560 52 388
564 53 383
564 47 389
567 40 393
564 46 390
563 43 394
563 40 397
553 49 398
554 48 398
554 49 397
560 41 399
563 43 394
565 43 392
569 40 391
563 42 395
557 46 397
560 45 395
562 44 394
564 40 396
567 37 396
570 34 396
571 40 389
575 38 387
568 44 388
570 43 387
564 43 393
567 45 388
571 42 387
568 46 386
572 44 384
574 41 385
577 40 383
578 47 375
578 45 377
578 42 380
585 38 377
589 33 378
592 29 379
597 27 376
602 24 374
606 22 372
606 23 371
616 20 364
621 19 360
628 17 355
636 15 349
641 20 339
646 18 336
653 16 331
652 18 330
652 16 332
643 24 333
645 20 335
648 21 331
648 21 331
649 20 331
654 19 327
659 20 321
664 18 318
665 19 316
661 23 316
667 22 311
665 21 314
669 20 311
673 18 309
672 18 310
674 16 310
671 25 304
670 28 302
664 35 301
659 40 301
649 47 304
647 43 310
642 45 313
625 56 319
616 62 322
611 62 327
607 61 332
597 70 333
587 71 342
580 71 349
579 67 354
575 64 361
574 60 366
573 58 369
563 66 371
558 66 376
554 66 380
548 72 380
535 74 391
538 69 393
533 68 399
524 73 403
533 66 401
535 59 406
528 62 410
522 59 419
519 57 424
526 51 423
527 44 429
528 43 429
520 50 430
525 48 427
525 53 422
521 50 429
527 46 427
536 42 422
534 46 420
534 46 420
534 47 419
542 45 413
536 45 419
543 43 414
543 41 416
535 47 418
540 42 418
544 41 415
547 38 415
554 35 411
553 39 408
559 37 404
563 39 398
551 46 403
551 40 409
546 44 410
549 45 406
552 41 407
549 40 411
549 40 411
548 40 412
543 43 414
542 42 416
547 41 412
545 46 409
546 46 408
550 39 411
557 28 415
564 30 406
567 31 402
568 32 400
575 29 396
578 27 395
583 25 392
588 22 390
592 23 385
594 21 385
597 23 380
598 24 378
596 24 380
597 23 380
600 20 380
599 20 381
600 16 384
608 17 375
613 15 372
619 15 366
619 16 365
619 19 362
623 19 358
629 18 353
635 18 347
634 16 350
637 16 347
642 14 344
651 13 336
648 14 338
650 16 334
655 17 328
660 18 322
662 24 314
661 24 315
657 28 315
657 27 316
657 30 313
657 27 316
658 27 315
660 27 313
657 28 315
653 30 317
647 33 320
645 35 320
644 34 322
641 38 321
641 36 323
645 34 321
652 32 316
645 38 317
643 40 317
647 33 320
652 30 318
659 23 318
662 24 314
666 17 317
672 17 311
677 18 305
682 19 299
685 20 295
691 18 291
692 17 291
693 22 285
687 27 286
684 23 293
682 27 291
682 27 291
676 34 290
669 34 297
670 36 294
671 36 293
670 35 295
668 36 296
664 38 298
663 38 299
659 40 301
654 42 304
652 40 308
651 37 312
644 40 316
633 50 317
622 55 323
625 49 326
627 46 327
632 43 325
634 35 331
636 31 333
635 29 336
640 28 332
640 30 330
652 31 317
653 35 312
648 37 315
648 40 312
643 47 310
629 53 318
621 53 326
617 54 329
619 49 332
614 52 334
596 65 339
590 67 343
586 69 345
580 69 351
576 64 360
576 66 358
582 59 359
578 56 366
573 59 368
568 61 371
568 58 374
560 55 385
554 57 389
550 59 391
550 54 396
548 57 395
539 62 399
533 57 410
532 54 414
535 53 412
532 56 412
527 63 410
537 62 401
529 67 404
527 58 415
524 56 420
516 59 425
520 53 427
524 44 432
523 39 438
526 34 440
532 32 436
543 30 427
553 24 423
565 28 407
578 26 396
575 31 394
578 27 395
584 26 390
587 24 389
592 19 389
603 16 381
606 17 377
615 14 371
621 15 364
624 17 359
630 15 355
638 12 350
647 13 340
652 14 334
658 14 328
665 13 322
663 15 322
666 12 322
670 10 320
674 10 316
676 12 312
676 13 311
678 15 307
678 16 306
687 14 299
691 13 296
690 17 293
685 22 293
685 26 289
688 23 289
685 26 289
680 33 287
673 41 286
660 46 294
652 50 298
648 46 306
638 52 310
633 53 314
629 55 316
623 53 324
621 51 328
625 43 332
630 41 329
633 39 328
629 35 336
618 40 342
618 40 342
614 46 340
610 49 341
609 51 340
604 48 348
606 42 352
603 44 353
601 52 347
601 53 346
592 62 346
594 53 353
597 50 353
599 47 354
598 49 353
591 54 355
594 48 358
597 45 358
601 42 357
602 44 354
603 50 347
606 43 351
614 44 342
616 38 346
621 35 344
624 35 341
629 29 342
638 25 337
638 24 338
637 26 337
639 25 336
645 23 332
645 20 335
642 26 332
646 25 329
649 24 327
649 24 327
655 24 321
660 22 318
660 23 317
659 26 315
653 33 314
650 39 311
648 39 313
643 39 318
650 34 316
649 35 316
655 35 310
655 39 306
652 39 309
650 35 315
652 36 312
653 34 313
651 40 309
651 43 306
650 38 312
649 33 318
651 28 321
650 28 322
652 22 326
656 24 320
654 25 321
653 26 321
649 29 322
650 29 321
651 25 324
644 33 323
642 37 321
643 35 322
636 39 325
643 33 324
643 33 324
641 38 321
638 40 322
635 38 327
634 40 326
633 46 321
633 50 317
626 57 317
622 60 318
621 57 322
617 55 328
612 63 325
604 62 334
596 68 336
587 76 337
589 70 341
586 68 346
585 61 354
579 65 356
581 58 361
583 52 365
582 50 368
578 54 368
587 42 371
588 42 370
584 45 371
581 47 372
575 44 381
578 39 383
577 38 385
578 36 386
580 37 383
586 36 378
587 34 379
596 27 377
600 22 378
605 21 374
606 23 371
611 22 367
612 21 367
618 13 369
623 14 363
628 16 356
628 19 353
631 18 351
635 11 354
640 13 347
645 12 343
652 13 335
652 19 329
653 19 328
661 19 320
665 18 317
669 17 314
678 18 304
681 16 303
681 22 297
687 21 292
681 30 289
680 28 292
676 33 291
668 38 294
669 36 295
671 34 295
668 36 296
669 37 294
667 42 291
664 42 294
665 38 297
664 35 301
661 32 307
650 42 308
644 45 311
629 52 319
625 46 329
623 44 333
619 46 335
620 42 338
624 40 336
624 41 335
626 38 336
628 40 332
629 41 330
632 39 329
631 40 329
629 39 332
634 37 329
634 34 332
632 37 331
634 38 328
631 41 328
628 45 327
623 50 327
620 46 334
617 45 338
608 50 342
614 52 334
603 61 336
598 58 344
592 62 346
584 67 349
570 81 349
565 85 350
554 86 360
548 85 367
547 79 374
549 65 386
545 62 393
537 56 407
535 54 411
536 55 409
540 47 413
546 39 415
549 36 415
545 37 418
544 35 421
545 29 426
545 32 423
546 30 424
547 32 421
553 24 423
555 20 425
565 18 417
571 17 412
574 18 408
578 17 405
583 17 400
589 15 396
595 14 391
604 11 385
611 11 378
613 9 378
619 11 370
621 9 370
627 9 364
632 7 361
638 5 357
648 6 346
652 7 341
660 2 338
664 4 332
675 4 321
682 4 314
691 5 304
700 6 294
702 9 289
709 8 283
709 8 283
708 11 281
699 28 273
685 39 276
676 43 281
665 53 282
655 56 289
644 61 295
630 69 301
625 68 307
617 62 321
608 67 325
609 64 327
604 61 335
603 57 340
601 61 338
604 60 336
603 57 340
600 55 345
599 54 347
591 56 353
585 55 360
579 55 366
571 57 372
563 54 383
565 50 385
566 43 391
571 39 390
570 39 391
571 40 389
566 41 393
566 43 391
567 38 395
570 27 403
572 23 405
581 19 400
584 19 397
588 20 392
594 19 387
600 15 385
604 13 383
610 15 375
620 15 365
625 14 361
629 12 359
636 6 358
644 7 349
642 8 350
647 8 345
654 6 340
654 12 334
656 16 328
656 20 324
655 16 329
660 14 326
666 13 321
669 13 318
680 9 311
692 8 300
693 8 299
703 8 289
712 8 280
715 9 276
716 8 276
720 8 272
729 5 266
731 5 264
735 3 262
738 4 258
