997 3 0
994 5 1
990 9 1
986 12 2
980 16 4
976 15 9
972 13 15
970 12 18
965 17 18
949 27 24
935 39 26
906 65 29
868 91 41
830 116 54
780 146 74
720 180 100
675 189 136
639 200 161
607 201 192
580 193 227
563 172 265
540 163 297
536 143 321
530 129 341
519 125 356
509 124 367
498 118 384
486 117 397
484 111 405
482 108 410
483 90 427
479 80 441
482 72 446
482 70 448
487 62 451
493 55 452
498 52 450
509 48 443
514 45 441
517 42 441
520 40 440
522 38 440
525 40 435
520 39 441
526 40 434
530 39 431
536 36 428
539 37 424
544 36 420
545 34 421
547 29 424
552 27 421
564 27 409
567 24 409
572 23 405
577 24 399
576 26 398
575 27 398
582 27 391
584 28 388
580 30 390
581 26 393
583 27 390
591 29 380
593 28 379
600 28 372
597 27 376
602 24 374
599 23 378
603 23 374
607 24 369
610 27 363
611 28 361
612 24 364
608 28 364
614 26 360
621 24 355
629 19 352
633 21 346
637 20 343
639 18 343
638 20 342
641 22 337
643 22 335
648 27 325
651 32 317
644 37 319
640 35 325
637 38 325
640 36 324
645 37 318
647 33 320
646 37 317
649 34 317
648 35 317
646 41 313
648 41 311
646 36 318
651 30 319
656 28 316
654 33 313
654 36 310
653 34 313
653 34 313
660 25 315
662 25 313
666 24 310
668 19 313
667 22 311
672 22 306
675 21 304
673 25 302
675 28 297
677 31 292
677 30 293
679 27 294
673 31 296
671 39 290
669 41 290
666 42 292
668 39 293
662 40 298
658 44 298
657 46 297
656 48 296
651 59 290
652 56 292
648 57 295
651 53 296
649 54 297
642 56 302
643 53 304
642 48 310
642 49 309
636 49 315
637 45 318
639 37 324
634 48 318
630 50 320
620 54 326
612 56 332
609 54 337
601 55 344
596 51 353
586 55 359
590 53 357
584 50 366
586 48 366
590 43 367
585 45 370
586 43 371
587 39 374
598 40 362
600 39 361
603 34 363
605 33 362
600 32 368
608 32 360
608 32 360
601 41 358
604 40 356
603 45 352
601 42 357
601 38 361
603 32 365
607 31 362
615 29 356
621 27 352
626 23 351
629 20 351
630 22 348
631 23 346
635 25 340
632 24 344
637 22 341
643 21 336
646 23 331
643 24 333
647 20 333
652 17 331
656 19 325
652 17 331
647 25 328
646 28 326
643 34 323
640 38 322
642 38 320
646 38 316
648 37 315
648 40 312
643 40 317
647 36 317
643 35 322
643 36 321
647 27 326
647 27 326
646 25 329
647 29 324
645 26 329
650 22 328
648 25 327
649 29 322
655 25 320
660 20 320
661 23 316
660 23 317
663 24 313
658 30 312
658 33 309
661 33 306
661 34 305
664 33 303
672 28 300
676 25 299
678 24 298
681 18 301
686 15 299
687 14 299
696 11 293
703 11 286
703 18 279
700 22 278
699 25 276
696 27 277
696 26 278
694 26 280
690 25 285
695 25 280
698 28 274
694 29 277
692 27 281
691 28 281
695 26 279
698 24 278
707 23 270
705 25 270
704 27 269
707 29 264
705 27 268
707 33 260
698 40 262
694 43 263
698 45 257
700 40 260
694 48 258
690 47 263
686 51 263
683 50 267
678 53 269
673 58 269
661 65 274
660 61 279
654 61 285
648 56 296
653 42 305
653 38 309
654 36 310
652 37 311
647 42 311
641 44 315
634 48 318
631 51 318
632 51 317
635 47 318
630 49 321
632 44 324
630 41 329
632 42 326
633 38 329
635 32 333
641 29 330
642 31 327
647 30 323
647 31 322
653 27 320
653 30 317
657 29 314
660 27 313
663 32 305
663 32 305
660 37 303
660 34 306
657 34 309
657 33 310
658 30 312
656 33 311
663 24 313
664 24 312
668 25 307
672 24 304
676 22 302
676 24 300
679 23 298
675 23 302
677 21 302
678 23 299
683 20 297
683 24 293
687 23 290
690 23 287
694 25 281
692 23 285
689 29 282
679 35 286
673 37 290
673 34 293
674 36 290
675 36 289
674 36 290
671 34 295
672 39 289
665 44 291
658 56 286
648 54 298
638 54 308
639 48 313
647 44 309
649 40 311
643 42 315
645 40 315
641 42 317
648 42 310
649 37 314
650 39 311
651 38 311
653 38 309
650 41 309
650 41 309
638 48 314
644 45 311
645 40 315
649 36 315
649 37 314
654 35 311
651 37 312
649 36 315
649 33 318
659 29 312
665 25 310
670 27 303
672 28 300
673 27 300
671 32 297
669 32 299
666 32 302
666 31 303
668 26 306
667 26 307
666 31 303
667 33 300
662 32 306
663 31 306
668 34 298
664 38 298
656 43 301
654 45 301
649 48 303
641 51 308
632 54 314
637 51 312
636 49 315
639 45 316
636 47 317
628 47 325
627 52 321
619 55 326
607 58 335
600 64 336
589 70 341
576 77 347
571 77 352
560 79 361
555 78 367
544 77 379
541 75 384
541 69 390
548 59 393
539 58 403
543 60 397
548 61 391
545 60 395
550 53 397
561 49 390
563 48 389
563 48 389
561 48 391
565 48 387
562 48 390
558 53 389
553 58 389
544 69 387
535 66 399
533 62 405
532 63 405
528 69 403
523 69 408
519 63 418
524 56 420
524 53 423
528 51 421
527 45 428
536 40 424
535 41 424
537 44 419
542 46 412
542 43 415
541 44 415
540 42 418
544 43 413
549 40 411
558 34 408
551 34 415
556 33 411
563 26 411
563 28 409
563 30 407
565 28 407
569 27 404
572 28 400
576 25 399
579 28 393
584 27 389
584 32 384
577 43 380
574 47 379
572 50 378
571 40 389
570 41 389
571 41 388
579 44 377
584 46 370
584 45 371
585 43 372
585 40 375
581 41 378
578 41 381
570 46 384
573 37 390
572 37 391
583 26 391
587 23 390
588 24 388
589 26 385
591 27 382
595 26 379
600 28 372
606 28 366
601 38 361
599 40 361
599 37 364
597 39 364
599 36 365
597 33 370
600 29 371
590 37 373
591 28 381
596 26 378
598 27 375
598 24 378
604 20 376
609 19 372
609 18 373
607 20 373
609 26 365
602 27 371
602 27 371
604 28 368
604 30 366
605 27 368
606 28 366
610 25 365
613 26 361
618 25 357
619 24 357
627 19 354
629 17 354
636 15 349
632 22 346
632 21 347
635 20 345
633 21 346
631 22 347
632 24 344
636 24 340
648 23 329
649 23 328
652 21 327
665 21 314
665 23 312
666 24 310
664 21 315
667 18 315
672 16 312
674 16 310
676 18 306
677 15 308
679 15 306
678 17 305
680 20 300
685 21 294
689 19 292
689 18 293
693 15 292
694 12 294
701 12 287
702 13 285
702 14 284
704 16 280
703 19 278
703 22 275
704 24 272
704 26 270
699 30 271
695 32 273
694 36 270
681 45 274
674 47 279
664 52 284
666 50 284
665 54 281
659 46 295
658 40 302
653 39 308
649 41 310
646 44 310
640 43 317
646 41 313
637 48 315
636 51 313
629 55 316
627 56 317
627 62 311
619 66 315
615 70 315
608 69 323
601 64 335
602 62 336
607 61 332
608 62 330
602 60 338
596 62 342
594 56 350
589 53 358
585 53 362
588 51 361
586 51 363
587 46 367
588 45 367
571 57 372
566 57 377
564 52 384
563 45 392
559 43 398
562 45 393
562 45 393
565 49 386
561 51 388
566 50 384
566 52 382
565 56 379
567 48 385
568 45 387
560 53 387
566 51 383
566 43 391
559 46 395
562 44 394
560 43 397
561 38 401
560 39 401
562 39 399
554 42 404
553 43 404
546 47 407
542 48 410
536 54 410
536 51 413
531 56 413
525 56 419
530 42 428
530 44 426
528 52 420
524 61 415
525 59 416
525 49 426
527 46 427
524 45 431
516 46 438
519 45 436
519 44 437
520 45 435
521 42 437
529 39 432
535 34 431
540 30 430
546 27 427
546 27 427
549 24 427
553 22 425
563 24 413
572 20 408
572 20 408
581 17 402
583 17 400
586 17 397
593 17 390
598 15 387
602 11 387
606 9 385
602 15 383
603 19 378
607 18 375
617 18 365
617 21 362
630 21 349
631 20 349
627 22 351
630 25 345
633 29 338
636 30 334
628 39 333
625 48 327
617 51 332
619 42 339
615 45 340
610 46 344
610 43 347
615 41 344
613 41 346
617 38 345
626 34 340
626 30 344
630 30 340
632 31 337
634 34 332
631 30 339
634 20 346
637 20 343
637 19 344
637 19 344
638 21 341
636 26 338
633 25 342
635 21 344
639 21 340
639 25 336
642 25 333
645 23 332
636 32 332
626 41 333
622 45 333
624 39 337
622 30 348
627 27 346
631 27 342
631 25 344
637 24 339
636 19 345
642 15 343
651 12 337
659 11 330
661 14 325
664 18 318
662 16 322
666 14 320
660 17 323
660 19 321
657 21 322
653 27 320
651 29 320
652 29 319
651 31 318
649 36 315
650 35 315
652 30 318
655 28 317
655 26 319
657 26 317
660 24 316
661 32 307
657 30 313
652 35 313
651 37 312
646 35 319
640 40 320
641 38 321
640 42 318
639 42 319
631 43 326
631 47 322
630 44 326
630 45 325
629 41 330
635 38 327
638 37 325
641 38 321
639 37 324
641 31 328
641 31 328
642 34 324
643 31 326
643 33 324
640 36 324
632 43 325
627 47 326
629 46 325
625 54 321
619 55 326
612 55 333
613 57 330
610 62 328
612 52 336
614 43 343
619 43 338
619 42 339
621 40 339
614 42 344
617 39 344
622 39 339
628 33 339
631 30 339
636 28 336
640 25 335
647 22 331
646 23 331
651 26 323
655 22 323
654 23 323
657 22 321
654 27 319
654 25 321
656 26 318
658 28 314
661 24 315
662 20 318
662 23 315
665 20 315
668 19 313
669 20 311
673 17 310
672 19 309
678 18 304
671 22 307
667 23 310
665 27 308
664 26 310
657 32 311
655 37 308
658 34 308
656 36 308
656 38 306
656 31 313
659 28 313
659 25 316
662 26 312
665 24 311
673 21 306
675 22 303
673 27 300
662 38 300
656 38 306
660 28 312
657 28 315
659 24 317
656 26 318
657 27 316
657 27 316
657 30 313
655 36 309
647 41 312
645 48 307
638 48 314
643 45 312
646 43 311
647 36 317
646 37 317
645 32 323
649 36 315
646 35 319
638 41 321
646 36 318
647 43 310
638 53 309
633 55 312
626 54 320
620 51 329
620 53 327
620 47 333
619 47 334
613 47 340
612 44 344
610 47 343
610 38 352
602 46 352
599 46 355
596 49 355
598 48 354
596 47 357
598 42 360
583 55 362
582 59 359
579 51 370
581 51 368
580 53 367
578 51 371
571 56 373
569 52 379
569 50 381
572 45 383
578 39 383
580 37 383
586 31 383
584 31 385
584 30 386
590 19 391
599 14 387
615 12 373
620 12 368
625 13 362
625 16 359
631 15 354
633 13 354
639 12 349
649 10 341
646 16 338
648 14 338
651 17 332
654 15 331
658 17 325
662 18 320
669 16 315
668 18 314
667 20 313
665 27 308
662 28 310
665 24 311
664 24 312
663 24 313
662 27 311
662 30 308
664 33 303
665 31 304
664 30 306
662 30 308
663 29 308
665 32 303
664 35 301
662 36 302
657 42 301
656 40 304
652 44 304
651 42 307
653 37 310
654 32 314
656 32 312
651 35 314
655 33 312
661 35 304
659 37 304
666 28 306
671 25 304
676 23 301
676 22 302
678 25 297
681 29 290
680 28 292
683 24 293
683 27 290
677 34 289
674 36 290
667 36 297
664 38 298
663 33 304
664 33 303
665 31 304
662 28 310
667 24 309
670 16 314
674 17 309
680 15 305
686 15 299
686 14 300
689 15 296
689 12 299
689 15 296
690 10 300
692 13 295
694 13 293
697 13 290
701 14 285
701 14 285
704 9 287
707 11 282
707 11 282
714 8 278
719 7 274
723 5 272
733 4 263
735 5 260
740 4 256
748 2 250
752 3 245
757 3 240
756 4 240
761 2 237
763 1 236
768 1 231
771 2 227
774 1 225
776 1 223
779 1 220
782 1 217
786 1 213
787 1 212
788 1 211
790 2 208
797 4 199
800 4 196
793 15 192
789 21 190
782 25 193
779 30 191
773 29 198
761 38 201
763 37 200
752 47 201
743 54 203
734 59 207
724 57 219
719 57 224
715 61 224
703 69 228
686 81 233
670 81 249
652 92 256
633 96 271
620 94 286
609 99 292
590 108 302
581 113 306
562 121 317
539 124 337
525 124 351
518 120 362
509 112 379
502 104 394
500 94 406
506 86 408
504 86 410
502 77 421
505 73 422
513 60 427
511 59 430
515 49 436
516 48 436
513 54 433
521 45 434
525 37 438
530 34 436
528 35 437
534 29 437
538 25 437
540 25 435
549 22 429
553 18 429
557 20 423
557 26 417
561 27 412
562 34 404
561 40 399
564 42 394
566 44 390
571 37 392
571 37 392
572 35 393
575 33 392
578 31 391
584 27 389
585 26 389
587 23 390
592 18 390
599 19 382
604 18 378
607 18 375
606 22 372
607 20 373
616 17 367
619 17 364
622 16 362
629 16 355
630 17 353
635 17 348
636 16 348
637 16 347
641 20 339
646 19 335
647 19 334
645 26 329
645 23 332
639 26 335
641 23 336
