998 2 0
998 2 0
997 3 0
996 3 1
995 4 1
994 3 3
989 7 4
987 8 5
977 17 6
965 26 9
957 29 14
940 42 18
922 53 25
896 71 33
862 88 50
826 113 61
784 136 80
743 153 104
719 152 129
694 155 151
659 161 180
637 158 205
614 161 225
595 152 253
581 149 270
568 147 285
552 143 305
548 134 318
545 115 340
545 100 355
533 100 367
526 98 376
521 90 389
513 90 397
508 86 406
503 81 416
496 80 424
499 75 426
502 76 422
503 69 428
503 61 436
502 58 440
507 56 437
510 53 437
513 48 439
515 48 437
519 44 437
520 43 437
525 38 437
526 36 438
529 35 436
535 31 434
541 28 431
550 21 429
550 17 433
558 15 427
572 15 413
579 14 407
584 13 403
589 13 398
599 9 392
604 10 386
613 8 379
617 8 375
619 8 373
623 9 368
620 10 370
623 11 366
629 13 358
634 11 355
638 12 350
643 13 344
643 16 341
650 15 335
651 15 334
656 17 327
657 19 324
661 16 323
664 16 320
661 24 315
661 31 308
655 35 310
650 38 312
644 46 310
635 48 317
625 56 319
621 61 318
615 55 330
611 55 334
604 57 339
599 63 338
591 63 346
591 59 350
591 58 351
595 54 351
591 59 350
590 53 357
587 56 357
583 49 368
583 51 366
582 55 363
573 65 362
573 57 370
558 72 370
544 82 374
530 86 384
522 89 389
518 81 401
514 78 408
512 70 418
516 61 423
518 56 426
520 51 429
522 48 430
533 42 425
541 42 417
539 40 421
539 36 425
543 32 425
555 31 414
557 30 413
565 29 406
568 26 406
569 30 401
571 30 399
579 26 395
582 27 391
587 30 383
590 28 382
591 25 384
593 27 380
598 29 373
596 29 375
595 35 370
594 33 373
599 28 373
603 27 370
606 26 368
612 25 363
616 24 360
619 24 357
625 26 349
634 23 343
634 29 337
634 30 336
632 34 334
635 38 327
628 47 325
627 39 334
628 39 333
633 37 330
633 37 330
631 35 334
630 39 331
635 38 327
637 32 331
641 33 326
640 32 328
642 29 329
645 29 326
646 30 324
648 32 320
650 29 321
645 33 322
646 29 325
642 31 327
638 37 325
629 42 329
627 48 325
625 47 328
614 59 327
592 74 334
583 75 342
564 89 347
557 86 357
543 90 367
542 84 374
543 84 373
539 86 375
530 88 382
532 79 389
527 76 397
528 71 401
535 64 401
540 53 407
535 50 415
537 46 417
536 46 418
536 40 424
533 41 426
534 48 418
532 52 416
535 47 418
534 38 428
541 34 425
549 34 417
559 27 414
561 25 414
565 24 411
568 25 407
569 29 402
571 26 403
571 28 401
574 26 400
576 24 400
577 20 403
583 19 398
588 19 393
593 17 390
591 20 389
594 16 390
602 15 383
606 18 376
607 16 377
614 18 368
619 17 364
625 18 357
625 22 353
628 20 352
636 20 344
639 19 342
642 22 336
645 18 337
644 22 334
644 20 336
643 20 337
639 24 337
639 23 338
641 23 336
639 24 337
644 24 332
643 24 333
646 22 332
642 30 328
639 26 335
645 28 327
645 26 329
650 26 324
655 24 321
657 25 318
666 20 314
669 20 311
668 24 308
670 22 308
672 26 302
667 33 300
662 39 299
656 45 299
651 47 302
647 49 304
640 58 302
631 60 309
616 58 326
611 63 326
609 65 326
602 67 331
598 68 334
596 64 340
591 68 341
582 66 352
578 68 354
573 67 360
572 67 361
567 72 361
563 66 371
556 65 379
558 58 384
560 55 385
558 57 385
560 49 391
560 48 392
558 54 388
565 47 388
562 51 387
559 55 386
552 56 392
550 54 396
555 47 398
552 49 399
554 46 400
559 44 397
556 45 399
555 43 402
554 41 405
565 34 401
569 27 404
575 19 406
584 19 397
591 21 388
600 23 377
605 20 375
614 19 367
618 19 363
626 19 355
629 16 355
641 16 343
639 19 342
637 22 341
644 22 334
646 17 337
654 16 330
660 19 321
664 18 318
668 17 315
670 17 313
674 18 308
677 18 305
679 18 303
681 19 300
683 21 296
686 22 292
690 26 284
686 31 283
681 43 276
668 50 282
666 49 285
668 49 283
658 50 292
651 51 298
645 54 301
646 54 300
645 55 300
640 54 306
635 58 307
634 52 314
620 62 318
607 65 328
595 70 335
593 69 338
592 63 345
587 67 346
581 68 351
581 67 352
578 69 353
579 61 360
578 51 371
572 52 376
572 50 378
569 50 381
569 52 379
571 43 386
571 45 384
576 39 385
582 38 380
583 36 381
592 35 373
594 31 375
598 33 369
605 25 370
603 23 374
603 24 373
606 26 368
603 30 367
605 31 364
607 30 363
613 26 361
621 28 351
628 25 347
631 25 344
634 21 345
637 22 341
639 25 336
641 21 338
639 25 336
642 28 330
641 25 334
638 29 333
640 26 334
639 26 335
637 27 336
637 28 335
634 32 334
632 33 335
626 33 341
626 31 343
623 31 346
619 36 345
618 31 351
617 29 354
617 26 357
617 28 355
618 31 351
619 31 350
616 32 352
612 35 353
608 39 353
607 34 359
607 32 361
608 33 359
608 28 364
610 24 366
615 23 362
618 19 363
621 23 356
628 24 348
633 24 343
638 23 339
642 20 338
644 22 334
650 22 328
656 19 325
653 18 329
659 17 324
660 15 325
657 13 330
661 15 324
672 12 316
672 12 316
677 13 310
685 13 302
690 16 294
689 20 291
688 23 289
689 23 288
698 19 283
699 20 281
697 16 287
699 18 283
705 18 277
707 21 272
706 21 273
707 23 270
708 26 266
708 20 272
712 19 269
715 19 266
720 18 262
718 22 260
718 24 258
720 24 256
723 24 253
723 31 246
717 35 248
718 34 248
717 31 252
718 31 251
717 30 253
717 26 257
718 20 262
720 18 262
718 21 261
721 24 255
716 27 257
705 37 258
697 47 256
686 54 260
677 53 270
675 51 274
671 50 279
660 57 283
659 50 291
656 44 300
650 47 303
644 47 309
645 50 305
636 52 312
638 46 316
637 43 320
636 35 329
638 33 329
638 34 328
639 35 326
640 35 325
635 42 323
629 42 329
623 46 331
617 47 336
620 43 337
625 42 333
633 37 330
635 37 328
638 34 328
637 29 334
641 28 331
644 28 328
651 25 324
644 29 327
642 30 328
640 32 328
641 31 328
645 29 326
651 30 319
650 29 321
652 27 321
646 32 322
645 34 321
646 29 325
648 32 320
643 39 318
639 41 320
636 44 320
633 39 328
628 41 331
623 41 336
623 43 334
620 43 337
621 36 343
618 36 346
622 31 347
624 27 349
623 22 355
633 16 351
641 13 346
647 9 344
657 10 333
661 9 330
663 13 324
663 15 322
666 15 319
670 14 316
670 15 315
668 14 318
677 12 311
680 14 306
685 14 301
687 14 299
691 14 295
696 12 292
700 14 286
691 22 287
687 23 290
685 29 286
678 35 287
672 37 291
670 38 292
662 41 297
657 50 293
653 47 300
651 48 301
650 53 297
644 56 300
649 57 294
646 57 297
647 54 299
641 51 308
639 49 312
634 54 312
635 50 315
629 54 317
630 46 324
630 43 327
625 50 325
627 46 327
627 42 331
627 33 340
626 33 341
624 36 340
625 29 346
626 32 342
625 28 347
630 27 343
634 24 342
643 23 334
645 26 329
647 27 326
654 29 317
645 41 314
634 48 318
627 52 321
624 54 322
621 57 322
611 66 323
611 58 331
610 53 337
608 45 347
601 50 349
599 49 352
596 53 351
601 49 350
600 49 351
607 46 347
607 41 352
615 36 349
624 30 346
629 31 340
630 31 339
626 36 338
624 39 337
619 41 340
617 46 337
617 42 341
617 46 337
618 43 339
621 38 341
622 34 344
621 32 347
624 28 348
626 30 344
628 31 341
628 22 350
629 20 351
639 20 341
642 17 341
647 16 337
650 17 333
657 15 328
662 16 322
658 21 321
648 25 327
646 25 329
639 27 334
637 29 334
634 34 332
630 40 330
625 37 338
624 36 340
630 30 340
631 29 340
637 28 335
639 29 332
640 28 332
641 23 336
641 25 334
644 27 329
638 31 331
640 33 327
641 32 327
638 38 324
638 32 330
643 28 329
648 24 328
649 22 329
642 30 328
644 23 333
645 22 333
637 33 330
637 29 334
630 35 335
628 33 339
628 34 338
636 35 329
641 34 325
649 30 321
651 20 329
650 17 333
654 15 331
655 16 329
659 16 325
661 23 316
664 25 311
663 26 311
661 31 308
661 28 311
658 33 309
650 35 315
649 31 320
650 32 318
646 29 325
649 30 321
649 32 319
656 33 311
659 30 311
659 30 311
659 29 312
661 34 305
663 33 304
663 33 304
666 28 306
671 29 300
671 27 302
677 21 302
671 26 303
671 32 297
676 30 294
673 28 299
673 26 301
671 28 301
676 26 298
677 27 296
679 25 296
672 31 297
665 39 296
656 41 303
657 45 298
658 43 299
659 41 300
658 41 301
655 44 301
644 51 305
637 56 307
627 64 309
619 68 313
619 66 315
617 68 315
621 61 318
617 63 320
613 60 327
607 58 335
600 62 338
594 56 350
592 51 357
590 53 357
586 59 355
588 54 358
587 50 363
584 55 361
583 53 364
578 57 365
575 56 369
576 53 371
575 44 381
575 43 382
577 47 376
583 45 372
584 42 374
586 41 373
591 41 368
592 40 368
593 37 370
592 37 371
592 33 375
598 33 369
602 30 368
604 34 362
606 33 361
606 35 359
608 37 355
610 36 354
608 34 358
607 35 358
606 38 356
611 35 354
610 33 357
610 31 359
607 35 358
607 37 356
610 33 357
610 30 360
613 28 359
619 23 358
619 23 358
623 23 354
618 26 356
619 24 357
624 17 359
629 16 355
631 16 353
636 14 350
636 15 349
632 22 346
632 24 344
620 32 348
618 38 344
617 39 344
617 42 341
617 36 347
618 37 345
618 37 345
617 33 350
618 33 349
622 40 338
629 34 337
625 36 339
625 37 338
628 33 339
630 28 342
629 24 347
634 21 345
637 24 339
641 22 337
649 23 328
655 24 321
647 32 321
649 33 318
653 35 312
658 34 308
658 35 307
657 39 304
654 48 298
651 48 301
648 45 307
646 38 316
638 42 320
635 50 315
621 57 322
611 61 328
595 74 331
583 84 333
565 88 347
559 85 356
550 92 358
538 93 369
534 87 379
534 78 388
528 75 397
526 67 407
514 77 409
501 79 420
507 72 421
507 62 431
507 54 439
515 54 431
516 53 431
521 51 428
526 44 430
530 42 428
537 35 428
541 31 428
545 27 428
549 26 425
552 25 423
550 28 422
557 27 416
556 29 415
563 28 409
570 24 406
574 19 407
578 16 406
586 15 399
591 14 395
591 14 395
590 18 392
590 19 391
586 24 390
588 29 383
589 27 384
590 28 382
592 20 388
593 15 392
599 11 390
606 12 382
608 13 379
611 8 381
616 12 372
617 14 369
619 16 365
623 20 357
627 20 353
632 15 353
637 11 352
639 11 350
642 15 343
647 19 334
644 20 336
641 25 334
639 27 334
645 29 326
638 33 329
639 37 324
642 34 324
642 33 325
641 31 328
634 38 328
633 36 331
632 38 330
626 44 330
627 42 331
627 44 329
627 44 329
625 45 330
629 47 324
630 39 331
629 40 331
621 48 331
620 52 328
619 51 330
613 57 330
604 61 335
603 58 339
594 66 340
588 64 348
588 58 354
585 59 356
581 63 356
575 56 369
577 47 376
575 48 377
578 45 377
586 47 367
581 46 373
582 47 371
586 44 370
589 40 371
591 40 369
595 38 367
599 39 362
596 43 361
598 38 364
599 32 369
598 34 368
602 35 363
603 28 369
608 26 366
614 22 364
621 17 362
626 17 357
636 13 351
650 10 340
652 9 339
659 7 334
665 12 323
663 15 322
668 15 317
673 14 313
676 10 314
676 10 314
680 13 307
679 16 305
679 20 301
685 19 296
684 19 297
684 20 296
683 26 291
679 29 292
677 35 288
672 37 291
671 36 293
672 34 294
672 27 301
675 28 297
673 31 296
672 33 295
668 32 300
662 38 300
658 41 301
658 37 305
657 35 308
656 32 312
661 27 312
665 26 309
670 23 307
665 26 309
663 29 308
654 38 308
651 43 306
645 50 305
640 51 309
636 54 310
629 53 318
626 53 321
627 50 323
623 53 324
628 51 321
624 52 324
621 54 325
618 51 331
613 58 329
609 54 337
604 53 343
602 55 343
603 56 341
602 51 347
593 52 355
594 48 358
593 44 363
591 40 369
596 31 373
595 33 372
602 37 361
606 36 358
606 37 357
610 36 354
607 32 361
606 37 357
605 37 358
604 33 363
604 30 366
607 27 366
608 27 365
604 34 362
605 38 357
604 35 361
596 38 366
592 44 364
589 41 370
584 44 372
578 49 373
573 47 380
573 47 380
571 47 382
575 40 385
570 43 387
575 42 383
576 42 382
573 44 383
572 47 381
571 43 386
569 40 391
572 41 387
579 39 382
586 41 373
586 41 373
580 42 378
579 42 379
575 42 383
580 44 376
577 41 382
566 51 383
556 58 386
548 66 386
540 73 387
541 68 391
546 59 395
551 53 396
550 53 397
548 57 395
550 55 395
547 56 397
551 57 392
551 53 396
548 52 400
