997 3 0
996 3 1
996 3 1
996 3 1
995 3 2
994 4 2
991 6 3
982 12 6
973 19 8
963 26 11
957 29 14
950 28 22
936 39 25
917 50 33
892 65 43
845 105 50
810 131 59
763 151 86
725 167 108
691 167 142
659 167 174
642 160 198
621 155 224
603 156 241
581 161 258
566 156 278
544 147 309
536 141 323
525 144 331
508 141 351
501 137 362
485 138 377
475 139 386
466 135 399
462 124 414
455 121 424
457 113 430
451 109 440
449 105 446
449 97 454
454 87 459
449 78 473
451 70 479
449 72 479
462 60 478
462 53 485
466 52 482
468 60 472
470 53 477
471 52 477
479 47 474
487 44 469
491 45 464
492 44 464
495 38 467
504 34 462
511 38 451
519 36 445
519 35 446
524 29 447
524 31 445
530 28 442
538 24 438
543 22 435
547 19 434
549 18 433
550 17 433
549 22 429
550 20 430
548 25 427
554 19 427
562 18 420
569 15 416
573 15 412
571 17 412
577 16 407
582 14 404
591 12 397
600 12 388
604 6 390
608 5 387
613 6 381
621 7 372
622 9 369
624 10 366
627 13 360
625 14 361
625 17 358
626 17 357
620 21 359
623 15 362
628 14 358
635 16 349
636 18 346
637 22 341
637 25 338
638 22 340
638 22 340
640 22 338
641 21 338
645 22 333
644 23 333
637 31 332
627 41 332
622 48 330
611 56 333
596 69 335
587 70 343
579 77 344
577 79 344
566 86 348
563 82 355
553 89 358
541 92 367
539 92 369
537 81 382
538 80 382
535 69 396
532 68 400
527 63 410
529 58 413
531 58 411
524 63 413
523 58 419
523 60 417
525 54 421
529 52 419
536 47 417
540 42 418
544 42 414
550 38 412
549 37 414
558 29 413
568 28 404
566 27 407
576 23 401
580 21 399
583 21 396
586 19 395
585 18 397
588 19 393
594 17 389
599 19 382
607 17 376
611 18 371
612 18 370
615 20 365
623 17 360
629 10 361
640 9 351
642 14 344
645 14 341
645 14 341
649 15 336
653 17 330
649 22 329
647 22 331
648 26 326
652 24 324
656 25 319
660 22 318
665 19 316
667 19 314
670 20 310
668 22 310
670 19 311
677 17 306
685 17 298
694 9 297
699 7 294
699 9 292
697 12 291
703 10 287
705 8 287
709 9 282
716 5 279
719 5 276
723 6 271
723 10 267
724 8 268
718 12 270
708 22 270
704 24 272
695 28 277
698 24 278
701 27 272
704 26 270
702 28 270
706 25 269
707 25 268
702 29 269
704 25 271
708 22 270
709 19 272
711 20 269
707 25 268
701 29 270
695 29 276
695 33 272
694 31 275
694 32 274
695 31 274
693 32 275
687 38 275
684 38 278
685 32 283
681 36 283
687 28 285
687 31 282
682 31 287
681 33 286
678 36 286
678 37 285
677 39 284
666 45 289
664 41 295
663 44 293
653 46 301
651 45 304
650 46 304
646 46 308
646 39 315
644 33 323
644 35 321
651 27 322
653 25 322
655 27 318
660 27 313
659 31 310
656 35 309
648 36 316
648 40 312
645 45 310
639 50 311
636 49 315
634 44 322
635 46 319
628 48 324
626 53 321
622 50 328
622 47 331
621 43 336
621 43 336
619 41 340
614 46 340
613 44 343
611 49 340
602 52 346
594 55 351
587 60 353
582 63 355
575 61 364
572 57 371
562 63 375
559 65 376
553 65 382
554 67 379
555 66 379
551 65 384
543 68 389
541 63 396
545 52 403
552 42 406
558 45 397
555 41 404
546 50 404
540 52 408
544 50 406
552 46 402
549 47 404
548 47 405
543 53 404
543 56 401
540 58 402
541 51 408
542 50 408
541 46 413
543 47 410
547 47 406
542 45 413
541 40 419
540 40 420
534 42 424
539 43 418
542 38 420
550 35 415
550 38 412
556 32 412
553 38 409
550 40 410
547 41 412
548 43 409
545 43 412
550 40 410
555 41 404
551 45 404
555 38 407
549 41 410
548 37 415
537 45 418
537 40 423
531 42 427
536 37 427
540 34 426
538 38 424
541 38 421
534 49 417
538 50 412
539 46 415
544 49 407
543 44 413
548 41 411
548 42 410
548 40 412
549 41 410
546 38 416
547 32 421
547 32 421
548 31 421
559 27 414
560 29 411
563 29 408
556 36 408
560 32 408
567 28 405
572 27 401
577 24 399
580 23 397
582 20 398
582 17 401
584 19 397
592 17 391
600 18 382
605 19 376
612 18 370
618 17 365
621 20 359
621 21 358
624 21 355
628 18 354
636 21 343
639 23 338
644 21 335
646 19 335
651 18 331
653 14 333
655 15 330
659 16 325
666 17 317
670 20 310
672 24 304
674 25 301
672 24 304
673 21 306
675 19 306
674 23 303
675 21 304
668 29 303
662 39 299
656 43 301
653 41 306
655 38 307
655 39 306
655 38 307
658 32 310
668 23 309
667 25 308
666 26 308
665 29 306
664 34 302
671 32 297
672 31 297
675 29 296
673 32 295
677 32 291
675 33 292
679 29 292
682 26 292
675 29 296
673 30 297
674 33 293
671 33 296
669 34 297
670 36 294
663 43 294
661 44 295
653 42 305
655 39 306
657 35 308
662 36 302
665 37 298
667 35 298
667 35 298
667 34 299
664 36 300
665 37 298
664 36 300
666 36 298
662 39 299
664 39 297
663 35 302
664 34 302
660 35 305
659 38 303
659 37 304
662 36 302
660 40 300
661 40 299
658 38 304
660 42 298
654 47 299
656 48 296
651 48 301
643 54 303
644 50 306
646 50 304
640 51 309
638 48 314
638 43 319
638 42 320
627 47 326
622 51 327
607 59 334
608 55 337
602 51 347
597 53 350
601 55 344
596 56 348
593 54 353
594 47 359
589 48 363
594 51 355
590 50 360
589 44 367
591 42 367
597 40 363
605 42 353
601 45 354
592 49 359
594 39 367
589 39 372
588 36 376
592 36 372
593 35 372
595 34 371
600 26 374
603 24 373
610 25 365
605 30 365
596 38 366
597 38 365
595 37 368
599 37 364
600 34 366
590 41 369
592 37 371
589 40 371
597 35 368
597 34 369
598 37 365
602 34 364
606 33 361
614 28 358
614 24 362
613 24 363
613 25 362
613 31 356
609 32 359
615 34 351
610 37 353
606 45 349
606 45 349
610 49 341
611 49 340
613 46 341
609 43 348
606 46 348
602 55 343
599 53 348
603 49 348
601 48 351
602 53 345
602 53 345
601 46 353
600 43 357
602 43 355
603 37 360
600 37 363
605 33 362
612 31 357
616 29 355
619 29 352
618 31 351
614 38 348
610 41 349
615 40 345
624 35 341
620 38 342
619 40 341
621 43 336
624 40 336
624 39 337
624 40 336
628 39 333
632 34 334
637 33 330
644 30 326
642 29 329
640 30 330
646 30 324
649 29 322
651 27 322
655 26 319
652 24 324
656 22 322
659 23 318
666 25 309
670 22 308
668 27 305
661 35 304
658 40 302
649 47 304
647 49 304
641 50 309
632 59 309
622 63 315
611 73 316
605 76 319
596 78 326
579 89 332
570 92 338
555 101 344
543 95 362
543 76 381
537 78 385
529 77 394
525 74 401
522 74 404
524 70 406
516 76 408
521 68 411
530 65 405
525 63 412
535 56 409
539 56 405
541 49 410
546 42 412
545 45 410
547 39 414
551 39 410
553 42 405
557 41 402
562 32 406
568 28 404
573 31 396
572 30 398
570 32 398
567 38 395
560 36 404
555 40 405
558 33 409
563 25 412
571 22 407
580 18 402
588 14 398
591 15 394
595 17 388
596 20 384
602 19 379
608 19 373
609 21 370
610 20 370
614 18 368
619 15 366
627 16 357
629 14 357
637 14 349
641 13 346
646 13 341
648 16 336
643 25 332
637 30 333
640 30 330
635 32 333
629 38 333
632 37 331
627 36 337
630 34 336
631 29 340
631 31 338
636 26 338
639 23 338
646 18 336
645 18 337
652 17 331
656 17 327
659 19 322
661 19 320
662 19 319
668 19 313
670 16 314
676 16 308
679 14 307
679 18 303
680 19 301
684 21 295
687 22 291
684 25 291
681 21 298
680 26 294
682 24 294
688 22 290
691 19 290
700 19 281
702 15 283
706 14 280
703 19 278
706 19 275
707 18 275
711 18 271
715 19 266
711 21 268
707 22 271
706 26 268
703 27 270
705 25 270
703 28 269
702 28 270
705 26 269
704 25 271
706 24 270
710 20 270
711 19 270
714 21 265
719 21 260
718 21 261
724 19 257
723 22 255
722 20 258
718 28 254
715 31 254
710 35 255
711 32 257
707 32 261
705 28 267
707 25 268
712 27 261
703 39 258
692 43 265
680 51 269
665 65 270
648 75 277
634 80 286
617 85 298
610 86 304
605 77 318
600 76 324
594 75 331
580 79 341
571 71 358
566 67 367
560 64 376
554 67 379
553 67 380
555 63 382
551 60 389
550 58 392
548 57 395
545 54 401
546 49 405
548 48 404
556 41 403
554 43 403
555 42 403
559 37 404
564 37 399
567 33 400
567 33 400
561 35 404
570 35 395
568 39 393
575 39 386
577 34 389
580 31 389
580 30 390
588 32 380
600 29 371
604 22 374
607 25 368
608 26 366
610 24 366
611 21 368
616 19 365
626 18 356
622 20 358
617 26 357
618 24 358
623 23 354
629 21 350
630 22 348
632 20 348
637 21 342
633 27 340
643 25 332
640 27 333
640 28 332
644 24 332
640 26 334
648 25 327
654 21 325
657 20 323
661 18 321
663 18 319
660 22 318
668 18 314
667 13 320
675 11 314
678 10 312
684 9 307
690 7 303
693 9 298
699 10 291
706 10 284
705 12 283
712 12 276
709 19 272
706 23 271
713 24 263
711 33 256
711 32 257
711 34 255
707 33 260
705 33 262
708 30 262
710 27 263
710 29 261
711 27 262
711 29 260
715 21 264
715 22 263
716 22 262
717 25 258
714 27 259
714 25 261
720 23 257
721 25 254
720 25 255
718 25 257
718 25 257
721 26 253
723 27 250
720 24 256
716 21 263
714 19 267
712 20 268
709 23 268
702 33 265
691 39 270
689 41 270
683 40 277
679 39 282
676 41 283
676 43 281
677 43 280
675 43 282
674 40 286
681 40 279
679 43 278
674 51 275
671 57 272
671 56 273
663 64 273
659 66 275
651 64 285
643 61 296
635 63 302
636 50 314
630 53 317
635 48 317
638 48 314
636 43 321
638 40 322
642 39 319
642 40 318
647 32 321
643 27 330
648 27 325
650 28 322
651 28 321
651 32 317
648 36 316
645 38 317
646 43 311
649 42 309
648 40 312
640 48 312
634 50 316
632 45 323
632 46 322
628 43 329
620 46 334
618 47 335
619 45 336
617 52 331
609 55 336
605 58 337
605 56 339
609 54 337
608 52 340
602 60 338
604 65 331
605 60 335
601 63 336
599 60 341
598 59 343
593 55 352
588 59 353
585 59 356
589 54 357
591 57 352
585 66 349
579 73 348
578 68 354
565 74 361
561 68 371
559 66 375
563 60 377
554 64 382
546 58 396
546 56 398
545 53 402
545 51 404
537 53 410
536 54 410
535 50 415
537 52 411
535 50 415
532 49 419
527 52 421
526 50 424
532 49 419
532 44 424
524 46 430
527 42 431
536 37 427
537 37 426
549 32 419
555 31 414
560 35 405
566 33 401
574 26 400
573 27 400
573 27 400
574 28 398
575 27 398
576 29 395
580 29 391
584 26 390
585 27 388
593 26 381
601 28 371
608 28 364
613 27 360
618 24 358
618 26 356
615 27 358
621 21 358
625 17 358
623 18 359
628 16 356
630 14 356
635 13 352
645 11 344
653 13 334
662 12 326
665 13 322
665 11 324
670 11 319
668 11 321
671 7 322
675 7 318
678 6 316
684 8 308
682 7 311
681 14 305
678 17 305
676 18 306
673 24 303
665 32 303
655 40 305
658 42 300
650 46 304
650 45 305
648 42 310
644 46 310
634 50 316
627 54 319
623 53 324
625 50 325
624 49 327
611 57 332
613 56 331
616 55 329
613 55 332
614 57 329
607 60 333
600 71 329
595 67 338
591 66 343
594 67 339
585 62 353
587 57 356
586 61 353
588 54 358
595 49 356
598 46 356
608 46 346
602 42 356
605 39 356
604 34 362
605 32 363
607 28 365
604 34 362
600 38 362
594 39 367
594 39 367
596 39 365
598 35 367
596 29 375
598 19 383
602 16 382
611 15 374
611 17 372
619 15 366
622 11 367
621 14 365
625 12 363
627 12 361
623 15 362
633 14 353
632 16 352
631 18 351
631 17 352
636 14 350
637 14 349
639 17 344
640 18 342
643 15 342
643 18 339
647 22 331
649 20 331
647 24 329
646 25 329
647 26 327
646 26 328
645 31 324
647 33 320
654 27 319
654 29 317
655 28 317
653 30 317
662 24 314
668 16 316
673 14 313
677 12 311
679 14 307
681 16 303
682 17 301
685 18 297
691 20 289
692 23 285
689 28 283
676 38 286
679 42 279
679 42 279
674 46 280
670 50 280
668 42 290
669 44 287
664 45 291
663 36 301
663 40 297
665 38 297
649 47 304
645 52 303
642 57 301
630 63 307
618 64 318
617 64 319
608 64 328
615 64 321
611 59 330
609 58 333
607 58 335
595 67 338
588 65 347
592 64 344
584 70 346
585 67 348
588 50 362
588 49 363
