997 3 0
996 4 0
996 4 0
996 2 2
993 5 2
991 6 3
984 12 4
973 21 6
963 26 11
948 36 16
931 45 24
909 64 27
887 74 39
859 84 57
838 92 70
814 97 89
788 112 100
755 126 119
729 133 138
691 146 163
658 155 187
634 151 215
609 154 237
603 140 257
587 130 283
577 122 301
568 124 308
565 116 319
567 103 330
559 91 350
559 83 358
558 78 364
565 66 369
566 62 372
567 59 374
564 63 373
563 59 378
565 58 377
562 60 378
556 61 383
555 52 393
564 45 391
571 41 388
576 38 386
580 35 385
584 32 384
591 27 382
598 28 374
604 21 375
607 19 374
615 17 368
620 18 362
626 19 355
628 20 352
627 26 347
623 26 351
628 26 346
633 21 346
636 22 342
641 16 343
643 18 339
645 17 338
652 11 337
659 10 331
665 9 326
673 8 319
676 9 315
677 8 315
677 12 311
678 10 312
676 13 311
674 13 313
682 15 303
686 12 302
688 15 297
686 22 292
678 32 290
670 40 290
666 44 290
652 56 292
641 58 301
638 65 297
626 71 303
610 79 311
602 74 324
598 73 329
587 72 341
583 70 347
580 63 357
577 62 361
580 50 370
584 49 367
584 52 364
583 46 371
585 46 369
573 47 380
572 40 388
576 32 392
576 36 388
578 35 387
582 33 385
583 34 383
592 28 380
597 24 379
602 22 376
605 20 375
607 22 371
605 22 373
613 21 366
617 21 362
624 21 355
634 19 347
639 19 342
641 21 338
639 22 339
648 20 332
650 21 329
655 18 327
661 18 321
659 20 321
659 25 316
654 22 324
652 22 326
649 24 327
644 27 329
649 24 327
653 24 323
654 24 322
655 22 323
653 24 323
652 27 321
654 25 321
665 28 307
665 29 306
664 30 306
659 32 309
664 30 306
674 25 301
672 26 302
664 34 302
663 33 304
662 34 304
655 44 301
648 50 302
640 53 307
642 49 309
638 49 313
631 54 315
624 56 320
622 55 323
623 57 320
622 52 326
619 51 330
616 45 339
606 54 340
603 53 344
599 53 348
594 51 355
589 49 362
586 51 363
587 50 363
584 54 362
583 46 371
583 46 371
587 42 371
583 44 373
581 47 372
581 45 374
580 44 376
579 49 372
578 54 368
573 56 371
571 57 372
569 59 372
559 62 379
561 52 387
561 48 391
562 48 390
569 45 386
577 40 383
581 40 379
583 37 380
588 36 376
588 37 375
589 33 378
588 35 377
593 31 376
590 34 376
592 30 378
589 29 382
590 35 375
591 35 374
590 34 376
598 31 371
604 24 372
613 17 370
615 10 375
618 14 368
622 12 366
623 15 362
632 19 349
629 26 345
625 31 344
625 41 334
615 51 334
614 50 336
619 43 338
619 36 345
620 34 346
621 31 348
624 28 348
617 39 344
622 40 338
615 41 344
618 36 346
621 30 349
624 32 344
612 43 345
611 42 347
610 47 343
601 56 343
603 56 341
601 53 346
597 48 355
596 48 356
597 43 360
599 45 356
600 42 358
606 39 355
603 40 357
597 36 367
604 39 357
602 44 354
607 37 356
613 37 350
613 36 351
616 30 354
619 30 351
627 25 348
630 25 345
635 23 342
642 18 340
646 13 341
653 12 335
659 14 327
666 11 323
669 10 321
676 9 315
683 9 308
686 9 305
688 11 301
692 7 301
695 7 298
697 9 294
706 10 284
707 9 284
711 11 278
708 16 276
713 14 273
710 21 269
703 22 275
695 30 275
685 47 268
678 50 272
677 54 269
675 50 275
673 47 280
667 52 281
655 58 287
656 53 291
656 53 291
656 52 292
652 56 292
650 54 296
647 54 299
649 54 297
647 50 303
643 49 308
642 45 313
626 52 322
624 41 335
626 38 336
626 35 339
627 31 342
636 27 337
637 28 335
637 30 333
641 31 328
644 29 327
649 31 320
647 32 321
648 33 319
647 31 322
642 31 327
643 33 324
645 29 326
649 29 322
650 24 326
657 21 322
659 21 320
666 21 313
669 23 308
672 22 306
677 20 303
677 19 304
685 18 297
689 18 293
697 17 286
703 12 285
699 15 286
698 16 286
700 14 286
700 15 285
703 16 281
705 17 278
705 14 281
708 14 278
714 10 276
718 11 271
725 10 265
732 10 258
737 10 253
743 7 250
746 4 250
751 4 245
754 5 241
756 6 238
762 6 232
766 7 227
768 10 222
766 15 219
772 13 215
773 15 212
773 20 207
763 28 209
756 34 210
752 38 210
753 31 216
747 35 218
745 33 222
735 38 227
729 38 233
726 45 229
714 55 231
700 64 236
679 76 245
666 75 259
651 85 264
639 93 268
632 92 276
624 88 288
621 77 302
612 82 306
599 87 314
593 81 326
592 77 331
585 75 340
586 77 337
577 80 343
568 77 355
567 76 357
558 77 365
558 67 375
556 62 382
551 63 386
558 52 390
559 48 393
562 49 389
563 49 388
568 42 390
569 37 394
570 42 388
569 44 387
569 43 388
566 37 397
563 36 401
570 35 395
569 33 398
571 33 396
578 34 388
580 29 391
584 29 387
586 28 386
590 26 384
594 27 379
596 25 379
593 27 380
602 25 373
602 24 374
606 21 373
608 19 373
610 24 366
613 21 366
614 23 363
616 23 361
615 30 355
619 23 358
621 25 354
617 31 352
619 31 350
618 27 355
620 27 353
627 23 350
630 19 351
639 17 344
645 15 340
649 15 336
657 15 328
661 15 324
662 18 320
664 19 317
666 18 316
668 17 315
666 24 310
660 25 315
655 30 315
657 29 314
661 28 311
667 24 309
670 24 306
671 22 307
667 24 309
666 26 308
668 29 303
668 27 305
661 31 308
664 27 309
661 34 305
663 31 306
660 33 307
661 33 306
657 33 310
651 37 312
652 35 313
646 37 317
642 39 319
641 42 317
639 40 321
636 34 330
630 37 333
630 37 333
635 34 331
633 36 331
625 39 336
616 44 340
605 50 345
609 46 345
605 44 351
608 47 345
610 47 343
607 45 348
606 51 343
610 43 347
611 48 341
608 45 347
604 50 346
600 51 349
600 50 350
604 41 355
606 39 355
608 39 353
610 35 355
613 32 355
614 34 352
612 33 355
612 37 351
615 34 351
606 39 355
608 37 355
603 35 362
612 31 357
614 29 357
617 24 359
621 28 351
624 28 348
626 26 348
628 28 344
626 29 345
630 28 342
634 27 339
640 25 335
642 23 335
647 19 334
649 20 331
653 17 330
653 18 329
661 15 324
663 13 324
654 20 326
656 26 318
657 27 316
659 22 319
662 21 317
670 20 310
666 21 313
666 22 312
671 19 310
669 25 306
670 26 304
674 28 298
677 24 299
681 23 296
682 22 296
687 22 291
683 25 292
682 28 290
674 38 288
671 35 294
674 39 287
664 46 290
658 53 289
656 48 296
653 52 295
644 58 298
636 65 299
635 64 301
626 67 307
628 65 307
621 69 310
620 64 316
609 70 321
592 79 329
588 74 338
581 77 342
576 77 347
564 85 351
564 79 357
557 87 356
553 92 355
544 90 366
534 86 380
537 77 386
529 83 388
520 76 404
516 75 409
513 67 420
510 62 428
514 61 425
517 60 423
521 56 423
527 53 420
529 54 417
529 55 416
529 46 425
526 47 427
530 45 425
531 44 425
525 51 424
521 51 428
526 45 429
530 45 425
534 35 431
539 34 427
541 30 429
541 29 430
547 24 429
553 25 422
559 27 414
565 20 415
566 19 415
571 15 414
576 9 415
584 9 407
589 10 401
597 8 395
600 6 394
607 6 387
614 6 380
624 5 371
631 6 363
637 7 356
644 7 349
656 7 337
652 14 334
651 18 331
642 29 329
634 35 331
632 38 330
633 37 330
634 37 329
628 44 328
625 44 331
617 49 334
612 53 335
613 54 333
610 50 340
602 59 339
600 52 348
599 44 357
597 44 359
600 50 350
593 52 355
593 51 356
583 54 363
581 54 365
583 48 369
586 50 364
586 50 364
582 51 367
583 51 366
582 47 371
588 43 369
585 47 368
577 53 370
579 53 368
580 49 371
579 40 381
580 39 381
582 31 387
596 26 378
595 30 375
600 31 369
600 26 374
600 28 372
602 25 373
612 24 364
610 28 362
618 22 360
623 22 355
622 26 352
623 27 350
626 26 348
629 20 351
629 22 349
627 24 349
630 25 345
631 26 343
634 24 342
629 30 341
622 39 339
615 44 341
603 56 341
594 68 338
586 69 345
570 79 351
561 87 352
544 100 356
532 96 372
520 88 392
517 81 402
514 81 405
504 75 421
503 70 427
502 73 425
504 63 433
508 54 438
508 55 437
507 55 438
514 46 440
524 41 435
534 32 434
538 23 439
543 22 435
546 21 433
554 22 424
561 18 421
571 14 415
577 13 410
579 12 409
588 10 402
595 10 395
600 8 392
605 6 389
609 9 382
608 13 379
610 14 376
615 16 369
613 21 366
610 25 365
610 32 358
605 36 359
608 33 359
607 30 363
608 33 359
605 32 363
609 30 361
610 34 356
598 42 360
599 38 363
595 42 363
599 40 361
591 46 363
589 47 364
592 39 369
582 45 373
574 44 382
577 37 386
584 31 385
586 34 380
584 36 380
586 37 377
587 37 376
584 44 372
575 52 373
570 58 372
573 56 371
577 58 365
572 67 361
569 60 371
565 53 382
564 47 389
565 43 392
565 36 399
568 34 398
571 33 396
575 30 395
578 30 392
580 30 390
583 28 389
590 26 384
597 27 376
598 28 374
602 31 367
604 27 369
605 27 368
612 27 361
610 31 359
617 31 352
622 26 352
621 25 354
617 27 356
622 29 349
622 25 353
629 24 347
630 29 341
630 26 344
628 28 344
627 31 342
636 28 336
639 27 334
641 29 330
637 35 328
634 40 326
637 34 329
634 33 333
633 35 332
639 31 330
638 33 329
635 34 331
632 37 331
639 31 330
645 29 326
652 26 322
651 27 322
655 30 315
656 31 313
652 35 313
643 38 319
641 41 318
637 39 324
631 47 322
625 54 321
622 55 323
611 56 333
601 63 336
597 61 342
582 64 354
581 63 356
583 56 361
582 54 364
580 57 363
571 60 369
574 56 370
576 50 374
578 39 383
581 37 382
584 37 379
589 39 372
591 41 368
587 40 373
579 44 377
577 40 383
575 37 388
573 38 389
578 37 385
585 35 380
586 31 383
588 32 380
592 29 379
596 34 370
597 31 372
603 27 370
604 22 374
609 24 367
614 23 363
613 31 356
618 26 356
619 28 353
621 31 348
621 33 346
620 35 345
618 32 350
622 30 348
631 27 342
638 33 329
639 33 328
639 31 330
641 34 325
634 41 325
630 45 325
626 44 330
625 42 333
625 36 339
616 39 345
621 34 345
622 33 345
621 33 346
631 32 337
627 37 336
622 39 339
617 41 342
619 42 339
618 44 338
609 48 343
606 52 342
601 50 349
596 46 358
597 45 358
596 41 363
596 39 365
593 41 366
595 39 366
597 34 369
597 36 367
601 33 366
602 31 367
603 40 357
602 40 358
595 46 359
589 55 356
589 55 356
586 60 354
582 55 363
585 48 367
587 41 372
586 39 375
589 34 377
592 29 379
598 29 373
604 27 369
608 24 368
606 29 365
606 31 363
610 31 359
607 36 357
609 33 358
614 30 356
613 32 355
615 29 356
615 29 356
613 34 353
606 37 357
606 37 357
608 39 353
605 41 354
600 45 355
598 41 361
597 40 363
594 41 365
592 37 371
599 31 370
602 29 369
614 24 362
620 20 360
623 17 360
626 15 359
630 15 355
628 16 356
631 15 354
639 15 346
645 15 340
646 17 337
650 17 333
654 17 329
656 19 325
654 25 321
655 27 318
652 30 318
654 30 316
656 31 313
654 33 313
651 32 317
646 34 320
646 34 320
641 25 334
642 27 331
648 25 327
654 24 322
658 22 320
653 25 322
657 25 318
653 25 322
649 33 318
650 30 320
651 32 317
645 35 320
648 35 317
646 37 317
643 39 318
645 35 320
646 33 321
646 32 322
642 37 321
636 42 322
639 41 320
640 34 326
643 32 325
643 32 325
646 34 320
650 33 317
654 30 316
659 30 311
661 30 309
668 31 301
666 29 305
667 29 304
666 23 311
665 28 307
669 24 307
670 28 302
669 28 303
667 29 304
659 34 307
660 37 303
666 36 298
669 30 301
668 31 301
668 30 302
671 29 300
678 31 291
677 39 284
681 42 277
677 47 276
670 50 280
655 57 288
653 56 291
646 54 300
644 56 300
639 63 298
635 61 304
639 54 307
635 49 316
636 50 314
634 44 322
635 36 329
641 38 321
640 36 324
638 36 326
639 40 321
643 39 318
638 44 318
636 31 333
638 30 332
648 27 325
647 24 329
652 21 327
655 18 327
654 17 329
660 12 328
663 15 322
661 13 326
661 17 322
663 20 317
661 24 315
663 23 314
666 23 311
665 23 312
665 24 311
670 20 310
678 16 306
680 17 303
684 16 300
684 15 301
677 21 302
681 25 294
680 27 293
680 28 292
674 31 295
671 35 294
667 40 293
670 37 293
672 33 295
674 33 293
676 35 289
681 34 285
689 34 277
689 35 276
691 29 280
690 30 280
689 30 281
689 28 283
686 35 279
688 33 279
684 31 285
690 31 279
687 32 281
687 36 277
685 35 280
690 30 280
699 27 274
703 25 272
