721
625
192
58
907
749
651
60
319
813
583
757
189
624
574
618
357
486
620
342
300
776
600
484
115
613
844
165
752
604
906
798
526
525
242
918
535
180
588
879
42
407
530
676
19
763
707
853
900
570
930
994
990
375
731
232
262
474
564
116
808
309
38
347
508
469
512
175
278
162
860
253
861
71
968
133
210
695
786
692
569
69
199
183
856
499
774
992
405
371
627
237
289
455
312
293
51
95
980
807
662
215
784
384
485
259
770
835
908
919
333
63
6
169
263
903
697
137
87
228
536
673
963
652
252
584
412
145
942
110
441
46
72
885
119
457
590
845
758
732
572
704
681
580
795
577
766
394
935
274
789
921
500
598
720
546
823
804
447
56
958
949
453
841
150
537
685
313
280
143
974
109
196
608
715
62
803
657
661
840
771
737
114
502
332
140
645
866
734
630
857
