611
183
46
409
681
926
53
373
739
48
237
573
621
153
17
42
442
159
599
105
856
278
690
460
448
535
174
216
49
287
353
914
420
290
1
942
389
680
703
685
526
0
124
195
193
954
582
82
69
251
118
977
427
852
796
316
255
884
858
28
979
670
136
941
804
859
695
614
777
664
472
425
323
569
819
837
831
533
411
160
421
196
334
720
23
493
300
170
881
552
335
447
34
635
434
293
930
272
631
31
774
891
541
653
358
387
325
534
226
257
58
254
122
412
67
638
491
581
818
113
56
157
928
896
917
299
850
576
347
404
780
54
691
465
187
142
730
98
64
710
180
36
87
953
2
185
675
854
890
662
897
816
80
813
456
209
688
992
109
974
834
920
616
711
876
169
779
168
313
848
266
303
503
422
598
799
709
883
96
469
248
636
178
148
94
192
980
22
809
92
795
