283
758
763
255
381
173
491
536
969
988
823
297
192
121
351
287
262
273
793
502
772
34
155
317
482
626
690
778
507
813
142
473
428
395
911
931
356
294
371
65
579
100
987
943
510
500
672
699
175
728
791
516
744
451
56
42
143
906
706
196
838
604
861
995
561
210
480
677
132
808
87
749
738
581
848
37
309
108
830
976
404
646
809
845
774
140
414
497
942
83
465
873
920
296
984
205
269
385
587
737
636
693
158
959
10
840
790
1
724
53
363
347
865
701
146
373
711
213
614
218
760
249
993
535
348
228
286
360
901
887
484
697
147
215
526
630
740
305
914
221
272
518
755
38
900
96
649
935
891
419
91
224
114
4
981
89
549
565
429
333
18
764
627
311
689
486
961
898
275
240
553
304
320
520
62
494
938
975
768
832
470
884
662
126
608
330
310
739
29
777
244
