315
924
227
460
205
376
419
373
494
115
345
779
577
683
305
111
807
362
260
946
541
906
257
825
344
583
756
634
455
409
28
489
540
492
469
276
769
308
931
886
697
478
39
880
394
680
854
119
651
964
766
137
827
926
872
299
404
781
519
437
677
26
443
737
141
175
967
999
696
932
628
330
927
717
426
668
606
247
154
413
87
302
570
674
237
775
151
291
505
877
235
435
788
904
74
146
608
585
562
729
456
266
191
893
395
297
255
134
881
580
830
391
164
477
833
399
853
654
588
16
401
943
615
347
453
997
948
530
546
941
243
903
0
447
416
860
761
897
25
544
815
171
739
929
602
366
883
846
800
294
34
398
747
233
78
776
709
633
215
831
557
891
369
550
185
811
79
486
733
961
292
172
971
616
509
303
236
771
566
989
621
284
103
195
44
490
221
328
422
744
152
