210
208
810
470
692
873
140
185
690
297
498
849
264
132
742
982
544
809
34
857
818
705
352
746
50
569
109
382
560
780
124
958
457
851
888
290
992
256
808
555
308
920
259
964
671
796
907
23
111
477
700
714
243
79
683
806
994
195
674
929
46
60
748
988
941
58
957
602
130
841
444
793
61
306
543
533
577
86
257
12
300
567
357
166
321
199
534
266
959
769
495
916
393
348
565
579
668
41
219
513
572
416
246
966
313
795
283
946
396
905
99
186
408
575
743
92
216
640
713
114
465
838
627
163
327
289
872
499
479
438
847
786
732
740
435
532
832
355
401
948
578
226
734
928
262
730
650
666
273
160
918
604
601
510
432
42
493
518
113
123
229
296
78
840
201
497
77
889
28
441
328
828
16
294
996
305
540
898
482
919
389
277
986
535
443
481
89
762
695
487
951
