988
516
225
884
268
151
844
354
595
308
930
435
581
294
738
940
916
135
52
433
331
980
873
278
791
970
882
690
745
96
714
385
353
120
327
699
671
603
401
2
85
196
284
878
98
33
384
634
532
335
995
703
966
644
891
127
820
955
842
992
604
905
998
911
414
57
809
913
239
392
545
859
415
170
812
451
801
577
261
139
60
10
16
513
582
315
459
646
889
883
20
112
126
556
21
723
378
265
543
171
420
147
310
250
570
734
867
769
597
372
65
404
813
297
279
479
442
835
929
86
803
346
37
677
505
498
628
109
762
509
724
150
406
8
344
228
368
41
224
969
947
512
641
694
606
854
601
519
711
917
678
800
269
422
177
544
476
434
122
64
300
898
179
102
869
826
238
676
89
301
386
249
518
584
222
234
753
561
514
805
232
755
495
144
619
974
848
475
680
218
789
