231
241
0
948
753
742
301
611
28
717
333
382
449
623
482
161
130
686
70
11
246
399
401
586
859
30
761
2
828
445
901
631
478
145
956
33
695
207
503
366
208
140
27
391
402
334
155
252
94
396
833
59
526
159
882
815
336
639
518
579
492
735
329
912
858
455
596
63
977
626
923
19
634
910
349
385
931
153
571
78
430
955
961
104
887
483
701
602
9
232
291
446
429
377
100
854
983
199
584
915
618
203
788
821
119
659
616
841
321
822
129
170
731
443
718
239
499
527
856
593
323
669
151
809
532
934
485
55
604
793
993
352
957
592
548
414
533
327
332
7
665
42
423
896
893
411
852
211
361
435
919
663
827
176
888
32
685
674
510
725
463
904
381
514
746
202
245
459
462
585
863
870
996
811
498
508
964
554
289
52
75
157
136
425
509
507
607
876
780
782
395
