813
254
362
330
207
922
386
289
12
719
749
830
721
241
148
39
253
782
948
307
268
64
350
502
465
615
423
295
138
318
200
821
832
988
301
703
575
72
507
929
999
88
141
792
874
191
582
562
596
996
728
212
129
192
894
316
79
439
205
458
624
776
769
664
415
2
958
584
810
389
382
367
243
593
181
783
309
786
679
60
436
868
838
729
708
525
57
89
256
696
114
381
822
196
538
42
712
325
265
313
349
951
278
396
14
826
290
108
78
76
411
484
829
897
444
585
425
188
554
283
727
587
930
563
892
595
482
240
56
44
433
249
902
315
273
865
628
58
59
989
102
798
156
364
338
647
850
329
354
551
809
0
694
418
671
303
291
881
851
63
540
944
817
720
401
384
231
459
581
361
739
889
124
29
5
127
533
7
460
512
391
528
955
641
50
636
964
447
93
490
193
