997 3 0
996 3 1
993 6 1
988 10 2
980 18 2
970 25 5
954 34 12
936 47 17
924 52 24
901 67 32
876 83 41
841 108 51
809 120 71
784 128 88
761 124 115
723 150 127
693 162 145
669 165 166
648 164 188
633 161 206
614 152 234
598 147 255
580 145 275
567 141 292
561 128 311
554 121 325
546 115 339
536 111 353
532 104 364
531 97 372
528 101 371
518 99 383
516 84 400
513 76 411
513 70 417
520 62 418
516 62 422
526 52 422
526 49 425
533 40 427
536 39 425
538 37 425
541 32 427
547 31 422
552 28 420
552 31 417
553 27 420
558 28 414
559 31 410
559 30 411
561 31 408
563 30 407
564 32 404
565 33 402
571 30 399
579 25 396
580 23 397
583 22 395
591 18 391
597 16 387
605 17 378
609 16 375
614 13 373
619 14 367
625 13 362
628 13 359
634 11 355
637 11 352
641 13 346
645 12 343
649 10 341
655 10 335
659 9 332
661 11 328
667 11 322
666 13 321
672 11 317
679 10 311
680 11 309
683 11 306
690 10 300
690 11 299
691 11 298
694 11 295
695 11 294
699 9 292
696 15 289
697 17 286
699 20 281
701 20 279
705 22 273
706 21 273
704 20 276
704 21 275
702 24 274
706 20 274
706 20 274
704 24 272
707 19 274
703 22 275
708 15 277
711 16 273
716 16 268
719 14 267
728 8 264
736 9 255
736 11 253
737 7 256
739 8 253
742 7 251
743 8 249
746 8 246
745 12 243
740 18 242
737 19 244
729 25 246
728 28 244
721 33 246
722 31 247
717 37 246
713 34 253
705 37 258
707 34 259
704 35 261
705 33 262
706 30 264
707 29 264
705 33 262
705 31 264
709 30 261
713 26 261
713 24 263
713 25 262
713 21 266
709 27 264
711 29 260
711 30 259
712 30 258
716 28 256
711 24 265
713 27 260
713 28 259
710 29 261
709 35 256
708 34 258
710 33 257
703 40 257
701 37 262
697 37 266
690 40 270
690 38 272
689 39 272
688 37 275
689 34 277
683 35 282
678 33 289
676 39 285
674 41 285
675 42 283
669 46 285
657 54 289
655 47 298
659 41 300
650 47 303
652 44 304
647 48 305
644 48 308
638 49 313
630 56 314
622 64 314
612 63 325
607 62 331
603 61 336
604 50 346
595 54 351
585 55 360
586 47 367
582 52 366
578 51 371
567 58 375
560 62 378
556 65 379
552 63 385
550 63 387
549 52 399
555 45 400
563 37 400
567 38 395
566 34 400
566 35 399
567 36 397
569 36 395
574 33 393
578 28 394
583 28 389
585 28 387
590 25 385
595 25 380
600 22 378
606 19 375
613 17 370
617 16 367
623 17 360
622 19 359
623 21 356
628 17 355
625 24 351
625 24 351
628 29 343
630 28 342
625 28 347
627 30 343
632 32 336
634 34 332
628 39 333
623 45 332
620 47 333
619 44 337
619 43 338
619 45 336
613 47 340
611 43 346
615 36 349
617 34 349
612 36 352
614 35 351
616 36 348
613 36 351
607 37 356
605 39 356
611 33 356
610 34 356
616 32 352
627 29 344
633 30 337
633 30 337
639 26 335
641 24 335
643 25 332
643 29 328
645 29 326
645 30 325
649 31 320
647 36 317
643 36 321
644 33 323
642 34 324
643 33 324
646 31 323
651 27 322
650 27 323
648 29 323
652 27 321
656 24 320
653 25 322
657 22 321
662 20 318
668 16 316
672 14 314
673 14 313
677 13 310
677 12 311
681 13 306
685 11 304
686 11 303
686 12 302
688 9 303
688 8 304
686 11 303
686 11 303
684 15 301
684 21 295
682 23 295
673 35 292
669 40 291
663 43 294
656 52 292
650 55 295
642 60 298
640 59 301
639 61 300
633 59 308
636 53 311
637 52 311
640 49 311
645 39 316
646 37 317
648 38 314
645 38 317
643 38 319
644 35 321
645 33 322
649 31 320
653 29 318
651 30 319
653 28 319
658 24 318
658 19 323
661 16 323
666 18 316
671 12 317
673 12 315
674 13 313
676 16 308
678 15 307
679 17 304
685 14 301
686 17 297
689 16 295
694 13 293
691 16 293
699 14 287
692 19 289
693 18 289
696 19 285
695 21 284
700 20 280
700 25 275
697 29 274
692 35 273
684 39 277
679 40 281
678 41 281
677 41 282
675 42 283
669 48 283
661 49 290
654 50 296
646 53 301
648 49 303
643 52 305
643 54 303
637 55 308
633 58 309
630 54 316
627 57 316
622 58 320
622 52 326
620 44 336
623 42 335
626 37 337
627 35 338
633 37 330
637 35 328
639 32 329
645 30 325
643 27 330
647 25 328
648 24 328
647 25 328
642 30 328
645 27 328
645 30 325
647 26 327
656 22 322
657 21 322
655 24 321
658 24 318
657 28 315
661 29 310
656 34 310
655 36 309
657 37 306
655 43 302
657 40 303
653 44 303
654 45 301
642 58 300
634 63 303
630 63 307
630 66 304
623 66 311
614 63 323
610 61 329
611 59 330
601 61 338
596 62 342
598 60 342
595 58 347
595 56 349
591 54 355
598 48 354
598 45 357
607 38 355
608 39 353
614 36 350
618 33 349
623 30 347
620 35 345
623 37 340
617 41 342
620 40 340
618 39 343
617 41 342
617 40 343
616 40 344
613 42 345
615 44 341
612 41 347
610 40 350
607 43 350
601 54 345
598 54 348
601 53 346
604 50 346
610 40 350
609 38 353
612 38 350
612 36 352
615 31 354
617 29 354
622 24 354
626 24 350
626 20 354
628 23 349
622 27 351
627 25 348
626 25 349
623 27 350
623 27 350
626 30 344
625 32 343
627 31 342
629 32 339
635 29 336
639 32 329
639 36 325
647 29 324
648 25 327
651 23 326
653 18 329
655 18 327
654 22 324
649 31 320
646 36 318
641 39 320
638 41 321
627 49 324
625 48 327
620 53 327
617 48 335
613 48 339
609 50 341
607 48 345
611 43 346
614 39 347
618 38 344
616 41 343
621 37 342
620 30 350
622 32 346
626 28 346
628 28 344
631 26 343
629 24 347
631 23 346
636 23 341
641 22 337
640 21 339
644 18 338
645 18 337
649 19 332
656 17 327
659 18 323
661 15 324
663 13 324
669 14 317
673 13 314
674 13 313
680 17 303
678 20 302
682 16 302
683 15 302
687 15 298
688 8 304
689 10 301
688 11 301
690 12 298
696 12 292
700 14 286
701 16 283
705 17 278
708 17 275
706 18 276
705 16 279
705 19 276
706 21 273
708 19 273
707 20 273
704 21 275
711 17 272
713 16 271
719 14 267
720 16 264
724 13 263
722 15 263
726 13 261
725 16 259
729 13 258
734 13 253
730 17 253
735 12 253
737 10 253
741 9 250
743 9 248
748 9 243
752 7 241
755 8 237
757 8 235
760 7 233
764 7 229
765 7 228
768 7 225
774 9 217
777 9 214
778 11 211
780 11 209
783 11 206
787 11 202
785 13 202
782 19 199
786 20 194
782 23 195
786 23 191
790 22 188
792 22 186
792 22 186
793 23 184
795 21 184
800 20 180
801 15 184
805 12 183
807 13 180
810 12 178
806 15 179
799 25 176
792 34 174
786 42 172
777 48 175
770 44 186
768 34 198
762 38 200
759 40 201
751 44 205
740 50 210
734 53 213
725 55 220
712 67 221
706 64 230
701 60 239
700 54 246
696 55 249
686 53 261
683 53 264
676 56 268
676 51 273
674 50 276
680 45 275
677 45 278
681 43 276
680 44 276
681 43 276
680 41 279
685 37 278
683 33 284
685 25 290
687 29 284
684 33 283
686 28 286
686 28 286
684 29 287
684 25 291
686 29 285
685 32 283
686 29 285
685 32 283
685 34 281
682 32 286
682 32 286
685 33 282
680 35 285
665 48 287
657 54 289
654 52 294
652 51 297
645 51 304
634 58 308
627 65 308
620 69 311
618 62 320
620 64 316
613 63 324
613 65 322
613 59 328
617 46 337
618 41 341
614 39 347
615 36 349
616 33 351
620 32 348
621 32 347
618 32 350
622 31 347
623 28 349
627 28 345
625 24 351
629 22 349
629 26 345
630 28 342
629 29 342
634 27 339
631 28 341
632 26 342
633 29 338
632 32 336
637 33 330
638 34 328
631 37 332
632 36 332
628 39 333
629 34 337
624 34 342
624 35 341
622 32 346
625 29 346
621 31 348
620 31 349
626 28 346
632 23 345
637 22 341
639 23 338
648 16 336
650 16 334
650 16 334
649 19 332
653 18 329
658 14 328
665 15 320
666 16 318
669 16 315
667 17 316
669 18 313
673 16 311
680 15 305
684 15 301
684 15 301
687 15 298
686 15 299
688 16 296
691 13 296
692 14 294
692 15 293
691 16 293
691 16 293
690 18 292
692 18 290
696 17 287
697 14 289
701 13 286
706 10 284
709 8 283
715 11 274
721 10 269
725 9 266
730 6 264
736 7 257
740 8 252
742 8 250
742 9 249
749 6 245
752 7 241
757 8 235
759 4 237
764 4 232
768 3 229
771 5 224
771 8 221
775 7 218
775 12 213
768 21 211
762 28 210
758 31 211
759 27 214
750 35 215
741 41 218
731 41 228
720 53 227
706 62 232
702 61 237
697 59 244
693 59 248
683 66 251
682 65 253
677 64 259
670 65 265
661 73 266
653 72 275
652 64 284
652 58 290
645 60 295
638 64 298
636 61 303
628 65 307
626 62 312
625 59 316
624 54 322
625 52 323
625 46 329
624 44 332
627 36 337
631 36 333
635 35 330
632 34 334
631 34 335
629 33 338
637 32 331
641 30 329
640 28 332
644 27 329
646 30 324
644 32 324
642 33 325
643 36 321
638 37 325
633 43 324
623 52 325
617 60 323
616 63 321
608 64 328
609 59 332
608 52 340
606 53 341
606 48 346
610 42 348
605 42 353
602 42 356
609 38 353
604 40 356
605 38 357
606 32 362
613 33 354
613 31 356
613 32 355
615 31 354
623 33 344
628 34 338
624 34 342
624 31 345
631 27 342
636 22 342
640 23 337
642 21 337
645 21 334
646 14 340
650 14 336
653 14 333
652 18 330
655 19 326
660 20 320
661 19 320
666 16 318
672 16 312
680 13 307
682 13 305
682 13 305
685 10 305
686 12 302
690 14 296
695 10 295
700 10 290
704 10 286
707 10 283
711 9 280
712 5 283
714 6 280
717 6 277
719 6 275
722 5 273
724 5 271
726 5 269
731 4 265
731 4 265
733 5 262
737 2 261
741 4 255
745 2 253
749 2 249
751 3 246
753 3 244
758 2 240
763 2 235
767 2 231
771 1 228
777 1 222
781 1 218
784 1 215
788 2 210
790 3 207
798 2 200
800 3 197
801 1 198
808 1 191
813 1 186
813 1 186
814 1 185
817 1 182
817 1 182
818 0 182
822 0 178
824 0 176
825 1 174
829 1 170
833 1 166
839 1 160
841 1 158
845 1 154
848 1 151
848 1 151
850 0 150
852 0 148
854 0 146
857 0 143
859 0 141
862 0 138
862 0 138
863 0 137
864 0 136
865 0 135
868 0 132
870 1 129
872 2 126
876 2 122
878 1 121
878 2 120
883 2 115
881 3 116
884 3 113
883 4 113
883 6 111
885 5 110
888 3 109
887 3 110
886 4 110
886 4 110
886 3 111
886 2 112
888 3 109
888 4 108
883 9 108
879 13 108
868 26 106
858 34 108
845 42 113
830 50 120
812 66 122
792 76 132
771 84 145
756 90 154
738 94 168
727 91 182
718 90 192
706 91 203
698 90 212
686 94 220
684 92 224
677 93 230
672 95 233
665 90 245
659 81 260
654 78 268
653 75 272
643 73 284
634 80 286
624 76 300
612 80 308
607 72 321
605 67 328
603 61 336
598 59 343
603 57 340
598 61 341
591 60 349
588 52 360
592 48 360
594 43 363
596 39 365
603 36 361
601 33 366
601 35 364
600 38 362
598 36 366
602 33 365
600 32 368
604 27 369
606 28 366
614 22 364
616 23 361
617 22 361
615 24 361
622 23 355
621 25 354
620 29 351
621 26 353
630 20 350
633 21 346
637 22 341
640 21 339
642 22 336
646 19 335
654 17 329
658 17 325
662 16 322
664 17 319
671 15 314
673 13 314
676 12 312
680 13 307
685 10 305
689 7 304
693 7 300
696 7 297
707 4 289
710 4 286
713 3 284
715 2 283
723 2 275
724 1 275
726 1 273
728 1 271
736 1 263
738 1 261
740 1 259
743 1 256
748 0 252
753 0 247
757 0 243
764 0 236
768 0 232
772 0 228
773 0 227
777 0 223
778 0 222
782 0 218
787 0 213
792 0 208
797 0 203
805 0 195
810 0 190
811 0 189
811 0 189
815 0 185
820 0 180
823 0 177
824 0 176
824 0 176
827 0 173
833 0 167
834 0 166
836 0 164
836 0 164
838 0 162
839 0 161
840 0 160
842 0 158
843 0 157
846 0 154
847 0 153
850 0 150
852 0 148
853 0 147
854 0 146
859 0 141
863 0 137
866 0 134
870 0 130
871 0 129
872 0 128
873 0 127
874 0 126
876 0 124
878 0 122
879 0 121
885 0 115
887 0 113
887 0 113
890 0 110
891 0 109
895 0 105
895 0 105
896 0 104
898 0 102
902 0 98
904 0 96
909 0 91
911 0 89
911 0 89
911 0 89
913 0 87
915 0 85
917 0 83
920 0 80
