997 3 0
997 3 0
997 3 0
996 4 0
995 5 0
994 6 0
991 9 0
986 12 2
972 21 7
956 35 9
948 38 14
940 40 20
922 54 24
906 60 34
882 75 43
861 83 56
841 92 67
813 107 80
773 125 102
735 142 123
714 149 137
685 157 158
663 158 179
642 153 205
625 146 229
607 148 245
594 144 262
591 126 283
569 130 301
562 123 315
554 113 333
547 113 340
542 112 346
538 103 359
539 94 367
533 95 372
534 89 377
531 87 382
518 97 385
514 95 391
516 88 396
513 86 401
507 85 408
507 88 405
504 85 411
507 78 415
508 74 418
519 67 414
524 62 414
528 59 413
529 53 418
534 50 416
535 46 419
539 42 419
541 47 412
544 45 411
545 45 410
549 41 410
551 40 409
553 34 413
561 26 413
566 23 411
569 23 408
569 27 404
569 26 405
570 29 401
573 32 395
570 30 400
571 31 398
575 30 395
572 35 393
566 41 393
570 36 394
576 32 392
573 31 396
572 36 392
570 40 390
570 35 395
575 32 393
576 34 390
575 32 393
574 30 396
577 28 395
579 31 390
582 29 389
587 25 388
590 26 384
595 23 382
603 21 376
606 22 372
608 23 369
615 20 365
622 17 361
617 22 361
619 24 357
620 24 356
624 26 350
625 27 348
623 34 343
624 33 343
628 30 342
633 31 336
635 28 337
637 24 339
642 22 336
645 20 335
648 17 335
646 18 336
646 19 335
647 18 335
649 17 334
651 16 333
656 15 329
655 16 329
661 15 324
670 17 313
672 15 313
678 16 306
681 18 301
683 19 298
683 22 295
684 25 291
684 22 294
683 24 293
682 24 294
684 28 288
680 36 284
678 41 281
673 48 279
666 52 282
658 59 283
654 60 286
638 76 286
629 73 298
622 80 298
615 84 301
605 85 310
602 81 317
594 80 326
591 78 331
588 66 346
589 63 348
585 59 356
587 51 362
589 52 359
586 49 365
586 44 370
592 40 368
601 37 362
604 33 363
603 29 368
606 29 365
608 25 367
615 24 361
621 22 357
631 19 350
637 17 346
639 16 345
642 17 341
645 20 335
647 19 334
651 20 329
655 19 326
662 18 320
664 18 318
672 14 314
671 16 313
671 18 311
676 18 306
676 19 305
675 25 300
674 24 302
674 22 304
677 22 301
683 21 296
688 19 293
688 15 297
690 15 295
695 12 293
702 11 287
706 10 284
709 9 282
713 8 279
722 7 271
725 6 269
728 5 267
734 5 261
734 8 258
736 11 253
736 13 251
739 15 246
739 15 246
739 17 244
738 18 244
738 17 245
741 18 241
742 17 241
743 15 242
746 14 240
749 14 237
751 14 235
751 13 236
755 12 233
758 11 231
760 8 232
764 8 228
767 7 226
768 4 228
770 5 225
771 5 224
773 5 222
775 5 220
777 5 218
778 6 216
780 6 214
785 6 209
786 7 207
789 7 204
791 5 204
797 5 198
798 4 198
802 3 195
800 5 195
806 4 190
814 3 183
818 2 180
822 2 176
824 1 175
824 2 174
826 2 172
829 2 169
832 2 166
832 3 165
832 5 163
833 6 161
832 7 161
834 8 158
836 7 157
840 7 153
840 7 153
841 9 150
839 11 150
837 13 150
833 17 150
836 16 148
834 16 150
832 13 155
835 11 154
836 10 154
836 10 154
838 8 154
841 8 151
843 8 149
845 10 145
846 8 146
846 8 146
844 12 144
838 15 147
832 18 150
829 24 147
822 25 153
816 27 157
811 30 159
806 30 164
796 36 168
787 43 170
785 43 172
777 42 181
779 44 177
777 40 183
771 41 188
768 43 189
764 44 192
756 45 199
751 45 204
746 44 210
743 46 211
734 50 216
726 56 218
714 64 222
707 71 222
701 71 228
695 68 237
690 65 245
685 65 250
685 62 253
685 54 261
686 52 262
681 55 264
677 56 267
672 56 272
665 58 277
663 60 277
661 52 287
665 51 284
668 48 284
670 42 288
671 44 285
667 54 279
664 48 288
660 49 291
654 50 296
657 48 295
659 47 294
651 54 295
648 57 295
643 62 295
636 66 298
627 69 304
617 73 310
605 80 315
595 78 327
585 80 335
576 80 344
571 75 354
570 68 362
567 64 369
572 56 372
577 48 375
579 42 379
584 40 376
584 37 379
593 32 375
597 29 374
600 27 373
606 24 370
607 25 368
609 28 363
613 25 362
613 30 357
618 24 358
617 29 354
620 29 351
622 28 350
629 22 349
629 22 349
631 23 346
637 19 344
640 19 341
644 19 337
646 20 334
649 20 331
648 24 328
647 26 327
646 25 329
650 22 328
649 22 329
653 22 325
657 22 321
660 21 319
665 23 312
665 25 310
664 24 312
660 26 314
661 29 310
660 31 309
664 32 304
661 34 305
665 32 303
665 32 303
665 28 307
666 30 304
667 26 307
670 27 303
675 26 299
676 23 301
681 22 297
685 21 294
689 18 293
691 16 293
691 14 295
691 17 292
692 17 291
695 13 292
699 10 291
711 8 281
712 9 279
717 9 274
726 9 265
730 10 260
733 9 258
737 6 257
741 8 251
745 9 246
747 7 246
751 4 245
756 4 240
758 3 239
764 3 233
764 3 233
766 3 231
771 3 226
774 2 224
777 1 222
779 1 220
780 1 219
786 3 211
788 3 209
790 4 206
792 4 204
796 3 201
799 3 198
803 4 193
803 5 192
802 8 190
805 9 186
806 11 183
805 11 184
804 15 181
801 18 181
797 20 183
794 24 182
797 21 182
800 20 180
797 22 181
786 31 183
782 30 188
782 30 188
783 25 192
777 32 191
774 29 197
772 31 197
770 30 200
767 31 202
765 31 204
760 33 207
759 32 209
752 38 210
750 37 213
746 41 213
740 43 217
732 47 221
721 49 230
720 43 237
714 50 236
705 50 245
698 58 244
689 61 250
688 56 256
686 50 264
684 51 265
680 54 266
678 53 269
677 52 271
676 45 279
675 43 282
678 43 279
672 48 280
673 43 284
674 44 282
673 47 280
674 48 278
671 46 283
667 47 286
670 44 286
664 48 288
664 42 294
662 43 295
662 42 296
661 42 297
658 36 306
653 39 308
653 42 305
651 41 308
646 46 308
642 50 308
638 58 304
635 61 304
624 66 310
614 69 317
606 70 324
593 78 329
589 82 329
588 74 338
582 75 343
578 68 354
575 66 359
579 66 355
582 56 362
580 54 366
581 50 369
579 54 367
575 52 373
573 56 371
569 54 377
569 52 379
569 54 377
562 52 386
567 45 388
572 41 387
578 40 382
584 40 376
580 43 377
586 44 370
586 45 369
586 40 374
585 41 374
587 37 376
591 39 370
590 38 372
592 37 371
591 40 369
597 36 367
594 40 366
595 35 370
590 37 373
600 31 369
608 30 362
607 30 363
606 27 367
609 23 368
620 20 360
631 20 349
633 21 346
637 18 345
644 15 341
650 14 336
651 13 336
652 12 336
655 11 334
664 9 327
669 8 323
674 7 319
677 7 316
680 8 312
682 7 311
684 6 310
684 6 310
688 5 307
694 5 301
703 4 293
706 5 289
706 8 286
707 7 286
711 8 281
715 8 277
720 7 273
723 7 270
726 7 267
732 4 264
735 4 261
740 3 257
744 4 252
749 2 249
749 2 249
755 1 244
757 1 242
759 1 240
766 1 233
769 1 230
772 1 227
773 1 226
776 0 224
778 0 222
779 0 221
781 0 219
784 0 216
787 0 213
789 0 211
791 0 209
795 0 205
798 0 202
802 0 198
804 0 196
808 0 192
808 0 192
810 0 190
813 0 187
815 0 185
818 0 182
824 0 176
829 0 171
831 0 169
834 0 166
836 0 164
838 0 162
841 0 159
843 0 157
846 0 154
846 0 154
849 0 151
851 0 149
853 0 147
856 0 144
858 0 142
859 0 141
861 0 139
863 0 137
864 0 136
867 0 133
868 0 132
869 0 131
871 0 129
873 0 127
876 0 124
876 0 124
877 0 123
880 0 120
883 0 117
884 0 116
884 0 116
886 0 114
888 0 112
889 0 111
891 0 109
892 0 108
894 0 106
895 0 105
895 0 105
898 0 102
901 0 99
903 0 97
907 0 93
907 0 93
908 0 92
910 0 90
913 0 87
914 0 86
914 0 86
916 0 84
917 0 83
917 0 83
918 0 82
919 0 81
921 0 79
923 0 77
924 0 76
926 0 74
927 0 73
929 0 71
930 0 70
930 0 70
930 0 70
931 0 69
934 0 66
935 0 65
937 0 63
938 0 62
940 0 60
941 0 59
942 0 58
942 0 58
943 0 57
945 0 55
945 0 55
945 0 55
945 0 55
947 0 53
947 0 53
947 0 53
947 0 53
947 0 53
949 0 51
950 0 50
950 0 50
950 0 50
950 0 50
950 0 50
952 0 48
953 0 47
954 0 46
955 0 45
957 0 43
958 0 42
959 0 41
960 0 40
961 0 39
961 0 39
963 0 37
963 0 37
964 0 36
965 0 35
966 0 34
966 0 34
966 0 34
967 0 33
967 0 33
967 0 33
967 0 33
967 0 33
968 0 32
968 0 32
969 0 31
969 0 31
972 0 28
973 0 27
973 0 27
973 0 27
973 0 27
974 0 26
974 0 26
975 0 25
975 0 25
975 0 25
975 0 25
976 0 24
977 0 23
977 0 23
978 0 22
978 0 22
978 0 22
978 0 22
978 0 22
978 0 22
979 0 21
979 0 21
979 0 21
979 0 21
980 0 20
980 0 20
980 0 20
982 0 18
984 0 16
984 0 16
984 0 16
984 0 16
985 0 15
985 0 15
985 0 15
985 0 15
985 0 15
986 0 14
986 0 14
986 0 14
987 0 13
987 0 13
987 0 13
987 0 13
987 0 13
987 0 13
987 0 13
987 0 13
987 0 13
987 0 13
988 0 12
988 0 12
988 0 12
989 0 11
989 0 11
989 0 11
989 0 11
989 0 11
989 0 11
989 0 11
990 0 10
990 0 10
991 0 9
991 0 9
991 0 9
991 0 9
991 0 9
991 0 9
991 0 9
991 0 9
991 0 9
992 0 8
992 0 8
992 0 8
992 0 8
992 0 8
992 0 8
992 0 8
992 0 8
992 0 8
992 0 8
992 0 8
992 0 8
992 0 8
993 0 7
993 0 7
993 0 7
993 0 7
993 0 7
993 0 7
993 0 7
993 0 7
993 0 7
993 0 7
993 0 7
993 0 7
993 0 7
993 0 7
993 0 7
993 0 7
994 0 6
994 0 6
994 0 6
994 0 6
994 0 6
994 0 6
994 0 6
994 0 6
994 0 6
994 0 6
994 0 6
994 0 6
994 0 6
994 0 6
994 0 6
994 0 6
994 0 6
994 0 6
995 0 5
995 0 5
995 0 5
995 0 5
995 0 5
995 0 5
995 0 5
995 0 5
995 0 5
995 0 5
995 0 5
995 0 5
996 0 4
997 0 3
997 0 3
997 0 3
997 0 3
997 0 3
997 0 3
997 0 3
997 0 3
997 0 3
997 0 3
997 0 3
997 0 3
997 0 3
997 0 3
997 0 3
997 0 3
997 0 3
997 0 3
997 0 3
997 0 3
997 0 3
997 0 3
998 0 2
998 0 2
998 0 2
998 0 2
998 0 2
998 0 2
998 0 2
998 0 2
998 0 2
998 0 2
998 0 2
998 0 2
998 0 2
998 0 2
998 0 2
998 0 2
998 0 2
998 0 2
999 0 1
999 0 1
999 0 1
999 0 1
999 0 1
999 0 1
999 0 1
999 0 1
999 0 1
999 0 1
999 0 1
999 0 1
999 0 1
999 0 1
999 0 1
999 0 1
999 0 1
999 0 1
999 0 1
999 0 1
999 0 1
999 0 1
999 0 1
999 0 1
999 0 1
999 0 1
999 0 1
999 0 1
999 0 1
999 0 1
999 0 1
999 0 1
999 0 1
999 0 1
999 0 1
999 0 1
999 0 1
999 0 1
999 0 1
999 0 1
999 0 1
999 0 1
999 0 1
999 0 1
999 0 1
999 0 1
999 0 1
999 0 1
999 0 1
999 0 1
999 0 1
999 0 1
999 0 1
999 0 1
999 0 1
999 0 1
999 0 1
999 0 1
999 0 1
999 0 1
999 0 1
999 0 1
999 0 1
999 0 1
999 0 1
999 0 1
999 0 1
999 0 1
999 0 1
999 0 1
999 0 1
999 0 1
999 0 1
999 0 1
999 0 1
999 0 1
999 0 1
999 0 1
999 0 1
999 0 1
999 0 1
999 0 1
999 0 1
999 0 1
999 0 1
999 0 1
999 0 1
999 0 1
999 0 1
999 0 1
999 0 1
999 0 1
999 0 1
999 0 1
999 0 1
999 0 1
999 0 1
999 0 1
999 0 1
999 0 1
999 0 1
999 0 1
999 0 1
999 0 1
999 0 1
999 0 1
999 0 1
999 0 1
999 0 1
999 0 1
999 0 1
999 0 1
999 0 1
999 0 1
999 0 1
999 0 1
999 0 1
999 0 1
999 0 1
999 0 1
999 0 1
999 0 1
1000 0 0
1000 0 0
1000 0 0
1000 0 0
1000 0 0
1000 0 0
1000 0 0
1000 0 0
1000 0 0
1000 0 0
1000 0 0
1000 0 0
1000 0 0
1000 0 0
1000 0 0
1000 0 0
1000 0 0
1000 0 0
1000 0 0
1000 0 0
1000 0 0
1000 0 0
1000 0 0
1000 0 0
