997 3 0
994 6 0
992 6 2
991 7 2
988 9 3
987 9 4
985 9 6
981 11 8
978 13 9
975 14 11
968 18 14
965 18 17
958 22 20
952 27 21
952 21 27
948 21 31
938 28 34
928 37 35
917 43 40
907 48 45
895 54 51
884 55 61
875 58 67
856 70 74
832 80 88
813 88 99
787 101 112
758 117 125
732 121 147
708 130 162
683 143 174
661 146 193
630 152 218
605 163 232
592 162 246
573 157 270
556 160 284
536 168 296
520 168 312
508 148 344
501 139 360
499 136 365
492 133 375
481 129 390
483 107 410
478 103 419
475 99 426
482 83 435
486 82 432
492 77 431
492 73 435
490 64 446
494 61 445
499 52 449
500 43 457
500 41 459
500 43 457
501 42 457
506 38 456
512 38 450
517 38 445
523 38 439
527 35 438
528 38 434
537 37 426
543 41 416
550 38 412
550 35 415
557 28 415
567 23 410
571 22 407
571 26 403
569 26 405
572 27 401
574 24 402
582 16 402
585 16 399
599 14 387
603 14 383
609 13 378
615 12 373
618 12 370
621 10 369
623 8 369
627 10 363
634 12 354
641 14 345
641 16 343
641 18 341
641 21 338
639 20 341
637 20 343
641 16 343
644 12 344
650 10 340
652 9 339
653 10 337
655 13 332
658 14 328
658 14 328
659 15 326
662 14 324
665 15 320
667 16 317
666 19 315
672 22 306
678 20 302
683 19 298
688 16 296
688 17 295
694 12 294
698 15 287
701 15 284
709 13 278
713 15 272
711 16 273
703 24 273
705 23 272
705 25 270
703 28 269
704 28 268
702 30 268
701 33 266
702 31 267
700 30 270
699 30 271
700 27 273
701 25 274
705 24 271
708 25 267
707 27 266
708 28 264
706 33 261
709 32 259
699 40 261
691 45 264
680 50 270
673 54 273
668 56 276
665 62 273
665 60 275
664 54 282
664 49 287
662 50 288
663 44 293
662 41 297
662 37 301
651 45 304
645 47 308
642 50 308
635 52 313
628 52 320
627 47 326
623 49 328
624 47 329
622 46 332
614 49 337
615 48 337
619 39 342
613 45 342
612 44 344
610 44 346
602 46 352
601 41 358
593 48 359
585 49 366
582 49 369
584 47 369
580 53 367
587 52 361
584 48 368
585 46 369
581 48 371
579 44 377
584 36 380
592 36 372
597 35 368
596 35 369
594 38 368
592 39 369
589 40 371
579 48 373
574 49 377
573 46 381
572 42 386
574 34 392
576 37 387
579 37 384
582 35 383
583 34 383
584 32 384
587 33 380
591 27 382
606 22 372
607 21 372
618 17 365
625 15 360
623 16 361
627 13 360
631 13 356
632 14 354
635 18 347
643 17 340
653 12 335
654 13 333
663 9 328
667 12 321
674 12 314
676 10 314
680 9 311
681 11 308
678 14 308
678 18 304
676 23 301
679 19 302
683 19 298
681 21 298
683 21 296
688 20 292
684 27 289
681 33 286
672 38 290
664 42 294
661 37 302
663 36 301
657 43 300
655 47 298
644 52 304
640 56 304
628 62 310
623 62 315
621 57 322
617 54 329
611 61 328
608 68 324
606 63 331
601 66 333
598 68 334
597 64 339
596 65 339
591 60 349
588 63 349
579 69 352
575 65 360
572 62 366
575 61 364
569 58 373
561 57 382
561 52 387
562 47 391
571 42 387
568 46 386
565 46 389
563 37 400
571 34 395
574 35 391
577 30 393
585 25 390
587 23 390
591 18 391
594 17 389
599 17 384
599 15 386
603 16 381
608 16 376
613 17 370
618 16 366
628 14 358
635 12 353
642 13 345
644 11 345
648 10 342
652 9 339
657 7 336
663 5 332
669 4 327
673 5 322
676 5 319
680 5 315
688 5 307
696 3 301
699 4 297
701 8 291
705 8 287
706 9 285
708 10 282
708 8 284
711 8 281
720 9 271
723 7 270
729 7 264
733 7 260
737 5 258
741 5 254
749 6 245
750 8 242
752 7 241
755 6 239
758 6 236
760 6 234
762 7 231
765 7 228
766 10 224
764 16 220
764 20 216
766 18 216
765 23 212
763 27 210
760 27 213
748 39 213
744 43 213
738 47 215
737 45 218
735 48 217
726 49 225
715 55 230
705 62 233
697 67 236
686 71 243
685 73 242
682 73 245
672 74 254
669 74 257
670 64 266
670 62 268
660 65 275
658 66 276
662 60 278
660 59 281
665 56 279
667 46 287
671 45 284
670 39 291
666 44 290
667 41 292
671 39 290
669 43 288
668 47 285
667 44 289
668 44 288
667 47 286
670 41 289
663 41 296
651 47 302
648 50 302
641 51 308
637 50 313
634 50 316
629 47 324
630 44 326
635 35 330
643 33 324
645 30 325
648 28 324
645 32 323
646 32 322
644 38 318
645 38 317
636 47 317
641 46 313
641 42 317
640 41 319
636 42 322
635 39 326
633 44 323
633 42 325
633 45 322
634 42 324
627 43 330
628 40 332
630 38 332
630 41 329
632 36 332
629 45 326
622 48 330
624 43 333
626 40 334
633 33 334
644 25 331
648 24 328
655 23 322
663 22 315
668 22 310
672 17 311
674 19 307
677 16 307
679 14 307
684 15 301
687 13 300
685 15 300
682 17 301
684 19 297
684 19 297
682 21 297
682 14 304
685 14 301
690 13 297
699 13 288
703 13 284
704 13 283
707 14 279
709 13 278
711 14 275
708 18 274
709 18 273
707 28 265
701 33 266
694 37 269
691 40 269
686 40 274
686 36 278
686 34 280
678 43 279
677 38 285
672 44 284
661 50 289
661 51 288
661 50 289
656 54 290
653 53 294
649 55 296
646 54 300
649 46 305
645 44 311
647 40 313
648 33 319
647 32 321
647 31 322
650 26 324
647 24 329
647 23 330
651 23 326
657 21 322
658 21 321
660 15 325
661 15 324
666 15 319
668 16 316
674 15 311
673 14 313
675 15 310
676 18 306
680 16 304
686 14 300
691 12 297
695 10 295
698 10 292
699 9 292
706 7 287
713 8 279
715 8 277
716 7 277
719 8 273
722 9 269
725 11 264
730 14 256
729 14 257
726 19 255
725 19 256
730 19 251
732 19 249
726 23 251
724 24 252
725 27 248
723 27 250
726 26 248
725 28 247
725 27 248
726 25 249
730 27 243
736 26 238
740 23 237
741 23 236
743 24 233
742 24 234
742 28 230
738 24 238
738 21 241
739 19 242
739 20 241
744 20 236
746 15 239
749 17 234
748 19 233
746 21 233
746 19 235
748 16 236
751 15 234
751 13 236
753 10 237
759 10 231
761 9 230
760 10 230
763 10 227
766 11 223
775 11 214
779 7 214
780 7 213
781 7 212
784 7 209
787 5 208
791 4 205
792 3 205
797 1 202
800 0 200
802 0 198
802 1 197
806 1 193
812 0 188
817 0 183
821 1 178
823 2 175
824 1 175
826 1 173
829 1 170
830 0 170
833 0 167
837 0 163
838 0 162
841 0 159
842 0 158
843 1 156
845 1 154
846 0 154
848 0 152
851 1 148
852 2 146
854 1 145
860 1 139
861 1 138
864 2 134
864 3 133
866 3 131
866 4 130
868 3 129
869 3 128
870 2 128
870 4 126
874 4 122
874 3 123
875 4 121
876 7 117
872 10 118
870 11 119
868 11 121
873 10 117
873 12 115
873 15 112
870 18 112
868 17 115
864 19 117
859 23 118
858 25 117
856 26 118
845 30 125
842 26 132
836 33 131
828 42 130
821 43 136
813 45 142
803 51 146
791 55 154
786 50 164
777 50 173
765 52 183
749 57 194
739 60 201
732 65 203
725 64 211
721 62 217
715 62 223
716 58 226
707 61 232
701 63 236
691 68 241
691 65 244
680 64 256
673 63 264
663 66 271
662 65 273
657 64 279
656 60 284
648 61 291
643 62 295
643 58 299
640 58 302
635 62 303
636 54 310
637 54 309
633 52 315
632 55 313
634 48 318
635 44 321
632 39 329
629 42 329
631 39 330
632 38 330
631 40 329
631 40 329
626 46 328
622 50 328
621 51 328
616 50 334
618 43 339
615 40 345
613 42 345
617 38 345
622 32 346
623 31 346
616 35 349
615 30 355
612 30 358
619 28 353
620 28 352
624 27 349
625 27 348
629 24 347
628 22 350
629 18 353
633 17 350
638 14 348
643 12 345
645 11 344
650 11 339
654 10 336
659 10 331
666 10 324
672 9 319
673 12 315
672 14 314
676 11 313
682 11 307
681 13 306
677 16 307
672 23 305
671 28 301
665 37 298
663 45 292
658 46 296
659 47 294
652 55 293
646 60 294
639 60 301
631 67 302
622 72 306
617 69 314
615 71 314
612 61 327
613 57 330
613 51 336
617 45 338
619 45 336
618 36 346
620 35 345
619 35 346
622 31 347
622 27 351
626 27 347
631 22 347
635 23 342
640 24 336
638 22 340
640 20 340
640 20 340
648 18 334
652 17 331
653 18 329
657 16 327
660 18 322
662 14 324
668 16 316
670 15 315
673 16 311
672 19 309
677 18 305
686 18 296
688 17 295
695 12 293
697 11 292
697 10 293
700 13 287
698 17 285
697 18 285
702 21 277
699 24 277
698 31 271
690 38 272
691 37 272
691 40 269
687 41 272
684 42 274
678 42 280
679 38 283
680 36 284
681 33 286
680 30 290
678 31 291
671 36 293
669 40 291
672 37 291
674 35 291
670 37 293
664 40 296
661 34 305
659 36 305
659 34 307
655 38 307
654 41 305
653 43 304
651 45 304
649 44 307
646 47 307
647 44 309
644 44 312
641 38 321
634 39 327
630 49 321
630 48 322
634 46 320
632 47 321
628 47 325
624 46 330
626 46 328
621 43 336
613 49 338
606 46 348
605 48 347
593 56 351
589 57 354
580 61 359
577 60 363
578 59 363
578 54 368
585 47 368
592 35 373
590 32 378
593 30 377
597 27 376
600 24 376
602 22 376
607 22 371
614 18 368
618 17 365
623 17 360
625 17 358
627 21 352
631 21 348
636 16 348
634 18 348
638 17 345
642 16 342
647 12 341
651 12 337
653 12 335
652 12 336
651 15 334
652 14 334
654 15 331
653 15 332
653 17 330
656 17 327
660 18 322
661 19 320
663 20 317
663 19 318
664 16 320
664 15 321
664 16 320
667 15 318
672 9 319
675 6 319
676 9 315
679 6 315
680 8 312
687 8 305
691 7 302
694 7 299
697 8 295
704 7 289
706 3 291
710 2 288
712 2 286
714 2 284
716 2 282
719 2 279
722 2 276
727 2 271
733 2 265
730 6 264
733 4 263
738 5 257
741 5 254
746 5 249
749 4 247
751 5 244
754 5 241
751 10 239
752 14 234
751 18 231
751 21 228
749 22 229
749 27 224
749 24 227
745 29 226
753 25 222
752 24 224
752 22 226
754 23 223
754 19 227
757 18 225
762 17 221
767 17 216
768 18 214
770 17 213
777 15 208
778 15 207
782 14 204
782 15 203
784 17 199
785 17 198
785 18 197
784 22 194
787 21 192
790 22 188
787 24 189
785 27 188
775 36 189
761 43 196
757 47 196
751 47 202
744 52 204
738 57 205
725 71 204
708 80 212
690 88 222
678 89 233
660 102 238
651 97 252
646 90 264
633 92 275
628 87 285
618 83 299
617 82 301
609 79 312
607 75 318
605 71 324
602 66 332
596 67 337
592 67 341
586 71 343
585 71 344
586 69 345
585 60 355
589 61 350
593 55 352
596 51 353
596 48 356
592 46 362
594 47 359
591 48 361
586 50 364
592 43 365
595 35 370
601 33 366
595 35 370
598 30 372
598 27 375
597 29 374
598 26 376
604 28 368
605 30 365
609 32 359
615 30 355
620 26 354
627 23 350
631 19 350
637 16 347
642 12 346
649 10 341
653 11 336
660 10 330
662 11 327
667 14 319
666 17 317
665 20 315
671 18 311
673 17 310
668 20 312
673 16 311
678 17 305
687 18 295
689 18 293
693 18 289
696 18 286
691 26 283
693 26 281
692 28 280
689 33 278
692 32 276
690 31 279
693 32 275
691 30 279
689 31 280
682 34 284
676 39 285
680 34 286
679 32 289
685 27 288
686 24 290
687 26 287
687 28 285
682 31 287
691 28 281
689 28 283
689 28 283
687 33 280
691 32 277
693 32 275
690 35 275
687 39 274
684 42 274
681 42 277
680 38 282
682 36 282
682 32 286
680 29 291
679 27 294
677 25 298
677 22 301
684 17 299
691 16 293
699 15 286
700 15 285
704 16 280
704 16 280
706 18 276
706 18 276
706 15 279
703 18 279
708 20 272
708 22 270
711 22 267
714 17 269
716 16 268
718 14 268
718 14 268
719 15 266
724 15 261
723 16 261
722 18 260
721 21 258
722 22 256
720 21 259
720 19 261
720 20 260
723 18 259
727 18 255
727 19 254
724 20 256
726 21 253
727 20 253
729 17 254
732 16 252
735 18 247
732 19 249
732 23 245
731 26 243
731 25 244
736 21 243
732 24 244
735 23 242
731 23 246
725 25 250
726 25 249
722 27 251
717 35 248
714 39 247
709 43 248
704 46 250
701 51 248
696 59 245
688 61 251
681 61 258
676 59 265
669 62 269
661 58 281
662 54 284
659 55 286
656 56 288
651 53 296
653 52 295
655 53 292
656 48 296
656 48 296
649 54 297
649 47 304
652 40 308
649 36 315
648 30 322
653 28 319
654 29 317
