995 5 0
992 6 2
991 6 3
988 8 4
985 12 3
979 16 5
972 19 9
958 29 13
949 31 20
944 26 30
939 30 31
925 38 37
909 50 41
894 56 50
881 60 59
866 67 67
854 73 73
829 87 84
806 102 92
781 106 113
750 127 123
735 130 135
716 128 156
694 132 174
685 125 190
666 126 208
659 123 218
641 124 235
617 139 244
600 138 262
598 126 276
579 123 298
570 117 313
565 111 324
563 109 328
559 104 337
554 97 349
545 98 357
526 105 369
527 96 377
526 97 377
517 91 392
509 91 400
503 87 410
499 83 418
491 86 423
488 83 429
485 81 434
482 83 435
479 75 446
484 70 446
491 61 448
496 57 447
495 50 455
497 45 458
500 42 458
509 42 449
508 40 452
511 38 451
514 32 454
519 31 450
521 31 448
523 28 449
533 28 439
540 24 436
542 25 433
543 23 434
545 21 434
551 18 431
555 16 429
558 12 430
569 9 422
575 9 416
582 7 411
590 5 405
596 6 398
599 6 395
606 6 388
606 7 387
613 8 379
618 8 374
622 6 372
625 9 366
631 9 360
635 8 357
639 8 353
641 10 349
647 9 344
653 8 339
658 7 335
661 8 331
664 8 328
667 9 324
668 8 324
671 8 321
671 9 320
670 10 320
674 8 318
678 7 315
677 8 315
678 10 312
681 10 309
684 13 303
687 13 300
684 14 302
685 15 300
686 18 296
691 18 291
693 15 292
695 14 291
693 15 292
692 21 287
693 27 280
693 29 278
689 35 276
690 35 275
688 39 273
678 51 271
671 48 281
664 53 283
656 55 289
646 59 295
644 60 296
642 55 303
638 51 311
639 49 312
638 48 314
636 49 315
634 42 324
637 43 320
638 42 320
643 38 319
642 37 321
648 28 324
650 23 327
649 24 327
654 22 324
663 20 317
666 17 317
674 17 309
678 15 307
681 11 308
685 9 306
689 8 303
693 5 302
697 3 300
708 2 290
717 1 282
720 1 279
724 1 275
729 2 269
732 4 264
737 3 260
747 3 250
750 3 247
753 3 244
756 3 241
757 3 240
758 2 240
759 5 236
761 5 234
764 6 230
769 5 226
775 4 221
783 3 214
787 1 212
787 1 212
792 1 207
793 1 206
794 1 205
796 1 203
800 1 199
806 1 193
807 1 192
807 1 192
811 1 188
812 1 187
817 1 182
820 2 178
821 3 176
822 3 175
822 2 176
829 2 169
830 3 167
832 4 164
834 5 161
834 9 157
831 9 160
830 10 160
828 12 160
828 12 160
827 13 160
829 12 159
832 8 160
834 9 157
834 8 158
835 9 156
837 8 155
836 8 156
836 7 157
838 6 156
839 5 156
838 5 157
841 4 155
838 5 157
836 6 158
836 7 157
834 10 156
829 16 155
825 19 156
821 24 155
815 28 157
814 26 160
813 25 162
807 27 166
807 26 167
805 27 168
800 23 177
793 28 179
791 28 181
791 23 186
793 23 184
788 24 188
791 25 184
788 24 188
785 24 191
781 26 193
781 22 197
775 24 201
773 19 208
772 22 206
767 29 204
752 38 210
743 46 211
738 47 215
726 58 216
722 63 215
712 68 220
708 71 221
698 76 226
690 78 232
682 78 240
671 71 258
668 68 264
662 73 265
653 76 271
645 81 274
636 84 280
642 65 293
637 64 299
632 68 300
628 66 306
619 70 311
613 71 316
611 69 320
604 74 322
597 66 337
596 59 345
596 64 340
594 57 349
588 59 353
584 56 360
586 48 366
588 41 371
586 44 370
590 39 371
586 41 373
587 44 369
589 41 370
590 41 369
586 43 371
582 40 378
581 40 379
573 45 382
571 39 390
568 38 394
573 40 387
572 41 387
575 39 386
580 36 384
583 29 388
581 22 397
583 27 390
592 26 382
595 25 380
601 22 377
610 21 369
621 22 357
621 23 356
624 21 355
626 20 354
629 19 352
632 16 352
637 15 348
640 12 348
644 11 345
653 8 339
660 8 332
665 9 326
666 7 327
670 6 324
675 5 320
681 6 313
683 6 311
688 4 308
691 3 306
695 3 302
698 3 299
707 2 291
710 2 288
713 1 286
717 1 282
723 1 276
729 1 270
730 1 269
735 1 264
743 0 257
744 1 255
747 1 252
751 1 248
756 1 243
760 1 239
763 0 237
765 0 235
773 0 227
783 0 217
785 0 215
785 0 215
789 0 211
796 0 204
798 0 202
803 0 197
806 0 194
808 0 192
814 0 186
815 0 185
819 0 181
820 0 180
822 1 177
824 0 176
825 0 175
830 0 170
831 0 169
834 0 166
837 0 163
840 0 160
843 0 157
844 0 156
851 0 149
852 0 148
854 0 146
857 0 143
859 0 141
862 0 138
869 0 131
874 0 126
876 0 124
879 0 121
882 0 118
884 0 116
885 0 115
886 0 114
887 0 113
890 0 110
891 0 109
894 0 106
896 0 104
898 0 102
899 0 101
900 0 100
904 0 96
905 0 95
906 0 94
907 0 93
912 0 88
916 0 84
918 0 82
919 0 81
919 0 81
921 0 79
921 0 79
923 0 77
926 0 74
927 0 73
927 0 73
927 0 73
928 0 72
929 0 71
930 0 70
931 0 69
931 0 69
933 0 67
935 0 65
935 0 65
937 0 63
937 0 63
938 0 62
938 0 62
939 0 61
941 0 59
942 0 58
943 0 57
943 0 57
946 0 54
946 0 54
948 0 52
951 0 49
951 0 49
954 0 46
954 0 46
956 0 44
957 0 43
958 0 42
959 0 41
960 0 40
962 0 38
962 0 38
963 0 37
963 0 37
963 0 37
963 0 37
964 0 36
964 0 36
965 0 35
965 0 35
965 0 35
965 0 35
965 0 35
966 0 34
966 0 34
966 0 34
966 0 34
966 0 34
966 0 34
967 0 33
969 0 31
970 0 30
970 0 30
971 0 29
972 0 28
973 0 27
973 0 27
974 0 26
976 0 24
976 0 24
977 0 23
977 0 23
977 0 23
977 0 23
977 0 23
978 0 22
978 0 22
978 0 22
978 0 22
978 0 22
978 0 22
978 0 22
979 0 21
979 0 21
979 0 21
979 0 21
979 0 21
979 0 21
979 0 21
979 0 21
979 0 21
980 0 20
980 0 20
980 0 20
981 0 19
981 0 19
982 0 18
983 0 17
983 0 17
983 0 17
983 0 17
983 0 17
983 0 17
983 0 17
984 0 16
984 0 16
984 0 16
985 0 15
986 0 14
986 0 14
986 0 14
986 0 14
986 0 14
986 0 14
986 0 14
986 0 14
986 0 14
987 0 13
988 0 12
988 0 12
988 0 12
989 0 11
989 0 11
990 0 10
990 0 10
990 0 10
990 0 10
991 0 9
991 0 9
991 0 9
991 0 9
991 0 9
991 0 9
992 0 8
992 0 8
992 0 8
992 0 8
992 0 8
993 0 7
994 0 6
994 0 6
994 0 6
994 0 6
995 0 5
995 0 5
996 0 4
996 0 4
996 0 4
996 0 4
996 0 4
996 0 4
996 0 4
996 0 4
996 0 4
996 0 4
996 0 4
996 0 4
996 0 4
996 0 4
996 0 4
996 0 4
996 0 4
996 0 4
996 0 4
997 0 3
997 0 3
997 0 3
997 0 3
997 0 3
997 0 3
997 0 3
997 0 3
997 0 3
997 0 3
997 0 3
997 0 3
997 0 3
997 0 3
997 0 3
997 0 3
997 0 3
997 0 3
997 0 3
997 0 3
997 0 3
997 0 3
997 0 3
997 0 3
998 0 2
998 0 2
998 0 2
998 0 2
998 0 2
998 0 2
998 0 2
998 0 2
998 0 2
998 0 2
998 0 2
998 0 2
998 0 2
998 0 2
998 0 2
998 0 2
998 0 2
998 0 2
998 0 2
998 0 2
998 0 2
998 0 2
998 0 2
998 0 2
998 0 2
998 0 2
998 0 2
998 0 2
999 0 1
999 0 1
999 0 1
999 0 1
999 0 1
999 0 1
999 0 1
999 0 1
999 0 1
999 0 1
999 0 1
999 0 1
999 0 1
999 0 1
999 0 1
999 0 1
1000 0 0
1000 0 0
1000 0 0
1000 0 0
1000 0 0
1000 0 0
1000 0 0
1000 0 0
1000 0 0
1000 0 0
1000 0 0
1000 0 0
1000 0 0
1000 0 0
1000 0 0
1000 0 0
1000 0 0
1000 0 0
1000 0 0
1000 0 0
1000 0 0
1000 0 0
1000 0 0
1000 0 0
1000 0 0
1000 0 0
1000 0 0
1000 0 0
1000 0 0
1000 0 0
1000 0 0
1000 0 0
1000 0 0
1000 0 0
1000 0 0
1000 0 0
1000 0 0
1000 0 0
1000 0 0
1000 0 0
1000 0 0
1000 0 0
1000 0 0
1000 0 0
1000 0 0
1000 0 0
1000 0 0
1000 0 0
1000 0 0
1000 0 0
1000 0 0
1000 0 0
1000 0 0
1000 0 0
1000 0 0
1000 0 0
1000 0 0
1000 0 0
1000 0 0
1000 0 0
1000 0 0
1000 0 0
1000 0 0
1000 0 0
1000 0 0
1000 0 0
1000 0 0
1000 0 0
1000 0 0
1000 0 0
1000 0 0
1000 0 0
1000 0 0
1000 0 0
1000 0 0
1000 0 0
1000 0 0
1000 0 0
1000 0 0
1000 0 0
1000 0 0
1000 0 0
1000 0 0
1000 0 0
1000 0 0
1000 0 0
1000 0 0
1000 0 0
1000 0 0
1000 0 0
1000 0 0
1000 0 0
1000 0 0
1000 0 0
1000 0 0
1000 0 0
1000 0 0
1000 0 0
1000 0 0
1000 0 0
1000 0 0
1000 0 0
1000 0 0
1000 0 0
1000 0 0
1000 0 0
1000 0 0
1000 0 0
1000 0 0
1000 0 0
1000 0 0
1000 0 0
1000 0 0
1000 0 0
1000 0 0
1000 0 0
1000 0 0
1000 0 0
1000 0 0
1000 0 0
1000 0 0
1000 0 0
1000 0 0
1000 0 0
1000 0 0
1000 0 0
1000 0 0
1000 0 0
1000 0 0
1000 0 0
1000 0 0
1000 0 0
1000 0 0
1000 0 0
1000 0 0
1000 0 0
1000 0 0
1000 0 0
1000 0 0
1000 0 0
1000 0 0
1000 0 0
1000 0 0
1000 0 0
1000 0 0
1000 0 0
1000 0 0
1000 0 0
1000 0 0
1000 0 0
1000 0 0
1000 0 0
1000 0 0
1000 0 0
1000 0 0
1000 0 0
1000 0 0
1000 0 0
1000 0 0
1000 0 0
1000 0 0
1000 0 0
1000 0 0
1000 0 0
1000 0 0
1000 0 0
1000 0 0
1000 0 0
1000 0 0
1000 0 0
1000 0 0
1000 0 0
1000 0 0
1000 0 0
1000 0 0
1000 0 0
1000 0 0
1000 0 0
1000 0 0
1000 0 0
1000 0 0
1000 0 0
1000 0 0
1000 0 0
1000 0 0
1000 0 0
1000 0 0
1000 0 0
1000 0 0
1000 0 0
1000 0 0
1000 0 0
1000 0 0
1000 0 0
1000 0 0
1000 0 0
1000 0 0
1000 0 0
1000 0 0
1000 0 0
1000 0 0
1000 0 0
1000 0 0
1000 0 0
1000 0 0
1000 0 0
1000 0 0
1000 0 0
1000 0 0
1000 0 0
1000 0 0
1000 0 0
1000 0 0
1000 0 0
1000 0 0
1000 0 0
1000 0 0
1000 0 0
1000 0 0
1000 0 0
1000 0 0
1000 0 0
1000 0 0
1000 0 0
1000 0 0
1000 0 0
1000 0 0
1000 0 0
1000 0 0
1000 0 0
1000 0 0
1000 0 0
1000 0 0
1000 0 0
1000 0 0
1000 0 0
1000 0 0
1000 0 0
1000 0 0
1000 0 0
1000 0 0
1000 0 0
1000 0 0
1000 0 0
1000 0 0
1000 0 0
1000 0 0
1000 0 0
1000 0 0
1000 0 0
1000 0 0
1000 0 0
1000 0 0
1000 0 0
1000 0 0
1000 0 0
1000 0 0
1000 0 0
1000 0 0
1000 0 0
1000 0 0
1000 0 0
1000 0 0
1000 0 0
1000 0 0
1000 0 0
1000 0 0
1000 0 0
1000 0 0
1000 0 0
1000 0 0
1000 0 0
1000 0 0
1000 0 0
1000 0 0
1000 0 0
1000 0 0
1000 0 0
1000 0 0
1000 0 0
1000 0 0
1000 0 0
1000 0 0
1000 0 0
1000 0 0
1000 0 0
1000 0 0
1000 0 0
1000 0 0
1000 0 0
1000 0 0
1000 0 0
1000 0 0
1000 0 0
1000 0 0
1000 0 0
1000 0 0
1000 0 0
1000 0 0
1000 0 0
1000 0 0
1000 0 0
1000 0 0
1000 0 0
1000 0 0
1000 0 0
1000 0 0
1000 0 0
1000 0 0
1000 0 0
1000 0 0
1000 0 0
1000 0 0
1000 0 0
1000 0 0
1000 0 0
1000 0 0
1000 0 0
1000 0 0
1000 0 0
1000 0 0
1000 0 0
1000 0 0
1000 0 0
1000 0 0
1000 0 0
1000 0 0
1000 0 0
1000 0 0
1000 0 0
1000 0 0
1000 0 0
1000 0 0
1000 0 0
1000 0 0
1000 0 0
1000 0 0
1000 0 0
1000 0 0
1000 0 0
1000 0 0
1000 0 0
1000 0 0
1000 0 0
1000 0 0
1000 0 0
1000 0 0
1000 0 0
1000 0 0
1000 0 0
1000 0 0
1000 0 0
1000 0 0
1000 0 0
1000 0 0
1000 0 0
1000 0 0
1000 0 0
1000 0 0
1000 0 0
1000 0 0
1000 0 0
1000 0 0
1000 0 0
1000 0 0
1000 0 0
1000 0 0
1000 0 0
1000 0 0
1000 0 0
1000 0 0
1000 0 0
1000 0 0
1000 0 0
1000 0 0
1000 0 0
1000 0 0
1000 0 0
1000 0 0
1000 0 0
1000 0 0
1000 0 0
1000 0 0
1000 0 0
1000 0 0
1000 0 0
1000 0 0
1000 0 0
1000 0 0
1000 0 0
1000 0 0
1000 0 0
1000 0 0
1000 0 0
