1000 0 0
1000 0 0
1000 0 0
1000 0 0
1000 0 0
1000 0 0
997 3 0
997 2 1
995 2 3
993 4 3
991 6 3
985 11 4
982 14 4
977 18 5
969 23 8
966 23 11
955 31 14
945 37 18
936 40 24
923 42 35
914 42 44
904 40 56
896 41 63
885 43 72
879 44 77
868 51 81
858 59 83
843 66 91
835 64 101
820 75 105
812 76 112
784 93 123
773 95 132
764 92 144
742 103 155
730 104 166
718 112 170
699 118 183
687 117 196
667 119 214
657 118 225
643 122 235
631 117 252
622 112 266
607 119 274
595 118 287
580 119 301
576 105 319
565 108 327
563 95 342
565 90 345
563 90 347
552 92 356
551 84 365
544 85 371
542 79 379
548 73 379
543 74 383
543 71 386
540 64 396
542 59 399
545 57 398
534 62 404
535 58 407
539 55 406
544 50 406
546 49 405
542 49 409
544 46 410
551 44 405
548 42 410
550 44 406
549 43 408
552 37 411
556 33 411
563 31 406
576 28 396
580 26 394
581 29 390
584 28 388
589 30 381
594 29 377
595 32 373
593 33 374
594 23 383
599 19 382
605 19 376
607 21 372
613 20 367
614 23 363
618 20 362
621 18 361
628 13 359
635 13 352
640 15 345
644 13 343
648 12 340
649 10 341
652 11 337
652 12 336
650 19 331
655 19 326
658 18 324
661 17 322
667 15 318
670 17 313
677 14 309
679 11 310
679 9 312
684 7 309
691 5 304
694 4 302
701 4 295
703 5 292
704 4 292
711 3 286
714 1 285
721 1 278
721 2 277
727 1 272
733 2 265
741 2 257
743 3 254
742 6 252
746 5 249
749 5 246
756 4 240
762 3 235
766 4 230
767 5 228
772 3 225
773 3 224
777 2 221
781 4 215
786 4 210
786 6 208
790 6 204
793 4 203
793 5 202
793 6 201
793 8 199
799 8 193
802 10 188
802 9 189
804 8 188
807 8 185
807 10 183
809 10 181
807 9 184
807 11 182
811 12 177
815 13 172
819 9 172
822 10 168
823 11 166
823 12 165
825 12 163
825 13 162
824 12 164
825 14 161
821 19 160
818 21 161
818 19 163
815 22 163
815 24 161
817 23 160
817 21 162
817 22 161
817 24 159
815 22 163
816 18 166
813 20 167
808 20 172
810 25 165
810 23 167
811 23 166
806 26 168
805 27 168
805 26 169
798 32 170
794 35 171
791 34 175
787 32 181
785 29 186
782 30 188
784 27 189
782 28 190
783 26 191
785 23 192
786 21 193
784 21 195
779 24 197
780 19 201
785 17 198
782 17 201
782 17 201
782 18 200
783 19 198
783 19 198
787 17 196
788 17 195
788 12 200
790 13 197
791 15 194
790 15 195
791 15 194
792 16 192
795 18 187
793 20 187
796 18 186
795 17 188
792 18 190
788 18 194
790 17 193
790 18 192
787 21 192
784 24 192
784 21 195
789 19 192
786 21 193
788 17 195
788 17 195
787 16 197
792 12 196
792 12 196
791 13 196
790 13 197
790 14 196
785 17 198
786 15 199
788 16 196
787 19 194
780 27 193
774 32 194
771 34 195
767 34 199
770 31 199
767 34 199
762 35 203
757 37 206
750 40 210
738 47 215
736 43 221
733 41 226
730 40 230
729 33 238
726 39 235
723 42 235
719 40 241
716 41 243
711 46 243
709 47 244
705 51 244
694 56 250
683 61 256
678 62 260
675 58 267
670 61 269
669 62 269
668 63 269
668 57 275
669 55 276
660 53 287
657 55 288
650 55 295
639 64 297
629 67 304
619 67 314
615 64 321
616 63 321
619 61 320
618 60 322
617 58 325
613 59 328
608 54 338
612 51 337
609 46 345
609 40 351
614 38 348
614 37 349
609 40 351
605 46 349
601 51 348
597 49 354
599 45 356
599 44 357
606 39 355
610 36 354
611 37 352
615 36 349
617 36 347
621 28 351
626 29 345
633 27 340
634 30 336
634 29 337
639 30 331
641 28 331
646 25 329
652 23 325
654 22 324
660 24 316
664 23 313
672 24 304
673 17 310
676 17 307
682 18 300
689 16 295
695 14 291
698 13 289
705 13 282
708 13 279
712 12 276
714 11 275
718 13 269
725 12 263
724 13 263
727 14 259
731 13 256
731 13 256
731 12 257
734 11 255
735 11 254
737 11 252
739 11 250
743 9 248
748 6 246
750 6 244
753 6 241
758 5 237
761 6 233
766 6 228
769 4 227
773 4 223
779 4 217
781 5 214
785 4 211
787 5 208
787 6 207
791 7 202
791 6 203
794 5 201
794 5 201
794 3 203
794 3 203
795 3 202
798 2 200
804 0 196
809 0 191
811 0 189
813 0 187
816 0 184
818 0 182
821 0 179
824 0 176
829 0 171
833 0 167
835 0 165
842 0 158
846 0 154
850 0 150
851 0 149
853 0 147
858 0 142
860 0 140
862 0 138
866 0 134
870 0 130
872 0 128
875 0 125
877 0 123
877 0 123
881 0 119
882 0 118
884 0 116
885 0 115
886 0 114
888 0 112
889 0 111
889 0 111
889 0 111
891 0 109
891 0 109
893 0 107
895 0 105
897 0 103
898 0 102
900 0 100
902 0 98
904 0 96
906 0 94
908 0 92
908 0 92
909 0 91
909 0 91
911 0 89
912 0 88
916 0 84
918 0 82
919 0 81
919 0 81
921 0 79
923 0 77
924 0 76
926 0 74
927 0 73
928 0 72
928 0 72
928 0 72
929 0 71
931 0 69
933 0 67
934 0 66
935 0 65
936 0 64
937 0 63
937 0 63
937 0 63
938 0 62
939 0 61
941 0 59
941 0 59
941 0 59
942 0 58
942 0 58
942 0 58
942 0 58
942 0 58
944 0 56
945 0 55
946 0 54
946 0 54
946 0 54
946 0 54
946 0 54
946 0 54
947 0 53
947 0 53
947 0 53
948 0 52
948 0 52
948 0 52
949 0 51
949 0 51
952 0 48
952 0 48
953 0 47
953 0 47
953 0 47
954 0 46
956 0 44
957 0 43
957 0 43
958 0 42
958 0 42
960 0 40
960 0 40
961 0 39
961 0 39
962 0 38
962 0 38
962 0 38
962 0 38
962 0 38
962 0 38
963 0 37
963 0 37
963 0 37
963 0 37
963 0 37
963 0 37
964 0 36
964 0 36
964 0 36
964 0 36
965 0 35
965 0 35
967 0 33
968 0 32
968 0 32
968 0 32
970 0 30
970 0 30
971 0 29
972 0 28
972 0 28
972 0 28
972 0 28
973 0 27
974 0 26
974 0 26
974 0 26
975 0 25
977 0 23
977 0 23
977 0 23
977 0 23
978 0 22
978 0 22
978 0 22
978 0 22
979 0 21
980 0 20
980 0 20
980 0 20
980 0 20
980 0 20
980 0 20
981 0 19
981 0 19
981 0 19
981 0 19
981 0 19
981 0 19
981 0 19
981 0 19
981 0 19
982 0 18
982 0 18
982 0 18
982 0 18
982 0 18
982 0 18
982 0 18
982 0 18
982 0 18
982 0 18
982 0 18
983 0 17
983 0 17
983 0 17
983 0 17
983 0 17
983 0 17
984 0 16
984 0 16
984 0 16
984 0 16
985 0 15
985 0 15
985 0 15
985 0 15
985 0 15
985 0 15
985 0 15
985 0 15
985 0 15
987 0 13
987 0 13
987 0 13
987 0 13
987 0 13
987 0 13
987 0 13
987 0 13
988 0 12
988 0 12
988 0 12
988 0 12
988 0 12
988 0 12
988 0 12
988 0 12
988 0 12
988 0 12
989 0 11
989 0 11
989 0 11
989 0 11
989 0 11
989 0 11
990 0 10
990 0 10
990 0 10
990 0 10
990 0 10
990 0 10
990 0 10
990 0 10
990 0 10
990 0 10
990 0 10
990 0 10
990 0 10
990 0 10
990 0 10
990 0 10
990 0 10
990 0 10
990 0 10
990 0 10
990 0 10
990 0 10
990 0 10
990 0 10
990 0 10
990 0 10
990 0 10
990 0 10
990 0 10
990 0 10
990 0 10
990 0 10
990 0 10
990 0 10
990 0 10
990 0 10
991 0 9
991 0 9
991 0 9
991 0 9
991 0 9
992 0 8
992 0 8
992 0 8
992 0 8
992 0 8
992 0 8
992 0 8
992 0 8
992 0 8
992 0 8
992 0 8
992 0 8
992 0 8
992 0 8
992 0 8
992 0 8
992 0 8
992 0 8
992 0 8
992 0 8
992 0 8
992 0 8
992 0 8
992 0 8
993 0 7
994 0 6
994 0 6
994 0 6
994 0 6
994 0 6
994 0 6
994 0 6
994 0 6
994 0 6
994 0 6
994 0 6
994 0 6
994 0 6
994 0 6
995 0 5
995 0 5
995 0 5
995 0 5
996 0 4
996 0 4
996 0 4
996 0 4
996 0 4
997 0 3
997 0 3
997 0 3
997 0 3
997 0 3
997 0 3
997 0 3
997 0 3
997 0 3
997 0 3
997 0 3
997 0 3
997 0 3
997 0 3
997 0 3
997 0 3
997 0 3
997 0 3
997 0 3
997 0 3
997 0 3
997 0 3
997 0 3
997 0 3
997 0 3
997 0 3
997 0 3
997 0 3
997 0 3
997 0 3
997 0 3
997 0 3
997 0 3
997 0 3
997 0 3
997 0 3
997 0 3
997 0 3
997 0 3
997 0 3
997 0 3
997 0 3
997 0 3
997 0 3
997 0 3
997 0 3
997 0 3
997 0 3
997 0 3
997 0 3
997 0 3
997 0 3
997 0 3
997 0 3
997 0 3
997 0 3
997 0 3
997 0 3
997 0 3
997 0 3
997 0 3
997 0 3
997 0 3
997 0 3
997 0 3
997 0 3
997 0 3
997 0 3
997 0 3
997 0 3
997 0 3
997 0 3
997 0 3
997 0 3
997 0 3
997 0 3
997 0 3
997 0 3
997 0 3
997 0 3
997 0 3
997 0 3
997 0 3
997 0 3
997 0 3
997 0 3
997 0 3
997 0 3
997 0 3
997 0 3
997 0 3
997 0 3
997 0 3
997 0 3
997 0 3
997 0 3
997 0 3
997 0 3
997 0 3
997 0 3
997 0 3
997 0 3
997 0 3
997 0 3
998 0 2
998 0 2
998 0 2
998 0 2
999 0 1
999 0 1
999 0 1
999 0 1
999 0 1
999 0 1
999 0 1
999 0 1
999 0 1
999 0 1
999 0 1
999 0 1
999 0 1
999 0 1
999 0 1
999 0 1
999 0 1
999 0 1
999 0 1
999 0 1
999 0 1
999 0 1
999 0 1
999 0 1
999 0 1
999 0 1
999 0 1
999 0 1
999 0 1
999 0 1
999 0 1
999 0 1
999 0 1
999 0 1
999 0 1
999 0 1
999 0 1
999 0 1
999 0 1
999 0 1
999 0 1
999 0 1
999 0 1
999 0 1
999 0 1
999 0 1
999 0 1
999 0 1
999 0 1
999 0 1
999 0 1
999 0 1
999 0 1
999 0 1
999 0 1
999 0 1
999 0 1
999 0 1
999 0 1
999 0 1
999 0 1
999 0 1
999 0 1
999 0 1
999 0 1
999 0 1
999 0 1
999 0 1
999 0 1
999 0 1
999 0 1
999 0 1
999 0 1
999 0 1
999 0 1
999 0 1
999 0 1
999 0 1
999 0 1
999 0 1
999 0 1
999 0 1
999 0 1
1000 0 0
1000 0 0
1000 0 0
1000 0 0
1000 0 0
1000 0 0
1000 0 0
1000 0 0
1000 0 0
1000 0 0
1000 0 0
1000 0 0
1000 0 0
1000 0 0
1000 0 0
1000 0 0
1000 0 0
1000 0 0
1000 0 0
1000 0 0
1000 0 0
1000 0 0
1000 0 0
1000 0 0
1000 0 0
1000 0 0
1000 0 0
1000 0 0
1000 0 0
1000 0 0
1000 0 0
1000 0 0
1000 0 0
1000 0 0
1000 0 0
1000 0 0
1000 0 0
1000 0 0
1000 0 0
1000 0 0
1000 0 0
1000 0 0
1000 0 0
1000 0 0
1000 0 0
1000 0 0
1000 0 0
1000 0 0
1000 0 0
1000 0 0
1000 0 0
1000 0 0
1000 0 0
1000 0 0
1000 0 0
1000 0 0
1000 0 0
1000 0 0
1000 0 0
1000 0 0
1000 0 0
1000 0 0
1000 0 0
1000 0 0
1000 0 0
1000 0 0
1000 0 0
1000 0 0
1000 0 0
1000 0 0
1000 0 0
1000 0 0
1000 0 0
1000 0 0
1000 0 0
1000 0 0
1000 0 0
1000 0 0
1000 0 0
1000 0 0
1000 0 0
1000 0 0
1000 0 0
1000 0 0
1000 0 0
1000 0 0
1000 0 0
1000 0 0
1000 0 0
1000 0 0
1000 0 0
1000 0 0
1000 0 0
1000 0 0
1000 0 0
1000 0 0
1000 0 0
1000 0 0
1000 0 0
1000 0 0
1000 0 0
1000 0 0
1000 0 0
1000 0 0
1000 0 0
1000 0 0
1000 0 0
1000 0 0
1000 0 0
1000 0 0
1000 0 0
1000 0 0
1000 0 0
1000 0 0
1000 0 0
1000 0 0
1000 0 0
1000 0 0
1000 0 0
1000 0 0
1000 0 0
1000 0 0
1000 0 0
1000 0 0
1000 0 0
1000 0 0
1000 0 0
1000 0 0
1000 0 0
1000 0 0
1000 0 0
1000 0 0
1000 0 0
1000 0 0
1000 0 0
1000 0 0
1000 0 0
1000 0 0
1000 0 0
1000 0 0
1000 0 0
1000 0 0
1000 0 0
1000 0 0
1000 0 0
1000 0 0
1000 0 0
1000 0 0
1000 0 0
1000 0 0
