995 5 0
991 8 1
987 11 2
978 18 4
966 28 6
954 34 12
941 44 15
921 58 21
901 72 27
882 81 37
858 92 50
831 107 62
809 115 76
786 116 98
758 136 106
732 147 121
704 150 146
675 150 175
652 150 198
639 149 212
625 143 232
603 137 260
595 127 278
589 125 286
580 121 299
573 119 308
564 109 327
557 111 332
551 106 343
544 99 357
540 93 367
540 79 381
535 82 383
529 83 388
527 83 390
526 76 398
523 76 401
528 65 407
525 59 416
525 56 419
523 51 426
528 47 425
531 47 422
538 42 420
546 42 412
551 39 410
551 34 415
552 37 411
557 36 407
564 34 402
565 34 401
573 30 397
578 26 396
576 27 397
580 26 394
581 27 392
589 25 386
587 28 385
585 33 382
585 34 381
586 32 382
593 29 378
594 27 379
598 27 375
598 26 376
596 28 376
595 29 376
597 30 373
598 27 375
601 27 372
604 23 373
605 22 373
607 25 368
607 24 369
613 22 365
620 19 361
625 21 354
626 21 353
626 22 352
628 20 352
628 19 353
629 18 353
636 19 345
638 18 344
638 18 344
646 18 336
648 20 332
653 18 329
658 18 324
658 17 325
663 17 320
668 19 313
675 19 306
674 22 304
679 22 299
672 28 300
672 25 303
679 23 298
678 23 299
684 22 294
685 21 294
681 25 294
682 24 294
685 22 293
691 17 292
695 16 289
698 15 287
700 13 287
702 11 287
708 11 281
708 12 280
710 11 279
707 16 277
706 18 276
703 19 278
698 22 280
701 25 274
700 28 272
696 30 274
695 30 275
697 31 272
692 29 279
694 25 281
690 29 281
690 26 284
690 27 283
689 27 284
690 28 282
691 28 281
690 28 282
695 28 277
694 27 279
693 31 276
692 33 275
692 34 274
692 36 272
691 34 275
696 32 272
699 31 270
700 31 269
702 34 264
698 39 263
703 34 263
704 25 271
708 21 271
710 20 270
708 25 267
700 30 270
699 28 273
697 28 275
697 29 274
699 28 273
701 29 270
700 29 271
699 27 274
702 29 269
701 30 269
699 28 273
697 32 271
691 36 273
693 32 275
693 29 278
690 28 282
692 22 286
698 21 281
694 26 280
696 26 278
695 25 280
695 22 283
696 24 280
696 20 284
697 22 281
701 20 279
704 18 278
706 20 274
704 20 276
705 19 276
708 18 274
713 17 270
714 18 268
715 18 267
712 19 269
712 18 270
715 14 271
720 12 268
718 13 269
720 13 267
727 11 262
729 8 263
733 7 260
736 6 258
738 5 257
743 5 252
747 3 250
753 1 246
757 1 242
758 1 241
762 0 238
763 2 235
769 2 229
774 2 224
775 2 223
780 3 217
782 4 214
781 4 215
786 4 210
789 4 207
790 3 207
791 2 207
792 3 205
794 2 204
795 3 202
800 2 198
803 2 195
803 5 192
805 6 189
806 7 187
811 4 185
811 6 183
813 7 180
818 7 175
819 6 175
822 6 172
823 6 171
824 5 171
825 5 170
826 7 167
824 9 167
822 14 164
812 23 165
805 29 166
798 35 167
792 41 167
781 49 170
776 54 170
763 55 182
756 58 186
752 54 194
746 54 200
732 65 203
720 77 203
707 80 213
698 78 224
685 86 229
678 88 234
666 89 245
660 88 252
654 84 262
644 83 273
642 81 277
639 79 282
634 69 297
620 79 301
618 74 308
617 68 315
614 69 317
619 58 323
618 53 329
623 52 325
622 50 328
624 46 330
629 46 325
633 46 321
635 48 317
633 48 319
636 42 322
633 43 324
633 39 328
630 35 335
634 31 335
633 30 337
632 30 338
635 30 335
634 30 336
636 28 336
638 28 334
637 30 333
637 31 332
635 34 331
633 34 333
641 28 331
650 24 326
652 20 328
657 20 323
656 20 324
652 25 323
653 27 320
652 32 316
652 30 318
655 29 316
659 29 312
658 26 316
661 29 310
663 29 308
665 24 311
664 24 312
662 27 311
666 27 307
669 23 308
672 21 307
671 20 309
673 21 306
677 23 300
680 25 295
683 22 295
686 19 295
693 16 291
699 14 287
702 12 286
704 13 283
708 12 280
707 15 278
706 14 280
709 18 273
708 16 276
716 17 267
719 17 264
719 18 263
724 16 260
727 18 255
727 18 255
728 17 255
731 14 255
736 12 252
736 12 252
739 10 251
737 11 252
731 17 252
730 25 245
730 27 243
725 33 242
719 39 242
708 48 244
703 49 248
704 46 250
702 43 255
707 40 253
707 44 249
703 37 260
704 39 257
701 44 255
698 44 258
698 43 259
698 41 261
691 42 267
694 40 266
696 40 264
696 42 262
694 37 269
697 36 267
694 33 273
693 30 277
698 29 273
702 27 271
701 29 270
701 31 268
700 28 272
700 27 273
697 29 274
695 32 273
693 34 273
695 29 276
697 32 271
694 31 275
698 23 279
696 22 282
693 25 282
694 23 283
689 31 280
692 26 282
686 29 285
684 30 286
686 28 286
685 24 291
680 29 291
678 28 294
678 26 296
678 31 291
678 34 288
675 39 286
663 47 290
657 52 291
653 49 298
643 52 305
630 63 307
627 60 313
625 53 322
619 53 328
618 56 326
613 64 323
608 68 324
610 58 332
611 55 334
608 51 341
607 49 344
607 48 345
615 46 339
616 45 339
614 42 344
612 43 345
613 43 344
612 38 350
613 38 349
607 43 350
606 42 352
604 43 353
610 39 351
612 30 358
617 26 357
619 26 355
621 24 355
626 22 352
629 19 352
634 15 351
636 16 348
641 14 345
642 15 343
652 16 332
657 16 327
663 12 325
666 10 324
668 6 326
676 6 318
680 6 314
689 6 305
693 4 303
700 4 296
705 3 292
710 3 287
712 3 285
719 2 279
723 3 274
725 4 271
725 6 269
730 6 264
735 4 261
737 6 257
739 6 255
744 6 250
752 8 240
758 8 234
761 7 232
761 8 231
760 10 230
762 9 229
763 8 229
763 11 226
765 11 224
768 12 220
770 12 218
769 16 215
769 22 209
769 22 209
764 27 209
761 27 212
769 26 205
770 24 206
774 24 202
772 27 201
774 25 201
770 29 201
766 34 200
748 51 201
733 59 208
708 82 210
693 85 222
678 91 231
656 99 245
643 100 257
634 98 268
627 93 280
619 95 286
606 105 289
595 100 305
584 98 318
580 87 333
575 95 330
566 93 341
561 89 350
569 80 351
568 72 360
564 69 367
563 62 375
561 68 371
560 61 379
562 52 386
562 51 387
557 52 391
560 43 397
562 39 399
565 35 400
570 34 396
567 37 396
568 36 396
570 41 389
569 41 390
579 35 386
582 32 386
582 33 385
583 34 383
580 38 382
574 38 388
571 42 387
565 43 392
558 48 394
563 44 393
566 46 388
570 46 384
573 45 382
567 49 384
567 45 388
564 48 388
563 49 388
558 48 394
559 46 395
559 47 394
558 45 397
563 43 394
557 43 400
559 35 406
556 33 411
556 28 416
558 24 418
568 21 411
572 20 408
571 18 411
574 18 408
574 21 405
568 26 406
572 27 401
573 32 395
572 32 396
578 28 394
580 25 395
583 22 395
588 20 392
594 18 388
603 16 381
607 14 379
609 14 377
611 15 374
613 14 373
617 13 370
619 11 370
625 9 366
630 9 361
636 7 357
646 7 347
653 7 340
660 8 332
663 8 329
665 7 328
670 9 321
674 7 319
678 6 316
681 8 311
687 9 304
688 7 305
692 7 301
698 7 295
706 7 287
709 7 284
716 6 278
721 4 275
719 7 274
726 7 267
728 7 265
734 8 258
739 8 253
742 8 250
745 6 249
746 6 248
743 11 246
741 15 244
742 17 241
732 27 241
727 30 243
716 41 243
708 48 244
693 59 248
679 74 247
668 80 252
657 77 266
646 83 271
631 91 278
625 89 286
617 82 301
618 75 307
608 71 321
604 65 331
604 59 337
596 58 346
597 52 351
597 49 354
598 46 356
602 46 352
604 41 355
606 33 361
607 29 364
604 29 367
612 28 360
614 30 356
622 26 352
622 26 352
621 24 355
627 25 348
626 28 346
630 24 346
637 25 338
643 24 333
643 28 329
642 31 327
645 32 323
642 32 326
647 31 322
649 25 326
656 26 318
660 24 316
663 22 315
664 22 314
662 25 313
654 32 314
647 40 313
647 38 315
648 32 320
650 30 320
651 29 320
657 30 313
659 27 314
657 28 315
656 26 318
653 28 319
653 25 322
656 19 325
658 18 324
664 19 317
667 18 315
671 18 311
672 18 310
673 19 308
676 20 304
679 18 303
681 16 303
682 17 301
688 16 296
690 16 294
694 15 291
696 14 290
702 12 286
705 14 281
710 12 278
713 13 274
716 12 272
718 14 268
719 12 269
720 12 268
726 8 266
728 7 265
731 8 261
734 11 255
737 10 253
737 9 254
738 8 254
743 6 251
748 6 246
749 7 244
752 9 239
751 10 239
754 12 234
752 16 232
752 17 231
754 16 230
758 14 228
759 15 226
763 15 222
763 18 219
764 16 220
764 18 218
761 18 221
758 22 220
756 25 219
749 32 219
747 33 220
748 32 220
742 37 221
733 40 227
722 47 231
719 50 231
710 50 240
707 47 246
701 52 247
699 53 248
697 52 251
692 54 254
680 58 262
675 61 264
671 59 270
667 61 272
664 62 274
668 60 272
666 62 272
665 56 279
665 56 279
665 51 284
658 55 287
653 57 290
653 55 292
653 52 295
650 52 298
636 59 305
620 70 310
613 75 312
602 79 319
592 82 326
594 77 329
591 75 334
588 67 345
584 66 350
583 65 352
581 59 360
581 51 368
577 47 376
579 41 380
585 40 375
587 41 372
594 36 370
595 36 369
593 38 369
593 36 371
598 32 370
606 26 368
608 27 365
611 24 365
609 27 364
610 27 363
616 29 355
615 25 360
622 26 352
627 24 349
631 19 350
637 17 346
646 14 340
648 15 337
654 14 332
657 13 330
662 10 328
668 8 324
673 9 318
675 8 317
681 4 315
690 4 306
692 3 305
701 3 296
708 3 289
717 3 280
720 3 277
723 4 273
728 4 268
733 1 266
736 1 263
740 2 258
742 1 257
749 1 250
756 1 243
759 1 240
761 1 238
771 0 229
775 0 225
777 0 223
780 0 220
784 0 216
787 0 213
789 0 211
792 0 208
796 0 204
800 0 200
801 0 199
806 0 194
811 0 189
813 0 187
814 0 186
818 0 182
821 0 179
827 0 173
828 0 172
831 0 169
835 0 165
838 0 162
839 0 161
841 0 159
846 0 154
849 0 151
851 0 149
853 0 147
854 0 146
855 0 145
857 0 143
857 0 143
860 0 140
863 0 137
867 0 133
867 0 133
871 0 129
874 0 126
875 0 125
875 0 125
877 0 123
880 0 120
882 0 118
883 0 117
885 0 115
886 0 114
886 0 114
889 0 111
890 0 110
892 0 108
893 0 107
894 0 106
895 0 105
896 0 104
898 0 102
898 0 102
899 0 101
905 0 95
906 0 94
906 0 94
907 0 93
908 0 92
908 0 92
908 0 92
909 0 91
910 0 90
910 0 90
910 0 90
911 0 89
914 0 86
915 0 85
915 0 85
915 0 85
916 0 84
917 0 83
918 0 82
919 0 81
919 0 81
920 0 80
922 0 78
923 0 77
923 0 77
924 0 76
928 0 72
929 0 71
929 0 71
929 0 71
931 0 69
931 0 69
934 0 66
935 0 65
935 0 65
935 0 65
936 0 64
939 0 61
941 0 59
942 0 58
944 0 56
944 0 56
945 0 55
945 0 55
946 0 54
946 0 54
948 0 52
949 0 51
951 0 49
953 0 47
953 0 47
954 0 46
954 0 46
956 0 44
956 0 44
959 0 41
959 0 41
959 0 41
959 0 41
960 0 40
961 0 39
961 0 39
962 0 38
963 0 37
964 0 36
964 0 36
964 0 36
965 0 35
967 0 33
967 0 33
968 0 32
968 0 32
968 0 32
970 0 30
971 0 29
972 0 28
973 0 27
973 0 27
973 0 27
973 0 27
973 0 27
973 0 27
973 0 27
973 0 27
974 0 26
974 0 26
974 0 26
975 0 25
976 0 24
976 0 24
976 0 24
976 0 24
976 0 24
976 0 24
976 0 24
977 0 23
977 0 23
977 0 23
977 0 23
977 0 23
977 0 23
978 0 22
978 0 22
979 0 21
979 0 21
980 0 20
981 0 19
981 0 19
982 0 18
982 0 18
983 0 17
983 0 17
983 0 17
983 0 17
983 0 17
983 0 17
983 0 17
983 0 17
983 0 17
983 0 17
984 0 16
984 0 16
984 0 16
985 0 15
985 0 15
985 0 15
985 0 15
985 0 15
985 0 15
985 0 15
985 0 15
986 0 14
986 0 14
986 0 14
986 0 14
987 0 13
987 0 13
987 0 13
987 0 13
987 0 13
987 0 13
987 0 13
988 0 12
988 0 12
988 0 12
988 0 12
988 0 12
989 0 11
989 0 11
989 0 11
990 0 10
990 0 10
990 0 10
991 0 9
991 0 9
991 0 9
992 0 8
993 0 7
993 0 7
993 0 7
993 0 7
993 0 7
993 0 7
993 0 7
993 0 7
993 0 7
993 0 7
993 0 7
993 0 7
993 0 7
993 0 7
993 0 7
993 0 7
993 0 7
993 0 7
993 0 7
993 0 7
993 0 7
