1000 0 0
1000 0 0
1000 0 0
1000 0 0
1000 0 0
1000 0 0
1000 0 0
999 1 0
998 2 0
998 2 0
986 11 3
982 11 7
971 20 9
964 22 14
954 28 18
937 44 19
921 49 30
912 53 35
901 54 45
884 66 50
875 66 59
863 71 66
844 81 75
822 88 90
811 86 103
795 85 120
784 91 125
766 94 140
744 103 153
726 109 165
710 114 176
687 125 188
678 123 199
657 134 209
645 131 224
640 121 239
629 123 248
619 121 260
612 119 269
612 109 279
597 114 289
589 106 305
580 103 317
575 95 330
578 90 332
573 80 347
568 77 355
569 66 365
561 70 369
556 62 382
554 63 383
554 55 391
554 47 399
561 44 395
559 46 395
560 45 395
559 43 398
556 41 403
555 37 408
555 39 406
561 34 405
568 30 402
573 29 398
573 30 397
580 25 395
589 20 391
595 15 390
597 13 390
600 12 388
603 11 386
604 9 387
607 10 383
613 10 377
621 9 370
634 8 358
647 6 347
648 5 347
657 5 338
667 5 328
670 5 325
676 5 319
683 5 312
689 2 309
695 0 305
698 0 302
702 0 298
708 0 292
718 0 282
722 0 278
725 0 275
729 0 271
732 0 268
737 0 263
740 0 260
744 0 256
748 1 251
752 3 245
754 4 242
757 4 239
759 3 238
765 4 231
767 5 228
770 5 225
778 4 218
780 4 216
785 6 209
785 5 210
788 6 206
790 4 206
791 5 204
796 4 200
795 4 201
796 5 199
798 2 200
802 1 197
806 1 193
808 3 189
809 5 186
812 3 185
812 3 185
815 4 181
814 6 180
816 9 175
813 11 176
809 13 178
809 12 179
809 14 177
806 13 181
804 19 177
803 18 179
805 18 177
805 17 178
808 15 177
807 18 175
807 17 176
806 16 178
806 18 176
805 18 177
805 20 175
802 21 177
803 19 178
802 21 177
802 21 177
803 21 176
801 23 176
798 25 177
794 28 178
792 31 177
785 31 184
782 33 185
777 35 188
774 36 190
771 41 188
761 46 193
758 42 200
750 46 204
748 45 207
746 45 209
742 46 212
737 48 215
733 46 221
738 42 220
737 40 223
732 42 226
727 40 233
720 41 239
718 44 238
713 39 248
707 41 252
704 43 253
698 43 259
689 45 266
684 48 268
684 49 267
685 45 270
685 44 271
681 44 275
679 40 281
679 41 280
673 43 284
672 48 280
668 52 280
666 42 292
665 41 294
667 35 298
670 36 294
670 34 296
670 33 297
667 30 303
670 31 299
673 31 296
677 32 291
678 30 292
680 29 291
683 29 288
688 25 287
688 26 286
690 25 285
694 26 280
702 23 275
699 22 279
704 22 274
702 25 273
702 24 274
699 24 277
704 22 274
712 19 269
713 18 269
717 15 268
717 16 267
722 14 264
723 13 264
719 18 263
721 18 261
723 20 257
724 23 253
721 28 251
719 29 252
716 31 253
711 39 250
712 35 253
712 35 253
710 37 253
708 36 256
706 32 262
707 31 262
705 32 263
708 30 262
701 34 265
702 35 263
700 34 266
701 33 266
700 35 265
704 29 267
702 31 267
701 31 268
703 30 267
704 30 266
704 30 266
704 29 267
706 28 266
710 26 264
712 20 268
710 19 271
711 23 266
707 28 265
704 32 264
708 32 260
705 34 261
698 38 264
695 40 265
690 46 264
688 45 267
689 43 268
686 42 272
682 44 274
676 43 281
674 36 290
677 34 289
677 33 290
678 31 291
682 30 288
680 27 293
682 27 291
689 26 285
687 27 286
687 29 284
688 22 290
694 19 287
696 18 286
701 21 278
695 23 282
695 22 283
702 19 279
705 15 280
707 16 277
707 15 278
711 14 275
714 13 273
720 11 269
719 12 269
723 11 266
725 10 265
730 11 259
730 13 257
728 14 258
731 12 257
730 14 256
737 13 250
741 14 245
745 18 237
745 16 239
748 13 239
750 14 236
748 14 238
750 15 235
750 16 234
752 17 231
753 18 229
753 19 228
755 17 228
758 19 223
756 22 222
754 24 222
756 24 220
760 20 220
753 25 222
755 23 222
758 23 219
759 23 218
758 26 216
750 32 218
749 34 217
746 33 221
739 35 226
738 34 228
731 39 230
728 43 229
733 37 230
733 29 238
733 29 238
729 32 239
727 32 241
725 33 242
726 40 234
721 48 231
717 48 235
716 45 239
708 48 244
704 49 247
708 47 245
713 44 243
712 43 245
713 40 247
712 42 246
714 33 253
723 27 250
720 26 254
722 25 253
718 28 254
720 22 258
725 21 254
727 22 251
733 19 248
736 16 248
739 16 245
736 19 245
736 18 246
740 16 244
740 16 244
736 15 249
732 17 251
740 15 245
739 19 242
737 17 246
740 20 240
739 19 242
742 17 241
746 18 236
749 17 234
749 21 230
752 18 230
750 17 233
743 22 235
737 28 235
733 25 242
736 26 238
740 27 233
738 27 235
740 25 235
740 24 236
742 23 235
747 25 228
748 21 231
755 22 223
754 25 221
754 25 221
755 26 219
753 27 220
748 29 223
749 28 223
747 29 224
745 28 227
743 31 226
748 29 223
749 26 225
751 22 227
752 23 225
750 26 224
750 26 224
750 28 222
752 31 217
752 31 217
752 32 216
750 36 214
740 45 215
739 40 221
739 36 225
731 42 227
731 39 230
728 41 231
727 46 227
728 41 231
733 38 229
730 37 233
724 42 234
723 36 241
719 38 243
718 33 249
715 32 253
714 28 258
709 32 259
705 35 260
704 34 262
699 38 263
697 37 266
693 38 269
689 44 267
682 52 266
676 55 269
675 56 269
673 60 267
671 51 278
667 48 285
665 44 291
660 43 297
666 43 291
661 51 288
658 45 297
657 44 299
652 46 302
648 48 304
651 45 304
648 46 306
642 46 312
642 46 312
639 49 312
639 45 316
635 48 317
636 49 315
641 41 318
644 42 314
649 36 315
649 30 321
651 31 318
647 35 318
651 33 316
653 32 315
652 33 315
656 32 312
659 28 313
660 28 312
661 27 312
663 28 309
661 31 308
663 27 310
661 30 309
664 31 305
664 34 302
668 34 298
675 31 294
683 30 287
683 28 289
685 27 288
681 30 289
678 29 293
679 29 292
675 33 292
669 40 291
669 36 295
669 32 299
674 29 297
672 34 294
671 38 291
666 44 290
661 47 292
659 46 295
660 45 295
664 44 292
665 43 292
664 41 295
667 44 289
665 43 292
662 43 295
659 45 296
659 44 297
658 46 296
660 45 295
660 46 294
661 40 299
660 37 303
663 38 299
664 38 298
661 37 302
662 27 311
666 24 310
662 26 312
664 26 310
667 24 309
667 26 307
662 30 308
665 29 306
663 26 311
659 30 311
658 25 317
661 21 318
666 20 314
670 20 310
671 21 308
674 21 305
675 23 302
674 25 301
671 27 302
670 28 302
673 27 300
676 24 300
678 24 298
680 17 303
683 15 302
684 16 300
682 19 299
686 17 297
685 18 297
687 16 297
689 16 295
697 16 287
701 16 283
705 17 278
708 15 277
709 14 277
719 12 269
729 11 260
733 6 261
738 1 261
741 1 258
747 3 250
753 3 244
755 0 245
763 0 237
764 1 235
762 4 234
766 5 229
770 7 223
770 10 220
770 11 219
773 13 214
776 8 216
778 8 214
781 8 211
785 8 207
786 6 208
789 5 206
791 6 203
794 6 200
799 5 196
801 7 192
804 8 188
807 8 185
810 7 183
812 7 181
812 6 182
818 5 177
820 5 175
825 3 172
828 4 168
830 3 167
832 4 164
835 4 161
836 6 158
839 5 156
840 6 154
843 4 153
845 3 152
843 7 150
844 9 147
845 12 143
847 10 143
846 11 143
845 12 143
844 11 145
846 11 143
848 10 142
851 9 140
852 9 139
856 8 136
857 9 134
856 11 133
856 12 132
852 15 133
849 17 134
847 20 133
847 17 136
846 15 139
848 18 134
843 25 132
839 28 133
834 31 135
832 28 140
827 30 143
824 26 150
824 28 148
820 31 149
815 32 153
815 29 156
812 32 156
805 35 160
799 34 167
795 34 171
789 36 175
787 38 175
783 40 177
773 49 178
770 49 181
763 50 187
762 45 193
755 49 196
752 49 199
748 49 203
744 50 206
740 55 205
736 60 204
730 57 213
718 58 224
706 67 227
699 65 236
693 65 242
689 61 250
688 58 254
686 54 260
685 54 261
679 55 266
669 53 278
664 54 282
658 59 283
645 68 287
646 60 294
640 57 303
630 57 313
631 60 309
634 53 313
634 52 314
629 49 322
623 47 330
623 45 332
612 53 335
611 55 334
609 52 339
602 55 343
602 46 352
602 49 349
596 52 352
599 50 351
602 50 348
607 45 348
605 43 352
602 46 352
612 44 344
618 39 343
628 40 332
626 42 332
625 44 331
619 46 335
620 39 341
621 41 338
622 38 340
625 39 336
627 45 328
624 43 333
622 43 335
624 35 341
618 37 345
617 33 350
618 32 350
624 29 347
626 25 349
631 28 341
631 28 341
636 25 339
643 26 331
647 25 328
650 24 326
651 27 322
655 23 322
655 22 323
657 22 321
658 26 316
659 25 316
668 22 310
670 22 308
671 22 307
674 20 306
676 21 303
675 24 301
677 21 302
678 22 300
678 21 301
683 19 298
688 14 298
688 15 297
693 16 291
698 16 286
701 19 280
702 21 277
702 21 277
706 19 275
703 24 273
701 25 274
697 27 276
694 31 275
692 36 272
686 33 281
690 32 278
690 34 276
688 37 275
689 35 276
690 33 277
684 32 284
684 30 286
690 24 286
690 24 286
691 22 287
690 21 289
690 19 291
691 22 287
694 22 284
701 22 277
698 25 277
707 20 273
707 21 272
718 16 266
720 16 264
723 18 259
721 20 259
723 19 258
725 17 258
730 15 255
730 16 254
731 14 255
736 12 252
735 14 251
730 18 252
729 20 251
728 20 252
725 25 250
727 26 247
727 27 246
721 33 246
722 31 247
724 30 246
719 33 248
716 36 248
717 34 249
717 34 249
717 29 254
713 28 259
712 28 260
709 26 265
709 26 265
714 25 261
719 20 261
717 21 262
713 29 258
717 34 249
717 37 246
718 38 244
719 37 244
714 36 250
709 37 254
714 35 251
714 35 251
715 36 249
712 38 250
711 38 251
704 41 255
700 40 260
701 32 267
698 34 268
693 39 268
690 43 267
688 43 269
679 46 275
679 43 278
674 42 284
671 40 289
667 43 290
659 48 293
649 53 298
644 60 296
641 52 307
630 56 314
634 52 314
630 54 316
626 53 321
627 56 317
623 56 321
619 54 327
617 54 329
613 52 335
614 47 339
615 48 337
617 48 335
621 43 336
622 43 335
621 41 338
623 46 331
623 52 325
618 50 332
613 54 333
610 53 337
611 52 337
615 49 336
611 53 336
612 48 340
614 44 342
606 45 349
607 39 354
605 38 357
606 37 357
599 45 356
599 44 357
601 40 359
602 35 363
602 36 362
600 36 364
607 33 360
607 30 363
603 35 362
606 34 360
609 32 359
611 31 358
605 32 363
612 29 359
614 31 355
612 34 354
614 34 352
615 30 355
621 27 352
623 26 351
628 25 347
632 26 342
638 22 340
641 23 336
640 18 342
647 14 339
659 13 328
662 13 325
662 15 323
670 13 317
673 13 314
679 10 311
681 9 310
684 9 307
690 9 301
691 10 299
693 12 295
693 14 293
697 14 289
698 13 289
704 13 283
706 14 280
708 16 276
710 15 275
714 14 272
714 12 274
716 15 269
722 13 265
722 13 265
724 14 262
727 16 257
733 18 249
734 21 245
736 22 242
739 16 245
742 14 244
742 13 245
744 17 239
745 19 236
748 17 235
746 22 232
751 16 233
752 21 227
750 24 226
751 28 221
747 33 220
748 28 224
746 29 225
739 35 226
739 32 229
735 33 232
735 29 236
736 27 237
737 28 235
736 31 233
731 32 237
734 27 239
737 26 237
739 28 233
742 23 235
744 26 230
744 28 228
740 29 231
736 29 235
735 29 236
737 26 237
735 26 239
734 24 242
732 30 238
733 31 236
729 34 237
731 31 238
732 29 239
732 27 241
735 29 236
731 28 241
729 29 242
727 30 243
730 26 244
731 28 241
726 28 246
729 22 249
730 19 251
731 19 250
726 22 252
729 20 251
732 19 249
741 18 241
740 19 241
742 16 242
740 16 244
744 17 239
742 21 237
744 23 233
746 23 231
744 24 232
733 33 234
729 31 240
729 31 240
735 24 241
738 18 244
737 22 241
736 22 242
740 18 242
737 19 244
738 17 245
739 21 240
740 23 237
743 21 236
744 18 238
744 16 240
742 19 239
745 19 236
752 18 230
749 19 232
749 17 234
750 17 233
753 18 229
755 17 228
753 16 231
756 16 228
759 13 228
756 16 228
754 18 228
756 16 228
755 18 227
760 18 222
763 15 222
762 16 222
761 17 222
759 15 226
761 12 227
762 11 227
766 11 223
766 10 224
769 11 220
770 9 221
774 8 218
775 10 215
778 9 213
779 9 212
779 12 209
786 11 203
786 13 201
785 14 201
784 13 203
785 15 200
780 18 202
784 14 202
788 13 199
786 16 198
787 14 199
789 14 197
785 18 197
785 19 196
784 16 200
785 16 199
783 16 201
782 16 202
785 14 201
787 15 198
789 13 198
789 11 200
