995 5 0
995 4 1
995 4 1
995 3 2
995 3 2
994 4 2
990 8 2
990 8 2
989 7 4
986 9 5
983 12 5
976 16 8
972 19 9
966 19 15
954 26 20
939 37 24
933 36 31
924 41 35
909 49 42
893 60 47
879 66 55
859 79 62
831 97 72
808 105 87
780 113 107
763 110 127
735 124 141
712 133 155
687 141 172
671 138 191
659 129 212
652 128 220
633 130 237
624 122 254
618 121 261
608 114 278
600 110 290
594 105 301
588 94 318
578 88 334
567 92 341
564 89 347
560 91 349
557 94 349
554 90 356
547 90 363
542 78 380
539 71 390
535 66 399
534 55 411
530 61 409
538 55 407
545 38 417
545 36 419
544 38 418
551 37 412
548 40 412
549 39 412
552 36 412
549 36 415
552 32 416
552 28 420
557 26 417
574 26 400
575 27 398
579 25 396
587 21 392
591 23 386
592 18 390
599 19 382
601 17 382
601 18 381
609 19 372
616 20 364
620 17 363
625 13 362
628 11 361
633 10 357
637 10 353
639 12 349
644 9 347
643 10 347
650 8 342
654 9 337
653 9 338
656 6 338
658 9 333
663 8 329
669 6 325
680 3 317
686 3 311
691 2 307
697 3 300
701 4 295
705 4 291
712 3 285
710 6 284
716 4 280
722 6 272
723 8 269
728 6 266
729 8 263
732 8 260
732 6 262
737 6 257
736 9 255
741 8 251
740 10 250
742 10 248
745 11 244
750 10 240
755 10 235
761 10 229
763 9 228
768 9 223
770 9 221
772 8 220
776 8 216
777 6 217
780 6 214
783 5 212
786 5 209
789 4 207
792 4 204
796 4 200
800 4 196
804 4 192
805 4 191
809 5 186
812 6 182
819 6 175
821 7 172
824 8 168
825 12 163
817 15 168
811 21 168
803 25 172
782 41 177
771 45 184
755 56 189
736 67 197
719 81 200
694 98 208
673 110 217
655 114 231
630 115 255
616 116 268
603 115 282
593 111 296
585 99 316
583 85 332
585 84 331
590 78 332
589 70 341
586 58 356
586 57 357
581 49 370
587 45 368
594 37 369
593 31 376
600 29 371
604 26 370
611 23 366
615 20 365
618 19 363
621 22 357
626 22 352
631 20 349
634 21 345
633 20 347
637 18 345
635 20 345
634 24 342
632 26 342
637 26 337
638 28 334
637 25 338
641 22 337
646 19 335
652 20 328
657 20 323
661 20 319
662 24 314
659 28 313
656 33 311
655 33 312
650 40 310
648 43 309
641 46 313
643 46 311
640 48 312
629 59 312
630 55 315
622 64 314
614 61 325
613 59 328
614 54 332
613 52 335
611 54 335
615 48 337
608 50 342
616 43 341
620 44 336
624 39 337
626 36 338
626 29 345
630 24 346
631 19 350
638 20 342
647 18 335
650 12 338
650 15 335
653 13 334
660 13 327
661 9 330
665 8 327
672 7 321
674 3 323
682 3 315
686 3 311
689 3 308
694 3 303
702 2 296
707 2 291
712 1 287
713 1 286
721 1 278
730 0 270
732 0 268
745 0 255
748 0 252
752 0 248
755 2 243
759 2 239
768 1 231
771 1 228
772 2 226
777 2 221
780 2 218
786 2 212
789 2 209
793 0 207
799 0 201
805 0 195
809 0 191
813 0 187
817 0 183
819 0 181
819 1 180
821 0 179
826 0 174
828 0 172
830 0 170
833 0 167
833 0 167
834 0 166
835 0 165
839 0 161
839 1 160
844 1 155
844 1 155
847 1 152
851 2 147
855 2 143
858 1 141
863 2 135
867 2 131
869 2 129
871 1 128
872 1 127
869 6 125
867 7 126
865 11 124
863 12 125
859 18 123
835 39 126
824 48 128
806 59 135
796 66 138
784 74 142
774 74 152
758 80 162
743 85 172
727 96 177
713 95 192
697 93 210
686 90 224
669 98 233
660 99 241
647 106 247
633 112 255
619 109 272
608 100 292
596 106 298
589 104 307
582 107 311
573 108 319
563 118 319
552 113 335
549 103 348
546 95 359
543 98 359
539 91 370
531 88 381
525 85 390
526 75 399
527 78 395
527 68 405
529 65 406
536 58 406
541 50 409
542 54 404
540 53 407
538 56 406
542 57 401
537 58 405
536 54 410
538 59 403
542 55 403
546 53 401
550 48 402
551 48 401
553 45 402
559 39 402
561 34 405
563 32 405
567 28 405
567 27 406
570 31 399
565 35 400
564 36 400
564 38 398
563 37 400
562 34 404
563 31 406
568 30 402
571 28 401
576 29 395
578 29 393
576 30 394
578 30 392
588 24 388
585 30 385
588 31 381
594 27 379
598 24 378
599 24 377
601 25 374
609 24 367
615 25 360
612 23 365
620 18 362
621 15 364
623 16 361
630 14 356
636 13 351
638 14 348
641 12 347
646 11 343
648 10 342
649 10 341
656 8 336
663 5 332
673 6 321
672 8 320
676 6 318
677 7 316
684 7 309
687 7 306
692 6 302
700 5 295
703 5 292
705 5 290
706 3 291
714 2 284
717 2 281
719 2 279
724 4 272
727 4 269
734 4 262
735 5 260
734 7 259
733 11 256
727 18 255
724 25 251
709 39 252
692 52 256
685 49 266
681 46 273
683 41 276
683 43 274
686 39 275
683 43 274
680 45 275
675 46 279
674 49 277
672 49 279
677 48 275
672 52 276
662 56 282
659 56 285
649 62 289
642 63 295
637 61 302
634 64 302
632 64 304
623 64 313
622 66 312
620 62 318
622 59 319
621 52 327
622 52 326
622 46 332
622 43 335
625 39 336
626 38 336
626 37 337
629 34 337
632 29 339
635 29 336
638 22 340
642 23 335
646 20 334
654 15 331
658 14 328
661 14 325
665 15 320
667 14 319
668 14 318
673 14 313
673 14 313
676 13 311
679 15 306
681 15 304
682 14 304
686 14 300
692 13 295
694 10 296
698 8 294
705 7 288
711 6 283
719 5 276
719 5 276
722 6 272
726 5 269
729 7 264
730 7 263
731 7 262
737 7 256
741 6 253
745 7 248
745 8 247
750 3 247
752 4 244
758 4 238
765 3 232
767 3 230
768 3 229
773 3 224
772 4 224
776 4 220
781 4 215
782 4 214
785 3 212
788 2 210
791 2 207
791 3 206
794 2 204
795 2 203
799 2 199
802 2 196
806 2 192
809 1 190
811 1 188
818 1 181
821 0 179
820 1 179
823 1 176
828 0 172
831 0 169
832 0 168
835 0 165
836 0 164
838 0 162
840 0 160
843 0 157
849 0 151
852 0 148
854 0 146
857 0 143
860 0 140
860 1 139
864 2 134
866 1 133
867 1 132
869 1 130
870 1 129
872 1 127
875 1 124
875 1 124
875 1 124
876 1 123
878 1 121
878 1 121
878 0 122
881 0 119
881 0 119
881 0 119
883 0 117
885 0 115
891 0 109
892 0 108
894 0 106
895 0 105
898 0 102
899 0 101
901 0 99
902 0 98
903 0 97
904 0 96
904 0 96
906 0 94
907 0 93
910 0 90
911 0 89
912 0 88
912 0 88
912 0 88
912 0 88
913 0 87
914 0 86
914 0 86
917 0 83
918 0 82
918 0 82
919 0 81
920 0 80
926 0 74
927 0 73
927 0 73
928 0 72
930 0 70
930 0 70
930 0 70
933 0 67
935 0 65
936 0 64
938 0 62
940 0 60
940 0 60
942 0 58
944 0 56
946 0 54
947 0 53
947 0 53
948 0 52
950 0 50
950 0 50
954 0 46
954 0 46
956 0 44
957 0 43
958 0 42
958 0 42
958 0 42
959 0 41
959 0 41
961 0 39
962 0 38
962 0 38
962 0 38
963 0 37
963 0 37
964 0 36
965 0 35
965 0 35
967 0 33
968 0 32
968 0 32
968 0 32
969 0 31
969 0 31
969 0 31
970 0 30
970 0 30
971 0 29
971 0 29
972 0 28
972 0 28
972 0 28
972 0 28
972 0 28
972 0 28
973 0 27
973 0 27
975 0 25
975 0 25
976 0 24
977 0 23
979 0 21
979 0 21
979 0 21
979 0 21
980 0 20
980 0 20
981 0 19
981 0 19
981 0 19
981 0 19
981 0 19
981 0 19
981 0 19
981 0 19
981 0 19
982 0 18
982 0 18
983 0 17
983 0 17
984 0 16
984 0 16
984 0 16
984 0 16
985 0 15
985 0 15
986 0 14
986 0 14
986 0 14
986 0 14
986 0 14
987 0 13
987 0 13
987 0 13
987 0 13
987 0 13
987 0 13
988 0 12
988 0 12
988 0 12
989 0 11
989 0 11
989 0 11
989 0 11
989 0 11
989 0 11
989 0 11
989 0 11
990 0 10
990 0 10
990 0 10
990 0 10
990 0 10
990 0 10
990 0 10
990 0 10
990 0 10
990 0 10
991 0 9
991 0 9
991 0 9
991 0 9
991 0 9
991 0 9
991 0 9
991 0 9
991 0 9
991 0 9
991 0 9
991 0 9
991 0 9
991 0 9
991 0 9
991 0 9
991 0 9
991 0 9
991 0 9
991 0 9
991 0 9
991 0 9
991 0 9
991 0 9
991 0 9
991 0 9
992 0 8
992 0 8
992 0 8
992 0 8
992 0 8
992 0 8
992 0 8
993 0 7
993 0 7
993 0 7
993 0 7
993 0 7
993 0 7
994 0 6
994 0 6
994 0 6
994 0 6
994 0 6
994 0 6
994 0 6
994 0 6
994 0 6
994 0 6
994 0 6
994 0 6
994 0 6
994 0 6
994 0 6
994 0 6
995 0 5
996 0 4
996 0 4
996 0 4
996 0 4
996 0 4
996 0 4
996 0 4
996 0 4
996 0 4
996 0 4
996 0 4
996 0 4
996 0 4
996 0 4
996 0 4
996 0 4
996 0 4
996 0 4
996 0 4
996 0 4
996 0 4
996 0 4
996 0 4
996 0 4
996 0 4
996 0 4
996 0 4
996 0 4
996 0 4
996 0 4
996 0 4
996 0 4
996 0 4
996 0 4
996 0 4
996 0 4
996 0 4
996 0 4
996 0 4
997 0 3
997 0 3
997 0 3
997 0 3
997 0 3
997 0 3
997 0 3
997 0 3
997 0 3
998 0 2
999 0 1
999 0 1
999 0 1
999 0 1
999 0 1
999 0 1
999 0 1
999 0 1
999 0 1
999 0 1
999 0 1
999 0 1
999 0 1
999 0 1
999 0 1
999 0 1
999 0 1
999 0 1
999 0 1
999 0 1
999 0 1
999 0 1
999 0 1
999 0 1
999 0 1
999 0 1
999 0 1
999 0 1
999 0 1
999 0 1
999 0 1
999 0 1
999 0 1
999 0 1
999 0 1
999 0 1
999 0 1
999 0 1
999 0 1
999 0 1
999 0 1
999 0 1
999 0 1
999 0 1
999 0 1
999 0 1
999 0 1
999 0 1
999 0 1
999 0 1
999 0 1
999 0 1
999 0 1
999 0 1
999 0 1
999 0 1
999 0 1
999 0 1
999 0 1
999 0 1
999 0 1
999 0 1
999 0 1
999 0 1
999 0 1
999 0 1
999 0 1
999 0 1
1000 0 0
1000 0 0
1000 0 0
1000 0 0
1000 0 0
1000 0 0
1000 0 0
1000 0 0
1000 0 0
1000 0 0
1000 0 0
1000 0 0
1000 0 0
1000 0 0
1000 0 0
1000 0 0
1000 0 0
1000 0 0
1000 0 0
1000 0 0
1000 0 0
1000 0 0
1000 0 0
1000 0 0
1000 0 0
1000 0 0
1000 0 0
1000 0 0
1000 0 0
1000 0 0
1000 0 0
1000 0 0
1000 0 0
1000 0 0
1000 0 0
1000 0 0
1000 0 0
1000 0 0
1000 0 0
1000 0 0
1000 0 0
1000 0 0
1000 0 0
1000 0 0
1000 0 0
1000 0 0
1000 0 0
1000 0 0
1000 0 0
1000 0 0
1000 0 0
1000 0 0
1000 0 0
1000 0 0
1000 0 0
1000 0 0
1000 0 0
1000 0 0
1000 0 0
1000 0 0
1000 0 0
1000 0 0
1000 0 0
1000 0 0
1000 0 0
1000 0 0
1000 0 0
1000 0 0
1000 0 0
1000 0 0
1000 0 0
1000 0 0
1000 0 0
1000 0 0
1000 0 0
1000 0 0
1000 0 0
1000 0 0
1000 0 0
1000 0 0
1000 0 0
1000 0 0
1000 0 0
1000 0 0
1000 0 0
1000 0 0
1000 0 0
1000 0 0
1000 0 0
1000 0 0
1000 0 0
1000 0 0
1000 0 0
1000 0 0
1000 0 0
1000 0 0
1000 0 0
1000 0 0
1000 0 0
1000 0 0
1000 0 0
1000 0 0
1000 0 0
1000 0 0
1000 0 0
1000 0 0
1000 0 0
1000 0 0
1000 0 0
1000 0 0
1000 0 0
1000 0 0
1000 0 0
1000 0 0
1000 0 0
1000 0 0
1000 0 0
1000 0 0
1000 0 0
1000 0 0
1000 0 0
1000 0 0
1000 0 0
1000 0 0
1000 0 0
1000 0 0
1000 0 0
1000 0 0
1000 0 0
1000 0 0
1000 0 0
1000 0 0
1000 0 0
1000 0 0
1000 0 0
1000 0 0
1000 0 0
1000 0 0
1000 0 0
1000 0 0
1000 0 0
1000 0 0
1000 0 0
1000 0 0
1000 0 0
1000 0 0
1000 0 0
1000 0 0
1000 0 0
1000 0 0
1000 0 0
1000 0 0
1000 0 0
1000 0 0
1000 0 0
1000 0 0
1000 0 0
1000 0 0
1000 0 0
1000 0 0
1000 0 0
1000 0 0
1000 0 0
1000 0 0
1000 0 0
1000 0 0
1000 0 0
1000 0 0
1000 0 0
1000 0 0
1000 0 0
1000 0 0
