1000 0 0
1000 0 0
1000 0 0
1000 0 0
997 3 0
996 2 2
994 4 2
992 6 2
988 9 3
981 14 5
966 25 9
957 28 15
948 26 26
943 29 28
934 36 30
928 37 35
916 44 40
902 50 48
891 50 59
877 57 66
866 58 76
853 65 82
841 65 94
830 68 102
823 69 108
811 71 118
796 71 133
784 80 136
775 79 146
759 82 159
748 79 173
738 76 186
729 79 192
722 80 198
717 77 206
712 72 216
710 69 221
703 71 226
696 71 233
688 72 240
687 62 251
685 63 252
679 59 262
672 62 266
662 59 279
654 62 284
644 71 285
643 67 290
634 70 296
628 74 298
621 81 298
617 86 297
614 79 307
608 74 318
603 70 327
597 70 333
600 63 337
598 65 337
590 60 350
588 56 356
585 57 358
578 56 366
579 51 370
579 53 368
574 57 369
576 53 371
575 51 374
571 53 376
577 49 374
579 49 372
579 50 371
578 49 373
575 51 374
571 49 380
580 40 380
583 42 375
580 46 374
579 47 374
582 40 378
584 42 374
588 37 375
585 43 372
589 37 374
586 36 378
588 32 380
584 39 377
586 41 373
586 40 374
586 39 375
588 38 374
591 36 373
594 38 368
596 37 367
600 32 368
598 33 369
598 31 371
597 30 373
601 26 373
604 27 369
611 27 362
609 30 361
611 22 367
612 22 366
612 17 371
616 17 367
624 15 361
630 16 354
629 14 357
634 15 351
637 13 350
638 13 349
639 14 347
639 15 346
642 14 344
641 15 344
645 15 340
655 14 331
659 12 329
659 16 325
667 16 317
670 15 315
674 14 312
676 16 308
675 19 306
675 19 306
672 22 306
675 20 305
679 20 301
681 19 300
681 18 301
686 16 298
688 16 296
687 18 295
693 18 289
697 15 288
703 15 282
701 20 279
705 21 274
705 21 274
704 20 276
706 17 277
704 19 277
703 21 276
708 20 272
705 24 271
707 24 269
708 21 271
710 19 271
710 14 276
711 12 277
712 15 273
714 15 271
716 17 267
711 22 267
715 21 264
715 22 263
716 24 260
713 24 263
715 19 266
713 19 268
712 23 265
716 21 263
719 17 264
726 16 258
722 18 260
727 17 256
729 16 255
731 17 252
727 20 253
726 16 258
725 18 257
728 15 257
727 17 256
730 19 251
734 16 250
737 18 245
739 19 242
744 17 239
744 16 240
745 18 237
752 19 229
754 19 227
757 18 225
756 19 225
759 17 224
761 19 220
761 18 221
763 16 221
763 21 216
763 23 214
763 21 216
761 24 215
765 24 211
770 23 207
767 22 211
768 23 209
769 22 209
766 19 215
769 17 214
770 18 212
773 15 212
776 13 211
777 13 210
775 16 209
777 18 205
782 16 202
776 25 199
768 34 198
760 38 202
753 45 202
749 46 205
746 46 208
733 56 211
725 56 219
719 58 223
714 60 226
711 59 230
707 59 234
700 62 238
686 61 253
684 58 258
683 56 261
674 56 270
677 55 268
670 63 267
659 66 275
652 70 278
639 73 288
637 64 299
634 60 306
630 64 306
625 69 306
615 71 314
613 66 321
610 67 323
605 64 331
596 60 344
589 61 350
590 59 351
590 55 355
591 52 357
587 57 356
583 59 358
575 64 361
571 64 365
571 53 376
571 51 378
575 51 374
574 52 374
576 51 373
573 51 376
574 50 376
574 50 376
577 48 375
575 45 380
580 45 375
574 47 379
572 45 383
572 42 386
572 39 389
574 40 386
578 39 383
586 35 379
592 33 375
591 33 376
593 31 376
602 29 369
605 30 365
605 33 362
608 33 359
611 33 356
609 39 352
607 46 347
605 46 349
607 40 353
608 39 353
606 36 358
605 35 360
606 35 359
607 32 361
607 33 360
609 34 357
609 31 360
614 28 358
616 33 351
618 33 349
616 31 353
615 33 352
615 34 351
615 32 353
618 29 353
621 27 352
621 31 348
627 30 343
635 26 339
634 30 336
634 33 333
632 36 332
636 31 333
632 32 336
634 30 336
631 32 337
631 28 341
633 24 343
634 19 347
638 16 346
645 17 338
648 16 336
657 15 328
663 11 326
668 14 318
666 19 315
669 19 312
668 19 313
671 19 310
674 17 309
681 16 303
682 22 296
686 19 295
691 18 291
698 18 284
703 14 283
707 14 279
711 14 275
712 16 272
712 16 272
720 16 264
722 18 260
724 16 260
726 14 260
730 14 256
730 12 258
738 12 250
738 11 251
742 11 247
737 18 245
741 15 244
744 15 241
740 17 243
742 18 240
740 21 239
740 21 239
738 21 241
735 24 241
739 22 239
737 20 243
738 19 243
740 20 240
738 24 238
736 26 238
735 25 240
736 20 244
733 21 246
729 27 244
726 24 250
728 22 250
730 22 248
731 25 244
731 24 245
736 20 244
741 17 242
744 15 241
747 13 240
749 12 239
750 16 234
758 15 227
760 17 223
760 21 219
759 24 217
755 23 222
753 25 222
759 19 222
761 20 219
765 16 219
762 20 218
763 20 217
765 17 218
770 15 215
772 15 213
774 15 211
776 18 206
773 22 205
770 25 205
766 27 207
764 29 207
763 30 207
759 33 208
750 35 215
750 32 218
746 37 217
748 40 212
749 39 212
742 38 220
742 35 223
742 33 225
741 32 227
742 31 227
748 31 221
742 34 224
738 32 230
739 31 230
737 30 233
734 36 230
736 33 231
734 33 233
735 28 237
738 28 234
736 29 235
735 30 235
735 28 237
738 25 237
738 24 238
732 28 240
731 27 242
731 27 242
729 25 246
720 31 249
721 29 250
725 26 249
722 27 251
720 31 249
721 27 252
715 31 254
716 32 252
713 33 254
710 31 259
706 34 260
708 32 260
713 34 253
716 33 251
710 37 253
708 32 260
710 32 258
707 30 263
702 33 265
702 30 268
704 30 266
706 29 265
707 27 266
709 29 262
709 30 261
705 28 267
709 27 264
704 27 269
707 23 270
710 21 269
711 21 268
712 23 265
715 22 263
715 23 262
717 20 263
715 21 264
719 21 260
721 22 257
717 20 263
718 21 261
721 21 258
725 22 253
724 23 253
723 24 253
721 25 254
718 28 254
714 31 255
710 29 261
716 28 256
716 32 252
712 38 250
709 36 255
705 40 255
704 41 255
704 35 261
700 37 263
703 37 260
698 36 266
700 36 264
702 36 262
699 36 265
697 36 267
699 36 265
697 37 266
697 37 266
696 33 271
694 35 271
697 34 269
701 34 265
700 33 267
706 30 264
706 32 262
703 31 266
705 29 266
704 31 265
708 30 262
709 28 263
707 28 265
705 30 265
703 32 265
701 33 266
697 40 263
698 37 265
699 40 261
701 34 265
701 32 267
702 35 263
696 38 266
692 43 265
683 48 269
681 46 273
677 44 279
677 45 278
673 46 281
675 41 284
675 44 281
670 45 285
669 41 290
665 41 294
662 44 294
664 45 291
663 49 288
657 47 296
656 43 301
655 38 307
653 37 310
651 38 311
656 37 307
660 40 300
659 39 302
657 37 306
653 44 303
651 44 305
646 39 315
645 42 313
643 41 316
644 37 319
648 33 319
647 31 322
651 30 319
648 32 320
650 28 322
651 28 321
648 34 318
649 37 314
646 38 316
649 35 316
644 38 318
642 40 318
644 38 318
644 36 320
645 32 323
639 36 325
642 32 326
640 40 320
641 42 317
637 46 317
634 45 321
634 44 322
628 46 326
630 42 328
632 38 330
632 36 332
636 34 330
641 33 326
640 27 333
648 24 328
653 22 325
656 22 322
658 21 321
655 27 318
661 24 315
661 20 319
663 20 317
665 23 312
667 23 310
673 19 308
675 22 303
680 18 302
684 18 298
687 18 295
690 17 293
691 18 291
689 19 292
689 20 291
690 26 284
694 30 276
696 32 272
696 32 272
697 30 273
703 27 270
699 26 275
701 24 275
702 26 272
703 18 279
709 14 277
710 15 275
712 15 273
717 13 270
718 12 270
719 13 268
724 10 266
726 11 263
733 12 255
735 11 254
733 13 254
738 13 249
740 15 245
744 16 240
743 17 240
741 19 240
742 20 238
740 22 238
743 18 239
748 15 237
751 16 233
751 14 235
755 16 229
753 18 229
749 19 232
752 14 234
753 13 234
756 13 231
757 10 233
764 9 227
764 10 226
761 15 224
766 16 218
766 14 220
770 11 219
771 9 220
772 7 221
775 5 220
775 6 219
777 5 218
781 4 215
786 2 212
789 2 209
792 2 206
793 1 206
795 4 201
799 4 197
800 5 195
803 6 191
806 6 188
808 6 186
806 9 185
811 9 180
816 8 176
818 6 176
819 8 173
819 10 171
821 10 169
822 13 165
824 12 164
821 17 162
815 20 165
813 24 163
813 24 163
811 27 162
811 26 163
807 26 167
806 26 168
804 26 170
797 31 172
791 31 178
793 29 178
793 28 179
793 25 182
791 24 185
788 29 183
786 29 185
785 26 189
785 29 186
787 26 187
786 28 186
788 26 186
791 25 184
795 21 184
793 23 184
795 19 186
792 20 188
788 21 191
789 21 190
788 22 190
788 19 193
790 17 193
791 14 195
791 12 197
793 11 196
796 12 192
796 12 192
796 11 193
796 11 193
798 9 193
800 10 190
802 7 191
803 8 189
805 8 187
802 10 188
805 11 184
806 11 183
805 13 182
806 14 180
805 19 176
799 26 175
793 29 178
794 28 178
790 29 181
786 31 183
785 33 182
787 31 182
788 30 182
786 31 183
785 30 185
779 35 186
782 35 183
781 34 185
778 33 189
778 31 191
764 46 190
757 49 194
750 51 199
748 52 200
745 47 208
743 39 218
744 40 216
736 46 218
732 50 218
725 54 221
716 55 229
709 52 239
703 51 246
699 56 245
689 55 256
678 64 258
676 59 265
672 63 265
663 60 277
659 60 281
654 59 287
645 62 293
644 60 296
636 57 307
630 55 315
626 57 317
618 57 325
613 52 335
609 51 340
610 42 348
611 40 349
613 38 349
612 35 353
610 34 356
617 30 353
616 33 351
616 32 352
612 37 351
605 43 352
604 44 352
608 36 356
610 33 357
612 34 354
621 27 352
624 29 347
622 36 342
634 36 330
636 39 325
635 35 330
638 38 324
640 33 327
634 36 330
636 34 330
633 35 332
633 32 335
638 30 332
640 25 335
646 24 330
647 21 332
652 20 328
654 20 326
662 22 316
666 19 315
668 19 313
670 17 313
668 21 311
668 19 313
667 19 314
670 15 315
673 14 313
679 16 305
678 19 303
676 24 300
680 21 299
681 21 298
684 21 295
686 19 295
686 20 294
691 19 290
694 15 291
695 17 288
697 14 289
703 15 282
709 16 275
713 15 272
715 14 271
718 15 267
723 15 262
725 16 259
726 12 262
732 11 257
737 9 254
737 11 252
739 11 250
743 16 241
745 15 240
746 14 240
748 13 239
750 15 235
752 15 233
756 17 227
753 20 227
753 25 222
757 20 223
761 21 218
760 22 218
766 18 216
772 19 209
770 24 206
769 28 203
765 33 202
766 37 197
768 31 201
769 31 200
770 29 201
770 27 203
764 33 203
755 42 203
754 37 209
751 42 207
746 45 209
741 45 214
739 43 218
735 47 218
735 43 222
732 45 223
725 47 228
721 43 236
717 42 241
710 39 251
710 36 254
712 38 250
712 39 249
708 42 250
704 37 259
698 37 265
689 49 262
687 48 265
684 50 266
680 48 272
677 49 274
671 52 277
663 56 281
658 60 282
657 61 282
659 61 280
648 64 288
644 60 296
642 56 302
639 57 304
635 55 310
631 53 316
630 46 324
629 42 329
625 44 331
628 40 332
626 40 334
626 42 332
625 38 337
628 37 335
628 39 333
626 40 334
623 44 333
618 49 333
618 47 335
620 42 338
618 41 341
621 34 345
620 28 352
623 27 350
626 28 346
626 28 346
631 29 340
635 31 334
639 35 326
639 34 327
642 33 325
640 34 326
642 36 322
642 32 326
642 30 328
641 32 327
640 30 330
641 27 332
646 26 328
657 19 324
658 18 324
661 17 322
667 18 315
670 19 311
672 20 308
671 20 309
666 24 310
669 21 310
666 22 312
666 21 313
665 25 310
665 27 308
667 28 305
667 27 306
668 27 305
664 25 311
669 20 311
675 19 306
678 22 300
682 22 296
689 19 292
691 17 292
695 17 288
699 20 281
699 22 279
696 25 279
699 26 275
704 26 270
705 27 268
703 27 270
702 26 272
701 26 273
702 28 270
701 26 273
706 26 268
705 23 272
708 27 265
708 26 266
714 21 265
718 18 264
718 21 261
720 21 259
723 22 255
727 21 252
728 17 255
722 18 260
720 20 260
723 19 258
728 16 256
731 15 254
727 19 254
732 15 253
737 14 249
734 17 249
732 21 247
733 19 248
730 18 252
735 17 248
735 18 247
734 18 248
737 18 245
737 24 239
738 24 238
742 23 235
736 27 237
738 27 235
737 24 239
735 25 240
739 22 239
741 22 237
741 19 240
748 17 235
748 17 235
752 17 231
753 18 229
750 20 230
751 19 230
749 22 229
746 26 228
753 23 224
751 23 226
753 22 225
747 28 225
746 28 226
743 26 231
746 24 230
739 26 235
736 21 243
733 25 242
741 20 239
743 18 239
748 15 237
748 16 236
745 17 238
746 19 235
749 18 233
750 18 232
748 18 234
753 13 234
