1000 0 0
1000 0 0
997 3 0
997 1 2
997 1 2
997 1 2
997 0 3
996 1 3
994 3 3
994 3 3
993 3 4
990 4 6
988 2 10
984 5 11
975 11 14
972 10 18
962 15 23
959 17 24
954 25 21
949 27 24
937 34 29
924 40 36
915 41 44
899 50 51
882 57 61
867 68 65
855 74 71
834 84 82
814 94 92
801 93 106
783 100 117
769 103 128
755 96 149
736 106 158
729 113 158
718 104 178
704 105 191
699 101 200
683 105 212
675 101 224
655 105 240
647 101 252
640 91 269
639 88 273
630 85 285
621 86 293
611 88 301
608 83 309
602 90 308
596 90 314
597 85 318
594 84 322
590 78 332
586 71 343
582 71 347
577 70 353
565 74 361
563 73 364
560 67 373
564 58 378
567 61 372
567 54 379
566 54 380
568 48 384
565 40 395
566 39 395
568 38 394
573 39 388
572 40 388
574 38 388
581 33 386
582 31 387
581 36 383
589 35 376
590 36 374
589 37 374
589 34 377
582 38 380
581 38 381
586 36 378
587 37 376
588 33 379
592 35 373
594 34 372
594 29 377
596 31 373
597 31 372
601 28 371
607 22 371
609 21 370
611 24 365
618 21 361
617 21 362
618 19 363
621 19 360
631 20 349
633 16 351
638 14 348
642 15 343
640 19 341
643 21 336
647 21 332
653 18 329
654 16 330
662 20 318
665 21 314
664 22 314
663 23 314
663 18 319
665 20 315
665 23 312
665 23 312
667 25 308
670 25 305
674 22 304
669 26 305
672 26 302
673 26 301
674 30 296
673 29 298
676 26 298
677 30 293
680 30 290
683 28 289
685 28 287
692 23 285
691 20 289
694 19 287
693 21 286
697 16 287
700 16 284
700 18 282
699 19 282
705 17 278
706 17 277
708 20 272
709 19 272
714 17 269
713 20 267
717 17 266
721 15 264
725 14 261
731 13 256
731 14 255
730 16 254
736 12 252
736 12 252
739 12 249
745 8 247
742 10 248
744 10 246
739 15 246
740 18 242
741 22 237
738 22 240
736 22 242
732 21 247
735 19 246
729 23 248
729 24 247
730 23 247
730 25 245
722 36 242
720 36 244
709 46 245
702 49 249
697 51 252
690 54 256
682 53 265
675 57 268
666 59 275
662 58 280
666 54 280
664 53 283
659 56 285
658 60 282
652 60 288
650 58 292
642 60 298
634 63 303
629 67 304
632 68 300
629 64 307
624 59 317
624 56 320
623 58 319
620 61 319
619 58 323
615 56 329
613 54 333
615 50 335
613 50 337
611 46 343
616 44 340
620 40 340
619 43 338
620 35 345
625 35 340
629 31 340
632 30 338
635 27 338
631 28 341
635 25 340
637 21 342
640 21 339
648 19 333
653 18 329
655 18 327
663 16 321
670 15 315
671 18 311
673 19 308
675 20 305
675 21 304
671 25 304
673 27 300
679 27 294
679 28 293
681 27 292
685 23 292
686 23 291
686 26 288
689 25 286
690 22 288
695 21 284
692 23 285
692 20 288
694 20 286
700 17 283
698 17 285
701 16 283
701 16 283
705 16 279
707 17 276
703 21 276
700 21 279
701 21 278
702 22 276
705 19 276
709 13 278
711 12 277
712 11 277
716 11 273
716 12 272
723 9 268
728 10 262
729 8 263
738 8 254
743 7 250
746 6 248
748 4 248
750 4 246
749 6 245
754 5 241
758 4 238
758 5 237
761 6 233
764 7 229
765 8 227
770 6 224
770 6 224
771 8 221
774 7 219
779 6 215
782 5 213
781 6 213
781 8 211
785 8 207
782 12 206
780 14 206
778 19 203
779 19 202
778 22 200
778 20 202
776 21 203
777 25 198
773 25 202
772 24 204
771 24 205
768 30 202
763 25 212
759 30 211
754 31 215
754 32 214
749 35 216
744 36 220
741 40 219
738 40 222
732 45 223
732 49 219
724 48 228
724 45 231
717 46 237
715 45 240
718 43 239
717 48 235
712 47 241
712 46 242
715 37 248
711 41 248
705 44 251
701 48 251
695 48 257
688 54 258
681 56 263
672 54 274
664 64 272
662 63 275
656 63 281
653 59 288
651 56 293
650 50 300
660 45 295
661 41 298
663 35 302
662 34 304
660 34 306
660 34 306
655 40 305
655 39 306
653 37 310
653 33 314
651 34 315
651 33 316
644 35 321
644 36 320
645 35 320
644 32 324
647 30 323
648 30 322
648 31 321
648 32 320
649 30 321
653 25 322
648 31 321
649 31 320
646 29 325
644 29 327
648 28 324
649 33 318
653 31 316
652 30 318
649 33 318
647 38 315
643 36 321
645 33 322
644 35 321
651 32 317
651 31 318
652 32 316
657 32 311
654 36 310
661 34 305
658 38 304
651 44 305
647 45 308
652 39 309
649 40 311
650 39 311
649 39 312
645 44 311
646 40 314
644 41 315
642 38 320
639 39 322
639 34 327
644 30 326
644 31 325
645 30 325
640 34 326
644 33 323
641 33 326
643 31 326
647 26 327
650 27 323
657 21 322
661 17 322
665 19 316
666 23 311
659 26 315
658 25 317
659 23 318
665 24 311
664 25 311
670 24 306
669 26 305
672 23 305
670 21 309
673 19 308
674 16 310
680 15 305
680 16 304
680 18 302
684 19 297
685 18 297
687 17 296
691 17 292
694 16 290
696 16 288
700 17 283
697 22 281
698 18 284
698 17 285
704 14 282
705 14 281
709 14 277
710 14 276
710 13 277
714 15 271
709 18 273
711 18 271
712 21 267
715 19 266
718 17 265
718 17 265
718 18 264
719 17 264
719 19 262
721 18 261
722 20 258
719 25 256
719 24 257
718 24 258
722 21 257
720 22 258
721 23 256
720 24 256
712 25 263
712 25 263
712 22 266
713 19 268
715 21 264
720 22 258
718 24 258
717 21 262
717 24 259
719 22 259
718 25 257
718 25 257
720 23 257
721 23 256
717 27 256
721 28 251
725 30 245
725 28 247
726 27 247
729 25 246
727 27 246
731 28 241
730 28 242
731 30 239
724 38 238
721 34 245
718 34 248
715 35 250
711 32 257
706 35 259
701 35 264
701 34 265
696 39 265
693 39 268
685 41 274
678 41 281
676 42 282
673 44 283
669 48 283
669 43 288
671 42 287
670 45 285
671 39 290
672 40 288
671 39 290
668 40 292
671 39 290
669 39 292
670 38 292
672 35 293
672 34 294
675 33 292
674 30 296
675 31 294
680 29 291
679 26 295
679 27 294
679 26 295
685 26 289
686 28 286
690 31 279
692 35 273
690 34 276
689 33 278
685 34 281
678 37 285
677 33 290
679 38 283
676 39 285
677 40 283
677 40 283
674 41 285
667 43 290
666 46 288
662 45 293
661 52 287
663 48 289
658 55 287
656 57 287
647 59 294
637 64 299
635 65 300
627 67 306
623 62 315
616 62 322
616 60 324
614 59 327
613 56 331
608 53 339
605 51 344
607 47 346
610 47 343
611 46 343
605 47 348
603 51 346
600 55 345
599 51 350
596 45 359
595 38 367
598 39 363
599 33 368
604 27 369
608 30 362
615 27 358
621 22 357
631 19 350
635 16 349
640 15 345
648 12 340
651 11 338
652 12 336
653 13 334
659 9 332
660 10 330
667 7 326
670 6 324
669 9 322
676 12 312
677 14 309
675 19 306
680 18 302
677 22 301
681 22 297
682 23 295
677 24 299
672 29 299
669 26 305
670 26 304
676 25 299
678 21 301
682 19 299
687 21 292
691 20 289
694 17 289
695 19 286
696 20 284
700 20 280
699 23 278
702 21 277
704 21 275
704 20 276
707 20 273
702 22 276
705 21 274
709 16 275
710 17 273
712 19 269
715 20 265
711 23 266
715 16 269
713 18 269
713 19 268
715 19 266
719 20 261
721 21 258
723 20 257
726 17 257
726 13 261
724 15 261
719 15 266
719 15 266
724 15 261
726 17 257
727 15 258
724 16 260
725 16 259
728 15 257
729 16 255
728 16 256
731 18 251
732 19 249
736 16 248
738 17 245
736 16 248
734 13 253
737 12 251
738 11 251
742 12 246
746 11 243
747 12 241
747 10 243
754 8 238
761 6 233
762 6 232
766 6 228
766 8 226
768 9 223
771 9 220
775 11 214
776 11 213
775 15 210
776 12 212
780 10 210
785 10 205
789 9 202
790 8 202
790 7 203
792 10 198
795 14 191
795 14 191
796 17 187
795 16 189
796 18 186
794 19 187
796 18 186
798 19 183
795 20 185
796 16 188
793 21 186
791 19 190
789 19 192
789 16 195
787 15 198
788 14 198
791 13 196
794 14 192
795 15 190
794 17 189
795 18 187
796 17 187
798 14 188
799 15 186
802 15 183
807 13 180
808 12 180
807 13 180
808 13 179
807 14 179
805 16 179
804 18 178
806 20 174
809 19 172
808 16 176
806 20 174
806 19 175
802 24 174
802 20 178
797 26 177
798 22 180
796 24 180
794 26 180
794 26 180
791 25 184
785 22 193
785 25 190
782 29 189
782 23 195
779 28 193
777 31 192
767 37 196
767 35 198
762 35 203
760 37 203
752 41 207
748 42 210
748 36 216
748 34 218
747 34 219
744 39 217
742 38 220
738 39 223
736 40 224
736 37 227
735 36 229
736 35 229
741 32 227
742 30 228
744 28 228
739 32 229
738 35 227
736 34 230
736 34 230
738 31 231
733 32 235
732 26 242
736 28 236
740 29 231
743 29 228
749 27 224
753 27 220
754 26 220
754 26 220
764 26 210
761 28 211
765 22 213
766 22 212
765 21 214
762 14 224
765 12 223
775 9 216
778 7 215
777 7 216
779 8 213
782 6 212
785 7 208
788 8 204
792 7 201
796 8 196
801 7 192
801 4 195
804 3 193
805 5 190
808 6 186
804 10 186
806 10 184
805 11 184
803 16 181
801 23 176
799 24 177
794 25 181
792 25 183
787 33 180
781 39 180
775 42 183
769 41 190
764 47 189
759 46 195
753 49 198
741 57 202
732 58 210
727 60 213
721 58 221
713 60 227
709 53 238
704 50 246
696 59 245
689 61 250
688 56 256
687 44 269
682 43 275
682 42 276
678 42 280
680 43 277
681 40 279
673 41 286
670 41 289
674 42 284
677 43 280
672 49 279
665 51 284
665 41 294
663 42 295
658 47 295
654 45 301
651 45 304
650 46 304
639 52 309
638 53 309
639 55 306
639 57 304
638 54 308
635 58 307
629 58 313
628 57 315
625 53 322
627 51 322
626 52 322
627 48 325
626 51 323
627 49 324
623 47 330
618 47 335
613 50 337
611 50 339
610 49 341
604 54 342
601 56 343
601 59 340
593 61 346
589 64 347
585 61 354
581 55 364
585 46 369
586 49 365
579 51 370
578 45 377
577 46 377
579 47 374
582 48 370
585 43 372
592 42 366
595 40 365
593 39 368
592 37 371
593 37 370
590 43 367
596 42 362
599 40 361
598 43 359
597 40 363
605 38 357
607 35 358
605 40 355
607 35 358
606 37 357
604 37 359
608 33 359
610 34 356
610 33 357
612 32 356
617 27 356
623 24 353
625 24 351
632 22 346
635 23 342
632 26 342
633 26 341
642 22 336
648 24 328
654 24 322
656 25 319
658 29 313
658 26 316
660 27 313
658 30 312
655 31 314
658 30 312
664 26 310
664 28 308
668 23 309
672 20 308
671 22 307
674 22 304
678 19 303
681 18 301
691 16 293
696 15 289
700 16 284
698 18 284
702 17 281
706 15 279
706 17 277
710 16 274
705 19 276
708 21 271
711 17 272
710 19 271
718 17 265
723 16 261
722 20 258
719 23 258
721 21 258
722 22 256
726 17 257
726 12 262
728 13 259
730 14 256
729 17 254
730 14 256
731 16 253
730 19 251
727 21 252
722 25 253
720 27 253
723 22 255
723 23 254
723 23 254
723 23 254
722 25 253
720 25 255
714 28 258
710 31 259
709 28 263
709 29 262
710 31 259
713 33 254
712 34 254
703 39 258
707 42 251
703 45 252
708 43 249
702 43 255
705 45 250
704 41 255
704 41 255
698 43 259
696 42 262
690 45 265
688 42 270
689 38 273
687 39 274
685 36 279
681 37 282
682 40 278
685 37 278
685 36 279
681 39 280
681 36 283
679 37 284
671 39 290
667 40 293
666 35 299
664 35 301
661 34 305
656 36 308
660 35 305
666 35 299
669 37 294
668 38 294
663 42 295
659 41 300
654 45 301
650 51 299
643 52 305
638 55 307
638 54 308
640 48 312
644 44 312
651 37 312
652 33 315
650 33 317
648 37 315
650 32 318
650 30 320
654 26 320
657 26 317
664 25 311
660 28 312
667 24 309
666 25 309
660 33 307
662 32 306
657 35 308
660 39 301
653 46 301
653 45 302
650 47 303
650 41 309
647 37 316
646 35 319
647 30 323
650 27 323
654 25 321
660 23 317
662 20 318
668 20 312
677 21 302
681 21 298
683 21 296
684 21 295
686 18 296
686 19 295
690 16 294
694 17 289
696 17 287
694 22 284
697 19 284
698 18 284
700 18 282
704 15 281
708 15 277
705 22 273
705 25 270
704 27 269
701 32 267
699 32 269
697 32 271
697 32 271
694 30 276
691 31 278
690 33 277
681 39 280
679 39 282
681 38 281
674 40 286
676 37 287
673 37 290
672 38 290
669 40 291
670 35 295
668 38 294
671 32 297
673 32 295
676 30 294
