998 2 0
996 3 1
992 7 1
985 14 1
973 21 6
959 30 11
949 38 13
924 60 16
899 74 27
876 78 46
853 91 56
840 94 66
815 107 78
794 110 96
767 129 104
739 134 127
720 131 149
699 141 160
678 140 182
654 150 196
631 151 218
606 151 243
595 146 259
584 136 280
569 134 297
562 132 306
553 116 331
544 109 347
542 101 357
536 101 363
536 84 380
542 78 380
538 81 381
534 81 385
536 75 389
534 71 395
531 65 404
534 61 405
534 58 408
536 55 409
538 49 413
542 44 414
540 38 422
546 34 420
548 34 418
554 31 415
561 27 412
568 26 406
571 24 405
575 21 404
577 19 404
585 11 404
592 11 397
597 12 391
603 11 386
612 9 379
617 9 374
624 7 369
625 6 369
629 7 364
635 4 361
641 5 354
649 6 345
649 7 344
656 4 340
663 1 336
672 1 327
681 1 318
685 0 315
697 0 303
702 0 298
712 0 288
718 0 282
722 1 277
724 0 276
730 0 270
735 0 265
743 0 257
747 0 253
755 0 245
759 0 241
761 0 239
763 2 235
763 3 234
766 3 231
768 5 227
775 4 221
774 8 218
770 15 215
764 17 219
757 25 218
751 32 217
743 41 216
731 51 218
718 58 224
708 58 234
702 60 238
691 63 246
676 66 258
648 86 266
624 96 280
607 99 294
593 99 308
583 100 317
572 103 325
563 98 339
557 99 344
548 102 350
542 98 360
537 92 371
532 93 375
532 82 386
532 75 393
536 70 394
538 60 402
535 57 408
530 59 411
532 51 417
530 54 416
533 52 415
535 50 415
535 47 418
539 44 417
544 42 414
554 34 412
550 35 415
550 39 411
549 36 415
556 34 410
555 34 411
552 39 409
559 33 408
561 36 403
568 35 397
568 36 396
574 34 392
570 41 389
571 43 386
569 42 389
569 40 391
565 41 394
568 38 394
570 36 394
570 37 393
572 32 396
578 27 395
583 23 394
585 23 392
590 22 388
596 21 383
598 22 380
602 20 378
604 20 376
611 16 373
613 16 371
613 19 368
622 19 359
624 22 354
627 23 350
630 25 345
628 24 348
629 21 350
638 21 341
645 17 338
650 18 332
653 17 330
656 17 327
662 17 321
663 13 324
667 11 322
665 13 322
664 16 320
664 18 318
668 17 315
669 15 316
677 15 308
677 16 307
678 18 304
683 18 299
694 16 290
696 18 286
698 18 284
696 19 285
693 26 281
690 30 280
685 33 282
682 32 286
680 33 287
682 30 288
681 33 286
682 32 286
682 35 283
680 35 285
676 42 282
672 43 285
669 44 287
659 52 289
653 55 292
648 58 294
639 64 297
637 58 305
639 50 311
646 42 312
641 45 314
634 48 318
639 42 319
636 42 322
638 46 316
637 44 319
633 47 320
632 39 329
634 38 328
635 34 331
636 30 334
636 30 334
634 31 335
632 30 338
632 30 338
639 21 340
647 18 335
655 13 332
659 13 328
661 13 326
661 12 327
666 13 321
669 12 319
670 15 315
672 17 311
675 17 308
677 17 306
682 13 305
684 11 305
694 11 295
697 8 295
697 10 293
700 9 291
705 9 286
708 9 283
712 10 278
715 8 277
722 8 270
725 8 267
728 8 264
726 12 262
724 17 259
722 23 255
723 24 253
720 28 252
717 28 255
711 35 254
702 40 258
701 35 264
698 38 264
687 45 268
675 55 270
663 54 283
652 50 298
648 49 303
642 50 308
641 50 309
644 47 309
642 38 320
643 39 318
643 41 316
644 42 314
638 47 315
637 52 311
633 54 313
631 45 324
631 48 321
626 44 330
616 48 336
619 43 338
619 43 338
625 42 333
626 36 338
628 34 338
633 30 337
639 27 334
643 25 332
643 21 336
649 19 332
655 18 327
654 19 327
659 16 325
664 14 322
666 11 323
669 9 322
674 8 318
682 8 310
680 8 312
680 9 311
685 5 310
690 5 305
694 5 301
703 2 295
710 2 288
714 2 284
721 1 278
728 1 271
734 1 265
739 1 260
740 1 259
749 1 250
756 1 243
763 1 236
766 1 233
769 1 230
772 1 227
776 1 223
778 1 221
785 0 215
792 0 208
792 0 208
797 0 203
801 0 199
804 0 196
806 0 194
809 0 191
811 0 189
814 0 186
816 0 184
818 0 182
823 0 177
827 0 173
830 0 170
834 0 166
835 0 165
835 0 165
837 0 163
840 0 160
846 0 154
848 0 152
850 0 150
852 0 148
854 0 146
854 0 146
856 0 144
858 0 142
860 0 140
863 0 137
866 0 134
870 0 130
874 0 126
876 0 124
879 0 121
881 0 119
884 0 116
885 0 115
885 0 115
887 0 113
888 0 112
891 0 109
896 0 104
899 0 101
899 0 101
901 0 99
902 0 98
904 0 96
908 0 92
910 0 90
911 0 89
911 0 89
911 0 89
912 0 88
912 0 88
912 0 88
915 0 85
917 0 83
917 0 83
917 0 83
918 0 82
918 0 82
920 0 80
922 0 78
922 0 78
923 0 77
923 0 77
924 0 76
927 0 73
928 0 72
929 0 71
929 0 71
931 0 69
932 0 68
935 0 65
937 0 63
938 0 62
938 0 62
938 0 62
938 0 62
940 0 60
940 0 60
943 0 57
946 0 54
946 0 54
946 0 54
946 0 54
946 0 54
946 0 54
949 0 51
950 0 50
950 0 50
950 0 50
951 0 49
951 0 49
952 0 48
954 0 46
955 0 45
956 0 44
956 0 44
957 0 43
957 0 43
959 0 41
960 0 40
960 0 40
961 0 39
961 0 39
961 0 39
962 0 38
962 0 38
963 0 37
963 0 37
963 0 37
963 0 37
966 0 34
966 0 34
967 0 33
967 0 33
967 0 33
967 0 33
967 0 33
967 0 33
969 0 31
970 0 30
970 0 30
970 0 30
971 0 29
971 0 29
972 0 28
973 0 27
973 0 27
973 0 27
973 0 27
974 0 26
974 0 26
974 0 26
974 0 26
975 0 25
977 0 23
977 0 23
978 0 22
978 0 22
978 0 22
980 0 20
980 0 20
982 0 18
982 0 18
982 0 18
982 0 18
982 0 18
982 0 18
982 0 18
982 0 18
982 0 18
982 0 18
983 0 17
983 0 17
983 0 17
983 0 17
983 0 17
983 0 17
984 0 16
984 0 16
984 0 16
985 0 15
986 0 14
986 0 14
986 0 14
986 0 14
986 0 14
986 0 14
986 0 14
986 0 14
987 0 13
987 0 13
987 0 13
987 0 13
988 0 12
988 0 12
989 0 11
989 0 11
989 0 11
989 0 11
989 0 11
989 0 11
989 0 11
990 0 10
990 0 10
990 0 10
990 0 10
990 0 10
990 0 10
990 0 10
990 0 10
990 0 10
990 0 10
990 0 10
991 0 9
991 0 9
991 0 9
991 0 9
991 0 9
991 0 9
991 0 9
991 0 9
991 0 9
991 0 9
991 0 9
991 0 9
991 0 9
991 0 9
991 0 9
991 0 9
991 0 9
991 0 9
991 0 9
991 0 9
991 0 9
991 0 9
991 0 9
991 0 9
991 0 9
991 0 9
991 0 9
991 0 9
991 0 9
991 0 9
992 0 8
992 0 8
992 0 8
994 0 6
994 0 6
994 0 6
994 0 6
994 0 6
994 0 6
994 0 6
994 0 6
994 0 6
994 0 6
994 0 6
994 0 6
994 0 6
994 0 6
994 0 6
994 0 6
994 0 6
994 0 6
994 0 6
994 0 6
994 0 6
994 0 6
994 0 6
994 0 6
994 0 6
994 0 6
994 0 6
994 0 6
994 0 6
994 0 6
994 0 6
995 0 5
995 0 5
995 0 5
995 0 5
995 0 5
995 0 5
995 0 5
995 0 5
995 0 5
995 0 5
995 0 5
995 0 5
995 0 5
995 0 5
995 0 5
995 0 5
995 0 5
995 0 5
996 0 4
996 0 4
996 0 4
996 0 4
996 0 4
996 0 4
996 0 4
996 0 4
996 0 4
996 0 4
996 0 4
996 0 4
996 0 4
997 0 3
997 0 3
997 0 3
997 0 3
997 0 3
997 0 3
997 0 3
997 0 3
997 0 3
997 0 3
997 0 3
997 0 3
997 0 3
997 0 3
997 0 3
997 0 3
997 0 3
997 0 3
997 0 3
997 0 3
997 0 3
997 0 3
997 0 3
997 0 3
997 0 3
997 0 3
997 0 3
997 0 3
997 0 3
997 0 3
997 0 3
997 0 3
997 0 3
997 0 3
997 0 3
997 0 3
997 0 3
997 0 3
997 0 3
997 0 3
997 0 3
997 0 3
997 0 3
997 0 3
997 0 3
997 0 3
997 0 3
997 0 3
997 0 3
998 0 2
998 0 2
998 0 2
998 0 2
998 0 2
998 0 2
998 0 2
998 0 2
998 0 2
998 0 2
998 0 2
998 0 2
998 0 2
999 0 1
999 0 1
999 0 1
999 0 1
999 0 1
999 0 1
999 0 1
999 0 1
999 0 1
999 0 1
999 0 1
999 0 1
999 0 1
999 0 1
999 0 1
999 0 1
999 0 1
999 0 1
999 0 1
999 0 1
999 0 1
999 0 1
999 0 1
999 0 1
999 0 1
999 0 1
999 0 1
999 0 1
999 0 1
999 0 1
999 0 1
999 0 1
999 0 1
999 0 1
999 0 1
999 0 1
999 0 1
999 0 1
999 0 1
999 0 1
999 0 1
999 0 1
999 0 1
999 0 1
999 0 1
999 0 1
999 0 1
999 0 1
999 0 1
999 0 1
999 0 1
999 0 1
999 0 1
999 0 1
999 0 1
999 0 1
999 0 1
999 0 1
999 0 1
999 0 1
999 0 1
999 0 1
999 0 1
999 0 1
999 0 1
999 0 1
999 0 1
999 0 1
999 0 1
999 0 1
999 0 1
999 0 1
999 0 1
999 0 1
999 0 1
999 0 1
1000 0 0
1000 0 0
1000 0 0
1000 0 0
1000 0 0
1000 0 0
1000 0 0
1000 0 0
1000 0 0
1000 0 0
1000 0 0
1000 0 0
1000 0 0
1000 0 0
1000 0 0
1000 0 0
1000 0 0
1000 0 0
1000 0 0
1000 0 0
1000 0 0
1000 0 0
1000 0 0
1000 0 0
1000 0 0
1000 0 0
1000 0 0
1000 0 0
1000 0 0
1000 0 0
1000 0 0
1000 0 0
1000 0 0
1000 0 0
1000 0 0
1000 0 0
1000 0 0
1000 0 0
1000 0 0
1000 0 0
1000 0 0
1000 0 0
1000 0 0
1000 0 0
1000 0 0
1000 0 0
1000 0 0
1000 0 0
1000 0 0
1000 0 0
1000 0 0
1000 0 0
1000 0 0
1000 0 0
1000 0 0
1000 0 0
1000 0 0
1000 0 0
1000 0 0
1000 0 0
1000 0 0
1000 0 0
1000 0 0
1000 0 0
1000 0 0
1000 0 0
1000 0 0
1000 0 0
1000 0 0
1000 0 0
1000 0 0
1000 0 0
1000 0 0
1000 0 0
1000 0 0
1000 0 0
1000 0 0
1000 0 0
1000 0 0
1000 0 0
1000 0 0
1000 0 0
1000 0 0
1000 0 0
1000 0 0
1000 0 0
1000 0 0
1000 0 0
1000 0 0
1000 0 0
1000 0 0
1000 0 0
1000 0 0
1000 0 0
1000 0 0
1000 0 0
1000 0 0
1000 0 0
1000 0 0
1000 0 0
1000 0 0
1000 0 0
1000 0 0
1000 0 0
1000 0 0
1000 0 0
1000 0 0
1000 0 0
1000 0 0
1000 0 0
1000 0 0
1000 0 0
1000 0 0
1000 0 0
1000 0 0
1000 0 0
1000 0 0
1000 0 0
1000 0 0
1000 0 0
1000 0 0
1000 0 0
1000 0 0
1000 0 0
1000 0 0
1000 0 0
1000 0 0
1000 0 0
1000 0 0
1000 0 0
1000 0 0
1000 0 0
1000 0 0
1000 0 0
1000 0 0
1000 0 0
1000 0 0
1000 0 0
1000 0 0
1000 0 0
1000 0 0
1000 0 0
1000 0 0
1000 0 0
1000 0 0
1000 0 0
1000 0 0
1000 0 0
1000 0 0
1000 0 0
1000 0 0
1000 0 0
1000 0 0
1000 0 0
1000 0 0
1000 0 0
1000 0 0
1000 0 0
1000 0 0
1000 0 0
1000 0 0
1000 0 0
1000 0 0
1000 0 0
1000 0 0
1000 0 0
1000 0 0
1000 0 0
1000 0 0
1000 0 0
1000 0 0
1000 0 0
1000 0 0
1000 0 0
1000 0 0
1000 0 0
1000 0 0
1000 0 0
1000 0 0
1000 0 0
1000 0 0
1000 0 0
1000 0 0
1000 0 0
1000 0 0
1000 0 0
1000 0 0
1000 0 0
1000 0 0
1000 0 0
1000 0 0
1000 0 0
1000 0 0
1000 0 0
1000 0 0
1000 0 0
1000 0 0
1000 0 0
1000 0 0
1000 0 0
1000 0 0
1000 0 0
1000 0 0
1000 0 0
1000 0 0
1000 0 0
1000 0 0
1000 0 0
1000 0 0
1000 0 0
1000 0 0
1000 0 0
1000 0 0
1000 0 0
1000 0 0
1000 0 0
1000 0 0
1000 0 0
1000 0 0
1000 0 0
1000 0 0
1000 0 0
1000 0 0
1000 0 0
1000 0 0
1000 0 0
1000 0 0
1000 0 0
1000 0 0
1000 0 0
1000 0 0
1000 0 0
1000 0 0
1000 0 0
1000 0 0
1000 0 0
1000 0 0
1000 0 0
1000 0 0
1000 0 0
1000 0 0
1000 0 0
1000 0 0
1000 0 0
1000 0 0
1000 0 0
1000 0 0
1000 0 0
1000 0 0
1000 0 0
1000 0 0
1000 0 0
1000 0 0
1000 0 0
1000 0 0
1000 0 0
1000 0 0
1000 0 0
1000 0 0
1000 0 0
