998 2 0
998 1 1
998 0 2
999 0 1
999 0 1
999 0 1
999 0 1
999 0 1
999 0 1
999 0 1
999 0 1
999 0 1
999 0 1
1000 0 0
1000 0 0
1000 0 0
1000 0 0
1000 0 0
1000 0 0
1000 0 0
996 4 0
989 11 0
981 15 4
976 16 8
971 19 10
961 25 14
941 41 18
913 65 22
884 78 38
858 91 51
829 99 72
796 120 84
767 126 107
736 134 130
712 135 153
689 137 174
673 135 192
654 134 212
635 137 228
619 138 243
603 136 261
593 125 282
585 113 302
570 111 319
563 96 341
553 95 352
555 79 366
543 86 371
536 81 383
537 77 386
536 73 391
524 80 396
529 79 392
529 72 399
534 67 399
539 58 403
544 51 405
545 51 404
541 54 405
538 50 412
536 55 409
532 58 410
516 65 419
515 65 420
522 51 427
521 53 426
521 49 430
519 46 435
518 48 434
520 51 429
519 55 426
519 49 432
529 39 432
538 36 426
538 35 427
543 33 424
543 27 430
545 27 428
548 26 426
555 26 419
559 21 420
567 22 411
573 19 408
578 11 411
582 12 406
595 12 393
600 10 390
604 11 385
612 8 380
616 10 374
616 14 370
618 12 370
625 12 363
632 8 360
629 13 358
632 10 358
636 12 352
636 13 351
635 15 350
636 21 343
646 19 335
652 21 327
652 22 326
657 22 321
659 21 320
658 22 320
660 22 318
659 23 318
660 21 319
662 18 320
666 19 315
665 21 314
668 21 311
672 19 309
676 18 306
675 22 303
676 24 300
675 30 295
670 35 295
668 37 295
666 42 292
664 45 291
664 42 294
662 40 298
661 42 297
653 50 297
649 54 297
636 60 304
631 56 313
622 54 324
620 50 330
616 50 334
617 45 338
620 43 337
622 41 337
626 36 338
624 41 335
622 43 335
624 40 336
630 37 333
638 35 327
645 29 326
650 28 322
653 23 324
655 19 326
668 20 312
668 17 315
674 15 311
676 13 311
676 14 310
678 14 308
682 13 305
687 12 301
689 14 297
698 12 290
706 13 281
702 17 281
705 21 274
704 21 275
706 23 271
704 26 270
703 27 270
702 24 274
704 22 274
708 22 270
711 22 267
708 28 264
704 26 270
704 23 273
704 20 276
708 19 273
712 20 268
717 19 264
721 19 260
723 15 262
724 19 257
715 26 259
709 34 257
707 36 257
707 38 255
700 40 260
698 37 265
689 44 267
688 42 270
682 42 276
678 41 281
672 42 286
669 40 291
668 43 289
657 43 300
660 44 296
655 50 295
653 52 295
647 56 297
642 59 299
643 55 302
642 49 309
635 42 323
638 40 322
635 41 324
627 49 324
620 47 333
623 43 334
626 49 325
632 47 321
630 44 326
627 47 326
626 47 327
624 55 321
623 51 326
621 54 325
621 51 328
621 57 322
626 53 321
628 53 319
624 52 324
621 51 328
618 49 333
615 46 339
617 44 339
620 44 336
629 37 334
630 36 334
633 35 332
634 39 327
633 39 328
633 36 331
632 38 330
638 39 323
639 38 323
642 37 321
645 40 315
646 38 316
649 30 321
654 25 321
655 26 319
661 22 317
664 21 315
666 18 316
667 19 314
671 19 310
674 19 307
675 22 303
675 23 302
668 25 307
672 20 308
672 20 308
680 18 302
677 19 304
680 19 301
683 19 298
684 16 300
686 17 297
683 21 296
689 22 289
685 20 295
686 23 291
681 27 292
683 29 288
682 30 288
681 27 292
688 26 286
684 30 286
683 32 285
683 28 289
673 34 293
671 40 289
667 41 292
664 45 291
660 51 289
663 49 288
664 47 289
666 42 292
664 45 291
661 38 301
660 41 299
657 43 300
656 43 301
659 35 306
653 39 308
652 38 310
648 40 312
644 39 317
639 43 318
639 41 320
643 35 322
653 34 313
651 39 310
654 39 307
654 40 306
652 41 307
653 40 307
645 37 318
641 38 321
638 39 323
639 40 321
637 42 321
641 37 322
641 34 325
641 36 323
642 37 321
642 37 321
641 34 325
638 36 326
639 37 324
638 37 325
641 28 331
645 24 331
646 24 330
645 24 331
647 21 332
650 17 333
659 15 326
662 14 324
670 12 318
675 9 316
681 9 310
685 11 304
689 12 299
696 12 292
696 14 290
701 12 287
699 15 286
702 16 282
702 15 283
705 16 279
696 27 277
694 29 277
700 27 273
700 30 270
699 32 269
699 32 269
698 31 271
696 31 273
698 29 273
692 32 276
697 34 269
697 33 270
701 33 266
702 34 264
699 35 266
703 33 264
704 28 268
704 27 269
708 24 268
705 24 271
708 23 269
709 23 268
708 23 269
710 26 264
710 28 262
708 28 264
709 31 260
710 30 260
710 32 258
709 34 257
711 33 256
710 39 251
709 36 255
704 40 256
702 41 257
706 32 262
705 32 263
710 31 259
706 34 260
710 31 259
707 29 264
700 32 268
703 32 265
700 39 261
694 46 260
690 54 256
681 57 262
685 54 261
680 58 262
668 63 269
660 66 274
645 76 279
639 72 289
635 68 297
631 68 301
630 66 304
627 65 308
622 62 316
617 58 325
610 56 334
608 54 338
601 54 345
598 56 346
589 62 349
587 59 354
582 58 360
591 53 356
587 47 366
584 47 369
584 44 372
587 41 372
587 43 370
589 41 370
588 46 366
590 44 366
586 47 367
582 44 374
570 55 375
563 58 379
563 55 382
561 47 392
561 43 396
563 40 397
564 38 398
569 36 395
577 34 389
581 30 389
586 31 383
595 30 375
606 32 362
605 34 361
608 31 361
607 30 363
604 32 364
601 27 372
609 26 365
609 30 361
611 30 359
608 30 362
614 22 364
616 24 360
618 27 355
620 29 351
615 35 350
619 31 350
620 30 350
622 30 348
624 26 350
628 25 347
633 25 342
637 23 340
638 22 340
639 20 341
641 20 339
641 18 341
644 16 340
649 18 333
653 17 330
663 17 320
669 14 317
674 16 310
679 18 303
683 17 300
684 17 299
685 18 297
687 17 296
689 19 292
692 16 292
690 22 288
688 21 291
683 23 294
688 19 293
687 24 289
688 25 287
694 20 286
697 17 286
700 16 284
701 15 284
708 16 276
707 17 276
709 16 275
708 19 273
711 15 274
707 17 276
712 21 267
705 27 268
703 25 272
699 24 277
700 22 278
701 23 276
696 27 277
687 31 282
691 29 280
692 30 278
685 30 285
675 35 290
672 39 289
670 42 288
666 42 292
661 45 294
661 38 301
659 37 304
660 35 305
649 45 306
644 47 309
641 42 317
639 48 313
634 49 317
625 53 322
620 50 330
619 50 331
618 49 333
614 41 345
607 49 344
611 38 351
612 35 353
618 36 346
613 38 349
611 45 344
605 45 350
601 41 358
601 42 357
604 34 362
606 32 362
606 33 361
606 35 359
607 34 359
606 37 357
603 41 356
599 44 357
591 51 358
588 56 356
584 61 355
582 61 357
583 55 362
581 52 367
582 51 367
577 53 370
573 51 376
572 49 379
566 48 386
557 58 385
553 62 385
542 68 390
538 64 398
532 66 402
536 68 396
537 61 402
543 54 403
542 53 405
542 49 409
552 41 407
553 40 407
555 37 408
565 37 398
568 37 395
574 34 392
577 30 393
580 32 388
581 32 387
586 29 385
588 23 389
590 21 389
602 18 380
613 13 374
618 14 368
621 15 364
629 13 358
639 12 349
648 13 339
648 12 340
658 8 334
661 8 331
666 8 326
678 6 316
680 6 314
688 6 306
692 6 302
702 5 293
709 5 286
713 9 278
721 9 270
721 10 269
717 15 268
718 14 268
715 18 267
714 17 269
719 17 264
719 16 265
722 15 263
726 15 259
724 16 260
724 15 261
729 13 258
733 15 252
728 18 254
728 19 253
725 19 256
728 17 255
728 21 251
732 22 246
735 20 245
738 22 240
738 23 239
731 29 240
724 36 240
721 41 238
706 51 243
703 46 251
701 46 253
683 62 255
676 58 266
661 65 274
653 65 282
646 65 289
648 62 290
642 61 297
637 62 301
635 63 302
636 59 305
636 51 313
635 46 319
633 45 322
635 43 322
637 44 319
642 36 322
644 32 324
651 28 321
645 38 317
640 41 319
639 40 321
635 44 321
637 42 321
637 41 322
644 27 329
649 25 326
650 25 325
644 29 327
642 24 334
640 28 332
641 31 328
639 36 325
643 33 324
646 26 328
643 29 328
647 23 330
652 19 329
658 19 323
662 17 321
662 17 321
665 20 315
671 19 310
671 18 311
678 14 308
684 12 304
685 13 302
689 13 298
694 13 293
699 14 287
701 13 286
699 14 287
701 14 285
703 12 285
705 12 283
704 14 282
712 15 273
713 16 271
716 11 273
717 12 271
721 13 266
723 9 268
724 11 265
724 14 262
725 13 262
725 13 262
729 10 261
730 13 257
730 12 258
732 12 256
738 10 252
742 10 248
750 9 241
753 7 240
757 6 237
762 6 232
758 11 231
759 10 231
756 12 232
759 13 228
762 11 227
764 13 223
758 19 223
756 23 221
752 21 227
748 28 224
740 32 228
736 33 231
722 43 235
712 44 244
704 45 251
700 43 257
703 42 255
697 45 258
690 47 263
685 52 263
680 51 269
678 46 276
674 46 280
670 44 286
666 45 289
664 42 294
666 42 292
671 38 291
667 42 291
667 39 294
673 38 289
673 31 296
678 27 295
677 28 295
676 29 295
674 30 296
676 32 292
680 27 293
676 31 293
670 30 300
673 29 298
667 34 299
667 40 293
670 37 293
665 40 295
657 42 301
655 42 303
642 51 307
637 47 316
636 46 318
624 54 322
621 59 320
620 58 322
610 65 325
606 67 327
606 60 334
609 56 335
609 47 344
614 44 342
616 39 345
617 42 341
612 46 342
613 49 338
615 43 342
615 38 347
622 31 347
626 27 347
632 27 341
633 29 338
633 29 338
635 30 335
635 28 337
640 24 336
639 27 334
642 25 333
647 27 326
645 28 327
649 24 327
651 26 323
655 27 318
652 27 321
656 28 316
657 24 319
666 23 311
670 18 312
676 13 311
678 14 308
684 12 304
682 15 303
685 17 298
685 22 293
691 20 289
684 23 293
690 22 288
690 27 283
698 25 277
700 22 278
704 22 274
707 22 271
703 28 269
695 34 271
680 45 275
678 45 277
680 45 275
671 48 281
659 55 286
655 57 288
648 57 295
636 63 301
636 57 307
626 57 317
619 59 322
608 64 328
608 58 334
613 56 331
607 55 338
604 56 340
597 56 347
593 56 351
586 56 358
579 55 366
583 51 366
578 46 376
577 46 377
574 47 379
577 48 375
578 40 382
578 40 382
581 35 384
585 28 387
590 24 386
594 23 383
600 21 379
601 24 375
594 38 368
592 38 370
597 45 358
595 46 359
592 43 365
591 45 364
589 49 362
582 51 367
580 45 375
577 51 372
571 61 368
572 55 373
574 47 379
573 48 379
566 54 380
568 51 381
567 51 382
575 50 375
577 51 372
576 44 380
580 48 372
581 46 373
582 43 375
584 39 377
585 36 379
592 34 374
595 30 375
602 28 370
610 25 365
612 29 359
619 27 354
622 28 350
621 30 349
621 28 351
627 25 348
639 24 337
640 20 340
645 18 337
650 17 333
654 17 329
659 9 332
663 7 330
664 8 328
656 18 326
659 19 322
661 23 316
661 25 314
655 35 310
654 37 309
645 44 311
646 46 308
642 49 309
642 49 309
644 52 304
644 52 304
640 53 307
636 61 303
633 58 309
624 59 317
620 58 322
624 54 322
616 56 328
608 58 334
600 56 344
599 51 350
593 55 352
590 55 355
591 45 364
583 50 367
588 45 367
580 44 376
583 44 373
584 38 378
583 37 380
585 41 374
582 41 377
582 39 379
582 42 376
578 49 373
576 45 379
582 42 376
584 37 379
594 32 374
595 29 376
591 32 377
591 31 378
592 29 379
599 22 379
605 21 374
607 20 373
615 15 370
616 14 370
622 16 362
624 19 357
627 16 357
628 18 354
631 16 353
631 19 350
632 19 349
635 22 343
642 17 341
640 21 339
644 25 331
648 22 330
648 20 332
647 25 328
649 27 324
649 30 321
648 28 324
649 26 325
650 27 323
647 27 326
652 25 323
647 30 323
643 29 328
647 35 318
646 35 319
642 34 324
644 36 320
643 42 315
633 47 320
622 56 322
616 47 337
624 40 336
622 36 342
626 29 345
627 28 345
619 32 349
622 28 350
628 26 346
627 25 348
626 28 346
636 23 341
636 29 335
637 36 327
643 26 331
639 28 333
639 25 336
639 27 334
635 34 331
633 32 335
642 30 328
649 25 326
652 25 323
650 30 320
643 34 323
646 28 326
643 31 326
646 32 322
652 30 318
654 32 314
652 34 314
659 29 312
661 24 315
661 21 318
664 18 318
667 18 315
665 17 318
672 13 315
677 12 311
675 15 310
674 19 307
676 21 303
679 20 301
683 18 299
693 14 293
694 14 292
697 11 292
700 12 288
708 11 281
712 12 276
711 15 274
712 18 270
707 23 270
705 23 272
706 23 271
711 20 269
711 23 266
709 23 268
714 19 267
718 21 261
724 21 255
727 17 256
730 18 252
733 14 253
733 13 254
734 10 256
732 13 255
731 12 257
735 10 255
731 16 253
733 17 250
731 20 249
724 24 252
726 20 254
734 21 245
