998 2 0
997 3 0
997 3 0
997 3 0
996 3 1
995 4 1
993 6 1
992 5 3
991 6 3
988 9 3
982 14 4
969 27 4
958 33 9
942 38 20
931 44 25
912 54 34
880 79 41
846 99 55
804 122 74
756 146 98
712 173 115
668 196 136
625 214 161
588 219 193
560 197 243
525 194 281
506 196 298
482 197 321
468 185 347
448 173 379
446 156 398
434 148 418
430 138 432
420 127 453
412 125 463
414 116 470
411 102 487
414 90 496
416 86 498
417 80 503
415 84 501
419 79 502
420 69 511
418 61 521
427 53 520
431 53 516
434 50 516
444 45 511
448 41 511
445 37 518
447 35 518
454 32 514
465 27 508
472 24 504
481 20 499
489 18 493
495 18 487
502 17 481
510 17 473
525 15 460
530 14 456
527 20 453
529 20 451
534 17 449
541 15 444
546 15 439
551 14 435
558 16 426
560 14 426
570 13 417
576 13 411
583 12 405
586 13 401
592 12 396
597 9 394
606 7 387
610 7 383
617 5 378
622 4 374
635 4 361
639 4 357
648 5 347
653 3 344
656 5 339
656 10 334
658 9 333
662 8 330
662 15 323
665 16 319
666 23 311
658 30 312
656 31 313
651 36 313
642 42 316
641 50 309
640 44 316
634 50 316
629 50 321
624 50 326
622 48 330
622 48 330
620 46 334
614 48 338
613 47 340
606 54 340
609 47 344
605 50 345
600 48 352
596 50 354
597 51 352
599 45 356
599 43 358
602 42 356
592 52 356
593 47 360
592 49 359
593 46 361
597 47 356
604 41 355
606 39 355
606 37 357
611 32 357
618 36 346
618 36 346
617 36 347
618 35 347
630 29 341
634 26 340
634 27 339
636 21 343
639 18 343
647 19 334
652 19 329
658 16 326
655 21 324
659 22 319
662 21 317
666 23 311
663 29 308
669 30 301
670 21 309
673 17 310
675 18 307
680 19 301
685 21 294
684 24 292
689 24 287
681 33 286
671 41 288
660 45 295
655 48 297
651 48 301
653 44 303
649 42 309
649 38 313
642 39 319
638 39 323
641 34 325
643 32 325
642 37 321
636 39 325
635 39 326
635 39 326
629 51 320
623 56 321
623 50 327
622 50 328
623 51 326
623 50 327
618 53 329
620 49 331
624 46 330
629 43 328
629 43 328
635 37 328
629 39 332
630 30 340
639 28 333
637 32 331
637 31 332
641 33 326
643 31 326
642 30 328
639 36 325
633 37 330
627 49 324
632 44 324
628 42 330
622 40 338
609 50 341
602 55 343
596 53 351
585 65 350
576 72 352
566 77 357
560 77 363
559 76 365
554 78 368
543 78 379
537 87 376
529 91 380
528 83 389
529 77 394
523 75 402
521 69 410
515 69 416
512 72 416
515 64 421
522 56 422
528 51 421
534 41 425
540 36 424
542 34 424
542 36 422
543 35 422
540 39 421
535 45 420
540 43 417
541 43 416
538 49 413
536 53 411
536 53 411
529 51 420
526 48 426
528 45 427
530 37 433
534 38 428
539 33 428
542 30 428
541 30 429
544 31 425
545 28 427
550 19 431
560 20 420
573 19 408
575 22 403
576 23 401
578 24 398
577 21 402
582 22 396
588 17 395
597 18 385
604 15 381
607 16 377
616 15 369
613 17 370
618 19 363
617 21 362
620 18 362
621 20 359
622 21 357
629 18 353
635 15 350
638 16 346
638 18 344
642 15 343
645 15 340
649 19 332
652 21 327
653 22 325
654 22 324
655 21 324
651 23 326
648 31 321
644 35 321
639 36 325
640 31 329
646 33 321
639 39 322
632 41 327
636 46 318
635 48 317
622 59 319
614 59 327
616 57 327
612 53 335
607 56 337
606 52 342
608 47 345
605 50 345
601 52 347
597 50 353
598 50 352
597 45 358
591 42 367
594 42 364
596 35 369
598 39 363
600 41 359
603 39 358
608 34 358
612 36 352
615 35 350
624 37 339
629 33 338
633 29 338
639 27 334
653 25 322
659 27 314
664 21 315
674 17 309
676 18 306
684 14 302
684 13 303
687 13 300
692 13 295
696 12 292
701 10 289
706 9 285
709 10 281
713 8 279
716 9 275
721 10 269
723 9 268
724 7 269
723 8 269
726 7 267
731 9 260
729 11 260
728 10 262
731 12 257
728 17 255
725 20 255
728 19 253
731 17 252
734 19 247
729 21 250
730 19 251
724 26 250
723 24 253
719 27 254
712 33 255
707 36 257
704 38 258
704 29 267
712 25 263
707 30 263
702 37 261
704 36 260
698 36 266
699 39 262
693 36 271
692 34 274
695 32 273
694 32 274
682 37 281
676 43 281
680 42 278
680 43 277
676 43 281
669 43 288
667 43 290
656 45 299
651 45 304
654 40 306
648 45 307
644 48 308
634 58 308
634 56 310
634 57 309
632 60 308
632 57 311
629 49 322
632 43 325
630 50 320
629 45 326
632 39 329
624 43 333
612 52 336
608 51 341
600 60 340
596 64 340
591 58 351
588 57 355
587 56 357
580 54 366
579 51 370
577 44 379
579 40 381
586 35 379
589 34 377
592 31 377
593 32 375
596 32 372
600 35 365
602 36 362
602 34 364
601 37 362
595 44 361
594 43 363
595 44 361
592 49 359
588 45 367
588 43 369
589 43 368
597 37 366
600 36 364
604 31 365
611 28 361
616 28 356
619 24 357
623 21 356
625 19 356
636 19 345
641 21 338
645 16 339
652 15 333
656 13 331
658 15 327
660 16 324
662 16 322
669 18 313
679 15 306
683 13 304
687 11 302
689 10 301
697 10 293
701 9 290
700 10 290
704 10 286
703 13 284
699 17 284
699 22 279
696 26 278
693 27 280
698 26 276
700 24 276
699 22 279
703 17 280
702 16 282
705 21 274
707 20 273
707 23 270
713 21 266
711 24 265
714 25 261
712 25 263
711 29 260
712 26 262
711 27 262
705 26 269
706 29 265
703 32 265
702 31 267
696 38 266
683 47 270
681 50 269
677 50 273
667 53 280
652 61 287
644 63 293
643 63 294
643 56 301
638 56 306
630 64 306
623 55 322
621 58 321
615 57 328
608 60 332
595 70 335
592 72 336
586 73 341
577 70 353
573 70 357
571 65 364
572 62 366
566 65 369
565 61 374
566 59 375
567 60 373
569 58 373
575 54 371
578 51 371
578 54 368
583 49 368
590 44 366
591 41 368
594 35 371
597 34 369
592 36 372
593 37 370
593 36 371
589 40 371
583 45 372
582 44 374
579 44 377
570 48 382
574 43 383
570 47 383
573 47 380
580 47 373
579 51 370
570 54 376
573 43 384
569 43 388
568 42 390
567 46 387
570 41 389
573 40 387
567 44 389
569 38 393
570 33 397
575 35 390
580 35 385
582 30 388
586 26 388
592 23 385
601 23 376
608 25 367
612 23 365
615 19 366
618 17 365
624 17 359
625 21 354
629 20 351
629 22 349
631 23 346
634 22 344
634 24 342
631 25 344
635 26 339
640 25 335
636 33 331
634 34 332
633 29 338
634 27 339
637 28 335
645 28 327
645 24 331
646 21 333
646 22 332
645 23 332
642 27 331
642 26 332
645 21 334
640 23 337
644 26 330
645 25 330
651 21 328
654 24 322
653 26 321
654 27 319
659 23 318
662 19 319
666 20 314
669 20 311
674 17 309
680 16 304
687 15 298
691 13 296
695 11 294
697 11 292
702 10 288
707 11 282
713 12 275
721 10 269
727 9 264
726 12 262
726 13 261
728 11 261
732 11 257
734 11 255
734 13 253
738 13 249
739 16 245
739 14 247
744 12 244
747 15 238
754 13 233
751 16 233
753 12 235
751 12 237
751 14 235
751 13 236
754 14 232
756 13 231
757 13 230
753 17 230
751 19 230
754 20 226
752 23 225
744 28 228
742 29 229
739 34 227
731 39 230
718 49 233
719 48 233
714 46 240
712 48 240
708 48 244
703 39 258
702 39 259
698 38 264
698 40 262
695 38 267
697 31 272
691 33 276
691 27 282
692 25 283
691 29 280
696 25 279
695 24 281
698 21 281
700 24 276
700 24 276
702 26 272
701 27 272
698 29 273
688 37 275
686 39 275
683 43 274
675 53 272
674 49 277
668 51 281
663 53 284
652 56 292
646 54 300
635 58 307
629 58 313
623 59 318
621 53 326
613 58 329
612 50 338
606 53 341
603 49 348
605 48 347
617 38 345
619 38 343
619 33 348
621 34 345
623 33 344
625 34 341
625 37 338
627 37 336
623 40 337
620 47 333
621 45 334
618 42 340
613 40 347
618 37 345
616 35 349
617 36 347
615 34 351
615 32 353
620 34 346
621 37 342
627 36 337
625 40 335
623 42 335
619 43 338
615 43 342
617 38 345
625 35 340
620 37 343
624 36 340
624 39 337
625 37 338
624 35 341
632 33 335
632 30 338
632 32 336
633 29 338
638 27 335
639 31 330
640 32 328
644 28 328
650 27 323
654 25 321
650 29 321
653 27 320
653 31 316
654 28 318
653 30 317
652 34 314
652 36 312
652 35 313
651 29 320
646 36 318
639 35 326
636 40 324
641 36 323
642 30 328
642 26 332
648 19 333
652 19 329
656 19 325
652 20 328
655 20 325
656 20 324
656 18 326
654 22 324
659 21 320
663 19 318
664 23 313
672 23 305
678 20 302
680 21 299
683 20 297
677 26 297
670 35 295
661 45 294
650 53 297
643 60 297
641 55 304
638 54 308
636 52 312
633 49 318
634 49 317
625 51 324
629 44 327
630 39 331
632 34 334
625 45 330
619 46 335
623 44 333
623 39 338
624 40 336
629 40 331
633 38 329
635 36 329
635 36 329
631 40 329
629 37 334
631 35 334
625 39 336
625 40 335
630 38 332
630 36 334
627 42 331
633 41 326
637 39 324
643 37 320
644 39 317
646 37 317
652 33 315
653 33 314
654 31 315
661 27 312
664 27 309
658 32 310
656 29 315
654 29 317
650 27 323
648 31 321
648 34 318
642 37 321
638 45 317
634 53 313
637 45 318
634 48 318
621 56 323
614 60 326
606 62 332
598 63 339
587 65 348
587 66 347
587 59 354
580 60 360
580 56 364
578 52 370
585 42 373
593 45 362
594 42 364
594 38 368
597 36 367
597 36 367
595 31 374
598 28 374
593 32 375
591 32 377
594 33 373
599 27 374
604 28 368
604 25 371
608 24 368
607 30 363
602 31 367
609 31 360
618 31 351
619 33 348
614 34 352
618 29 353
625 28 347
633 25 342
638 27 335
640 27 333
643 29 328
642 33 325
636 37 327
636 43 321
634 47 319
626 52 322
620 51 329
618 48 334
617 45 338
619 45 336
616 39 345
615 46 339
616 44 340
602 50 348
597 47 356
593 53 354
587 49 364
583 57 360
584 58 358
585 54 361
588 51 361
589 50 361
590 43 367
592 42 366
594 40 366
597 34 369
597 32 371
600 26 374
606 24 370
609 27 364
614 28 358
616 28 356
616 29 355
617 27 356
618 29 353
619 36 345
610 41 349
603 42 355
607 43 350
591 57 352
588 59 353
582 59 359
584 54 362
582 59 359
574 61 365
567 61 372
567 55 378
566 53 381
562 49 389
570 44 386
572 39 389
577 36 387
583 30 387
588 22 390
592 21 387
596 18 386
599 17 384
597 23 380
600 23 377
600 25 375
601 27 372
605 25 370
605 26 369
610 26 364
617 29 354
613 34 353
617 27 356
622 26 352
624 23 353
631 19 350
629 23 348
639 21 340
640 20 340
634 23 343
632 31 337
630 39 331
629 41 330
631 38 331
629 41 330
627 41 332
625 36 339
628 33 339
627 31 342
626 32 342
629 30 341
635 27 338
638 28 334
636 31 333
637 30 333
645 26 329
643 26 331
649 23 328
651 22 327
653 16 331
662 16 322
660 18 322
657 20 323
656 19 325
656 24 320
663 25 312
659 29 312
664 26 310
662 22 316
661 27 312
660 28 312
661 30 309
657 37 306
656 34 310
651 34 315
647 32 321
646 33 321
644 33 323
649 32 319
646 34 320
644 41 315
634 52 314
631 48 321
627 50 323
627 46 327
628 40 332
628 37 335
631 33 336
628 35 337
630 33 337
637 29 334
641 25 334
648 26 326
653 24 323
654 26 320
655 31 314
656 31 313
653 31 316
652 30 318
650 34 316
647 35 318
651 33 316
651 31 318
653 32 315
655 37 308
655 37 308
654 38 308
653 39 308
656 31 313
649 40 311
647 36 317
642 37 321
638 42 320
637 37 326
633 41 326
625 46 329
624 44 332
622 41 337
618 46 336
620 47 333
619 42 339
616 41 343
615 37 348
617 37 346
622 31 347
621 35 344
622 29 349
627 25 348
626 30 344
631 29 340
630 40 330
626 40 334
629 36 335
631 32 337
628 36 336
624 41 335
619 44 337
616 44 340
621 40 339
621 35 344
623 34 343
623 34 343
626 30 344
629 26 345
639 23 338
643 21 336
646 21 333
648 23 329
650 27 323
652 27 321
654 29 317
657 22 321
660 20 320
667 21 312
666 24 310
665 24 311
664 30 306
662 28 310
661 33 306
659 35 306
662 39 299
659 37 304
658 35 307
658 39 303
658 41 301
650 44 306
651 43 306
654 38 308
661 34 305
665 29 306
674 25 301
667 30 303
663 32 305
658 35 307
659 31 310
656 32 312
655 34 311
662 32 306
658 38 304
655 39 306
653 44 303
