998 2 0
997 2 1
991 8 1
983 14 3
975 21 4
960 32 8
945 40 15
934 43 23
902 63 35
870 85 45
841 100 59
810 120 70
772 135 93
748 145 107
703 172 125
664 182 154
639 178 183
617 172 211
597 169 234
581 159 260
561 157 282
546 150 304
546 133 321
536 121 343
533 105 362
531 94 375
524 100 376
521 88 391
522 83 395
512 92 396
507 92 401
504 90 406
510 76 414
506 72 422
504 72 424
508 58 434
512 54 434
511 55 434
508 55 437
504 50 446
504 49 447
512 46 442
519 46 435
526 42 432
536 37 427
533 36 431
534 38 428
531 40 429
537 42 421
540 45 415
538 49 413
539 50 411
541 53 406
536 54 410
536 52 412
529 64 407
530 60 410
531 54 415
536 55 409
530 56 414
535 57 408
532 56 412
526 51 423
521 57 422
525 52 423
525 46 429
522 50 428
531 45 424
536 44 420
537 42 421
539 40 421
539 41 420
539 39 422
543 40 417
545 37 418
555 34 411
558 30 412
562 29 409
565 26 409
569 21 410
574 17 409
576 16 408
580 17 403
583 16 401
590 13 397
597 9 394
599 8 393
603 8 389
609 8 383
619 8 373
623 9 368
634 8 358
639 4 357
641 7 352
644 9 347
646 13 341
648 14 338
641 28 331
643 28 329
647 26 327
649 21 330
655 19 326
656 20 324
654 21 325
657 20 323
660 22 318
664 18 318
665 16 319
667 19 314
669 22 309
673 22 305
675 24 301
679 21 300
676 22 302
681 22 297
679 28 293
676 36 288
670 41 289
667 44 289
656 52 292
656 57 287
641 65 294
625 70 305
618 71 311
613 73 314
608 69 323
598 72 330
590 76 334
590 72 338
576 76 348
580 60 360
572 61 367
572 56 372
570 55 375
567 52 381
567 53 380
569 50 381
574 48 378
577 44 379
576 40 384
570 44 386
572 37 391
571 37 392
564 32 404
562 28 410
556 35 409
562 28 410
570 24 406
575 25 400
573 24 403
581 24 395
588 24 388
593 22 385
597 21 382
599 28 373
598 31 371
599 33 368
596 36 368
600 35 365
598 37 365
600 36 364
603 33 364
596 37 367
595 33 372
601 32 367
601 34 365
600 36 364
605 37 358
607 30 363
607 28 365
616 28 356
617 26 357
618 29 353
622 25 353
628 21 351
628 23 349
634 25 341
634 31 335
627 38 335
623 35 342
621 34 345
623 37 340
624 36 340
619 40 341
620 39 341
625 35 340
622 35 343
624 39 337
623 38 339
629 35 336
628 37 335
629 36 335
627 40 333
626 40 334
625 32 343
625 35 340
629 33 338
632 28 340
635 21 344
641 22 337
647 24 329
644 25 331
644 25 331
641 25 334
638 26 336
630 38 332
629 34 337
629 30 341
629 28 343
629 31 340
626 35 339
623 40 337
619 41 340
622 37 341
616 41 343
618 42 340
619 42 339
611 43 346
611 45 344
605 47 348
605 41 354
601 41 358
596 46 358
593 47 360
599 40 361
598 39 363
598 39 363
587 46 367
591 42 367
586 43 371
592 37 371
591 38 371
597 36 367
598 37 365
601 36 363
602 35 363
603 32 365
608 34 358
612 29 359
613 28 359
617 26 357
624 23 353
625 21 354
624 18 358
630 17 353
637 14 349
639 17 344
644 13 343
649 11 340
652 14 334
656 12 332
660 11 329
664 11 325
666 14 320
673 16 311
673 18 309
683 14 303
686 14 300
687 17 296
688 17 295
686 22 292
683 22 295
688 21 291
690 21 289
695 16 289
694 19 287
693 24 283
689 26 285
686 29 285
682 37 281
672 43 285
666 47 287
664 50 286
656 61 283
645 69 286
637 73 290
620 80 300
616 72 312
615 69 316
609 65 326
606 70 324
599 69 332
592 73 335
584 75 341
587 68 345
585 66 349
581 72 347
583 67 350
576 72 352
575 76 349
569 68 363
575 61 364
573 58 369
574 49 377
571 50 379
570 49 381
570 40 390
570 40 390
568 39 393
576 35 389
577 36 387
576 35 389
584 37 379
587 34 379
589 34 377
590 30 380
590 30 380
586 33 381
587 35 378
581 40 379
575 42 383
564 52 384
562 54 384
558 54 388
557 62 381
561 62 377
564 56 380
568 52 380
560 56 384
559 51 390
552 55 393
550 52 398
554 42 404
557 39 404
564 32 404
567 32 401
569 29 402
577 24 399
584 20 396
590 21 389
598 15 387
601 14 385
615 13 372
622 15 363
630 14 356
633 12 355
639 11 350
642 8 350
650 9 341
656 9 335
659 9 332
661 9 330
666 5 329
670 5 325
681 4 315
683 4 313
694 3 303
700 3 297
706 2 292
710 1 289
713 1 286
719 1 280
726 2 272
727 2 271
731 2 267
738 2 260
743 2 255
746 2 252
749 2 249
754 2 244
758 2 240
760 2 238
763 2 235
764 1 235
772 1 227
777 1 222
784 1 215
786 3 211
784 7 209
783 11 206
782 11 207
783 15 202
783 15 202
784 18 198
784 20 196
774 23 203
759 38 203
741 51 208
720 68 212
696 83 221
679 90 231
652 102 246
634 112 254
625 94 281
604 98 298
588 109 303
569 118 313
558 120 322
547 120 333
539 114 347
535 103 362
530 101 369
529 84 387
525 70 405
523 68 409
523 63 414
522 62 416
523 51 426
524 49 427
525 45 430
529 36 435
538 31 431
541 27 432
544 24 432
543 28 429
546 25 429
550 20 430
559 17 424
569 18 413
567 24 409
570 23 407
569 21 410
573 21 406
576 23 401
581 22 397
587 19 394
590 18 392
590 23 387
593 22 385
595 21 384
597 26 377
596 31 373
592 34 374
594 30 376
598 27 375
601 28 371
601 25 374
600 28 372
605 26 369
611 23 366
614 23 363
617 24 359
621 21 358
625 22 353
633 21 346
635 19 346
640 15 345
643 17 340
648 15 337
652 12 336
652 12 336
653 15 332
656 14 330
663 12 325
672 13 315
675 12 313
679 10 311
686 11 303
697 13 290
700 14 286
703 12 285
705 12 283
708 14 278
706 16 278
709 16 275
708 19 273
708 20 272
709 23 268
703 27 270
704 32 264
707 28 265
698 34 268
693 38 269
690 44 266
679 53 268
672 50 278
665 50 285
664 50 286
662 49 289
656 55 289
657 52 291
654 53 293
649 53 298
645 53 302
646 49 305
634 58 308
622 64 314
617 62 321
606 69 325
607 61 332
597 62 341
581 71 348
576 74 350
570 82 348
561 82 357
558 83 359
554 79 367
552 72 376
552 75 373
548 80 372
551 83 366
538 92 370
541 93 366
531 93 376
526 88 386
512 89 399
502 83 415
495 85 420
499 82 419
491 81 428
491 80 429
487 78 435
490 76 434
490 74 436
478 84 438
481 81 438
481 77 442
486 72 442
484 68 448
486 63 451
487 63 450
493 57 450
489 58 453
483 65 452
482 67 451
482 64 454
481 61 458
489 53 458
488 55 457
489 51 460
484 57 459
481 55 464
476 52 472
485 52 463
489 44 467
488 43 469
486 41 473
493 39 468
495 37 468
496 36 468
503 33 464
496 38 466
498 32 470
499 32 469
511 36 453
509 44 447
514 41 445
511 44 445
515 44 441
511 47 442
513 54 433
513 49 438
513 48 439
519 38 443
525 34 441
535 27 438
527 28 445
525 29 446
534 28 438
535 29 436
540 27 433
550 19 431
555 21 424
563 23 414
565 27 408
565 32 403
567 35 398
569 36 395
573 31 396
572 27 401
576 24 400
579 25 396
587 23 390
594 18 388
600 18 382
603 17 380
608 12 380
610 11 379
616 8 376
618 10 372
626 7 367
625 10 365
628 11 361
634 11 355
644 8 348
652 6 342
651 10 339
658 10 332
661 11 328
662 10 328
669 7 324
674 6 320
679 6 315
688 6 306
692 8 300
692 12 296
692 14 294
688 23 289
682 25 293
680 22 298
671 31 298
672 33 295
669 28 303
670 30 300
671 26 303
668 31 301
672 28 300
678 23 299
677 25 298
675 29 296
672 30 298
668 28 304
663 34 303
665 34 301
663 36 301
665 36 299
673 31 296
674 30 296
672 34 294
670 36 294
666 43 291
657 43 300
657 42 301
658 43 299
650 44 306
643 49 308
641 43 316
643 39 318
639 39 322
635 42 323
627 44 329
624 47 329
622 46 332
626 44 330
627 41 332
635 36 329
634 35 331
635 36 329
642 37 321
646 32 322
641 35 324
642 31 327
644 29 327
643 27 330
645 30 325
644 32 324
643 30 327
643 29 328
646 27 327
646 27 327
647 27 326
646 28 326
649 29 322
654 26 320
651 26 323
653 30 317
648 37 315
651 36 313
650 38 312
651 40 309
649 42 309
646 43 311
639 44 317
641 39 320
641 38 321
638 42 320
633 38 329
631 39 330
623 43 334
621 45 334
619 45 336
623 43 334
622 44 334
619 43 338
614 45 341
612 44 344
617 44 339
614 40 346
612 37 351
617 35 348
609 36 355
606 43 351
604 47 349
600 50 350
600 52 348
601 43 356
604 44 352
610 40 350
611 39 350
616 37 347
620 39 341
619 38 343
611 46 343
615 38 347
620 33 347
625 33 342
626 29 345
627 31 342
635 28 337
638 30 332
640 29 331
647 29 324
648 27 325
651 26 323
648 24 328
652 22 326
655 18 327
653 19 328
653 19 328
656 17 327
657 18 325
664 19 317
669 18 313
676 19 305
681 19 300
685 15 300
684 18 298
688 18 294
690 17 293
699 15 286
703 15 282
703 18 279
708 17 275
702 28 270
692 33 275
677 45 278
670 46 284
658 47 295
652 49 299
645 54 301
633 65 302
624 66 310
622 67 311
616 68 316
608 70 322
603 65 332
606 59 335
603 56 341
606 50 344
610 45 345
612 44 344
615 42 343
611 38 351
612 38 350
620 40 340
622 30 348
628 26 346
631 29 340
629 33 338
628 33 339
630 34 336
633 29 338
635 32 333
633 31 336
638 29 333
642 29 329
643 31 326
646 30 324
646 30 324
639 37 324
632 44 324
622 50 328
614 55 331
608 57 335
611 58 331
607 58 335
606 56 338
607 46 347
605 48 347
610 48 342
613 43 344
610 48 342
610 46 344
610 42 348
607 44 349
607 41 352
604 41 355
603 37 360
603 35 362
599 40 361
602 34 364
602 33 365
600 36 364
597 36 367
591 45 364
582 54 364
576 54 370
568 57 375
566 52 382
559 55 386
557 57 386
560 57 383
560 49 391
558 48 394
562 46 392
563 42 395
565 39 396
570 35 395
571 34 395
580 27 393
580 29 391
582 29 389
583 30 387
583 29 388
589 26 385
593 26 381
593 25 382
600 23 377
603 27 370
606 28 366
608 23 369
604 25 371
610 19 371
614 21 365
618 22 360
621 23 356
622 28 350
627 29 344
618 36 346
619 38 343
615 41 344
612 46 342
611 52 337
603 58 339
600 60 340
594 59 347
594 57 349
593 56 351
592 56 352
591 54 355
588 51 361
589 46 365
588 47 365
588 50 362
587 50 363
584 53 363
573 62 365
567 60 373
559 61 380
555 57 388
556 56 388
558 62 380
557 65 378
555 66 379
549 65 386
552 61 387
556 57 387
556 56 388
550 56 394
548 50 402
552 46 402
556 43 401
560 38 402
563 36 401
571 36 393
577 34 389
578 31 391
582 24 394
589 24 387
592 18 390
598 15 387
603 11 386
610 12 378
610 16 374
610 17 373
615 22 363
620 24 356
621 26 353
620 26 354
625 27 348
624 31 345
627 29 344
631 31 338
631 27 342
631 29 340
630 32 338
636 28 336
636 31 333
636 30 334
635 33 332
632 33 335
627 41 332
618 50 332
608 58 334
605 55 340
601 54 345
596 55 349
597 56 347
600 50 350
592 55 353
591 51 358
595 50 355
591 45 364
593 41 366
595 40 365
594 40 366
598 38 364
594 37 369
591 38 371
591 36 373
591 33 376
593 30 377
591 28 381
595 23 382
596 26 378
598 30 372
597 28 375
590 37 373
592 37 371
590 38 372
584 43 373
581 38 381
581 35 384
581 37 382
588 36 376
591 38 371
592 36 372
595 34 371
602 26 372
598 31 371
598 26 376
598 23 379
601 28 371
605 18 377
608 17 375
608 21 371
612 24 364
610 25 365
609 24 367
612 28 360
618 28 354
614 33 353
612 37 351
603 41 356
603 40 357
603 44 353
595 47 358
584 55 361
579 58 363
570 64 366
563 65 372
549 75 376
546 72 382
538 69 393
548 57 395
546 57 397
541 61 398
540 54 406
542 58 400
540 57 403
546 51 403
543 48 409
550 39 411
557 32 411
559 32 409
563 33 404
567 32 401
571 25 404
576 27 397
577 29 394
577 29 394
575 26 399
584 21 395
591 23 386
596 16 388
604 14 382
606 13 381
613 12 375
623 15 362
622 14 364
628 9 363
634 4 362
637 3 360
648 3 349
656 1 343
663 1 336
666 2 332
671 0 329
673 0 327
679 0 321
690 0 310
691 1 308
698 2 300
704 2 294
707 3 290
708 5 287
711 6 283
711 6 283
717 6 277
724 5 271
728 4 268
735 4 261
734 6 260
734 7 259
734 8 258
728 13 259
726 18 256
719 20 261
716 26 258
710 32 258
705 39 256
698 40 262
696 39 265
699 36 265
697 39 264
697 36 267
698 33 269
698 34 268
703 36 261
699 36 265
698 34 268
