997 3 0
996 4 0
996 3 1
995 4 1
992 8 0
992 6 2
983 12 5
975 18 7
972 17 11
961 24 15
945 33 22
926 45 29
898 63 39
873 78 49
847 89 64
823 101 76
791 113 96
761 133 106
733 144 123
708 143 149
688 133 179
671 128 201
646 137 217
621 143 236
594 147 259
573 149 278
567 137 296
551 136 313
543 140 317
534 138 328
529 133 338
521 126 353
507 114 379
509 109 382
509 104 387
506 95 399
500 89 411
503 77 420
503 69 428
506 60 434
509 55 436
508 51 441
512 51 437
517 47 436
521 42 437
529 31 440
531 32 437
537 26 437
539 23 438
542 20 438
549 21 430
554 18 428
559 19 422
564 17 419
572 13 415
581 13 406
586 14 400
593 11 396
600 10 390
602 10 388
605 10 385
609 9 382
614 7 379
621 7 372
624 12 364
626 14 360
630 12 358
637 14 349
638 18 344
639 18 343
640 21 339
643 21 336
641 22 337
647 20 333
652 19 329
652 19 329
652 21 327
653 23 324
649 26 325
650 29 321
647 28 325
654 26 320
654 23 323
657 23 320
651 33 316
648 41 311
646 44 310
643 46 311
645 47 308
646 41 313
644 44 312
647 42 311
647 39 314
649 31 320
644 37 319
649 36 315
647 37 316
649 40 311
648 38 314
651 36 313
653 33 314
655 33 312
657 28 315
656 28 316
656 27 317
655 30 315
659 32 309
658 28 314
664 23 313
665 20 315
668 21 311
670 21 309
676 22 302
678 26 296
675 34 291
670 33 297
665 36 299
666 36 298
662 33 305
659 37 304
661 36 303
661 39 300
660 37 303
664 31 305
652 40 308
653 35 312
651 39 310
641 43 316
638 43 319
638 38 324
645 35 320
639 35 326
639 34 327
629 38 333
624 37 339
621 37 342
622 35 343
616 41 343
613 47 340
610 44 346
614 45 341
610 49 341
606 48 346
599 51 350
595 59 346
588 67 345
583 65 352
578 66 356
572 67 361
565 66 369
561 68 371
559 72 369
554 72 374
554 69 377
553 67 380
556 61 383
552 60 388
545 63 392
540 64 396
533 69 398
539 65 396
543 68 389
545 63 392
544 60 396
545 54 401
544 47 409
544 47 409
547 49 404
544 52 404
537 55 408
543 49 408
547 46 407
546 46 408
554 45 401
559 41 400
567 40 393
572 33 395
571 38 391
570 38 392
577 35 388
579 35 386
587 31 382
590 30 380
587 29 384
591 29 380
604 26 370
610 25 365
612 26 362
617 28 355
613 33 354
608 39 353
598 46 356
595 45 360
590 42 368
587 42 371
582 47 371
585 46 369
588 50 362
586 49 365
586 52 362
587 49 364
581 50 369
587 46 367
587 46 367
582 45 373
589 42 369
591 39 370
598 33 369
603 27 370
603 25 372
601 27 372
608 22 370
613 16 371
614 15 371
622 16 362
626 17 357
627 18 355
631 16 353
631 17 352
637 17 346
641 18 341
641 21 338
632 28 340
634 25 341
639 23 338
636 26 338
634 25 341
639 27 334
642 27 331
642 30 328
641 36 323
637 40 323
639 33 328
638 37 325
642 30 328
643 28 329
644 27 329
648 24 328
650 26 324
652 22 326
653 22 325
658 23 319
661 22 317
670 21 309
668 21 311
670 20 310
670 26 304
673 26 301
676 23 301
669 31 300
655 44 301
648 52 300
636 60 304
630 61 309
621 64 315
619 60 321
621 50 329
617 51 332
618 45 337
624 36 340
625 38 337
625 39 336
624 37 339
624 31 345
622 37 341
621 40 339
619 41 340
617 42 341
617 42 341
615 41 344
615 41 344
616 45 339
619 41 340
620 41 339
626 35 339
631 28 341
638 22 340
646 21 333
648 17 335
648 16 336
649 16 335
652 13 335
658 11 331
663 11 326
672 10 318
678 8 314
683 9 308
690 8 302
691 9 300
693 8 299
699 6 295
700 4 296
705 1 294
712 3 285
714 4 282
719 2 279
725 3 272
730 2 268
736 3 261
737 4 259
737 6 257
740 10 250
739 19 242
731 24 245
729 24 247
729 26 245
730 29 241
730 24 246
732 22 246
738 23 239
736 24 240
736 27 237
735 28 237
738 26 236
736 28 236
735 30 235
729 32 239
727 33 240
722 39 239
717 39 244
709 48 243
700 55 245
697 62 241
693 65 242
678 71 251
676 63 261
664 62 274
663 49 288
652 51 297
658 51 291
649 52 299
652 45 303
655 40 305
652 39 309
654 35 311
652 34 314
658 27 315
662 28 310
663 28 309
662 29 309
662 26 312
666 26 308
665 27 308
666 29 305
672 26 302
673 25 302
675 26 299
676 21 303
676 22 302
679 20 301
674 25 301
671 24 305
671 24 305
673 25 302
675 28 297
678 26 296
674 31 295
676 33 291
675 34 291
674 32 294
671 28 301
668 30 302
673 30 297
675 33 292
674 36 290
672 38 290
670 40 290
675 42 283
671 42 287
662 53 285
659 47 294
654 47 299
652 48 300
654 50 296
653 50 297
653 48 299
651 42 307
642 43 315
641 40 319
634 36 330
633 36 331
632 31 337
628 33 339
625 33 342
627 35 338
631 31 338
633 32 335
633 32 335
633 35 332
634 36 330
633 38 329
637 36 327
637 34 329
637 34 329
636 42 322
635 45 320
629 44 327
626 45 329
627 40 333
632 35 333
638 31 331
636 27 337
637 29 334
635 30 335
627 37 336
616 42 342
609 48 343
607 47 346
601 46 353
586 51 363
587 44 369
588 51 361
585 47 368
589 44 367
591 40 369
591 40 369
589 39 372
594 37 369
599 37 364
598 37 365
603 34 363
604 37 359
610 38 352
616 33 351
620 29 351
623 29 348
632 27 341
635 23 342
638 23 339
644 26 330
650 22 328
650 23 327
660 19 321
661 17 322
659 22 319
652 31 317
645 39 316
637 40 323
633 42 325
634 43 323
623 50 327
620 54 326
618 54 328
612 63 325
607 62 331
607 63 330
601 65 334
598 64 338
597 61 342
601 53 346
602 49 349
600 51 349
598 52 350
591 59 350
585 63 352
579 66 355
576 68 356
571 70 359
565 65 370
561 62 377
555 65 380
547 65 388
543 64 393
543 59 398
547 49 404
556 43 401
562 42 396
563 43 394
564 44 392
568 43 389
564 43 393
572 36 392
572 35 393
577 30 393
574 29 397
579 22 399
579 21 400
577 25 398
575 27 398
571 36 393
573 36 391
573 38 389
571 35 394
574 38 388
578 30 392
580 32 388
579 36 385
583 34 383
582 31 387
587 31 382
587 29 384
589 28 383
588 33 379
590 29 381
592 34 374
596 29 375
605 31 364
601 35 364
598 32 370
599 27 374
604 26 370
608 29 363
612 28 360
617 30 353
617 30 353
616 33 351
621 28 351
620 30 350
626 33 341
626 36 338
628 29 343
632 27 341
629 28 343
625 31 344
625 31 344
626 33 341
627 36 337
631 33 336
631 33 336
631 33 336
630 33 337
629 34 337
629 29 342
633 29 338
641 26 333
647 19 334
649 23 328
656 18 326
661 19 320
663 22 315
662 23 315
657 27 316
658 25 317
660 30 310
655 34 311
651 32 317
655 30 315
659 28 313
653 31 316
651 29 320
651 31 318
651 31 318
657 34 309
652 40 308
657 37 306
652 45 303
651 45 304
646 46 308
646 45 309
646 41 313
646 34 320
641 35 324
637 28 335
631 36 333
624 39 337
616 43 341
610 45 345
600 49 351
598 47 355
599 45 356
599 45 356
607 40 353
604 42 354
602 45 353
603 45 352
600 48 352
599 46 355
597 41 362
598 39 363
592 42 366
587 47 366
589 43 368
587 45 368
585 44 371
588 47 365
581 54 365
582 52 366
582 52 366
585 51 364
583 51 366
587 48 365
594 43 363
599 40 361
597 42 361
600 40 360
599 39 362
602 34 364
603 30 367
604 30 366
605 32 363
603 34 363
604 35 361
603 38 359
601 37 362
608 36 356
609 37 354
611 37 352
612 39 349
609 42 349
602 43 355
605 43 352
607 37 356
608 32 360
608 31 361
614 30 356
613 28 359
615 24 361
619 22 359
622 23 355
627 21 352
628 23 349
630 27 343
634 26 340
631 27 342
635 22 343
638 22 340
647 19 334
649 20 331
654 21 325
658 19 323
669 16 315
671 18 311
671 19 310
670 23 307
672 23 305
677 21 302
679 21 300
678 24 298
677 26 297
681 28 291
671 38 291
666 43 291
663 42 295
658 46 296
660 45 295
653 57 290
647 62 291
640 67 293
628 66 306
619 67 314
609 68 323
606 75 319
597 74 329
593 67 340
601 61 338
597 56 347
586 60 354
583 55 362
580 56 364
578 52 370
566 58 376
557 66 377
548 67 385
551 61 388
551 62 387
545 60 395
551 55 394
553 55 392
554 57 389
552 60 388
549 59 392
555 52 393
561 50 389
563 50 387
563 47 390
567 45 388
570 40 390
570 39 391
568 41 391
577 35 388
587 28 385
585 24 391
590 24 386
595 23 382
605 21 374
611 20 369
615 18 367
618 17 365
617 19 364
620 21 359
620 25 355
622 28 350
619 31 350
619 31 350
620 37 343
619 30 351
616 33 351
618 35 347
611 43 346
622 40 338
623 41 336
623 40 337
620 47 333
620 41 339
627 40 333
626 39 335
623 43 334
625 42 333
628 41 331
639 35 326
638 30 332
637 27 336
634 32 334
637 26 337
640 26 334
641 24 335
654 23 323
654 26 320
651 27 322
656 27 317
654 29 317
651 28 321
651 25 324
643 31 326
639 34 327
627 45 328
625 44 331
620 45 335
604 58 338
588 74 338
578 76 346
573 68 359
572 64 364
572 63 365
572 62 366
571 60 369
574 54 372
571 54 375
573 45 382
570 45 385
573 43 384
576 40 384
579 35 386
587 32 381
593 28 379
596 28 376
599 27 374
605 26 369
605 31 364
606 30 364
607 27 366
606 29 365
613 27 360
612 32 356
620 32 348
618 34 348
617 31 352
609 33 358
607 33 360
611 31 358
612 28 360
616 22 362
625 20 355
630 16 354
637 18 345
637 14 349
640 14 346
642 12 346
643 12 345
647 14 339
650 17 333
656 18 326
658 21 321
660 24 316
661 28 311
660 32 308
654 38 308
651 41 308
640 50 310
633 52 315
619 68 313
606 79 315
607 77 316
599 76 325
591 82 327
577 91 332
565 98 337
558 96 346
558 86 356
560 87 353
558 80 362
560 69 371
562 64 374
559 60 381
558 58 384
555 53 392
560 56 384
559 56 385
560 55 385
556 57 387
558 53 389
551 57 392
543 59 398
546 53 401
545 41 414
550 37 413
554 30 416
563 26 411
567 27 406
574 28 398
582 26 392
592 22 386
590 23 387
596 23 381
595 25 380
595 24 381
598 23 379
598 26 376
592 37 371
588 37 375
593 36 371
594 32 374
592 33 375
592 31 377
593 30 377
600 28 372
600 31 369
603 28 369
612 25 363
615 26 359
622 22 356
627 17 356
630 13 357
633 15 352
635 15 350
634 17 349
641 19 340
648 18 334
653 13 334
660 13 327
662 14 324
664 16 320
674 13 313
681 11 308
684 11 305
690 12 298
690 12 298
689 14 297
692 16 292
687 25 288
693 25 282
693 28 279
690 32 278
681 40 279
677 38 285
675 38 287
669 45 286
673 42 285
667 44 289
666 43 291
663 44 293
661 47 292
658 40 302
658 42 300
656 44 300
656 45 299
655 45 300
652 51 297
645 54 301
634 62 304
627 66 307
619 68 313
610 70 320
607 68 325
603 66 331
607 58 335
601 65 334
604 64 332
601 59 340
602 53 345
600 49 351
602 45 353
606 40 354
604 41 355
603 41 356
611 30 359
608 29 363
614 32 354
617 33 350
621 32 347
626 29 345
632 23 345
635 19 346
638 15 347
648 14 338
651 17 332
658 15 327
664 18 318
671 19 310
674 17 309
676 21 303
681 20 299
683 19 298
685 20 295
687 20 293
687 18 295
692 14 294
692 17 291
692 19 289
692 15 293
697 15 288
700 14 286
700 11 289
708 9 283
709 12 279
711 12 277
715 11 274
717 10 273
716 11 273
713 16 271
709 22 269
713 26 261
711 29 260
711 31 258
708 33 259
698 37 265
684 46 270
675 57 268
671 53 276
669 43 288
664 43 293
657 44 299
648 55 297
647 57 296
642 53 305
646 44 310
642 47 311
641 50 309
637 43 320
631 44 325
635 43 322
633 43 324
630 43 327
628 42 330
623 49 328
629 49 322
620 54 326
616 56 328
607 61 332
598 62 340
603 60 337
601 60 339
600 56 344
598 54 348
595 60 345
588 64 348
586 68 346
581 62 357
580 64 356
575 64 361
572 63 365
568 63 369
568 59 373
566 55 379
575 54 371
574 53 373
579 47 374
579 44 377
579 43 378
578 39 383
583 38 379
583 32 385
587 29 384
594 26 380
593 29 378
589 27 384
589 29 382
597 27 376
603 24 373
606 24 370
608 25 367
611 22 367
618 19 363
612 26 362
616 30 354
616 31 353
620 30 350
616 36 348
619 31 350
618 34 348
617 36 347
615 35 350
616 35 349
620 36 344
620 30 350
620 28 352
626 22 352
634 17 349
637 15 348
640 17 343
642 15 343
646 10 344
652 12 336
660 9 331
667 8 325
677 8 315
678 10 312
685 9 306
696 8 296
698 8 294
702 9 289
