998 2 0
997 3 0
997 2 1
996 2 2
988 10 2
975 19 6
954 36 10
933 52 15
911 61 28
886 78 36
869 84 47
854 87 59
823 96 81
786 118 96
750 132 118
715 144 141
670 170 160
641 171 188
620 170 210
577 174 249
553 179 268
537 169 294
516 170 314
510 160 330
492 158 350
484 157 359
477 150 373
467 138 395
466 129 405
463 118 419
466 98 436
468 85 447
469 79 452
470 75 455
471 69 460
475 66 459
477 65 458
482 56 462
484 59 457
487 55 458
493 44 463
486 47 467
486 48 466
488 47 465
485 45 470
490 45 465
489 48 463
488 46 466
494 41 465
495 43 462
499 40 461
499 39 462
496 38 466
500 37 463
501 35 464
504 34 462
506 33 461
509 34 457
508 33 459
507 36 457
509 42 449
511 44 445
511 41 448
513 43 444
506 45 449
498 49 453
496 52 452
497 50 453
500 43 457
502 47 451
503 40 457
507 41 452
506 39 455
509 33 458
507 40 453
512 35 453
515 31 454
527 30 443
535 28 437
545 29 426
551 23 426
556 25 419
560 25 415
564 25 411
565 26 409
572 27 401
577 28 395
569 36 395
573 34 393
575 35 390
570 43 387
574 45 381
574 44 382
573 47 380
577 45 378
576 51 373
576 50 374
578 46 376
584 42 374
579 45 376
577 44 379
580 42 378
576 46 378
572 47 381
568 50 382
570 44 386
566 53 381
561 61 378
562 56 382
572 49 379
576 50 374
579 47 374
575 47 378
578 43 379
575 47 378
576 45 379
575 47 378
571 47 382
576 46 378
580 45 375
584 42 374
589 37 374
587 38 375
586 39 375
581 39 380
584 36 380
588 30 382
587 32 381
591 34 375
593 34 373
593 35 372
589 33 378
590 35 375
585 40 375
588 40 372
592 42 366
594 46 360
597 47 356
599 42 359
599 44 357
603 41 356
615 34 351
612 39 349
612 39 349
614 37 349
610 39 351
616 37 347
618 32 350
621 30 349
619 33 348
619 27 354
623 28 349
626 28 346
626 28 346
625 30 345
629 24 347
632 24 344
634 24 342
640 24 336
640 26 334
643 20 337
641 24 335
645 25 330
653 21 326
654 19 327
659 18 323
660 21 319
660 21 319
659 25 316
655 30 315
651 37 312
652 30 318
650 28 322
645 32 323
647 34 319
644 39 317
645 44 311
641 46 313
639 42 319
637 48 315
629 55 316
627 56 317
623 63 314
620 58 322
618 64 318
617 67 316
608 71 321
597 75 328
588 70 342
581 69 350
580 66 354
575 59 366
575 61 364
571 60 369
571 57 372
566 51 383
565 51 384
564 46 390
567 50 383
569 50 381
569 52 379
574 48 378
580 44 376
576 46 378
579 49 372
580 46 374
582 47 371
587 40 373
591 38 371
587 39 374
592 32 376
590 31 379
597 28 375
607 27 366
612 26 362
616 24 360
621 20 359
621 22 357
623 23 354
624 23 353
632 20 348
634 17 349
638 12 350
640 14 346
647 15 338
648 12 340
650 11 339
657 10 333
662 10 328
667 10 323
670 9 321
673 8 319
681 6 313
686 6 308
689 6 305
691 10 299
695 10 295
701 7 292
706 6 288
707 7 286
709 10 281
709 12 279
711 11 278
713 10 277
716 10 274
720 9 271
724 10 266
726 12 262
727 14 259
726 14 260
725 15 260
730 13 257
732 14 254
740 11 249
743 10 247
744 11 245
744 11 245
747 9 244
745 14 241
748 10 242
751 10 239
755 8 237
759 8 233
756 12 232
750 14 236
743 17 240
738 22 240
735 20 245
730 24 246
728 25 247
724 26 250
722 29 249
721 31 248
716 32 252
711 34 255
710 37 253
708 37 255
707 36 257
707 37 256
702 41 257
700 46 254
697 48 255
694 46 260
694 45 261
684 52 264
676 55 269
675 48 277
675 48 277
676 51 273
675 49 276
669 54 277
666 51 283
659 52 289
655 51 294
653 48 299
644 55 301
640 52 308
635 51 314
638 44 318
635 49 316
632 47 321
628 47 325
627 39 334
633 34 333
637 31 332
638 30 332
645 28 327
646 24 330
653 19 328
656 15 329
656 19 325
651 19 330
657 19 324
659 18 323
660 21 319
663 24 313
668 23 309
665 29 306
657 32 311
658 31 311
657 33 310
654 34 312
650 33 317
649 31 320
647 32 321
647 30 323
653 28 319
652 32 316
656 25 319
658 22 320
662 22 316
663 20 317
663 20 317
669 16 315
669 17 314
672 21 307
673 20 307
674 16 310
676 14 310
675 15 310
678 12 310
683 14 303
685 15 300
690 18 292
694 21 285
693 24 283
694 19 287
698 18 284
701 16 283
702 14 284
707 13 280
712 11 277
717 11 272
720 11 269
727 11 262
736 9 255
742 9 249
743 11 246
747 7 246
754 6 240
758 4 238
762 6 232
764 5 231
770 3 227
776 3 221
778 5 217
782 6 212
786 5 209
788 4 208
785 6 209
791 5 204
791 7 202
787 13 200
781 17 202
776 16 208
768 19 213
770 19 211
766 23 211
760 29 211
755 33 212
748 41 211
738 48 214
736 48 216
734 51 215
723 55 222
710 61 229
687 73 240
675 71 254
667 69 264
666 70 264
661 70 269
655 70 275
646 69 285
642 66 292
638 75 287
637 68 295
634 64 302
629 57 314
625 50 325
627 41 332
631 43 326
630 40 330
628 43 329
621 47 332
624 51 325
620 54 326
616 49 335
621 40 339
619 42 339
623 35 342
628 28 344
636 29 335
641 25 334
640 27 333
637 29 334
640 33 327
642 37 321
647 32 321
652 29 319
654 27 319
656 27 317
664 25 311
665 24 311
667 27 306
670 29 301
670 35 295
662 41 297
660 39 301
663 32 305
660 37 303
666 32 302
664 33 303
662 37 301
658 39 303
665 38 297
660 41 299
657 46 297
648 54 298
645 54 301
642 50 308
641 44 315
642 35 323
640 37 323
647 31 322
646 28 326
660 26 314
662 24 314
660 29 311
661 29 310
652 37 311
648 48 304
650 43 307
647 40 313
652 32 316
646 36 318
650 36 314
651 35 314
650 38 312
654 35 311
651 36 313
651 38 311
649 35 316
648 38 314
649 30 321
650 32 318
651 31 318
652 26 322
654 24 322
655 23 322
649 26 325
652 30 318
650 29 321
647 32 321
648 32 320
642 39 319
639 44 317
639 41 320
636 46 318
626 49 325
629 43 328
624 44 332
623 47 330
615 50 335
615 47 338
619 46 335
619 49 332
617 44 339
612 42 346
612 37 351
609 38 353
614 35 351
618 39 343
618 37 345
613 40 347
610 38 352
611 40 349
615 37 348
618 36 346
617 34 349
623 26 351
620 29 351
625 28 347
626 29 345
623 31 346
621 34 345
624 23 353
623 26 351
617 29 354
616 32 352
625 26 349
623 30 347
624 31 345
625 35 340
626 37 337
624 36 340
625 38 337
628 35 337
626 34 340
626 34 340
631 33 336
636 32 332
638 31 331
642 26 332
650 24 326
658 23 319
656 26 318
657 25 318
662 25 313
667 23 310
672 19 309
681 19 300
684 16 300
688 16 296
690 16 294
692 14 294
693 9 298
694 10 296
697 11 292
700 13 287
700 15 285
702 12 286
708 7 285
715 6 279
717 7 276
719 8 273
720 6 274
724 7 269
732 7 261
734 8 258
733 10 257
729 18 253
728 20 252
729 24 247
733 24 243
730 31 239
723 41 236
717 44 239
708 50 242
700 56 244
688 61 251
682 57 261
676 61 263
666 65 269
661 71 268
655 73 272
646 72 282
628 79 293
616 77 307
611 74 315
611 70 319
610 70 320
610 70 320
602 65 333
599 56 345
597 57 346
596 54 350
593 58 349
592 53 355
588 51 361
584 51 365
582 48 370
582 46 372
582 48 370
580 48 372
579 48 373
573 50 377
566 50 384
560 51 389
558 53 389
556 54 390
551 53 396
548 55 397
551 49 400
563 39 398
565 33 402
561 34 405
557 38 405
565 35 400
567 32 401
579 29 392
581 22 397
583 23 394
587 21 392
592 21 387
596 15 389
601 18 381
593 28 379
593 38 369
585 46 369
587 47 366
584 50 366
575 55 370
577 59 364
578 60 362
567 62 371
571 54 375
567 56 377
572 47 381
574 47 379
580 40 380
588 39 373
591 35 374
592 37 371
593 31 376
594 28 378
603 26 371
605 26 369
607 28 365
613 27 360
619 28 353
626 32 342
633 27 340
623 36 341
623 33 344
616 38 346
616 42 342
609 50 341
605 46 349
600 45 355
602 47 351
595 46 359
587 45 368
588 39 373
587 38 375
587 41 372
586 43 371
591 46 363
594 40 366
592 42 366
592 44 364
595 42 363
598 39 363
596 41 363
592 47 361
589 49 362
585 48 367
583 55 362
581 48 371
583 43 374
588 40 372
593 37 370
595 36 369
596 36 368
596 41 363
594 42 364
595 40 365
594 40 366
599 39 362
599 33 368
594 30 376
600 21 379
602 20 378
601 21 378
604 23 373
610 18 372
613 18 369
618 22 360
625 23 352
627 18 355
632 18 350
641 15 344
644 15 341
644 19 337
644 22 334
642 29 329
636 37 327
630 46 324
624 54 322
626 46 328
626 43 331
621 41 338
621 43 336
618 48 334
618 49 333
614 52 334
613 54 333
613 51 336
607 56 337
605 58 337
605 48 347
608 40 352
605 40 355
602 44 354
608 42 350
614 36 350
617 35 348
619 29 352
625 24 351
627 23 350
630 19 351
639 20 341
641 16 343
644 17 339
646 15 339
651 9 340
658 7 335
668 8 324
673 8 319
683 6 311
687 9 304
691 9 300
691 10 299
696 9 295
700 9 291
703 15 282
703 16 281
705 14 281
708 13 279
712 12 276
715 9 276
720 8 272
725 5 270
730 4 266
732 5 263
735 6 259
740 4 256
743 4 253
742 7 251
740 10 250
740 14 246
736 17 247
739 19 242
738 22 240
733 28 239
730 29 241
726 31 243
719 33 248
710 38 252
706 37 257
708 32 260
716 29 255
715 25 260
714 24 262
714 24 262
710 25 265
705 28 267
703 33 264
702 30 268
697 36 267
688 41 271
677 45 278
674 46 280
666 52 282
660 59 281
656 62 282
646 67 287
641 70 289
632 68 300
627 66 307
629 61 310
633 49 318
631 48 321
632 41 327
635 35 330
635 31 334
636 27 337
629 34 337
622 44 334
625 40 335
619 44 337
618 45 337
617 40 343
619 38 343
616 37 347
611 41 348
609 36 355
618 34 348
616 37 347
616 32 352
622 29 349
624 27 349
622 34 344
628 28 344
628 26 346
625 27 348
625 25 350
630 27 343
629 23 348
628 27 345
620 36 344
618 43 339
600 62 338
593 61 346
588 63 349
582 66 352
576 65 359
576 61 363
568 57 375
559 65 376
555 67 378
549 75 376
542 77 381
537 77 386
533 72 395
528 66 406
524 67 409
520 69 411
520 61 419
517 58 425
521 50 429
522 46 432
525 40 435
531 35 434
535 36 429
533 39 428
526 43 431
528 41 431
534 40 426
537 35 428
546 33 421
548 29 423
554 27 419
558 30 412
558 32 410
560 31 409
567 30 403
575 26 399
577 27 396
583 26 391
591 26 383
592 24 384
598 24 378
600 26 374
605 25 370
606 27 367
610 23 367
621 20 359
625 18 357
630 15 355
637 15 348
643 14 343
650 13 337
662 12 326
669 10 321
671 14 315
675 13 312
677 17 306
683 14 303
681 16 303
681 20 299
685 24 291
687 25 288
693 26 281
692 29 279
695 30 275
692 31 277
687 35 278
685 34 281
685 36 279
687 32 281
683 32 285
684 32 284
682 29 289
686 30 284
689 26 285
692 26 282
692 23 285
692 23 285
694 17 289
698 17 285
700 18 282
701 17 282
703 15 282
708 13 279
707 14 279
713 12 275
718 11 271
719 11 270
721 8 271
727 9 264
734 10 256
728 18 254
719 30 251
718 31 251
713 33 254
711 36 253
710 32 258
703 41 256
693 46 261
690 46 264
691 37 272
694 38 268
695 41 264
686 46 268
685 43 272
680 48 272
675 52 273
675 52 273
666 55 279
665 54 281
667 47 286
666 46 288
668 43 289
671 45 284
669 43 288
671 43 286
669 43 288
670 44 286
665 47 288
660 54 286
660 53 287
658 51 291
650 53 297
641 53 306
641 55 304
632 52 316
621 53 326
619 57 324
620 55 325
616 58 326
623 51 326
617 51 332
606 59 335
603 61 336
607 53 340
610 48 342
613 46 341
620 39 341
618 42 340
617 40 343
618 36 346
623 35 342
620 33 347
619 33 348
625 35 340
623 33 344
624 32 344
623 30 347
623 31 346
627 26 347
628 29 343
632 29 339
636 29 335
636 34 330
632 36 332
632 35 333
632 31 337
638 29 333
639 30 331
637 33 330
634 35 331
637 30 333
635 30 335
631 34 335
633 34 333
638 34 328
639 38 323
635 42 323
629 52 319
623 62 315
615 68 317
615 61 324
612 55 333
614 57 329
607 53 340
603 54 343
596 56 348
585 55 360
576 60 364
571 61 368
561 65 374
562 61 377
558 61 381
550 68 382
542 69 389
539 68 393
535 66 399
531 65 404
533 61 406
535 55 410
532 53 415
537 43 420
549 37 414
553 35 412
549 39 412
556 36 408
560 36 404
557 39 404
557 36 407
563 35 402
566 35 399
