997 3 0
993 7 0
988 9 3
982 13 5
978 14 8
974 16 10
969 17 14
964 21 15
947 36 17
932 45 23
914 55 31
897 62 41
872 73 55
846 89 65
815 106 79
783 118 99
751 134 115
716 143 141
687 142 171
655 152 193
625 152 223
599 148 253
586 146 268
575 135 290
565 124 311
554 117 329
541 120 339
528 123 349
517 120 363
509 114 377
507 114 379
496 112 392
499 99 402
499 95 406
492 85 423
495 73 432
501 65 434
503 60 437
503 55 442
506 53 441
507 55 438
510 51 439
511 42 447
517 38 445
523 34 443
529 33 438
533 29 438
537 24 439
540 25 435
546 23 431
547 23 430
553 24 423
557 22 421
562 21 417
564 17 419
577 15 408
585 14 401
591 13 396
589 15 396
596 7 397
596 8 396
605 6 389
615 5 380
621 3 376
628 2 370
631 2 367
636 2 362
640 2 358
644 0 356
649 1 350
657 4 339
658 6 336
661 9 330
660 10 330
664 10 326
665 12 323
668 11 321
668 15 317
669 8 323
679 8 313
680 13 307
685 14 301
691 12 297
698 10 292
701 14 285
701 16 283
706 14 280
707 16 277
707 17 276
704 18 278
705 19 276
708 19 273
708 19 273
710 23 267
703 28 269
704 27 269
704 30 266
692 36 272
689 40 271
679 46 275
678 49 273
682 46 272
678 48 274
671 52 277
665 53 282
662 54 284
659 58 283
651 60 289
644 59 297
640 59 301
633 58 309
629 63 308
623 65 312
611 72 317
608 70 322
604 69 327
595 69 336
604 56 340
602 57 341
608 54 338
603 53 344
606 51 343
601 54 345
602 51 347
607 49 344
605 42 353
607 41 352
612 37 351
619 36 345
615 35 350
617 35 348
616 36 348
618 32 350
624 29 347
628 26 346
629 26 345
633 22 345
634 26 340
637 20 343
639 20 341
640 19 341
649 18 333
653 19 328
658 15 327
664 11 325
671 9 320
680 6 314
683 5 312
683 7 310
689 3 308
699 3 298
706 2 292
715 2 283
721 3 276
726 2 272
729 3 268
731 3 266
735 2 263
732 10 258
735 9 256
735 9 256
738 13 249
737 16 247
740 16 244
738 16 246
744 14 242
745 14 241
738 19 243
734 23 243
735 26 239
732 27 241
732 31 237
725 37 238
714 51 235
706 56 238
698 56 246
698 49 253
681 58 261
670 64 266
661 61 278
659 49 292
653 52 295
649 50 301
642 47 311
640 51 309
641 53 306
640 52 308
629 59 312
614 73 313
604 73 323
599 72 329
587 79 334
592 69 339
590 67 343
589 67 344
579 68 353
571 70 359
570 66 364
564 62 374
566 54 380
570 52 378
575 51 374
574 49 377
576 45 379
581 36 383
587 28 385
587 31 382
590 32 378
594 28 378
597 26 377
601 20 379
613 17 370
622 16 362
624 18 358
626 19 355
631 23 346
636 22 342
641 21 338
645 19 336
655 16 329
661 15 324
666 15 319
667 15 318
673 17 310
673 20 307
677 16 307
664 27 309
655 34 311
655 41 304
656 41 303
658 39 303
655 38 307
650 34 316
659 31 310
657 34 309
658 35 307
652 43 305
652 44 304
644 47 309
636 55 309
638 56 306
635 54 311
634 51 315
627 47 326
628 44 328
622 47 331
622 44 334
624 42 334
628 35 337
635 36 329
634 37 329
633 33 334
635 23 342
645 20 335
647 21 332
650 20 330
658 16 326
662 20 318
666 17 317
669 15 316
674 14 312
675 15 310
680 11 309
685 10 305
687 11 302
687 15 298
689 18 293
688 21 291
690 23 287
691 21 288
684 24 292
695 22 283
696 21 283
698 16 286
698 17 285
697 17 286
701 18 281
701 18 281
704 20 276
703 23 274
708 23 269
714 23 263
718 24 258
722 22 256
719 22 259
717 28 255
716 26 258
714 28 258
715 21 264
713 24 263
714 23 263
716 21 263
717 23 260
711 28 261
704 37 259
699 41 260
694 49 257
688 55 257
683 56 261
674 65 261
669 66 265
665 65 270
659 60 281
656 54 290
653 53 294
655 51 294
655 52 293
656 51 293
647 57 296
644 57 299
645 55 300
634 58 308
625 59 316
626 52 322
630 45 325
629 50 321
620 48 332
612 58 330
609 64 327
605 63 332
597 63 340
589 68 343
587 63 350
592 56 352
591 54 355
591 45 364
594 37 369
598 36 366
600 41 359
597 39 364
600 39 361
594 42 364
598 43 359
597 42 361
601 39 360
600 37 363
605 33 362
606 34 360
614 28 358
619 23 358
626 21 353
630 19 351
631 19 350
632 18 350
636 15 349
641 14 345
650 10 340
654 8 338
658 10 332
660 8 332
666 7 327
670 5 325
674 5 321
679 4 317
682 4 314
688 4 308
695 2 303
699 2 299
705 3 292
710 3 287
709 5 286
711 6 283
710 8 282
712 9 279
714 11 275
716 11 273
718 9 273
721 10 269
724 11 265
727 12 261
728 15 257
732 16 252
732 14 254
732 17 251
727 22 251
718 31 251
713 33 254
711 34 255
706 43 251
705 40 255
702 45 253
699 46 255
691 55 254
682 64 254
672 64 264
664 66 270
651 70 279
640 70 290
629 74 297
613 86 301
605 89 306
594 89 317
588 87 325
583 86 331
573 86 341
561 86 353
558 79 363
547 85 368
539 84 377
537 69 394
533 72 395
527 69 404
527 64 409
527 62 411
529 54 417
538 47 415
545 46 409
546 40 414
543 40 417
544 39 417
547 36 417
553 35 412
552 38 410
554 33 413
558 27 415
563 28 409
565 33 402
569 32 399
565 32 403
572 31 397
573 33 394
570 30 400
574 30 396
574 32 394
580 28 392
581 27 392
586 24 390
594 23 383
604 23 373
606 26 368
606 29 365
611 27 362
612 27 361
614 25 361
615 28 357
619 26 355
619 27 354
619 28 353
622 27 351
623 26 351
625 30 345
623 30 347
627 27 346
634 23 343
638 21 341
644 18 338
650 16 334
653 14 333
659 13 328
661 12 327
666 12 322
672 10 318
679 11 310
688 10 302
693 9 298
699 9 292
705 5 290
709 4 287
714 5 281
717 6 277
723 6 271
725 5 270
726 5 269
734 3 263
741 3 256
746 4 250
747 5 248
751 5 244
754 5 241
760 5 235
763 3 234
767 3 230
770 3 227
773 4 223
775 3 222
775 5 220
777 6 217
779 5 216
782 5 213
783 9 208
784 14 202
789 12 199
790 12 198
792 9 199
799 9 192
803 7 190
803 9 188
803 10 187
801 10 189
801 12 187
800 13 187
796 18 186
788 27 185
777 35 188
759 46 195
750 51 199
744 47 209
741 47 212
735 51 214
728 53 219
718 56 226
709 56 235
706 56 238
707 54 239
694 64 242
688 58 254
678 66 256
674 54 272
673 54 273
673 54 273
667 53 280
661 51 288
653 48 299
652 52 296
655 47 298
660 41 299
669 37 294
667 38 295
676 36 288
680 27 293
680 24 296
684 27 289
689 27 284
687 24 289
686 17 297
686 20 294
691 20 289
694 20 286
696 20 284
697 22 281
692 23 285
687 27 286
689 32 279
688 29 283
683 36 281
679 44 277
674 47 279
670 48 282
664 48 288
663 45 292
661 45 294
662 44 294
656 49 295
652 49 299
648 46 306
647 44 309
647 43 310
644 45 311
648 45 307
654 40 306
649 41 310
645 44 311
641 46 313
635 45 320
631 47 322
630 43 327
632 40 328
630 41 329
630 35 335
635 31 334
637 30 333
635 28 337
644 24 332
643 29 328
651 28 321
656 25 319
659 22 319
663 20 317
665 18 317
669 15 316
676 17 307
680 18 302
687 17 296
691 15 294
699 13 288
701 15 284
702 17 281
699 18 283
707 16 277
711 17 272
709 20 271
705 23 272
709 24 267
712 21 267
714 22 264
713 22 265
711 24 265
712 21 267
712 20 268
710 20 270
713 20 267
715 22 263
722 19 259
725 17 258
728 14 258
726 16 258
728 19 253
733 17 250
730 21 249
736 23 241
721 36 243
717 39 244
712 42 246
702 47 251
695 51 254
688 54 258
678 62 260
672 66 262
662 66 272
655 64 281
647 67 286
644 61 295
641 59 300
635 65 300
631 60 309
622 59 319
620 60 320
620 56 324
618 53 329
615 50 335
615 48 337
622 38 340
624 36 340
627 31 342
635 24 341
646 23 331
648 23 329
654 22 324
659 22 319
664 20 316
665 21 314
668 25 307
668 22 310
666 25 309
669 19 312
668 19 313
667 28 305
664 31 305
655 38 307
652 38 310
649 35 316
647 34 319
640 38 322
637 44 319
630 54 316
615 70 315
608 66 326
606 61 333
605 64 331
603 57 340
602 56 342
601 57 342
590 60 350
590 61 349
589 57 354
587 62 351
581 66 353
576 70 354
574 65 361
578 62 360
578 61 361
575 59 366
570 59 371
575 51 374
574 46 380
575 46 379
576 42 382
583 37 380
583 36 381
585 36 379
590 37 373
594 35 371
596 30 374
597 32 371
605 26 369
608 23 369
613 20 367
620 16 364
619 14 367
620 16 364
621 17 362
623 19 358
619 23 358
621 21 358
627 21 352
630 25 345
630 29 341
633 29 338
640 26 334
651 22 327
649 26 325
651 27 322
649 29 322
646 32 322
643 34 323
647 33 320
641 39 320
640 34 326
638 38 324
637 32 331
632 37 331
627 35 338
623 43 334
621 44 335
625 41 334
622 41 337
621 43 336
619 47 334
619 49 332
621 48 331
619 43 338
611 45 344
608 43 349
607 42 351
612 38 350
610 39 351
608 40 352
602 44 354
601 45 354
597 46 357
593 43 364
588 48 364
579 52 369
583 44 373
584 43 373
582 43 375
587 39 374
595 39 366
588 42 370
589 42 369
590 39 371
586 37 377
589 37 374
590 40 370
591 40 369
597 34 369
593 39 368
599 35 366
600 32 368
598 34 368
596 34 370
597 33 370
599 36 365
595 39 366
593 39 368
590 42 368
589 37 374
591 31 378
589 32 379
586 34 380
589 26 385
589 29 382
590 27 383
592 23 385
598 24 378
598 24 378
610 19 371
611 21 368
612 18 370
617 15 368
629 13 358
635 13 352
643 14 343
645 13 342
647 12 341
648 16 336
653 12 335
657 14 329
657 12 331
661 14 325
663 16 321
661 19 320
658 23 319
661 20 319
664 22 314
667 21 312
674 14 312
682 10 308
683 9 308
687 10 303
685 14 301
687 21 292
678 26 296
681 24 295
680 26 294
679 26 295
681 23 296
677 26 297
673 29 298
670 34 296
666 40 294
672 37 291
673 34 293
676 29 295
673 32 295
673 29 298
672 34 294
681 29 290
681 28 291
681 24 295
685 21 294
686 23 291
688 25 287
682 27 291
683 26 291
685 25 290
690 24 286
693 26 281
693 28 279
697 25 278
703 24 273
704 22 274
702 21 277
700 25 275
704 19 277
713 15 272
715 14 271
721 11 268
723 10 267
730 7 263
736 9 255
737 12 251
743 10 247
747 9 244
747 10 243
748 12 240
750 12 238
753 11 236
756 14 230
754 19 227
754 19 227
757 23 220
753 27 220
749 27 224
748 28 224
747 31 222
736 39 225
730 41 229
717 52 231
711 57 232
698 61 241
681 66 253
669 72 259
663 72 265
652 76 272
643 77 280
641 72 287
641 71 288
636 72 292
632 72 296
627 75 298
634 66 300
630 59 311
629 57 314
631 60 309
620 66 314
621 56 323
620 48 332
624 44 332
620 47 333
621 44 335
621 35 344
623 33 344
625 31 344
636 26 338
641 26 333
648 23 329
639 33 328
636 37 327
639 39 322
640 31 329
643 32 325
649 30 321
652 35 313
649 36 315
649 33 318
655 28 317
654 25 321
655 25 320
660 25 315
664 20 316
667 23 310
672 20 308
672 22 306
673 24 303
675 21 304
676 20 304
679 18 303
675 20 305
681 18 301
683 17 300
684 17 299
691 18 291
696 18 286
697 20 283
702 20 278
706 16 278
712 13 275
714 12 274
721 9 270
729 6 265
732 6 262
736 5 259
735 6 259
740 5 255
743 8 249
740 12 248
742 14 244
750 11 239
752 6 242
753 6 241
753 8 239
748 12 240
749 14 237
752 19 229
747 23 230
747 23 230
747 23 230
749 21 230
750 19 231
749 24 227
747 24 229
744 23 233
746 20 234
741 25 234
735 29 236
733 31 236
732 34 234
725 36 239
716 44 240
705 53 242
693 60 247
687 62 251
681 64 255
678 59 263
672 59 269
666 63 271
665 64 271
658 63 279
652 60 288
651 62 287
647 59 294
642 61 297
641 56 303
640 49 311
640 47 313
640 44 316
638 41 321
641 39 320
641 35 324
641 35 324
643 36 321
649 33 318
652 31 317
655 29 316
664 24 312
668 21 311
667 24 309
667 20 313
668 18 314
671 16 313
669 20 311
671 21 308
672 21 307
672 24 304
673 29 298
676 27 297
676 31 293
675 29 296
674 29 297
676 30 294
676 33 291
674 38 288
671 40 289
663 44 293
660 51 289
654 51 295
651 55 294
651 55 294
648 51 301
641 50 309
637 50 313
636 52 312
634 54 312
626 55 319
619 60 321
616 49 335
614 51 335
619 48 333
617 44 339
623 40 337
620 41 339
617 40 343
624 36 340
620 38 342
615 39 346
616 38 346
623 35 342
629 38 333
632 39 329
629 37 334
