997 3 0
996 3 1
996 1 3
995 2 3
993 4 3
991 4 5
988 7 5
986 8 6
984 9 7
984 7 9
984 6 10
984 5 11
982 6 12
982 5 13
982 4 14
981 3 16
981 3 16
982 3 15
982 3 15
982 3 15
983 3 14
982 3 15
981 4 15
975 8 17
972 11 17
964 16 20
941 36 23
911 59 30
891 74 35
865 85 50
834 109 57
790 134 76
755 144 101
727 150 123
693 163 144
656 170 174
626 182 192
598 177 225
577 165 258
550 168 282
528 162 310
525 142 333
517 134 349
510 128 362
502 126 372
504 111 385
496 108 396
490 100 410
489 93 418
485 81 434
489 73 438
488 78 434
488 66 446
488 63 449
487 61 452
478 65 457
476 56 468
482 55 463
487 51 462
493 47 460
498 54 448
499 51 450
499 52 449
496 55 449
495 52 453
497 46 457
497 41 462
505 40 455
505 39 456
505 43 452
506 37 457
510 32 458
517 28 455
520 27 453
524 27 449
531 23 446
535 24 441
547 21 432
550 22 428
555 19 426
557 17 426
562 15 423
571 13 416
583 15 402
591 14 395
600 13 387
604 14 382
606 17 377
612 22 366
613 25 362
620 21 359
623 24 353
620 26 354
625 28 347
620 32 348
627 25 348
633 23 344
627 28 345
630 28 342
633 26 341
637 23 340
645 21 334
649 19 332
654 18 328
655 18 327
658 17 325
661 18 321
665 16 319
668 14 318
670 11 319
673 11 316
678 12 310
677 12 311
681 9 310
689 11 300
689 12 299
696 10 294
696 8 296
698 11 291
700 16 284
693 23 284
684 28 288
685 26 289
684 28 288
691 26 283
698 23 279
692 26 282
689 28 283
691 23 286
693 21 286
688 22 290
689 26 285
688 30 282
686 26 288
689 27 284
689 30 281
692 28 280
694 24 282
689 29 282
687 25 288
685 25 290
686 24 290
684 24 292
680 25 295
680 29 291
687 28 285
689 29 282
693 28 279
692 28 280
693 26 281
696 23 281
700 20 280
700 22 278
701 21 278
701 22 277
700 19 281
702 18 280
702 12 286
705 11 284
711 13 276
711 15 274
712 11 277
714 12 274
715 11 274
716 11 273
714 15 271
717 19 264
710 26 264
709 23 268
711 26 263
712 27 261
712 26 262
712 25 263
711 24 265
712 25 263
713 31 256
708 38 254
702 40 258
701 43 256
697 42 261
695 41 264
683 55 262
671 66 263
658 73 269
643 77 280
628 83 289
616 76 308
613 73 314
606 77 317
600 71 329
594 73 333
588 77 335
581 75 344
576 77 347
575 66 359
570 66 364
572 61 367
577 52 371
581 50 369
581 46 373
584 44 372
593 43 364
597 42 361
594 44 362
596 40 364
601 40 359
603 37 360
599 35 366
598 36 366
597 34 369
603 28 369
611 27 362
614 27 359
611 29 360
615 29 356
615 30 355
618 29 353
623 26 351
626 26 348
638 22 340
646 21 333
650 20 330
650 23 327
653 20 327
651 22 327
653 24 323
658 20 322
658 22 320
659 18 323
662 17 321
666 16 318
667 19 314
662 18 320
665 21 314
670 24 306
669 22 309
666 28 306
666 29 305
669 26 305
675 24 301
677 20 303
676 19 305
682 23 295
686 20 294
686 18 296
693 17 290
699 15 286
705 16 279
710 16 274
714 14 272
718 13 269
720 10 270
720 11 269
725 8 267
728 6 266
731 6 263
736 8 256
737 11 252
741 11 248
741 12 247
740 16 244
738 14 248
736 15 249
736 16 248
732 25 243
719 37 244
705 49 246
691 56 253
673 71 256
656 78 266
651 79 270
639 80 281
629 80 291
622 84 294
610 80 310
604 74 322
600 75 325
598 75 327
596 68 336
600 68 332
596 67 337
591 66 343
588 60 352
595 59 346
590 59 351
584 63 353
582 60 358
579 57 364
581 56 363
584 56 360
584 47 369
586 46 368
589 41 370
587 39 374
582 41 377
585 39 376
582 42 376
584 40 376
589 37 374
593 33 374
593 28 379
594 31 375
591 35 374
592 31 377
589 35 376
590 33 377
589 30 381
599 24 377
599 24 377
602 23 375
607 20 373
610 19 371
619 14 367
625 13 362
631 10 359
632 10 358
637 10 353
645 12 343
648 12 340
651 15 334
657 13 330
660 16 324
659 21 320
662 21 317
662 22 316
665 22 313
669 19 312
670 15 315
670 17 313
664 25 311
663 28 309
666 29 305
671 27 302
673 26 301
670 25 305
676 22 302
680 22 298
684 20 296
691 18 291
693 20 287
690 21 289
697 12 291
703 9 288
705 10 285
708 9 283
713 8 279
721 8 271
722 9 269
726 8 266
725 10 265
727 12 261
728 14 258
727 14 259
727 18 255
727 17 256
726 21 253
730 23 247
733 23 244
737 14 249
739 16 245
745 14 241
746 14 240
746 14 240
744 19 237
740 25 235
733 30 237
736 31 233
731 36 233
734 34 232
727 35 238
723 36 241
709 43 248
705 42 253
701 42 257
693 39 268
693 40 267
698 39 263
686 48 266
680 48 272
669 55 276
661 58 281
654 60 286
639 69 292
635 66 299
630 68 302
616 77 307
608 77 315
607 67 326
609 67 324
612 63 325
611 60 329
611 51 338
612 50 338
606 53 341
611 56 333
606 59 335
607 46 347
608 40 352
605 37 358
606 37 357
602 40 358
602 39 359
604 37 359
603 34 363
603 32 365
611 25 364
617 25 358
621 29 350
619 35 346
619 35 346
626 33 341
629 35 336
635 35 330
636 36 328
638 35 327
641 35 324
637 31 332
642 28 330
644 28 328
647 28 325
648 24 328
648 24 328
646 29 325
638 33 329
631 40 329
625 41 334
620 43 337
615 49 336
618 43 339
614 44 342
617 41 342
611 45 344
614 41 345
611 40 349
616 33 351
618 28 354
622 26 352
625 21 354
627 21 352
630 21 349
630 17 353
630 14 356
638 14 348
650 12 338
653 12 335
660 11 329
667 12 321
670 17 313
668 22 310
674 21 305
673 22 305
674 19 307
670 19 311
670 22 308
672 18 310
671 18 311
673 15 312
679 11 310
685 10 305
689 10 301
692 12 296
694 12 294
696 13 291
696 14 290
700 12 288
707 12 281
713 14 273
718 15 267
726 13 261
728 11 261
729 13 258
731 13 256
729 11 260
734 15 251
733 18 249
736 17 247
729 24 247
727 30 243
722 30 248
726 28 246
729 29 242
726 31 243
717 37 246
710 43 247
702 47 251
683 55 262
676 57 267
665 66 269
656 65 279
645 71 284
637 71 292
627 76 297
622 83 295
617 80 303
608 78 314
605 76 319
608 72 320
604 67 329
602 69 329
597 64 339
600 54 346
607 44 349
611 40 349
613 39 348
611 41 348
613 39 348
609 41 350
608 40 352
598 47 355
593 50 357
592 48 360
590 49 361
594 41 365
592 39 369
595 31 374
595 29 376
598 28 374
598 30 372
590 37 373
594 34 372
592 36 372
582 46 372
582 47 371
568 54 378
571 51 378
572 54 374
570 53 377
565 59 376
569 53 378
569 52 379
567 46 387
566 46 388
570 43 387
564 50 386
560 52 388
561 47 392
555 43 402
560 39 401
565 39 396
565 38 397
570 30 400
569 31 400
577 25 398
583 24 393
591 21 388
605 18 377
614 17 369
613 19 368
617 18 365
619 23 358
617 29 354
618 26 356
624 17 359
628 18 354
635 16 349
642 15 343
644 16 340
649 17 334
649 15 336
652 15 333
654 15 331
660 15 325
663 16 321
665 18 317
668 18 314
673 17 310
681 16 303
685 15 300
696 10 294
701 11 288
701 12 287
701 14 285
701 15 284
705 14 281
704 19 277
702 20 278
698 27 275
701 27 272
699 28 273
698 30 272
693 34 273
687 38 275
690 38 272
693 37 270
688 42 270
688 37 275
689 34 277
688 36 276
687 39 274
689 39 272
683 40 277
670 51 279
656 58 286
648 59 293
639 66 295
630 68 302
620 67 313
617 65 318
612 69 319
610 61 329
606 58 336
605 57 338
601 60 339
596 55 349
588 59 353
583 59 358
584 48 368
583 50 367
588 44 368
588 43 369
588 43 369
590 41 369
588 37 375
589 39 372
591 43 366
586 44 370
582 44 374
587 44 369
581 46 373
586 42 372
586 33 381
592 31 377
598 26 376
600 17 383
604 15 381
607 15 378
617 16 367
618 21 361
619 18 363
620 19 361
628 17 355
629 15 356
632 13 355
637 15 348
642 15 343
648 17 335
655 14 331
655 19 326
656 23 321
660 22 318
664 24 312
657 31 312
653 27 320
656 19 325
661 16 323
665 15 320
666 17 317
674 13 313
672 19 309
676 21 303
674 26 300
673 31 296
674 29 297
674 31 295
678 27 295
680 24 296
685 24 291
679 28 293
681 28 291
681 31 288
684 33 283
685 33 282
686 27 287
688 26 286
687 22 291
693 22 285
703 17 280
707 17 276
705 20 275
707 20 273
708 22 270
713 18 269
719 17 264
720 15 265
717 18 265
720 19 261
716 28 256
710 28 262
705 34 261
705 37 258
703 40 257
695 43 262
693 43 264
692 40 268
689 45 266
683 46 271
674 42 284
665 48 287
663 51 286
665 47 288
670 48 282
664 50 286
662 48 290
657 53 290
650 54 296
649 52 299
648 51 301
649 44 307
640 44 316
640 41 319
632 48 320
633 44 323
623 44 333
626 40 334
625 34 341
628 30 342
627 34 339
626 34 340
627 35 338
625 31 344
625 23 352
631 25 344
632 30 338
642 29 329
643 28 329
642 29 329
641 32 327
641 35 324
637 45 318
634 49 317
630 46 324
625 44 331
628 43 329
628 44 328
630 41 329
625 42 333
628 41 331
629 41 330
630 41 329
626 42 332
628 37 335
635 37 328
635 36 329
634 34 332
632 39 329
631 42 327
634 42 324
631 43 326
625 43 332
626 40 334
626 40 334
625 34 341
632 30 338
634 32 334
634 25 341
639 27 334
641 30 329
634 35 331
635 32 333
635 35 330
641 35 324
639 34 327
637 37 326
640 35 325
643 34 323
645 33 322
647 32 321
648 33 319
649 30 321
647 26 327
647 27 326
646 22 332
649 23 328
652 26 322
653 28 319
657 27 316
655 27 318
654 29 317
647 33 320
646 33 321
644 36 320
646 33 321
644 32 324
651 31 318
653 30 317
647 38 315
654 34 312
652 36 312
649 35 316
653 31 316
658 32 310
657 27 316
655 30 315
661 28 311
662 30 308
665 32 303
664 34 302
669 33 298
673 29 298
671 34 295
667 33 300
661 32 307
665 33 302
663 38 299
666 34 300
671 25 304
669 29 302
664 31 305
663 37 300
663 33 304
665 30 305
664 29 307
664 29 307
665 32 303
665 33 302
672 28 300
671 29 300
670 26 304
671 27 302
667 33 300
669 30 301
664 35 301
658 35 307
655 39 306
656 38 306
652 41 307
650 39 311
652 39 309
657 33 310
654 38 308
649 39 312
642 41 317
638 46 316
634 50 316
630 46 324
631 44 325
635 40 325
634 43 323
634 38 328
636 33 331
638 32 330
640 31 329
635 39 326
639 31 330
642 33 325
644 30 326
646 31 323
647 33 320
646 31 323
647 30 323
645 31 324
643 33 324
646 25 329
653 23 324
657 25 318
661 25 314
664 27 309
659 29 312
662 29 309
661 28 311
665 29 306
663 31 306
665 31 304
666 28 306
668 29 303
673 29 298
662 39 299
661 43 296
654 47 299
653 49 298
648 49 303
640 49 311
636 49 315
634 51 315
636 47 317
635 42 323
636 36 328
634 38 328
630 43 327
626 48 326
620 53 327
618 42 340
618 35 347
614 38 348
615 36 349
617 33 350
615 37 348
616 38 346
619 39 342
623 36 341
618 35 347
612 40 348
608 44 348
608 48 344
613 45 342
613 44 343
610 48 342
613 52 335
611 53 336
616 48 336
614 41 345
615 37 348
620 36 344
622 36 342
625 34 341
632 32 336
636 32 332
638 30 332
636 27 337
641 26 333
650 23 327
655 24 321
658 22 320
661 19 320
660 20 320
663 23 314
668 23 309
672 22 306
675 21 304
677 25 298
673 28 299
668 32 300
664 37 299
664 35 301
660 37 303
653 46 301
643 51 306
638 52 310
633 54 313
627 56 317
627 59 314
624 62 314
621 65 314
614 69 317
608 63 329
602 62 336
599 62 339
599 56 345
598 53 349
597 55 348
600 49 351
596 48 356
590 50 360
586 51 363
581 47 372
577 49 374
572 51 377
577 48 375
580 49 371
579 49 372
577 43 380
578 43 379
578 44 378
579 42 379
584 34 382
588 35 377
587 37 376
587 35 378
591 32 377
590 30 380
595 27 378
598 28 374
602 26 372
600 27 373
595 34 371
595 33 372
587 35 378
582 38 380
583 34 383
578 41 381
576 46 378
581 40 379
582 35 383
582 34 384
590 30 380
591 28 381
592 29 379
595 29 376
595 30 375
600 22 378
605 21 374
612 20 368
616 18 366
622 16 362
628 14 358
632 12 356
633 11 356
631 16 353
638 14 348
643 15 342
646 11 343
647 13 340
651 13 336
653 12 335
654 16 330
654 13 333
657 13 330
662 13 325
665 13 322
672 14 314
678 11 311
680 9 311
686 7 307
690 7 303
698 6 296
701 8 291
706 9 285
705 11 284
705 11 284
710 14 276
721 14 265
