997 3 0
997 2 1
996 3 1
996 2 2
995 3 2
990 7 3
986 9 5
981 10 9
976 14 10
970 21 9
961 28 11
953 30 17
949 30 21
927 50 23
909 61 30
882 80 38
853 99 48
814 116 70
767 144 89
725 166 109
692 179 129
655 191 154
621 201 178
577 213 210
538 218 244
511 204 285
505 195 300
495 181 324
481 170 349
468 167 365
465 146 389
454 144 402
451 130 419
455 120 425
458 114 428
461 106 433
456 95 449
460 90 450
462 85 453
468 65 467
474 60 466
486 55 459
490 55 455
502 51 447
508 45 447
507 48 445
509 44 447
507 38 455
512 33 455
517 30 453
524 27 449
529 23 448
532 22 446
535 24 441
539 25 436
544 29 427
550 28 422
551 28 421
544 37 419
546 36 418
549 41 410
549 43 408
547 44 409
554 39 407
554 40 406
559 43 398
560 46 394
561 49 390
560 51 389
550 58 392
532 73 395
528 78 394
515 83 402
509 87 404
502 78 420
497 64 439
491 63 446
492 60 448
490 59 451
486 56 458
489 50 461
489 51 460
492 47 461
489 48 463
488 54 458
490 56 454
489 54 457
486 51 463
489 54 457
484 59 457
488 51 461
486 46 468
495 48 457
494 38 468
497 33 470
504 29 467
511 28 461
510 27 463
518 26 456
526 26 448
531 28 441
543 27 430
546 30 424
554 28 418
556 31 413
566 31 403
571 28 401
568 34 398
573 32 395
578 28 394
587 25 388
588 22 390
590 20 390
597 18 385
605 18 377
607 22 371
606 22 372
608 21 371
609 23 368
610 28 362
613 32 355
618 31 351
622 33 345
625 32 343
627 26 347
630 26 344
626 26 348
626 30 344
624 29 347
625 31 344
628 30 342
631 29 340
630 29 341
627 31 342
634 31 335
632 30 338
629 34 337
628 42 330
634 42 324
629 42 329
631 38 331
630 37 333
633 34 333
628 42 330
634 37 329
637 38 325
635 33 332
637 32 331
640 31 329
639 30 331
646 28 326
649 28 323
648 29 323
649 26 325
651 28 321
649 32 319
651 32 317
651 35 314
650 35 315
649 39 312
653 38 309
654 36 310
659 34 307
654 41 305
649 38 313
642 41 317
639 42 319
628 49 323
628 48 324
628 44 328
624 44 332
621 44 335
628 38 334
626 37 337
627 35 338
629 33 338
626 37 337
619 43 338
617 42 341
619 33 348
625 27 348
628 24 348
629 26 345
636 23 341
638 22 340
638 23 339
640 24 336
640 27 333
643 29 328
644 33 323
648 29 323
647 28 325
650 32 318
655 32 313
653 32 315
651 33 316
648 34 318
645 36 319
648 32 320
649 33 318
648 35 317
644 40 316
644 40 316
645 38 317
646 36 318
653 29 318
657 27 316
657 26 317
658 28 314
653 30 317
651 31 318
655 30 315
657 26 317
661 26 313
658 30 312
656 29 315
657 33 310
648 36 316
651 36 313
647 40 313
652 38 310
651 36 313
651 37 312
648 44 308
642 49 309
635 43 322
633 39 328
636 32 332
630 37 333
632 34 334
626 40 334
631 36 333
634 31 335
638 30 332
645 31 324
641 32 327
645 32 323
649 29 322
649 25 326
645 29 326
643 32 325
645 28 327
646 24 330
654 22 324
663 23 314
661 27 312
666 24 310
671 18 311
673 16 311
673 14 313
679 13 308
681 12 307
688 10 302
690 12 298
692 14 294
697 13 290
701 13 286
698 14 288
697 16 287
699 19 282
697 20 283
695 22 283
694 24 282
693 27 280
689 28 283
691 31 278
691 33 276
690 26 284
688 25 287
694 25 281
693 26 281
692 25 283
695 23 282
698 25 277
702 23 275
704 24 272
710 24 266
713 26 261
709 26 265
712 22 266
712 20 268
712 22 266
717 19 264
716 18 266
723 17 260
728 13 259
732 10 258
731 12 257
737 14 249
741 13 246
743 15 242
737 19 244
734 25 241
742 25 233
739 27 234
737 31 232
738 32 230
733 36 231
733 32 235
737 26 237
735 27 238
728 34 238
724 35 241
717 34 249
711 37 252
707 41 252
703 46 251
697 46 257
687 50 263
678 54 268
664 62 274
654 72 274
656 67 277
645 68 287
639 73 288
638 65 297
636 59 305
636 58 306
629 58 313
618 66 316
616 61 323
610 60 330
607 54 339
604 53 343
598 51 351
600 46 354
602 43 355
600 42 358
598 41 361
600 37 363
600 34 366
593 40 367
591 46 363
587 50 363
587 58 355
590 50 360
590 46 364
597 44 359
600 46 354
604 42 354
607 40 353
602 42 356
606 44 350
604 41 355
603 40 357
606 45 349
602 45 353
610 41 349
616 41 343
623 41 336
627 38 335
633 31 336
632 37 331
633 35 332
633 31 336
635 31 334
643 27 330
642 24 334
641 27 332
640 30 330
645 25 330
646 24 330
644 29 327
647 21 332
650 23 327
655 20 325
659 20 321
660 19 321
667 20 313
666 20 314
672 20 308
672 23 305
673 22 305
675 21 304
676 23 301
680 26 294
677 31 292
679 24 297
679 22 299
683 21 296
682 18 300
684 18 298
689 18 293
690 19 291
682 28 290
677 29 294
673 34 293
672 38 290
671 43 286
660 45 295
660 42 298
661 36 303
663 32 305
664 31 305
660 32 308
653 36 311
654 38 308
651 34 315
652 34 314
653 33 314
658 35 307
654 38 308
658 36 306
659 36 305
663 39 298
657 43 300
649 48 303
647 47 306
647 47 306
645 37 318
651 35 314
654 27 319
656 32 312
654 30 316
657 31 312
656 31 313
657 27 316
662 26 312
664 29 307
665 30 305
668 23 309
666 20 314
670 21 309
673 18 309
675 21 304
676 21 303
682 22 296
680 22 298
687 19 294
685 23 292
681 24 295
681 25 294
686 24 290
690 19 291
688 22 290
694 20 286
696 16 288
701 13 286
704 14 282
703 14 283
707 16 277
707 17 276
703 22 275
695 27 278
703 22 275
701 20 279
703 17 280
703 17 280
707 18 275
706 18 276
707 19 274
707 20 273
708 19 273
710 21 269
708 21 271
710 17 273
709 22 269
711 23 266
715 22 263
717 23 260
721 18 261
723 19 258
721 20 259
723 20 257
723 23 254
730 20 250
726 24 250
725 25 250
720 27 253
718 34 248
718 29 253
714 35 251
715 31 254
711 34 255
712 31 257
711 32 257
703 35 262
705 34 261
699 37 264
689 36 275
687 35 278
685 39 276
682 40 278
682 38 280
675 37 288
678 33 289
673 39 288
670 42 288
670 44 286
667 43 290
663 40 297
664 38 298
667 36 297
665 37 298
666 36 298
669 37 294
665 39 296
664 43 293
663 42 295
667 39 294
665 37 298
661 41 298
664 40 296
655 44 301
649 46 305
640 54 306
634 62 304
635 65 300
628 67 305
621 65 314
618 58 324
616 57 327
616 57 327
609 58 333
609 56 335
608 56 336
605 58 337
604 56 340
601 52 347
608 44 348
614 39 347
617 33 350
620 33 347
621 35 344
620 37 343
618 39 343
614 42 344
610 47 343
607 46 347
608 43 349
607 39 354
601 37 362
607 37 356
611 31 358
625 29 346
627 24 349
626 27 347
632 27 341
633 22 345
628 26 346
631 24 345
631 25 344
632 23 345
641 20 339
645 18 337
645 14 341
647 16 337
650 16 334
657 20 323
658 22 320
659 19 322
660 16 324
664 16 320
667 15 318
670 11 319
666 17 317
668 14 318
669 17 314
666 21 313
662 24 314
661 23 316
660 24 316
664 15 321
669 19 312
671 22 307
674 23 303
670 25 305
675 23 302
676 27 297
671 30 299
668 33 299
664 33 303
663 33 304
661 30 309
663 34 303
665 31 304
662 34 304
665 33 302
665 32 303
661 35 304
658 35 307
659 34 307
664 33 303
662 39 299
663 40 297
657 48 295
658 51 291
651 53 296
644 54 302
640 54 306
639 57 304
636 60 304
631 64 305
628 62 310
626 61 313
622 63 315
614 67 319
609 69 322
607 69 324
603 67 330
605 53 342
610 49 341
617 44 339
609 45 346
609 42 349
607 39 354
601 41 358
600 46 354
600 43 357
604 42 354
602 41 357
601 40 359
604 39 357
602 42 356
600 47 353
601 47 352
599 47 354
605 43 352
601 40 359
602 45 353
604 45 351
600 46 354
587 57 356
590 49 361
584 51 365
578 51 371
581 42 377
581 41 378
588 35 377
597 33 370
598 32 370
604 23 373
604 25 371
604 26 370
603 29 368
606 27 367
608 30 362
609 27 364
603 32 365
598 30 372
597 31 372
608 29 363
613 33 354
609 35 356
613 35 352
606 36 358
604 32 364
609 25 366
611 24 365
613 27 360
617 22 361
620 24 356
624 21 355
623 22 355
622 24 354
624 27 349
621 28 351
623 28 349
619 39 342
614 38 348
610 39 351
617 33 350
620 29 351
619 27 354
625 24 351
622 26 352
624 26 350
628 23 349
634 19 347
643 18 339
643 17 340
648 18 334
648 16 336
650 21 329
655 19 326
650 21 329
649 20 331
647 22 331
648 21 331
655 22 323
657 21 322
655 27 318
654 27 319
656 27 317
658 27 315
658 28 314
655 27 318
658 28 314
661 29 310
661 32 307
661 30 309
661 33 306
660 33 307
655 33 312
654 32 314
656 32 312
656 33 311
658 29 313
663 28 309
664 29 307
665 28 307
669 26 305
672 22 306
677 20 303
677 22 301
678 23 299
679 21 300
683 21 296
685 21 294
689 19 292
693 18 289
699 15 286
701 16 283
703 16 281
705 21 274
698 30 272
696 26 278
693 26 281
695 29 276
695 29 276
694 27 279
690 28 282
685 32 283
686 30 284
688 25 287
686 26 288
691 28 281
686 35 279
678 42 280
675 41 284
674 42 284
668 44 288
662 48 290
656 52 292
653 47 300
653 49 298
646 55 299
638 61 301
641 51 308
639 52 309
645 40 315
646 38 316
646 38 316
647 35 318
649 30 321
652 28 320
654 27 319
657 23 320
657 24 319
656 24 320
658 27 315
661 26 313
663 26 311
666 30 304
668 27 305
667 27 306
661 32 307
666 35 299
668 32 300
664 34 302
663 31 306
663 31 306
665 32 303
661 35 304
666 34 300
667 32 301
667 30 303
671 25 304
677 16 307
677 16 307
676 17 307
681 15 304
675 17 308
672 17 311
673 19 308
675 20 305
679 18 303
684 17 299
683 18 299
680 22 298
679 26 295
665 36 299
661 39 300
660 36 304
659 35 306
659 36 305
660 33 307
665 24 311
667 24 309
670 25 305
674 26 300
672 27 301
674 28 298
672 29 299
666 36 298
665 39 296
663 40 297
663 39 298
667 38 295
667 35 298
664 43 293
665 44 291
662 48 290
665 45 290
659 47 294
659 46 295
666 46 288
665 40 295
665 41 294
667 39 294
674 39 287
671 39 290
674 34 292
678 34 288
680 29 291
678 30 292
682 30 288
683 26 291
679 23 298
681 29 290
678 32 290
672 36 292
673 31 296
675 35 290
673 31 296
669 39 292
662 43 295
656 47 297
648 52 300
640 55 305
632 59 309
630 57 313
628 55 317
627 48 325
624 49 327
627 48 325
624 48 328
620 48 332
621 48 331
618 50 332
619 44 337
614 52 334
618 53 329
612 51 337
613 45 342
618 41 341
622 44 334
630 36 334
626 34 340
626 33 341
624 39 337
624 34 342
629 34 337
628 33 339
631 35 334
633 30 337
637 29 334
641 25 334
641 24 335
646 17 337
648 15 337
651 17 332
651 20 329
649 19 332
654 17 329
658 14 328
658 15 327
665 16 319
668 19 313
664 25 311
670 22 308
671 22 307
675 25 300
679 24 297
672 33 295
671 34 295
667 39 294
669 31 300
672 27 301
673 25 302
679 24 297
679 23 298
681 23 296
682 24 294
686 18 296
687 19 294
691 16 293
695 13 292
692 18 290
693 19 288
695 18 287
694 19 287
694 17 289
694 16 290
697 16 287
704 16 280
705 18 277
705 18 277
703 20 277
705 15 280
702 20 278
705 21 274
708 22 270
700 31 269
696 36 268
693 34 273
695 35 270
697 29 274
697 32 271
698 27 275
699 24 277
701 21 278
698 23 279
701 17 282
702 14 284
706 16 278
708 16 276
710 17 273
709 20 271
705 29 266
709 28 263
711 28 261
704 34 262
699 37 264
696 38 266
687 43 270
685 48 267
682 41 277
683 42 275
682 40 278
683 39 278
679 41 280
674 46 280
670 51 279
668 52 280
664 53 283
658 53 289
643 61 296
633 54 313
625 57 318
615 61 324
608 64 328
606 61 333
608 57 335
599 56 345
592 56 352
589 54 357
586 57 357
577 62 361
572 62 366
567 60 373
568 56 376
562 57 381
564 52 384
561 52 387
568 52 380
567 50 383
570 49 381
569 49 382
572 43 385
571 44 385
564 50 386
565 44 391
565 43 392
567 42 391
567 36 397
570 31 399
579 28 393
584 29 387
593 26 381
599 26 375
602 24 374
605 20 375
611 18 371
620 22 358
621 18 361
621 20 359
622 17 361
625 13 362
629 14 357
638 11 351
644 12 344
648 12 340
651 10 339
649 15 336
658 18 324
662 18 320
661 18 321
668 16 316
672 18 310
673 19 308
676 14 310
677 16 307
681 12 307
680 14 306
683 12 305
686 12 302
691 10 299
690 12 298
691 12 297
699 12 289
