258
148
635
25
295
241
835
104
540
878
233
929
838
464
891
628
322
325
423
542
351
78
240
403
154
845
901
706
850
421
769
449
973
841
662
772
704
543
162
503
52
338
722
5
582
173
735
385
804
161
865
126
19
928
418
604
525
740
508
616
328
773
275
918
440
33
84
358
342
859
191
873
432
251
270
732
145
354
831
48
920
763
55
404
467
254
123
388
266
664
334
389
134
630
968
893
400
307
465
719
702
236
213
410
137
336
108
300
264
413
986
274
50
861
504
431
398
997
317
943
547
583
607
3
257
933
10
288
660
598
212
712
376
310
726
947
674
478
377
501
946
189
625
956
733
596
511
862
597
456
293
446
90
447
824
528
677
407
304
631
21
975
82
854
