10
292
382
64
618
821
9
640
285
60
531
984
593
464
380
331
483
511
899
208
460
155
23
645
334
757
404
153
611
17
246
156
949
49
667
653
437
205
139
230
305
443
729
286
892
992
852
513
367
642
926
58
987
185
244
807
717
113
630
882
701
939
788
845
712
302
530
814
103
507
875
416
990
779
800
819
484
122
35
735
855
792
470
43
746
789
296
52
65
91
591
258
498
428
322
442
120
569
565
644
932
16
338
561
590
236
880
668
742
257
785
822
215
196
124
798
458
146
744
673
655
204
225
616
678
343
603
151
295
546
262
554
477
344
174
608
260
721
479
66
585
6
402
398
93
245
703
993
116
853
790
566
773
226
970
754
430
89
111
595
384
410
448
320
