645
986
668
241
518
908
297
110
395
995
516
907
903
37
919
300
219
552
502
721
396
985
545
832
677
992
879
530
557
13
2
815
49
322
968
915
353
828
54
503
218
586
637
34
485
596
887
466
760
642
920
511
330
317
889
373
176
260
624
508
651
562
675
162
873
836
205
519
786
229
61
336
593
804
925
391
439
708
132
207
181
494
306
149
667
73
845
528
333
96
877
851
751
45
585
195
701
32
220
226
512
575
630
444
950
944
288
454
376
809
357
183
544
774
272
224
127
329
214
379
240
153
716
228
442
811
25
606
370
816
40
409
78
94
737
631
91
913
750
107
653
480
460
654
15
841
211
172
842
6
657
428
68
749
476
35
177
270
486
28
286
380
182
190
