586
592
135
576
833
973
796
30
541
32
468
445
436
964
113
759
865
492
177
270
867
806
958
743
282
25
752
304
583
559
345
937
278
305
814
40
49
707
0
257
258
408
698
922
706
60
900
456
381
860
665
721
993
337
608
861
848
516
744
259
29
153
617
197
591
384
173
267
275
295
228
427
585
83
849
479
828
340
154
46
702
948
543
788
493
51
620
996
452
741
69
441
899
736
354
972
612
168
97
398
9
163
14
409
765
182
61
464
125
299
989
390
35
607
681
254
546
934
366
326
917
284
800
149
757
673
358
590
780
296
878
679
425
619
663
359
783
45
419
144
307
316
213
777
956
123
927
680
656
216
885
360
169
81
946
531
129
405
437
176
72
136
781
236
