966
130
678
132
26
457
689
418
213
731
537
646
582
767
547
789
747
515
687
473
5
847
134
961
576
85
105
629
259
985
538
234
264
830
824
146
426
965
187
541
427
599
423
528
400
163
690
598
572
304
777
399
180
271
924
231
218
762
202
481
274
505
520
440
808
836
30
243
502
112
940
562
366
405
864
902
947
14
883
840
826
509
260
179
886
495
754
891
116
308
168
156
999
384
262
281
339
546
309
429
208
414
890
807
253
376
674
771
657
416
334
161
583
551
649
162
635
203
128
282
101
639
273
668
793
175
564
355
709
17
230
514
12
549
487
95
166
879
787
324
930
38
918
726
186
368
436
220
948
293
922
369
266
770
204
834
501
433
716
685
617
803
126
712
