995 5 0
995 4 1
993 6 1
992 6 2
990 8 2
982 15 3
966 28 6
953 40 7
932 55 13
901 77 22
874 94 32
847 106 47
825 120 55
809 115 76
777 124 99
755 134 111
727 143 130
703 144 153
682 145 173
660 143 197
645 134 221
634 128 238
623 130 247
620 114 266
605 109 286
601 105 294
595 98 307
587 94 319
581 99 320
579 93 328
577 86 337
579 78 343
583 72 345
575 69 356
574 60 366
576 60 364
582 52 366
583 52 365
577 56 367
576 56 368
566 60 374
562 54 384
560 64 376
559 59 382
559 59 382
557 60 383
556 53 391
552 52 396
552 50 398
555 46 399
558 46 396
562 37 401
569 33 398
575 33 392
578 31 391
583 30 387
590 29 381
590 30 380
597 34 369
589 43 368
583 50 367
576 58 366
569 61 370
561 61 378
555 58 387
556 58 386
559 50 391
558 53 389
558 47 395
556 51 393
553 52 395
552 54 394
550 54 396
550 44 406
543 43 414
543 46 411
542 48 410
543 50 407
545 43 412
551 35 414
553 31 416
553 28 419
557 32 411
558 32 410
568 24 408
570 27 403
568 30 402
574 28 398
572 32 396
570 34 396
571 37 392
582 32 386
580 32 388
582 40 378
582 39 379
576 43 381
572 45 383
572 44 384
571 47 382
572 49 379
563 51 386
553 59 388
549 59 392
548 60 392
535 67 398
534 64 402
537 57 406
532 63 405
534 55 411
542 49 409
539 49 412
541 47 412
535 49 416
544 44 412
545 45 410
547 43 410
549 40 411
548 38 414
556 34 410
560 27 413
571 27 402
574 27 399
584 24 392
587 20 393
589 19 392
593 17 390
600 15 385
606 15 379
607 16 377
609 20 371
608 26 366
607 29 364
609 32 359
609 36 355
606 38 356
603 40 357
601 42 357
587 54 359
585 53 362
584 49 367
581 52 367
577 52 371
572 54 374
573 56 371
563 58 379
557 58 385
556 62 382
553 57 390
552 59 389
556 55 389
555 53 392
556 48 396
554 51 395
552 51 397
550 54 396
551 53 396
555 52 393
555 58 387
548 59 393
555 53 392
556 52 392
551 51 398
549 48 403
553 42 405
560 39 401
560 34 406
565 35 400
568 35 397
564 37 399
569 33 398
569 35 396
570 35 395
576 32 392
579 31 390
583 24 393
590 22 388
593 20 387
598 17 385
603 16 381
610 12 378
617 9 374
626 9 365
632 8 360
638 6 356
643 6 351
649 7 344
648 6 346
649 9 342
652 10 338
653 12 335
656 15 329
662 18 320
668 13 319
670 18 312
665 23 312
662 27 311
666 26 308
672 23 305
675 18 307
679 18 303
676 18 306
674 20 306
677 17 306
679 19 302
678 19 303
673 23 304
670 24 306
663 33 304
659 37 304
653 41 306
650 40 310
653 40 307
651 42 307
649 45 306
649 42 309
648 36 316
647 37 316
652 34 314
653 35 312
652 33 315
658 28 314
665 29 306
669 31 300
672 27 301
671 27 302
680 20 300
682 18 300
682 19 299
687 20 293
688 18 294
688 20 292
683 24 293
677 29 294
672 31 297
665 42 293
654 49 297
647 54 299
640 55 305
633 55 312
623 63 314
617 63 320
610 66 324
602 71 327
604 65 331
602 61 337
593 62 345
592 57 351
597 52 351
604 46 350
612 40 348
611 39 350
619 37 344
621 35 344
619 33 348
624 31 345
629 28 343
633 23 344
627 25 348
630 24 346
631 19 350
636 20 344
639 19 342
642 18 340
646 15 339
650 11 339
659 9 332
662 11 327
665 9 326
664 10 326
667 9 324
668 11 321
675 11 314
683 12 305
688 10 302
693 7 300
692 9 299
695 7 298
696 8 296
700 8 292
705 6 289
712 6 282
717 7 276
719 8 273
725 6 269
728 5 267
728 7 265
731 7 262
734 6 260
738 7 255
737 8 255
740 10 250
739 8 253
737 12 251
735 17 248
736 13 251
735 13 252
736 14 250
735 17 248
734 18 248
739 16 245
737 19 244
739 15 246
739 15 246
742 16 242
746 14 240
749 16 235
751 15 234
752 14 234
753 13 234
745 23 232
746 21 233
745 22 233
745 21 234
744 20 236
747 20 233
746 21 233
749 21 230
751 18 231
755 16 229
757 19 224
759 18 223
761 17 222
764 15 221
766 15 219
769 16 215
769 14 217
771 14 215
774 13 213
777 14 209
775 15 210
778 15 207
775 15 210
774 20 206
764 26 210
762 27 211
756 31 213
748 37 215
743 36 221
740 41 219
726 49 225
711 56 233
706 54 240
705 49 246
701 55 244
696 50 254
697 46 257
698 43 259
688 46 266
693 43 264
693 40 267
694 38 268
690 41 269
694 41 265
694 35 271
693 35 272
693 35 272
693 33 274
691 29 280
689 31 280
687 28 285
687 23 290
686 23 291
688 22 290
694 21 285
699 21 280
701 17 282
703 15 282
706 13 281
709 11 280
709 12 279
712 12 276
719 11 270
721 7 272
728 7 265
729 7 264
727 11 262
723 20 257
722 20 258
722 26 252
723 33 244
718 39 243
710 45 245
700 52 248
690 56 254
684 55 261
679 57 264
678 56 266
673 52 275
671 49 280
669 46 285
662 46 292
661 40 299
656 38 306
657 38 305
664 33 303
667 30 303
666 37 297
672 38 290
669 37 294
672 33 295
670 33 297
664 37 299
663 37 300
663 33 304
662 29 309
664 27 309
669 28 303
668 24 308
668 25 307
668 30 302
671 25 304
668 29 303
671 31 298
666 36 298
665 36 299
663 37 300
665 36 299
661 42 297
659 41 300
662 40 298
660 39 301
661 34 305
661 36 303
663 38 299
663 39 298
665 33 302
668 31 301
669 28 303
671 28 301
671 32 297
675 30 295
681 30 289
680 29 291
683 25 292
681 26 293
682 25 293
684 27 289
682 27 291
688 24 288
689 22 289
686 22 292
684 24 292
692 23 285
701 16 283
708 16 276
715 12 273
721 8 271
724 9 267
728 11 261
735 9 256
738 15 247
739 16 245
740 14 246
740 16 244
739 18 243
741 21 238
742 19 239
743 17 240
747 16 237
746 18 236
748 20 232
744 27 229
742 31 227
736 42 222
726 50 224
720 56 224
708 60 232
703 61 236
694 65 241
680 74 246
671 78 251
667 73 260
660 74 266
651 77 272
644 79 277
635 84 281
623 79 298
626 71 303
622 70 308
620 68 312
614 72 314
611 70 319
609 72 319
603 74 323
598 74 328
596 74 330
589 80 331
584 74 342
582 63 355
575 60 365
569 62 369
569 56 375
568 55 377
565 56 379
558 60 382
553 61 386
552 57 391
548 54 398
553 45 402
551 42 407
557 39 404
561 34 405
563 35 402
567 32 401
571 25 404
578 24 398
579 23 398
585 19 396
588 18 394
599 12 389
603 11 386
607 11 382
612 11 377
611 10 379
610 15 375
611 16 373
620 16 364
623 20 357
627 18 355
630 18 352
631 19 350
632 21 347
631 22 347
636 21 343
639 24 337
645 26 329
642 33 325
643 29 328
645 25 330
648 21 331
652 24 324
650 25 325
652 21 327
655 21 324
655 22 323
660 20 320
663 22 315
667 21 312
666 23 311
666 20 314
668 16 316
671 16 313
674 14 312
676 13 311
679 11 310
682 10 308
687 11 302
690 8 302
691 8 301
695 8 297
701 8 291
701 12 287
697 18 285
690 24 286
686 29 285
679 36 285
681 32 287
676 32 292
673 34 293
671 32 297
675 30 295
671 32 297
670 36 294
673 33 294
674 31 295
671 29 300
669 29 302
675 27 298
678 28 294
680 30 290
684 27 289
682 27 291
684 22 294
691 19 290
694 19 287
700 15 285
704 13 283
703 12 285
707 12 281
710 9 281
710 10 280
714 8 278
717 9 274
725 8 267
733 8 259
737 8 255
739 6 255
741 6 253
746 6 248
747 6 247
750 7 243
752 7 241
752 8 240
757 8 235
759 8 233
763 7 230
762 12 226
759 18 223
758 20 222
756 22 222
751 25 224
748 31 221
746 30 224
747 31 222
748 31 221
738 36 226
736 41 223
728 48 224
717 58 225
702 74 224
682 91 227
660 95 245
646 101 253
628 104 268
620 108 272
606 112 282
597 113 290
581 111 308
573 102 325
564 103 333
559 95 346
563 80 357
558 75 367
561 72 367
562 69 369
561 64 375
561 58 381
569 54 377
570 48 382
576 49 375
580 45 375
575 51 374
579 47 374
576 55 369
572 63 365
573 59 368
573 52 375
572 52 376
576 49 375
577 47 376
577 45 378
580 38 382
583 34 383
581 32 387
582 37 381
579 36 385
578 37 385
582 36 382
578 39 383
581 36 383
582 34 384
586 32 382
586 34 380
590 36 374
597 32 371
601 30 369
600 33 367
598 33 369
601 37 362
598 43 359
598 39 363
601 37 362
606 32 362
613 34 353
611 34 355
608 36 356
608 36 356
611 32 357
615 27 358
622 29 349
622 26 352
623 22 355
625 19 356
627 20 353
628 19 353
626 21 353
621 23 356
619 25 356
617 28 355
618 30 352
620 29 351
618 34 348
617 32 351
625 28 347
628 25 347
632 25 343
637 25 338
643 23 334
648 20 332
654 18 328
661 18 321
666 16 318
674 15 311
679 16 305
674 24 302
678 25 297
681 29 290
675 38 287
666 45 289
661 46 293
658 49 293
652 47 301
646 47 307
636 49 315
630 51 319
630 50 320
631 49 320
630 52 318
628 57 315
624 57 319
618 59 323
619 59 322
612 58 330
615 56 329
609 59 332
611 51 338
614 47 339
615 47 338
613 45 342
612 38 350
607 44 349
609 36 355
610 38 352
611 35 354
617 31 352
624 26 350
627 21 352
627 24 349
624 29 347
625 25 350
625 22 353
633 18 349
639 15 346
642 15 343
641 15 344
641 15 344
644 16 340
651 15 334
651 15 334
658 16 326
658 15 327
664 16 320
665 17 318
666 19 315
669 20 311
672 16 312
676 16 308
678 15 307
682 18 300
686 17 297
681 25 294
672 31 297
662 43 295
655 47 298
653 41 306
654 38 308
655 34 311
653 32 315
650 37 313
652 37 311
655 37 308
656 35 309
658 33 309
658 32 310
661 31 308
658 32 310
662 29 309
661 30 309
662 33 305
662 32 306
664 32 304
661 31 308
660 31 309
664 29 307
666 27 307
668 23 309
665 25 310
667 21 312
669 22 309
673 24 303
680 19 301
685 17 298
689 13 298
693 11 296
698 11 291
704 10 286
701 16 283
699 20 281
698 20 282
698 22 280
699 22 279
698 21 281
703 21 276
706 23 271
705 27 268
707 29 264
700 33 267
700 31 269
697 35 268
698 31 271
690 36 274
687 39 274
689 40 271
691 40 269
688 39 273
688 39 273
687 39 274
693 31 276
695 31 274
699 26 275
700 25 275
702 22 276
708 21 271
704 24 272
708 23 269
706 24 270
708 24 268
707 24 269
708 28 264
707 29 264
708 28 264
709 25 266
708 24 268
705 28 267
708 24 268
711 24 265
713 22 265
710 23 267
708 25 267
712 18 270
717 19 264
717 19 264
716 17 267
721 16 263
721 16 263
719 21 260
723 21 256
726 18 256
733 18 249
734 16 250
737 13 250
740 12 248
743 13 244
752 13 235
757 13 230
760 13 227
760 14 226
764 13 223
765 13 222
768 15 217
776 17 207
784 12 204
785 11 204
786 14 200
788 12 200
794 12 194
802 13 185
804 14 182
803 16 181
803 17 180
804 12 184
810 11 179
812 8 180
817 7 176
819 7 174
820 9 171
824 9 167
824 8 168
828 9 163
832 7 161
834 5 161
834 6 160
833 7 160
831 7 162
831 4 165
829 6 165
827 9 164
829 5 166
830 6 164
829 9 162
830 9 161
834 7 159
836 5 159
837 6 157
837 8 155
834 12 154
834 11 155
834 10 156
837 10 153
834 12 154
837 11 152
837 12 151
837 13 150
837 13 150
840 13 147
833 20 147
828 29 143
822 32 146
816 36 148
805 43 152
800 44 156
793 51 156
788 47 165
777 57 166
758 67 175
747 69 184
734 74 192
720 79 201
714 76 210
709 70 221
700 66 234
693 73 234
683 74 243
684 69 247
677 72 251
671 75 254
666 67 267
659 67 274
656 64 280
647 73 280
639 67 294
632 68 300
632 65 303
627 65 308
615 74 311
609 77 314
597 80 323
588 84 328
587 82 331
588 70 342
586 70 344
584 60 356
584 56 360
580 58 362
580 61 359
577 59 364
579 63 358
578 62 360
569 65 366
557 70 373
558 68 374
562 67 371
558 67 375
560 66 374
557 60 383
552 59 389
546 63 391
547 68 385
550 58 392
553 57 390
558 53 389
550 61 389
554 55 391
553 57 390
553 48 399
560 43 397
563 39 398
566 37 397
567 38 395
564 34 402
562 34 404
566 30 404
566 32 402
567 35 398
574 31 395
577 29 394
578 28 394
580 26 394
575 30 395
579 28 393
580 32 388
581 31 388
580 31 389
574 36 390
576 32 392
577 40 383
580 38 382
576 42 382
579 39 382
575 43 382
569 46 385
565 48 387
563 47 390
565 46 389
562 49 389
566 49 385
561 53 386
562 48 390
561 49 390
561 47 392
553 52 395
544 53 403
541 54 405
532 59 409
526 63 411
521 61 418
516 61 423
510 61 429
508 69 423
500 72 428
503 64 433
