995 5 0
992 7 1
990 8 2
988 8 4
977 20 3
962 31 7
940 51 9
925 59 16
886 93 21
847 116 37
816 130 54
791 138 71
757 155 88
732 163 105
702 160 138
686 160 154
665 158 177
646 153 201
625 151 224
597 155 248
574 162 264
558 150 292
554 143 303
542 135 323
520 132 348
520 125 355
510 123 367
496 127 377
492 116 392
491 110 399
491 91 418
495 87 418
493 82 425
487 81 432
484 74 442
490 71 439
486 66 448
491 53 456
490 50 460
491 48 461
492 42 466
493 40 467
502 34 464
509 32 459
515 28 457
520 26 454
525 25 450
527 27 446
531 26 443
539 27 434
550 28 422
551 29 420
559 29 412
563 31 406
559 38 403
556 38 406
557 37 406
551 42 407
557 37 406
557 31 412
556 34 410
560 31 409
560 33 407
564 33 403
566 33 401
571 23 406
578 19 403
579 19 402
583 21 396
590 21 389
592 20 388
599 21 380
603 20 377
610 21 369
617 20 363
618 17 365
619 18 363
619 17 364
619 22 359
619 24 357
626 24 350
626 26 348
624 26 350
627 28 345
620 33 347
619 27 354
616 25 359
613 26 361
615 28 357
620 25 355
624 22 354
631 20 349
632 23 345
636 22 342
634 25 341
640 24 336
649 25 326
648 28 324
653 26 321
653 28 319
655 33 312
661 31 308
665 30 305
666 33 301
670 32 298
671 32 297
670 33 297
678 27 295
682 26 292
687 26 287
690 21 289
697 17 286
696 20 284
698 20 282
696 26 278
699 23 278
699 24 277
699 26 275
698 28 274
698 27 275
701 26 273
703 28 269
698 36 266
695 35 270
689 45 266
680 51 269
672 54 274
666 63 271
652 64 284
643 73 284
639 72 289
637 76 287
636 69 295
631 68 301
627 67 306
621 65 314
620 65 315
616 61 323
614 57 329
616 50 334
617 47 336
610 45 345
608 42 350
607 41 352
602 42 356
598 48 354
600 44 356
596 49 355
598 49 353
596 49 355
595 51 354
593 55 352
592 53 355
598 49 353
602 42 356
609 36 355
611 32 357
616 28 356
615 32 353
619 32 349
622 31 347
635 28 337
636 33 331
634 32 334
642 33 325
641 37 322
640 38 322
639 38 323
638 35 327
637 30 333
635 31 334
635 30 335
633 32 335
635 28 337
636 25 339
646 25 329
646 23 331
647 23 330
643 22 335
642 24 334
648 23 329
653 22 325
660 21 319
660 24 316
659 23 318
661 21 318
664 19 317
669 16 315
670 18 312
673 18 309
673 28 299
675 31 294
677 30 293
679 29 292
681 30 289
680 37 283
681 32 287
684 27 289
690 25 285
692 23 285
692 21 287
689 28 283
690 29 281
689 29 282
690 28 282
695 23 282
698 21 281
703 22 275
706 20 274
706 21 273
711 20 269
713 17 270
715 16 269
718 18 264
722 13 265
726 12 262
731 9 260
732 6 262
737 7 256
740 8 252
741 7 252
744 8 248
748 7 245
753 8 239
757 9 234
756 9 235
763 8 229
766 8 226
764 14 222
756 22 222
758 24 218
753 26 221
751 30 219
748 28 224
748 26 226
750 23 227
749 23 228
750 22 228
749 24 227
749 23 228
748 27 225
750 24 226
747 27 226
746 26 228
747 25 228
741 27 232
739 23 238
741 18 241
741 23 236
744 28 228
745 29 226
743 30 227
741 29 230
741 27 232
744 26 230
741 27 232
737 29 234
734 25 241
734 25 241
734 24 242
738 24 238
742 24 234
743 21 236
741 25 234
734 32 234
728 33 239
731 25 244
728 26 246
734 27 239
735 28 237
733 32 235
733 30 237
737 29 234
735 32 233
734 31 235
729 33 238
727 36 237
727 30 243
722 34 244
722 36 242
724 38 238
726 34 240
727 28 245
725 29 246
721 32 247
716 35 249
715 31 254
715 28 257
710 31 259
709 38 253
713 33 254
714 31 255
712 28 260
712 29 259
709 31 260
705 32 263
702 32 266
703 27 270
705 25 270
699 28 273
698 26 276
702 23 275
704 18 278
703 20 277
702 25 273
703 24 273
705 20 275
707 20 273
715 18 267
717 19 264
720 21 259
722 19 259
724 21 255
722 24 254
727 20 253
733 17 250
735 16 249
740 15 245
740 13 247
745 14 241
752 12 236
752 13 235
751 14 235
750 14 236
750 14 236
750 15 235
754 11 235
752 14 234
750 17 233
750 18 232
745 22 233
745 25 230
740 25 235
743 27 230
738 36 226
729 41 230
728 42 230
719 49 232
714 50 236
709 52 239
711 47 242
706 52 242
700 56 244
694 51 255
693 48 259
689 46 265
687 46 267
687 45 268
684 45 271
686 47 267
687 40 273
683 42 275
681 37 282
682 36 282
678 41 281
674 40 286
673 38 289
672 38 290
676 37 287
673 41 286
676 39 285
671 41 288
666 40 294
671 37 292
676 33 291
678 29 293
676 33 291
676 30 294
681 24 295
685 22 293
686 17 297
687 17 296
689 20 291
690 21 289
694 20 286
694 19 287
695 17 288
692 20 288
691 23 286
689 26 285
688 25 287
684 30 286
686 28 286
688 27 285
694 26 280
699 25 276
703 24 273
705 24 271
711 19 270
713 19 268
714 20 266
716 20 264
718 23 259
721 21 258
722 24 254
722 24 254
719 27 254
720 31 249
721 31 248
721 30 249
718 33 249
722 28 250
713 34 253
719 33 248
719 35 246
717 29 254
712 27 261
711 24 265
719 23 258
717 21 262
711 27 262
710 29 261
709 33 258
704 36 260
704 32 264
706 30 264
702 38 260
703 38 259
699 43 258
702 34 264
703 31 266
701 31 268
703 27 270
701 28 271
705 29 266
710 28 262
711 26 263
711 26 263
712 25 263
712 28 260
711 28 261
711 28 261
708 32 260
702 35 263
700 41 259
697 43 260
693 42 265
691 38 271
681 45 274
677 43 280
678 40 282
681 41 278
679 38 283
675 39 286
678 39 283
678 32 290
681 29 290
685 29 286
683 32 285
687 31 282
692 28 280
692 31 277
693 27 280
697 28 275
696 29 275
699 28 273
700 28 272
696 31 273
694 32 274
691 37 272
691 39 270
694 36 270
692 38 270
685 45 270
681 47 272
675 49 276
667 52 281
664 46 290
666 47 287
662 46 292
658 42 300
652 46 302
650 43 307
652 43 305
652 44 304
655 44 301
651 43 306
651 46 303
648 49 303
648 44 308
645 42 313
648 33 319
648 30 322
647 23 330
646 23 331
645 22 333
650 22 328
654 22 324
655 19 326
655 27 318
653 34 313
651 36 313
650 32 318
653 29 318
662 30 308
657 35 308
652 41 307
643 46 311
640 48 312
640 41 319
635 38 327
635 37 328
637 31 332
635 33 332
635 34 331
631 37 332
634 37 329
629 36 335
629 35 336
632 34 334
632 38 330
628 39 333
635 39 326
636 39 325
637 35 328
633 34 333
637 31 332
639 32 329
640 31 329
641 30 329
646 27 327
651 28 321
654 22 324
659 21 320
660 19 321
661 20 319
667 18 315
667 21 312
668 21 311
672 22 306
672 20 308
674 19 307
675 21 304
675 20 305
674 21 305
678 17 305
681 16 303
682 19 299
688 18 294
689 21 290
696 20 284
695 18 287
697 16 287
699 13 288
704 11 285
706 11 283
707 8 285
711 7 282
716 8 276
718 8 274
717 11 272
718 10 272
728 12 260
729 16 255
727 21 252
720 26 254
716 29 255
712 31 257
708 37 255
698 45 257
695 44 261
696 43 261
689 50 261
683 54 263
675 54 271
664 60 276
660 58 282
662 51 287
661 48 291
657 49 294
658 49 293
654 47 299
656 50 294
653 53 294
647 56 297
648 52 300
644 45 311
640 44 316
637 45 318
632 49 319
636 50 314
624 59 317
618 60 322
612 61 327
611 59 330
608 57 335
606 55 339
607 54 339
602 55 343
603 47 350
600 45 355
603 38 359
607 34 359
609 29 362
609 35 356
611 32 357
616 28 356
612 32 356
619 33 348
618 36 346
615 38 347
612 38 350
613 37 350
611 34 355
615 35 350
613 35 352
617 36 347
617 38 345
619 35 346
624 30 346
624 27 349
631 26 343
633 23 344
643 19 338
643 16 341
644 17 339
644 14 342
649 14 337
649 14 337
653 14 333
658 15 327
664 13 323
669 14 317
677 15 308
681 18 301
679 21 300
677 23 300
678 23 299
671 28 301
668 30 302
663 32 305
659 38 303
664 37 299
665 39 296
659 45 296
656 51 293
644 55 301
636 56 308
640 49 311
637 48 315
640 45 315
636 50 314
634 50 316
636 42 322
632 42 326
631 41 328
632 35 333
630 32 338
627 31 342
628 34 338
630 34 336
629 31 340
629 33 338
635 28 337
636 30 334
643 26 331
646 24 330
648 21 331
652 15 333
656 15 329
660 16 324
667 15 318
672 11 317
675 12 313
678 10 312
682 8 310
689 8 303
696 9 295
706 8 286
712 8 280
713 9 278
716 11 273
716 10 274
719 11 270
722 12 266
723 11 266
723 13 264
727 11 262
726 11 263
726 12 262
728 14 258
728 15 257
727 19 254
731 16 253
737 15 248
736 15 249
735 15 250
736 17 247
738 16 246
736 19 245
736 22 242
737 24 239
732 27 241
733 27 240
730 27 243
729 25 246
729 23 248
731 23 246
728 28 244
726 30 244
724 33 243
722 37 241
723 35 242
719 35 246
714 35 251
715 31 254
710 32 258
706 38 256
702 39 259
699 43 258
694 41 265
691 41 268
688 44 268
681 52 267
678 51 271
670 55 275
670 53 277
664 53 283
661 51 288
657 49 294
650 52 298
643 55 302
643 53 304
642 52 306
640 50 310
639 49 312
640 40 320
641 39 320
644 39 317
641 41 318
641 37 322
638 35 327
626 48 326
625 47 328
622 50 328
623 50 327
625 45 330
627 36 337
619 43 338
618 43 339
615 39 346
616 37 347
612 37 351
609 38 353
612 36 352
612 35 353
613 33 354
615 31 354
619 27 354
624 26 350
631 24 345
633 23 344
635 26 339
637 25 338
638 28 334
637 27 336
642 25 333
636 27 337
633 30 337
630 30 340
629 35 336
625 38 337
626 37 337
619 43 338
614 48 338
609 49 342
604 50 346
601 50 349
598 50 352
597 46 357
601 44 355
599 48 353
593 49 358
591 41 368
592 38 370
603 32 365
600 38 362
597 35 368
600 37 363
603 37 360
605 37 358
598 38 364
594 43 363
590 49 361
593 52 355
592 47 361
596 44 360
598 42 360
593 41 366
595 40 365
590 43 367
590 43 367
588 44 368
592 43 365
587 44 369
588 43 369
583 47 370
584 47 369
587 48 365
594 47 359
596 47 357
597 41 362
605 35 360
608 32 360
614 29 357
617 34 349
619 33 348
625 29 346
625 28 347
626 29 345
627 28 345
631 21 348
638 17 345
645 15 340
650 16 334
654 17 329
660 15 325
662 13 325
663 12 325
667 10 323
675 10 315
684 10 306
689 10 301
691 8 301
697 6 297
699 6 295
701 7 292
706 10 284
700 15 285
705 13 282
705 16 279
699 23 278
698 27 275
696 28 276
693 35 272
688 39 273
684 39 277
685 37 278
685 32 283
680 37 283
679 40 281
676 41 283
670 47 283
668 49 283
664 51 285
659 47 294
658 44 298
662 33 305
666 28 306
674 26 300
678 24 298
686 18 296
684 19 297
688 16 296
694 13 293
696 12 292
700 12 288
701 12 287
708 11 281
715 9 276
718 10 272
720 10 270
724 8 268
726 10 264
728 10 262
730 6 264
733 6 261
739 6 255
744 6 250
750 7 243
752 8 240
757 7 236
756 8 236
759 7 234
762 6 232
763 6 231
767 6 227
772 5 223
774 4 222
779 3 218
782 2 216
785 2 213
787 3 210
786 4 210
789 3 208
796 3 201
798 2 200
798 3 199
803 2 195
806 2 192
813 2 185
812 3 185
813 2 185
817 2 181
821 2 177
822 3 175
826 2 172
827 1 172
828 1 171
833 1 166
835 1 164
838 1 161
839 2 159
837 3 160
841 2 157
840 4 156
843 4 153
843 4 153
844 4 152
848 3 149
852 3 145
851 5 144
853 4 143
856 5 139
860 4 136
863 3 134
863 4 133
861 5 134
864 7 129
861 10 129
865 10 125
862 12 126
863 9 128
866 8 126
864 9 127
864 8 128
863 9 128
867 9 124
870 7 123
872 7 121
871 6 123
873 5 122
872 5 123
871 5 124
870 6 124
874 6 120
874 6 120
875 5 120
872 8 120
873 10 117
873 9 118
875 10 115
874 11 115
870 15 115
870 15 115
870 14 116
869 13 118
868 15 117
865 15 120
862 16 122
858 22 120
853 27 120
846 28 126
835 37 128
834 35 131
828 39 133
823 43 134
816 48 136
810 51 139
803 50 147
794 46 160
791 47 162
787 45 168
783 43 174
782 40 178
777 40 183
777 38 185
768 41 191
763 43 194
762 43 195
759 37 204
748 44 208
738 44 218
726 57 217
724 58 218
718 58 224
712 57 231
706 57 237
698 62 240
696 65 239
685 71 244
679 78 243
665 79 256
651 78 271
639 81 280
634 84 282
618 89 293
609 89 302
607 84 309
593 91 316
591 86 323
593 80 327
582 86 332
576 84 340
573 80 347
575 75 350
572 71 357
567 75 358
569 73 358
569 71 360
564 73 363
