995 5 0
992 6 2
986 9 5
984 9 7
980 12 8
977 13 10
969 18 13
963 22 15
956 28 16
949 33 18
938 40 22
919 51 30
896 64 40
875 78 47
835 102 63
810 118 72
781 127 92
751 143 106
725 149 126
689 167 144
651 171 178
626 173 201
611 160 229
590 147 263
563 151 286
555 143 302
539 135 326
536 114 350
533 107 360
524 101 375
526 92 382
524 87 389
521 83 396
526 75 399
524 71 405
523 65 412
526 65 409
534 54 412
538 54 408
546 50 404
548 53 399
549 58 393
546 60 394
543 59 398
540 57 403
541 57 402
540 55 405
546 48 406
548 45 407
542 47 411
547 45 408
543 55 402
551 47 402
548 51 401
549 49 402
547 48 405
545 50 405
540 56 404
530 61 409
530 56 414
528 55 417
531 53 416
540 50 410
542 48 410
547 46 407
549 43 408
551 38 411
553 37 410
557 32 411
560 32 408
562 31 407
569 30 401
572 24 404
574 22 404
584 21 395
588 22 390
592 27 381
595 23 382
597 22 381
600 23 377
602 26 372
601 27 372
600 32 368
599 32 369
603 33 364
608 27 365
609 27 364
608 27 365
610 26 364
611 34 355
613 32 355
617 32 351
614 35 351
610 41 349
604 44 352
601 43 356
596 42 362
591 44 365
591 45 364
590 50 360
595 46 359
595 40 365
594 39 367
598 34 368
604 34 362
604 35 361
606 35 359
613 29 358
616 26 358
616 27 357
619 24 357
621 26 353
625 27 348
628 22 350
629 20 351
633 23 344
635 20 345
642 21 337
641 21 338
643 24 333
641 28 331
644 28 328
645 25 330
649 25 326
651 25 324
647 31 322
647 29 324
649 25 326
651 28 321
649 34 317
656 29 315
661 32 307
665 30 305
665 27 308
664 25 311
670 25 305
672 22 306
675 24 301
677 27 296
678 27 295
679 29 292
680 25 295
683 25 292
684 29 287
679 33 288
680 33 287
679 31 290
678 26 296
678 27 295
677 27 296
676 27 297
676 27 297
672 31 297
671 31 298
673 29 298
671 34 295
672 30 298
665 35 300
663 37 300
659 42 299
661 40 299
657 41 302
657 40 303
664 42 294
657 41 302
651 42 307
648 44 308
648 43 309
645 48 307
639 46 315
625 55 320
618 58 324
621 53 326
627 47 326
627 47 326
624 50 326
625 46 329
627 40 333
622 41 337
621 40 339
624 36 340
627 31 342
626 33 341
623 36 341
628 33 339
634 30 336
636 29 335
635 31 334
634 31 335
634 30 336
637 28 335
640 26 334
641 32 327
644 27 329
645 24 331
647 23 330
650 25 325
649 23 328
648 23 329
647 26 327
647 30 323
645 32 323
643 38 319
645 36 319
646 33 321
644 38 318
646 32 322
647 34 319
648 35 317
645 37 318
651 31 318
650 30 320
650 28 322
652 29 319
654 27 319
660 27 313
657 26 317
657 29 314
657 29 314
653 34 313
654 29 317
657 33 310
660 27 313
660 26 314
658 31 311
656 37 307
656 35 309
660 31 309
662 31 307
663 29 308
662 28 310
664 27 309
666 23 311
666 25 309
671 26 303
670 28 302
674 29 297
676 25 299
679 21 300
682 18 300
680 20 300
682 22 296
682 19 299
679 25 296
678 27 295
670 33 297
664 35 301
660 35 305
659 34 307
651 36 313
651 38 311
656 37 307
656 38 306
656 35 309
656 32 312
650 38 312
650 34 316
654 29 317
652 33 315
656 33 311
663 32 305
668 31 301
667 29 304
674 30 296
675 31 294
668 40 292
666 40 294
659 48 293
649 56 295
640 62 298
628 68 304
617 76 307
613 77 310
610 78 312
608 69 323
602 75 323
597 75 328
594 63 343
594 58 348
595 57 348
596 56 348
597 49 354
598 43 359
595 49 356
600 43 357
601 41 358
600 36 364
599 37 364
603 37 360
604 33 363
605 34 361
611 31 358
617 31 352
614 33 353
612 28 360
609 31 360
611 27 362
612 31 357
611 33 356
615 26 359
618 25 357
616 24 360
619 25 356
621 25 354
628 26 346
628 25 347
633 23 344
630 26 344
632 22 346
635 23 342
633 25 342
638 24 338
638 24 338
645 23 332
655 19 326
658 20 322
660 18 322
666 16 318
667 15 318
669 16 315
673 14 313
670 17 313
662 26 312
658 28 314
657 27 316
660 24 316
662 22 316
666 27 307
669 30 301
677 29 294
679 28 293
674 27 299
678 27 295
681 25 294
679 28 293
681 23 296
677 28 295
680 28 292
683 31 286
682 36 282
681 33 286
677 34 289
679 32 289
677 28 295
678 22 300
680 22 298
680 25 295
682 25 293
684 24 292
685 19 296
688 19 293
688 17 295
693 16 291
697 16 287
700 14 286
704 14 282
703 17 280
704 17 279
710 16 274
716 18 266
720 14 266
719 12 269
726 12 262
726 13 261
727 13 260
729 15 256
728 16 256
725 21 254
722 24 254
721 24 255
720 23 257
714 27 259
712 27 261
712 26 262
709 30 261
707 31 262
703 31 266
699 33 268
693 39 268
691 43 266
690 46 264
688 47 265
685 49 266
680 48 272
679 45 276
677 47 276
679 42 279
679 36 285
683 36 281
687 34 279
684 34 282
686 33 281
689 28 283
689 23 288
687 20 293
691 18 291
690 19 291
694 20 286
696 20 284
695 20 285
693 20 287
693 20 287
696 16 288
696 16 288
699 17 284
703 19 278
705 21 274
702 25 273
703 22 275
707 20 273
707 20 273
708 20 272
705 19 276
701 17 282
701 18 281
705 16 279
702 19 279
701 19 280
699 24 277
703 23 274
706 21 273
704 22 274
706 21 273
703 22 275
703 22 275
700 28 272
694 39 267
689 40 271
688 41 271
687 43 270
688 43 269
684 45 271
679 51 270
675 50 275
673 50 277
668 50 282
667 44 289
663 49 288
659 47 294
660 44 296
656 46 298
646 56 298
632 61 307
625 57 318
621 53 326
625 53 322
622 57 321
619 58 323
619 57 324
615 61 324
616 64 320
615 61 324
611 64 325
610 55 335
612 47 341
617 39 344
620 38 342
620 38 342
622 37 341
630 37 333
637 39 324
635 43 322
632 44 324
625 40 335
623 40 337
622 40 338
627 35 338
630 36 334
633 31 336
636 25 339
639 26 335
645 27 328
638 37 325
637 32 331
637 33 330
634 41 325
634 42 324
632 42 326
630 46 324
630 44 326
624 48 328
621 47 332
622 47 331
619 50 331
616 47 337
612 52 336
611 51 338
603 55 342
605 52 343
598 59 343
590 65 345
581 64 355
577 58 365
574 59 367
570 60 370
569 58 373
568 60 372
575 60 365
568 59 373
574 60 366
576 59 365
575 58 367
570 59 371
567 60 373
568 53 379
571 47 382
571 47 382
573 43 384
576 44 380
581 43 376
574 47 379
575 49 376
581 41 378
583 38 379
584 36 380
587 37 376
587 36 377
587 40 373
583 37 380
593 36 371
593 34 373
596 32 372
601 30 369
606 25 369
610 25 365
610 25 365
612 21 367
618 17 365
618 15 367
615 18 367
622 11 367
624 12 364
622 13 365
625 11 364
631 9 360
637 10 353
645 9 346
655 6 339
658 7 335
661 6 333
664 6 330
667 4 329
672 4 324
673 7 320
676 7 317
677 7 316
683 5 312
686 3 311
691 2 307
693 1 306
700 1 299
701 4 295
707 3 290
711 3 286
714 3 283
714 6 280
716 7 277
722 8 270
730 8 262
736 7 257
738 6 256
740 7 253
743 6 251
752 8 240
759 8 233
765 8 227
766 9 225
766 9 225
771 9 220
773 9 218
764 17 219
763 22 215
756 32 212
750 32 218
744 34 222
739 38 223
737 36 227
733 45 222
716 58 226
708 67 225
696 72 232
689 73 238
682 73 245
673 75 252
667 69 264
655 74 271
654 68 278
647 71 282
641 71 288
636 74 290
627 83 290
617 88 295
613 81 306
599 85 316
594 80 326
593 73 334
582 76 342
582 73 345
587 59 354
591 53 356
586 52 362
591 46 363
586 42 372
592 38 370
592 32 376
594 31 375
594 31 375
592 28 380
599 24 377
607 19 374
607 19 374
612 20 368
617 21 362
629 20 351
635 20 345
637 20 343
639 21 340
646 21 333
647 20 333
646 20 334
648 16 336
655 15 330
659 12 329
663 12 325
667 11 322
674 10 316
677 10 313
679 14 307
682 14 304
681 19 300
686 16 298
692 15 293
694 17 289
689 21 290
686 29 285
687 28 285
693 24 283
697 20 283
696 20 284
697 20 283
695 25 280
692 25 283
692 23 285
695 18 287
694 17 289
698 14 288
701 14 285
701 13 286
707 12 281
712 12 276
714 12 274
714 11 275
722 8 270
727 6 267
728 6 266
730 6 264
736 7 257
741 7 252
746 6 248
746 10 244
747 14 239
747 16 237
749 16 235
747 19 234
747 23 230
745 25 230
745 31 224
745 30 225
741 37 222
735 44 221
730 43 227
717 52 231
710 55 235
705 58 237
702 63 235
687 77 236
670 86 244
651 96 253
643 99 258
633 90 277
626 86 288
624 81 295
624 77 299
619 73 308
615 66 319
611 66 323
613 63 324
604 64 332
607 64 329
602 62 336
606 55 339
605 58 337
603 50 347
603 48 349
604 47 349
604 43 353
606 37 357
603 34 363
612 29 359
616 29 355
617 29 354
628 31 341
626 31 343
626 32 342
633 24 343
634 26 340
639 27 334
638 26 336
639 27 334
645 29 326
648 29 323
650 28 322
653 29 318
660 28 312
660 28 312
662 31 307
667 25 308
665 26 309
669 26 305
667 25 308
672 24 304
676 25 299
679 26 295
686 21 293
688 19 293
693 18 289
695 19 286
695 20 285
700 17 283
699 18 283
698 17 285
706 16 278
705 21 274
703 24 273
700 25 275
698 30 272
694 32 274
693 35 272
688 40 272
691 34 275
685 39 276
683 43 274
685 38 277
680 39 281
683 35 282
685 31 284
689 25 286
695 25 280
696 25 279
699 24 277
700 20 280
704 18 278
709 19 272
704 26 270
699 25 276
700 25 275
703 22 275
710 24 266
710 26 264
707 29 264
706 33 261
706 30 264
705 33 262
708 29 263
705 31 264
703 32 265
703 38 259
705 34 261
708 31 261
709 32 259
708 28 264
713 24 263
718 19 263
720 18 262
729 13 258
733 12 255
740 13 247
745 12 243
747 13 240
748 13 239
749 10 241
752 10 238
753 11 236
754 13 233
753 15 232
758 12 230
759 14 227
757 18 225
756 19 225
754 22 224
754 20 226
747 28 225
742 33 225
739 28 233
732 34 234
725 38 237
725 37 238
721 32 247
721 35 244
727 34 239
728 36 236
728 37 235
721 39 240
725 36 239
721 37 242
725 35 240
725 34 241
722 33 245
722 36 242
721 37 242
724 34 242
720 34 246
716 35 249
716 34 250
719 29 252
721 28 251
717 32 251
719 29 252
720 29 251
722 22 256
721 22 257
721 22 257
719 18 263
719 23 258
723 20 257
725 17 258
730 16 254
733 17 250
731 19 250
733 18 249
733 17 250
732 18 250
732 14 254
733 16 251
732 20 248
736 19 245
742 14 244
750 14 236
755 14 231
756 14 230
755 13 232
759 12 229
761 11 228
759 16 225
758 18 224
756 20 224
754 20 226
750 23 227
753 20 227
753 25 222
751 27 222
753 23 224
748 27 225
743 31 226
739 33 228
742 30 228
738 33 229
736 33 231
735 31 234
735 28 237
737 27 236
741 28 231
741 33 226
737 30 233
735 34 231
735 31 234
728 35 237
720 46 234
710 49 241
707 47 246
699 51 250
694 52 254
690 54 256
679 60 261
672 61 267
670 62 268
663 62 275
663 50 287
660 50 290
654 51 295
657 49 294
652 50 298
645 50 305
644 48 308
643 43 314
643 43 314
648 37 315
647 35 318
648 31 321
655 28 317
657 25 318
662 22 316
670 21 309
676 19 305
678 19 303
684 19 297
685 16 299
687 13 300
689 14 297
694 15 291
698 13 289
701 11 288
703 14 283
709 13 278
708 15 277
709 13 278
708 16 276
714 15 271
710 22 268
708 24 268
708 24 268
711 24 265
711 21 268
712 21 267
716 21 263
717 21 262
718 19 263
718 15 267
723 17 260
720 22 258
719 23 258
706 39 255
698 43 259
693 47 260
684 51 265
683 52 265
678 53 269
675 54 271
672 57 271
669 58 273
669 55 276
661 56 283
660 56 284
658 52 290
656 57 287
654 58 288
654 53 293
655 47 298
655 45 300
657 42 301
656 38 306
659 34 307
667 30 303
672 24 304
677 23 300
679 19 302
679 18 303
683 18 299
683 16 301
690 14 296
687 18 295
687 17 296
693 17 290
696 18 286
702 13 285
706 11 283
706 13 281
708 14 278
707 18 275
714 17 269
718 15 267
722 13 265
721 12 267
725 14 261
729 14 257
734 13 253
740 11 249
743 10 247
743 11 246
746 12 242
746 13 241
746 13 241
746 16 238
742 19 239
742 21 237
743 19 238
742 21 237
741 20 239
740 23 237
741 22 237
739 24 237
736 30 234
724 39 237
710 50 240
708 48 244
702 50 248
695 51 254
690 50 260
685 49 266
688 49 263
679 58 263
673 60 267
676 59 265
675 55 270
683 47 270
685 48 267
685 48 267
676 54 270
667 56 277
658 66 276
657 58 285
