995 5 0
994 5 1
994 2 4
994 2 4
993 3 4
993 3 4
990 6 4
987 8 5
985 10 5
981 12 7
974 18 8
964 22 14
952 31 17
934 48 18
913 64 23
886 79 35
855 100 45
821 116 63
798 126 76
772 136 92
751 130 119
730 132 138
713 132 155
693 135 172
675 130 195
648 139 213
632 128 240
619 121 260
608 117 275
601 115 284
596 114 290
580 102 318
573 99 328
570 90 340
567 87 346
566 75 359
561 68 371
567 61 372
559 60 381
559 57 384
555 57 388
554 56 390
557 53 390
555 49 396
560 49 391
559 45 396
563 46 391
560 38 402
561 29 410
562 30 408
564 27 409
573 24 403
582 24 394
582 20 398
584 23 393
592 20 388
593 20 387
599 15 386
602 16 382
608 15 377
606 19 375
611 19 370
610 18 372
617 15 368
614 17 369
614 19 367
618 16 366
621 16 363
627 13 360
628 14 358
630 16 354
634 17 349
642 14 344
644 18 338
647 14 339
648 14 338
654 15 331
658 16 326
664 12 324
668 11 321
675 8 317
675 10 315
677 10 313
681 8 311
694 5 301
699 5 296
708 4 288
712 3 285
715 4 281
720 4 276
724 3 273
728 5 267
732 5 263
739 2 259
743 2 255
750 2 248
753 1 246
755 1 244
762 1 237
769 1 230
776 1 223
775 4 221
776 4 220
780 5 215
783 7 210
784 8 208
786 9 205
793 9 198
793 10 197
790 15 195
787 20 193
786 20 194
781 22 197
782 22 196
780 23 197
781 21 198
778 26 196
773 34 193
766 40 194
758 47 195
747 50 203
733 62 205
721 69 210
697 86 217
680 87 233
675 88 237
665 90 245
659 81 260
650 80 270
649 74 277
645 72 283
633 75 292
629 77 294
626 73 301
622 69 309
616 65 319
613 67 320
609 73 318
603 74 323
602 72 326
598 62 340
597 56 347
599 52 349
599 48 353
598 41 361
603 40 357
603 40 357
604 38 358
608 37 355
602 42 356
601 41 358
597 41 362
605 36 359
606 28 366
611 26 363
615 24 361
617 21 362
615 25 360
626 25 349
628 26 346
624 28 348
625 28 347
623 31 346
625 29 346
627 29 344
629 27 344
632 21 347
637 19 344
639 19 342
649 15 336
654 10 336
659 12 329
664 9 327
668 10 322
674 8 318
677 8 315
682 10 308
688 11 301
689 11 300
694 10 296
696 10 294
698 9 293
702 9 289
707 9 284
709 9 282
710 10 280
706 15 279
708 17 275
710 18 272
713 18 269
715 20 265
712 22 266
714 20 266
713 21 266
715 24 261
717 23 260
718 21 261
718 23 259
721 21 258
725 20 255
722 21 257
726 21 253
727 21 252
729 16 255
726 18 256
726 19 255
726 19 255
728 17 255
730 16 254
731 14 255
732 16 252
728 19 253
731 21 248
728 22 250
728 22 250
725 26 249
729 21 250
731 19 250
734 17 249
734 18 248
733 20 247
737 18 245
732 21 247
728 23 249
727 25 248
728 22 250
727 24 249
727 24 249
729 23 248
727 25 248
727 26 247
723 28 249
724 29 247
722 32 246
718 39 243
716 43 241
710 44 246
709 40 251
704 43 253
706 41 253
707 42 251
709 38 253
708 36 256
707 33 260
704 38 258
706 33 261
704 33 263
707 32 261
707 34 259
706 35 259
709 33 258
714 31 255
716 31 253
718 29 253
717 27 256
720 23 257
724 22 254
724 24 252
721 25 254
723 22 255
727 17 256
729 16 255
733 14 253
733 15 252
732 18 250
734 19 247
735 17 248
736 17 247
733 22 245
734 24 242
730 27 243
728 30 242
720 35 245
713 44 243
708 47 245
707 43 250
702 44 254
694 51 255
692 51 257
682 55 263
680 51 269
676 43 281
674 44 282
677 44 279
676 40 284
676 41 283
676 38 286
680 34 286
680 29 291
672 37 291
674 33 293
666 37 297
656 45 299
653 49 298
641 57 302
635 63 302
627 66 307
625 68 307
626 62 312
622 61 317
617 60 323
617 60 323
624 57 319
620 51 329
623 49 328
610 57 333
603 59 338
603 52 345
597 50 353
601 42 357
603 45 352
595 49 356
592 53 355
595 49 356
590 54 356
589 50 361
586 52 362
588 51 361
577 56 367
576 53 371
572 52 376
569 49 382
569 51 380
565 50 385
561 54 385
561 53 386
564 52 384
561 48 391
561 44 395
563 41 396
567 35 398
561 38 401
566 34 400
573 33 394
577 31 392
583 26 391
591 23 386
596 24 380
594 27 379
595 29 376
594 31 375
596 30 374
603 28 369
601 29 370
602 26 372
607 24 369
613 20 367
619 18 363
622 16 362
625 14 361
634 11 355
636 12 352
644 10 346
646 11 343
650 10 340
655 13 332
658 11 331
660 13 327
661 16 323
662 17 321
668 15 317
672 11 317
673 10 317
677 12 311
683 11 306
686 10 304
692 11 297
697 8 295
699 9 292
707 8 285
709 7 284
715 6 279
719 6 275
726 5 269
732 6 262
735 6 259
739 5 256
742 5 253
746 5 249
749 7 244
749 10 241
754 9 237
752 13 235
751 18 231
752 18 230
753 21 226
749 25 226
744 29 227
745 26 229
744 25 231
745 26 229
746 26 228
740 27 233
736 30 234
734 30 236
735 26 239
736 24 240
732 25 243
723 35 242
720 38 242
713 42 245
704 49 247
695 58 247
688 51 261
681 57 262
669 68 263
662 65 273
649 70 281
646 68 286
642 64 294
641 58 301
643 55 302
641 55 304
632 66 302
623 66 311
619 65 316
619 63 318
607 70 323
599 71 330
600 61 339
599 58 343
600 57 343
596 58 346
592 54 354
587 57 356
584 56 360
586 52 362
587 47 366
590 41 369
595 33 372
599 28 373
607 25 368
612 24 364
615 19 366
625 18 357
630 18 352
634 17 349
635 18 347
635 19 346
636 18 346
644 16 340
648 13 339
653 12 335
660 9 331
662 11 327
661 16 323
666 20 314
666 26 308
665 24 311
666 22 312
664 27 309
663 31 306
666 27 307
667 31 302
666 35 299
666 32 302
660 36 304
661 35 304
656 39 305
657 40 303
666 39 295
667 37 296
667 37 296
670 34 296
675 31 294
676 32 292
680 27 293
681 28 291
677 29 294
681 27 292
679 28 293
676 28 296
681 23 296
680 25 295
679 26 295
680 28 292
682 30 288
680 26 294
680 26 294
680 25 295
680 23 297
679 21 300
677 25 298
678 25 297
685 23 292
684 26 290
685 26 289
683 24 293
685 25 290
688 23 289
691 25 284
696 26 278
699 22 279
701 23 276
701 24 275
709 18 273
712 23 265
718 21 261
726 20 254
726 18 256
731 15 254
734 12 254
737 12 251
735 13 252
737 12 251
741 13 246
742 16 242
744 20 236
742 21 237
743 22 235
742 20 238
746 19 235
753 18 229
754 19 227
751 17 232
751 17 232
751 20 229
751 19 230
752 16 232
751 14 235
756 15 229
758 18 224
755 24 221
753 22 225
749 25 226
750 26 224
748 29 223
750 28 222
737 36 227
731 43 226
730 40 230
723 46 231
716 54 230
711 54 235
709 50 241
709 47 244
705 47 248
703 43 254
701 43 256
696 46 258
693 43 264
692 48 260
689 45 266
686 50 264
685 52 263
675 51 274
674 45 281
673 41 286
673 46 281
670 46 284
672 42 286
668 43 289
669 39 292
674 35 291
677 34 289
676 30 294
681 26 293
684 25 291
683 28 289
681 28 291
684 25 291
688 19 293
684 20 296
690 20 290
689 20 291
695 21 284
700 19 281
698 20 282
697 19 284
699 20 281
698 24 278
696 25 279
693 26 281
690 29 281
685 34 281
677 34 289
684 36 280
682 36 282
685 30 285
686 29 285
685 34 281
684 33 283
684 33 283
682 36 282
680 33 287
680 38 282
677 43 280
668 50 282
658 60 282
657 66 277
655 60 285
652 61 287
654 52 294
651 51 298
649 52 299
645 53 302
646 43 311
646 33 321
651 28 321
654 25 321
656 25 319
666 17 317
670 18 312
677 15 308
679 14 307
679 13 308
685 12 303
688 11 301
683 16 301
685 14 301
689 12 299
694 13 293
701 12 287
703 11 286
705 10 285
710 9 281
713 10 277
718 6 276
725 6 269
728 8 264
731 6 263
729 8 263
730 9 261
731 11 258
727 14 259
732 12 256
735 12 253
736 15 249
735 17 248
734 18 248
737 14 249
738 12 250
740 11 249
740 14 246
740 19 241
737 19 244
733 25 242
723 32 245
729 29 242
731 30 239
733 29 238
730 36 234
725 36 239
727 34 239
721 40 239
719 42 239
707 49 244
702 54 244
691 62 247
689 55 256
678 60 262
676 55 269
664 63 273
663 60 277
661 58 281
661 55 284
656 56 288
655 55 290
651 50 299
651 51 298
651 49 300
650 48 302
655 43 302
659 44 297
664 38 298
667 37 296
669 37 294
671 33 296
671 33 296
675 27 298
678 27 295
678 33 289
677 34 289
680 31 289
688 23 289
689 22 289
695 22 283
691 21 288
694 19 287
702 21 277
706 22 272
705 23 272
711 23 266
711 24 265
712 23 265
715 25 260
713 30 257
712 24 264
711 25 264
711 26 263
706 30 264
707 34 259
703 37 260
699 40 261
688 47 265
682 53 265
678 54 268
677 54 269
670 53 277
668 58 274
667 62 271
656 70 274
648 70 282
625 79 296
617 84 299
610 93 297
599 85 316
594 80 326
590 72 338
590 68 342
590 64 346
594 55 351
596 54 350
594 50 356
592 47 361
593 45 362
592 48 360
601 42 357
602 39 359
601 35 364
606 30 364
606 29 365
605 27 368
610 22 368
615 20 365
623 16 361
625 21 354
630 24 346
626 33 341
626 33 341
619 41 340
619 38 343
624 35 341
633 34 333
634 34 332
631 35 334
631 37 332
627 38 335
631 38 331
628 39 333
629 40 331
623 43 334
628 36 336
624 38 338
628 36 336
631 39 330
637 34 329
639 34 327
641 31 328
646 29 325
645 30 325
644 31 325
645 28 327
651 23 326
653 21 326
657 17 326
660 18 322
663 21 316
664 18 318
669 14 317
672 17 311
673 20 307
674 22 304
684 23 293
692 19 289
694 20 286
689 21 290
691 21 288
689 21 290
694 22 284
695 23 282
697 21 282
701 19 280
704 22 274
703 23 274
704 19 277
707 18 275
708 18 274
708 19 273
706 22 272
703 27 270
699 29 272
702 30 268
702 32 266
703 32 265
704 27 269
706 23 271
706 25 269
708 22 270
709 22 269
708 22 270
705 22 273
705 21 274
709 20 271
708 21 271
701 22 277
698 24 278
701 24 275
697 27 276
698 26 276
699 25 276
699 27 274
699 26 275
697 26 277
694 27 279
691 31 278
690 31 279
688 31 281
682 31 287
679 31 290
675 34 291
666 42 292
665 43 292
666 46 288
665 42 293
663 42 295
663 40 297
660 38 302
662 31 307
664 32 304
664 29 307
663 29 308
660 34 306
658 37 305
656 38 306
658 37 305
659 33 308
659 35 306
659 35 306
661 32 307
658 31 311
664 29 307
663 27 310
664 26 310
666 23 311
666 24 310
662 29 309
655 36 309
650 42 308
649 43 308
652 40 308
643 49 308
646 48 306
639 56 305
635 58 307
628 62 310
628 54 318
625 55 320
634 48 318
635 47 318
632 46 322
637 42 321
640 44 316
641 38 321
645 36 319
646 32 322
647 26 327
648 28 324
655 22 323
656 22 322
662 21 317
663 19 318
666 20 314
668 23 309
675 22 303
675 25 300
674 27 299
673 24 303
675 24 301
671 24 305
667 22 311
663 30 307
655 39 306
654 42 304
652 38 310
647 38 315
648 35 317
652 35 313
655 34 311
655 35 310
651 38 311
652 38 310
650 40 310
651 40 309
647 36 317
658 34 308
663 29 308
666 25 309
669 23 308
667 26 307
669 29 302
673 26 301
674 29 297
671 29 300
671 30 299
665 29 306
666 25 309
660 35 305
651 46 303
639 52 309
618 69 313
605 76 319
596 83 321
593 79 328
592 76 332
594 69 337
591 63 346
582 71 347
582 71 347
582 69 349
580 65 355
578 66 356
573 68 359
568 70 362
568 64 368
566 66 368
568 62 370
571 59 370
568 56 376
574 47 379
571 46 383
572 49 379
571 51 378
579 41 380
574 45 381
576 41 383
575 41 384
576 37 387
580 35 385
576 41 383
573 47 380
570 49 381
568 49 383
564 49 387
561 51 388
559 44 397
561 40 399
559 41 400
561 39 400
563 36 401
567 32 401
570 28 402
577 21 402
584 23 393
590 18 392
590 21 389
590 26 384
592 21 387
597 22 381
603 20 377
600 23 377
607 15 378
615 14 371
618 16 366
613 16 371
614 20 366
617 21 362
618 25 357
617 23 360
616 30 354
615 32 353
609 39 352
611 42 347
610 41 349
604 46 350
602 46 352
601 44 355
600 40 360
599 42 359
599 46 355
592 53 355
591 58 351
590 55 355
593 52 355
591 48 361
587 51 362
585 53 362
585 50 365
582 53 365
584 57 359
583 59 358
578 58 364
582 56 362
584 54 362
581 52 367
580 49 371
586 39 375
586 35 379
588 36 376
586 37 377
584 41 375
586 36 378
592 36 372
592 37 371
599 37 364
607 36 357
610 36 354
614 31 355
617 28 355
619 27 354
621 24 355
