995 5 0
994 4 2
994 3 3
994 3 3
992 5 3
990 7 3
989 7 4
984 10 6
983 9 8
980 11 9
975 14 11
967 18 15
962 18 20
955 24 21
944 32 24
937 32 31
924 37 39
920 38 42
908 45 47
898 50 52
883 57 60
862 68 70
855 71 74
837 81 82
816 91 93
796 96 108
778 100 122
768 97 135
753 100 147
741 101 158
721 99 180
722 88 190
711 90 199
694 100 206
679 100 221
672 94 234
667 87 246
658 87 255
655 81 264
649 75 276
647 72 281
647 62 291
642 67 291
644 54 302
640 53 307
639 49 312
632 51 317
630 46 324
635 37 328
635 40 325
634 35 331
636 37 327
637 36 327
638 29 333
640 30 330
643 28 329
645 26 329
652 22 326
657 22 321
658 23 319
664 16 320
670 15 315
673 15 312
679 14 307
683 15 302
685 14 301
692 12 296
697 10 293
701 14 285
701 16 283
707 20 273
706 23 271
706 25 269
702 27 271
704 25 271
710 20 270
710 19 271
712 18 270
716 17 267
724 13 263
725 11 264
727 11 262
734 10 256
732 10 258
734 10 256
736 11 253
734 12 254
733 17 250
734 13 253
736 15 249
740 14 246
741 15 244
744 14 242
745 17 238
745 15 240
744 17 239
744 16 240
748 15 237
746 16 238
747 13 240
749 17 234
750 16 234
754 14 232
758 10 232
764 9 227
766 7 227
769 6 225
771 5 224
773 8 219
778 10 212
772 17 211
771 20 209
771 20 209
764 26 210
758 28 214
754 31 215
752 31 217
752 34 214
752 36 212
744 40 216
747 37 216
747 31 222
745 29 226
742 29 229
743 30 227
740 32 228
742 30 228
737 36 227
741 33 226
740 29 231
739 32 229
736 33 231
737 32 231
729 36 235
734 27 239
736 27 237
735 25 240
735 21 244
738 18 244
742 16 242
740 18 242
741 19 240
738 22 240
740 22 238
739 21 240
737 23 240
737 20 243
737 23 240
742 20 238
735 28 237
729 31 240
731 29 240
726 32 242
726 35 239
725 36 239
717 41 242
715 45 240
706 44 250
703 38 259
694 42 264
680 49 271
671 46 283
672 41 287
670 42 288
667 41 292
668 40 292
668 42 290
666 43 291
659 47 294
655 46 299
657 45 298
661 40 299
660 44 296
655 43 302
650 41 309
650 37 313
653 39 308
657 35 308
661 31 308
666 31 303
672 27 301
671 29 300
671 28 301
670 28 302
672 32 296
678 33 289
683 32 285
681 33 286
686 31 283
689 30 281
691 30 279
690 25 285
691 24 285
691 25 284
693 24 283
693 24 283
700 20 280
698 21 281
699 18 283
700 19 281
704 16 280
707 17 276
709 15 276
712 16 272
715 20 265
714 21 265
715 22 263
717 22 261
717 23 260
716 22 262
714 17 269
712 21 267
712 26 262
709 22 269
707 21 272
705 22 273
705 23 272
698 26 276
696 30 274
696 30 274
698 28 274
697 32 271
697 32 271
691 35 274
686 35 279
686 38 276
682 36 282
688 31 281
690 32 278
688 34 278
682 41 277
679 44 277
681 37 282
679 35 286
679 36 285
673 43 284
670 44 286
664 48 288
655 55 290
651 56 293
651 53 296
653 49 298
651 45 304
652 37 311
653 35 312
652 37 311
659 32 309
662 31 307
660 33 307
659 37 304
660 34 306
662 32 306
665 33 302
664 29 307
664 30 306
672 28 300
670 28 302
666 34 300
663 32 305
661 32 307
664 27 309
665 28 307
667 26 307
669 26 305
673 23 304
673 23 304
677 20 303
683 18 299
685 19 296
682 19 299
689 19 292
689 22 289
688 24 288
687 29 284
687 31 282
688 28 284
686 29 285
691 25 284
696 23 281
699 23 278
703 23 274
706 19 275
709 18 273
709 20 271
708 22 270
705 26 269
703 30 267
697 36 267
692 41 267
689 38 273
688 38 274
689 34 277
691 32 277
682 41 277
683 45 272
679 49 272
684 41 275
682 40 278
685 37 278
679 44 277
679 43 278
673 49 278
665 52 283
663 50 287
651 59 290
647 60 293
640 63 297
634 63 303
629 64 307
629 58 313
626 62 312
623 64 313
616 65 319
613 66 321
608 66 326
601 61 338
598 56 346
602 53 345
605 48 347
608 44 348
607 37 356
606 35 359
606 33 361
608 29 363
607 22 371
614 19 367
612 22 366
609 24 367
616 17 367
618 12 370
620 11 369
626 13 361
636 13 351
641 11 348
644 13 343
646 14 340
649 11 340
651 13 336
652 15 333
657 14 329
663 13 324
664 14 322
667 15 318
674 16 310
678 17 305
678 14 308
687 15 298
688 16 296
689 18 293
696 17 287
701 18 281
699 20 281
693 27 280
693 25 282
691 27 282
692 28 280
689 33 278
685 35 280
683 37 280
687 35 278
682 41 277
681 36 283
681 36 283
679 36 285
681 34 285
674 39 287
665 49 286
663 46 291
658 45 297
658 47 295
654 52 294
652 50 298
658 46 296
661 42 297
664 40 296
666 36 298
668 35 297
665 34 301
663 32 305
665 29 306
671 25 304
671 27 302
670 27 303
668 28 304
673 27 300
675 25 300
676 24 300
680 23 297
688 21 291
687 25 288
690 26 284
695 25 280
695 23 282
699 21 280
700 19 281
702 18 280
706 19 275
713 22 265
715 18 267
719 17 264
723 17 260
726 16 258
728 19 253
730 19 251
731 17 252
732 17 251
728 20 252
730 21 249
722 28 250
715 33 252
712 36 252
705 40 255
693 44 263
684 51 265
678 59 263
663 73 264
656 66 278
652 68 280
655 65 280
646 69 285
640 74 286
636 71 293
628 72 300
624 71 305
618 74 308
614 72 314
610 71 319
612 59 329
617 51 332
616 48 336
620 48 332
618 48 334
612 50 338
613 48 339
617 45 338
614 45 341
618 39 343
618 36 346
621 35 344
622 36 342
626 37 337
627 35 338
630 33 337
633 33 334
635 31 334
634 32 334
641 29 330
638 30 332
644 32 324
642 29 329
646 27 327
648 29 323
656 29 315
658 25 317
655 27 318
655 27 318
651 28 321
651 32 317
657 32 311
656 34 310
655 33 312
658 24 318
661 24 315
662 23 315
657 28 315
661 27 312
659 27 314
657 32 311
659 32 309
656 35 309
661 29 310
661 31 308
660 32 308
658 35 307
659 37 304
661 36 303
661 38 301
663 35 302
664 39 297
665 30 305
660 34 306
662 33 305
661 32 307
662 27 311
663 27 310
668 23 309
668 20 312
671 17 312
675 12 313
683 11 306
686 9 305
691 4 305
695 3 302
698 5 297
700 7 293
700 9 291
701 8 291
709 7 284
716 6 278
721 5 274
725 5 270
727 5 268
729 4 267
737 4 259
740 5 255
742 6 252
743 6 251
747 7 246
745 10 245
744 14 242
743 16 241
748 16 236
748 18 234
748 19 233
744 20 236
741 20 239
740 20 240
737 25 238
728 32 240
723 31 246
723 26 251
724 26 250
726 29 245
731 30 239
739 28 233
744 19 237
732 29 239
732 27 241
736 23 241
739 24 237
732 26 242
724 31 245
723 32 245
726 29 245
722 29 249
724 29 247
719 36 245
715 41 244
710 45 245
705 43 252
702 42 256
703 36 261
698 37 265
691 43 266
682 54 264
684 50 266
678 50 272
673 51 276
663 60 277
655 64 281
639 72 289
627 75 298
631 71 298
626 69 305
623 70 307
621 69 310
620 69 311
613 72 315
610 61 329
607 56 337
604 56 340
608 56 336
608 51 341
607 44 349
608 42 350
605 42 353
606 38 356
612 35 353
611 31 358
616 27 357
618 28 354
619 26 355
625 27 348
622 30 348
620 30 350
622 30 348
616 35 349
615 32 353
621 33 346
620 29 351
622 28 350
625 23 352
628 19 353
632 18 350
631 17 352
637 13 350
641 11 348
649 10 341
651 11 338
659 9 332
664 9 327
664 10 326
666 9 325
670 8 322
677 6 317
680 5 315
686 5 309
691 4 305
698 3 299
703 2 295
708 2 290
711 1 288
715 0 285
717 1 282
723 1 276
729 1 270
738 0 262
743 0 257
745 0 255
751 0 249
754 0 246
760 0 240
764 0 236
767 0 233
771 0 229
776 0 224
778 0 222
780 0 220
788 0 212
793 0 207
799 0 201
802 1 197
803 0 197
808 0 192
814 0 186
816 0 184
820 0 180
823 0 177
828 0 172
830 0 170
836 0 164
837 3 160
839 3 158
841 3 156
842 2 156
843 2 155
843 2 155
847 2 151
851 2 147
854 1 145
857 1 142
860 0 140
862 0 138
864 0 136
865 0 135
869 0 131
869 1 130
871 1 128
875 0 125
879 0 121
881 0 119
881 0 119
883 1 116
883 1 116
886 1 113
888 2 110
889 3 108
890 4 106
888 6 106
882 13 105
869 24 107
861 32 107
846 44 110
826 63 111
807 78 115
796 81 123
779 90 131
763 92 145
741 103 156
725 104 171
700 110 190
687 109 204
671 110 219
648 118 234
641 112 247
630 111 259
620 107 273
616 100 284
605 101 294
597 101 302
590 99 311
589 94 317
578 88 334
574 86 340
571 85 344
571 81 348
570 79 351
562 75 363
567 70 363
566 70 364
565 61 374
562 62 376
564 54 382
565 56 379
562 53 385
560 52 388
557 54 389
559 53 388
557 51 392
554 52 394
548 55 397
545 52 403
549 52 399
543 52 405
544 46 410
545 46 409
548 46 406
553 41 406
551 43 406
555 35 410
553 39 408
555 46 399
559 41 400
561 43 396
559 37 404
558 33 409
562 31 407
568 27 405
573 28 399
580 29 391
586 27 387
586 26 388
592 26 382
597 25 378
600 19 381
602 19 379
600 20 380
607 15 378
617 16 367
619 19 362
622 20 358
628 20 352
632 20 348
634 19 347
630 25 345
632 20 348
636 21 343
636 20 344
634 24 342
633 23 344
629 25 346
631 27 342
633 30 337
634 33 333
642 25 333
647 23 330
650 21 329
650 20 330
653 21 326
660 19 321
660 18 322
663 17 320
666 18 316
669 20 311
672 21 307
673 19 308
674 21 305
666 31 303
664 37 299
657 40 303
657 38 305
660 39 301
662 34 304
663 37 300
668 36 296
675 28 297
678 22 300
682 21 297
683 22 295
687 19 294
686 21 293
689 20 291
688 21 291
689 18 293
687 16 297
692 16 292
689 16 295
693 15 292
692 20 288
691 22 287
688 25 287
684 27 289
683 25 292
686 24 290
685 23 292
681 24 295
686 23 291
689 25 286
680 34 286
676 32 292
672 36 292
671 37 292
663 41 296
661 39 300
658 40 302
659 37 304
662 32 306
663 29 308
660 34 306
658 31 311
661 29 310
665 30 305
664 28 308
666 27 307
667 27 306
666 23 311
669 23 308
668 23 309
672 22 306
675 24 301
681 20 299
683 19 298
686 18 296
688 19 293
685 24 291
683 25 292
686 26 288
690 24 286
686 25 289
688 22 290
691 22 287
698 21 281
704 20 276
699 21 280
707 18 275
709 17 274
715 16 269
721 15 264
720 17 263
723 17 260
723 15 262
726 14 260
728 12 260
730 11 259
734 12 254
739 9 252
742 9 249
743 9 248
748 8 244
750 10 240
750 11 239
753 11 236
755 12 233
752 14 234
754 10 236
760 8 232
766 9 225
770 10 220
773 11 216
773 9 218
772 11 217
774 15 211
776 15 209
774 19 207
774 18 208
771 20 209
770 21 209
773 21 206
771 22 207
768 22 210
768 22 210
767 25 208
766 24 210
767 20 213
766 20 214
772 18 210
773 19 208
775 16 209
780 13 207
783 10 207
781 10 209
782 9 209
785 8 207
791 6 203
795 6 199
800 5 195
806 4 190
808 2 190
809 2 189
812 2 186
811 6 183
812 6 182
815 5 180
817 6 177
815 8 177
816 6 178
817 5 178
815 5 180
818 3 179
820 3 177
823 2 175
824 4 172
825 4 171
826 2 172
829 2 169
833 2 165
832 4 164
835 4 161
836 4 160
836 4 160
838 4 158
838 4 158
838 3 159
841 3 156
843 3 154
847 3 150
851 3 146
853 2 145
853 2 145
856 3 141
858 4 138
861 4 135
865 3 132
867 4 129
868 3 129
870 2 128
871 2 127
873 1 126
874 1 125
877 0 123
882 0 118
882 0 118
883 0 117
886 0 114
887 0 113
889 0 111
891 0 109
895 0 105
896 0 104
897 0 103
897 0 103
897 0 103
900 0 100
900 0 100
901 0 99
904 0 96
905 0 95
908 0 92
909 0 91
910 0 90
912 0 88
914 0 86
918 0 82
918 0 82
919 0 81
923 0 77
924 0 76
926 0 74
929 0 71
931 0 69
931 0 69
931 0 69
931 0 69
932 0 68
934 0 66
936 0 64
937 0 63
937 0 63
938 0 62
938 0 62
939 0 61
939 0 61
940 0 60
943 0 57
943 0 57
944 0 56
947 0 53
947 0 53
949 0 51
950 0 50
951 0 49
953 0 47
953 0 47
955 0 45
956 0 44
956 0 44
956 0 44
956 0 44
957 0 43
957 0 43
958 0 42
959 0 41
959 0 41
959 0 41
959 0 41
959 0 41
959 0 41
960 0 40
961 0 39
961 0 39
961 0 39
961 0 39
963 0 37
963 0 37
963 0 37
964 0 36
964 0 36
966 0 34
966 0 34
966 0 34
966 0 34
