1000 0 0
1000 0 0
997 2 1
996 3 1
992 5 3
991 6 3
988 8 4
988 7 5
984 10 6
982 9 9
978 12 10
972 16 12
970 16 14
964 21 15
956 26 18
951 29 20
946 30 24
929 40 31
927 40 33
911 48 41
899 56 45
883 62 55
869 67 64
859 67 74
836 82 82
823 83 94
806 89 105
792 90 118
776 96 128
753 105 142
734 104 162
724 99 177
709 102 189
699 108 193
684 109 207
669 116 215
657 116 227
646 115 239
630 116 254
614 121 265
607 112 281
609 106 285
598 111 291
589 111 300
580 114 306
574 114 312
560 118 322
538 123 339
532 114 354
521 110 369
520 96 384
518 91 391
513 89 398
512 90 398
511 85 404
508 82 410
507 85 408
509 82 409
507 71 422
502 69 429
501 60 439
500 58 442
506 48 446
507 48 445
511 44 445
514 41 445
516 43 441
522 35 443
526 28 446
530 28 442
533 28 439
535 26 439
540 25 435
546 26 428
553 25 422
558 27 415
561 27 412
565 25 410
570 28 402
567 31 402
567 38 395
566 37 397
569 36 395
567 36 397
571 39 390
572 41 387
570 42 388
576 34 390
576 36 388
581 28 391
581 25 394
587 19 394
591 14 395
595 13 392
598 14 388
602 14 384
604 14 382
607 13 380
610 9 381
606 13 381
609 10 381
615 7 378
619 4 377
622 4 374
625 3 372
632 4 364
637 4 359
642 4 354
644 6 350
654 7 339
656 5 339
660 7 333
662 9 329
662 8 330
671 9 320
677 10 313
678 10 312
684 12 304
687 9 304
699 9 292
695 14 291
694 17 289
699 13 288
701 13 286
703 15 282
709 14 277
708 17 275
712 22 266
715 20 265
713 20 267
708 23 269
707 26 267
704 27 269
696 34 270
697 38 265
696 34 270
691 32 277
692 33 275
695 32 273
689 34 277
688 34 278
689 37 274
688 44 268
684 45 271
685 42 273
690 37 273
684 40 276
683 40 277
682 42 276
681 39 280
673 45 282
668 45 287
664 44 292
666 40 294
666 38 296
662 38 300
662 37 301
664 37 299
661 37 302
659 38 303
661 38 301
660 36 304
663 33 304
667 37 296
669 34 297
665 33 302
662 35 303
662 36 302
663 32 305
661 33 306
664 34 302
663 34 303
659 36 305
654 35 311
654 40 306
650 38 312
650 43 307
648 48 304
643 49 308
648 50 302
650 43 307
654 42 304
655 42 303
654 37 309
652 37 311
655 40 305
656 37 307
654 39 307
656 35 309
656 34 310
653 39 308
650 41 309
649 40 311
654 37 309
648 39 313
645 36 319
648 35 317
648 33 319
648 31 321
650 31 319
651 30 319
655 32 313
658 29 313
658 27 315
655 31 314
661 29 310
667 27 306
664 30 306
664 31 305
660 32 308
655 32 313
657 33 310
661 31 308
663 32 305
659 33 308
658 34 308
656 30 314
659 24 317
660 24 316
663 21 316
665 23 312
667 22 311
675 20 305
677 18 305
682 16 302
684 19 297
687 21 292
689 22 289
690 24 286
691 25 284
688 24 288
685 25 290
692 22 286
692 22 286
688 22 290
687 23 290
693 20 287
691 24 285
693 21 286
692 21 287
691 19 290
693 18 289
696 19 285
700 21 279
703 19 278
705 18 277
709 16 275
712 14 274
712 16 272
715 17 268
720 14 266
721 13 266
724 14 262
727 13 260
731 11 258
735 11 254
736 13 251
735 15 250
735 14 251
739 11 250
745 10 245
747 10 243
752 10 238
755 12 233
756 7 237
761 7 232
762 8 230
764 10 226
764 12 224
761 16 223
764 13 223
767 11 222
770 14 216
771 16 213
770 17 213
770 19 211
770 20 210
770 24 206
771 23 206
774 20 206
773 22 205
770 24 206
771 18 211
775 18 207
775 18 207
770 23 207
771 24 205
765 28 207
765 26 209
761 27 212
759 28 213
761 30 209
760 29 211
759 28 213
759 25 216
762 21 217
760 23 217
757 26 217
754 27 219
751 30 219
750 27 223
751 26 223
755 22 223
754 29 217
756 27 217
754 28 218
753 24 223
754 24 222
753 27 220
753 24 223
750 29 221
748 30 222
747 25 228
743 25 232
743 21 236
746 19 235
743 22 235
745 25 230
751 21 228
748 24 228
745 23 232
745 26 229
740 32 228
736 31 233
730 33 237
729 29 242
730 29 241
732 27 241
736 28 236
733 28 239
733 30 237
740 31 229
745 29 226
747 30 223
746 27 227
746 30 224
749 29 222
744 33 223
746 31 223
744 34 222
743 34 223
742 32 226
745 27 228
742 30 228
740 28 232
745 25 230
743 26 231
747 20 233
746 19 235
750 15 235
754 16 230
757 16 227
759 17 224
759 15 226
759 14 227
762 15 223
764 16 220
765 14 221
769 13 218
770 16 214
770 18 212
767 19 214
765 18 217
761 23 216
760 24 216
759 22 219
761 18 221
766 18 216
764 19 217
764 18 218
759 24 217
757 25 218
755 26 219
758 23 219
763 24 213
762 22 216
758 24 218
759 23 218
762 21 217
762 23 215
754 32 214
751 29 220
752 28 220
753 26 221
747 32 221
748 31 221
740 35 225
742 34 224
743 34 223
745 29 226
742 27 231
746 27 227
742 30 228
744 24 232
745 22 233
748 21 231
752 20 228
754 19 227
751 23 226
752 21 227
753 21 226
756 20 224
757 21 222
764 17 219
762 18 220
765 15 220
769 15 216
769 16 215
773 16 211
776 15 209
772 19 209
768 21 211
764 26 210
762 26 212
761 25 214
756 24 220
755 23 222
751 28 221
746 27 227
746 25 229
747 22 231
746 26 228
749 24 227
746 27 227
747 25 228
739 28 233
740 29 231
737 29 234
735 32 233
733 33 234
735 31 234
732 34 234
729 31 240
726 34 240
731 31 238
728 30 242
727 28 245
726 27 247
729 26 245
730 24 246
725 28 247
722 28 250
720 29 251
716 34 250
719 32 249
718 29 253
715 27 258
713 32 255
713 25 262
715 24 261
716 27 257
717 25 258
719 20 261
722 18 260
722 18 260
730 16 254
732 18 250
738 20 242
740 19 241
744 18 238
741 18 241
739 19 242
738 21 241
735 24 241
736 26 238
724 31 245
730 27 243
727 31 242
725 34 241
722 40 238
719 41 240
716 38 246
720 37 243
724 31 245
723 32 245
722 33 245
723 32 245
722 29 249
723 23 254
721 26 253
716 29 255
723 24 253
722 26 252
722 22 256
716 28 256
715 26 259
716 21 263
715 15 270
714 11 275
721 11 268
723 12 265
725 10 265
730 12 258
728 13 259
727 12 261
728 10 262
730 16 254
735 15 250
732 14 254
735 14 251
737 14 249
748 13 239
749 14 237
748 17 235
748 9 243
747 10 243
745 12 243
751 11 238
753 12 235
757 12 231
758 9 233
761 9 230
761 10 229
763 13 224
765 10 225
767 10 223
769 11 220
770 10 220
771 10 219
774 7 219
774 9 217
775 8 217
779 9 212
782 10 208
784 8 208
781 11 208
777 16 207
774 18 208
769 19 212
768 19 213
769 21 210
776 21 203
778 22 200
774 20 206
783 17 200
782 17 201
775 22 203
777 23 200
777 19 204
776 19 205
777 20 203
775 22 203
769 28 203
766 27 207
766 22 212
764 24 212
766 27 207
761 29 210
759 33 208
759 33 208
750 40 210
746 41 213
745 42 213
742 44 214
737 41 222
736 39 225
731 40 229
731 37 232
728 37 235
733 38 229
731 34 235
728 39 233
720 38 242
719 39 242
724 37 239
717 42 241
715 42 243
706 45 249
703 40 257
698 43 259
696 43 261
688 49 263
682 50 268
675 52 273
664 59 277
673 53 274
674 47 279
675 46 279
674 42 284
676 39 285
672 42 286
665 41 294
667 40 293
671 39 290
669 34 297
667 37 296
669 41 290
668 41 291
675 35 290
677 39 284
672 41 287
672 41 287
668 44 288
663 50 287
664 49 287
662 50 288
657 53 290
661 49 290
659 47 294
655 47 298
650 48 302
647 53 300
646 55 299
647 53 300
648 52 300
645 48 307
644 45 311
641 48 311
635 51 314
635 48 317
639 49 312
642 50 308
641 50 309
643 46 311
647 44 309
648 39 313
651 32 317
652 28 320
658 29 313
662 28 310
670 28 302
674 26 300
677 23 300
677 25 298
679 28 293
683 27 290
688 25 287
692 24 284
692 22 286
692 23 285
695 21 284
694 23 283
694 23 283
692 25 283
693 22 285
694 21 285
698 21 281
702 20 278
703 20 277
704 22 274
701 24 275
705 24 271
703 23 274
703 22 275
701 23 276
699 24 277
704 21 275
707 23 270
712 22 266
717 18 265
716 17 267
719 17 264
724 13 263
728 11 261
737 8 255
740 8 252
740 10 250
741 10 249
743 10 247
742 10 248
740 11 249
738 14 248
738 17 245
742 13 245
742 13 245
744 12 244
747 9 244
748 11 241
746 14 240
747 14 239
749 17 234
750 17 233
746 22 232
743 24 233
744 23 233
740 30 230
730 38 232
728 32 240
729 24 247
736 20 244
735 19 246
738 18 244
741 17 242
740 22 238
741 23 236
742 24 234
743 22 235
744 19 237
742 18 240
743 20 237
745 18 237
747 16 237
752 12 236
754 12 234
755 10 235
763 11 226
765 9 226
770 11 219
768 14 218
770 14 216
768 16 216
765 22 213
760 27 213
756 29 215
753 28 219
753 28 219
752 30 218
752 27 221
754 28 218
749 35 216
749 32 219
750 27 223
746 31 223
745 31 224
748 29 223
744 31 225
742 30 228
748 28 224
746 28 226
738 33 229
734 36 230
733 33 234
735 32 233
733 33 234
738 31 231
737 34 229
743 30 227
740 35 225
738 36 226
729 45 226
729 44 227
723 44 233
723 39 238
723 36 241
716 42 242
721 43 236
719 42 239
719 43 238
712 44 244
711 39 250
714 37 249
719 34 247
716 36 248
717 35 248
717 35 248
717 34 249
715 35 250
715 36 249
713 33 254
713 31 256
707 35 258
702 36 262
702 31 267
706 31 263
711 29 260
712 26 262
712 28 260
713 27 260
711 28 261
709 29 262
707 30 263
703 32 265
698 35 267
698 35 267
699 32 269
699 27 274
698 29 273
697 28 275
702 29 269
702 32 266
700 31 269
699 30 271
702 27 271
696 29 275
698 25 277
699 22 279
695 26 279
697 24 279
701 23 276
706 24 270
708 23 269
708 27 265
711 26 263
714 22 264
719 18 263
721 18 261
723 20 257
717 26 257
712 30 258
714 28 258
703 34 263
701 35 264
705 35 260
699 38 263
700 39 261
697 41 262
691 46 263
685 44 271
687 44 269
679 52 269
676 51 273
675 50 275
672 51 277
671 44 285
667 47 286
664 43 293
660 49 291
656 50 294
657 42 301
656 40 304
654 39 307
657 35 308
665 30 305
669 29 302
667 28 305
671 27 302
675 26 299
672 28 300
676 31 293
678 29 293
677 33 290
677 29 294
676 28 296
677 25 298
678 26 296
675 25 300
682 28 290
682 33 285
680 32 288
682 30 288
683 30 287
683 31 286
686 29 285
689 27 284
691 29 280
686 33 281
684 35 281
687 33 280
689 33 278
692 34 274
694 29 277
694 30 276
693 33 274
688 35 277
687 33 280
687 32 281
684 31 285
682 31 287
685 32 283
689 27 284
689 25 286
690 22 288
692 19 289
692 19 289
701 15 284
705 16 279
706 18 276
711 15 274
709 17 274
714 17 269
719 13 268
720 13 267
724 10 266
725 10 265
729 8 263
727 12 261
730 12 258
732 14 254
731 16 253
734 17 249
733 19 248
731 18 251
731 20 249
732 21 247
734 21 245
736 23 241
728 27 245
727 32 241
722 37 241
720 39 241
719 37 244
717 41 242
712 44 244
704 41 255
705 35 260
704 30 266
706 28 266
704 34 262
705 37 258
702 40 258
699 44 257
695 44 261
702 40 258
694 42 264
687 44 269
684 43 273
682 43 275
677 44 279
674 48 278
680 36 284
676 36 288
675 31 294
679 29 292
680 24 296
686 24 290
690 22 288
690 24 286
691 22 287
693 19 288
691 22 287
693 20 287
691 25 284
689 25 286
689 26 285
687 27 286
686 29 285
687 29 284
685 28 287
684 28 288
682 26 292
683 27 290
685 21 294
688 19 293
687 22 291
688 18 294
691 19 290
695 23 282
693 23 284
696 20 284
691 23 286
692 24 284
689 23 288
690 28 282
690 29 281
684 29 287
685 30 285
687 30 283
685 33 282
686 31 283
688 34 278
688 31 281
693 30 277
693 29 278
694 25 281
693 29 278
696 30 274
698 31 271
695 32 273
693 30 277
693 37 270
695 36 269
687 45 268
686 47 267
683 51 266
682 48 270
676 45 279
671 52 277
665 60 275
659 58 283
653 64 283
649 66 285
649 64 287
650 60 290
644 57 299
638 53 309
630 54 316
633 53 314
634 45 321
635 44 321
640 43 317
635 42 323
635 42 323
641 42 317
639 42 319
633 39 328
636 35 329
636 27 337
636 27 337
641 26 333
643 30 327
652 27 321
654 26 320
656 26 318
659 22 319
664 22 314
666 22 312
668 18 314
675 19 306
677 20 303
675 22 303
674 21 305
680 20 300
683 18 299
688 16 296
688 14 298
690 10 300
692 12 296
690 11 299
697 13 290
700 12 288
702 11 287
