995 5 0
993 7 0
993 6 1
992 5 3
991 5 4
982 14 4
973 23 4
961 30 9
954 35 11
937 49 14
922 56 22
907 53 40
881 72 47
857 83 60
822 109 69
797 118 85
775 119 106
748 123 129
724 129 147
698 130 172
674 143 183
649 144 207
629 143 228
612 141 247
588 157 255
573 139 288
566 135 299
555 139 306
547 124 329
539 107 354
538 100 362
534 91 375
530 83 387
526 90 384
526 85 389
522 88 390
512 90 398
504 97 399
504 93 403
502 87 411
499 80 421
498 82 420
495 78 427
496 76 428
491 71 438
496 64 440
494 61 445
495 57 448
497 49 454
501 44 455
507 47 446
516 46 438
518 43 439
524 37 439
535 31 434
543 27 430
550 22 428
555 16 429
565 16 419
570 17 413
580 17 403
589 12 399
593 10 397
597 12 391
603 14 383
608 16 376
607 15 378
612 15 373
611 21 368
614 20 366
615 22 363
616 21 363
621 22 357
623 22 355
631 21 348
636 19 345
642 14 344
647 11 342
657 10 333
663 9 328
667 10 323
674 7 319
679 9 312
681 10 309
687 9 304
692 11 297
695 12 293
696 12 292
696 14 290
695 16 289
697 18 285
701 26 273
697 26 277
696 25 279
696 21 283
702 19 279
703 20 277
702 24 274
707 21 272
705 28 267
708 30 262
711 24 265
718 23 259
717 31 252
715 27 258
716 25 259
714 24 262
718 21 261
718 19 263
717 22 261
719 21 260
723 19 258
721 20 259
720 18 262
721 18 261
725 17 258
723 19 258
723 19 258
724 23 253
729 24 247
734 24 242
738 22 240
738 18 244
738 23 239
738 28 234
733 31 236
741 27 232
742 26 232
742 25 233
740 22 238
736 21 243
736 21 243
737 21 242
741 23 236
740 25 235
739 25 236
738 23 239
738 23 239
738 25 237
744 20 236
740 23 237
741 21 238
742 22 236
742 21 237
739 24 237
737 26 237
740 26 234
739 27 234
734 33 233
735 33 232
733 32 235
738 30 232
737 29 234
737 34 229
730 39 231
726 46 228
723 43 234
722 43 235
715 48 237
711 41 248
708 40 252
707 44 249
709 43 248
707 47 246
699 54 247
685 66 249
682 68 250
674 66 260
667 61 272
659 61 280
659 57 284
656 54 290
651 56 293
645 58 297
645 54 301
645 49 306
643 50 307
645 49 306
644 55 301
640 54 306
634 61 305
641 56 303
629 66 305
621 72 307
623 72 305
612 74 314
598 80 322
591 87 322
584 81 335
586 75 339
571 78 351
572 71 357
567 72 361
562 69 369
562 67 371
562 66 372
565 63 372
557 64 379
547 68 385
546 66 388
543 55 402
539 55 406
538 55 407
543 46 411
547 43 410
553 42 405
554 37 409
560 30 410
564 24 412
569 20 411
577 20 403
581 20 399
584 21 395
589 19 392
593 18 389
600 18 382
603 16 381
609 17 374
613 16 371
614 17 369
622 14 364
623 14 363
630 15 355
635 10 355
636 11 353
632 17 351
636 19 345
637 18 345
640 18 342
642 21 337
646 17 337
649 17 334
654 16 330
652 18 330
652 18 330
666 15 319
666 16 318
669 13 318
672 15 313
679 15 306
683 13 304
687 12 301
690 11 299
693 12 295
693 13 294
696 13 291
701 10 289
704 10 286
705 12 283
708 11 281
714 9 277
717 8 275
722 9 269
723 9 268
723 11 266
725 13 262
722 19 259
711 26 263
713 24 263
707 28 265
704 27 269
700 33 267
699 36 265
694 37 269
696 30 274
696 28 276
697 26 277
697 23 280
699 25 276
704 19 277
710 17 273
714 16 270
716 15 269
722 14 264
725 15 260
729 12 259
731 11 258
733 10 257
734 10 256
737 11 252
742 6 252
748 6 246
748 5 247
754 4 242
757 4 239
762 4 234
769 5 226
770 5 225
775 5 220
776 6 218
776 8 216
777 7 216
774 11 215
774 13 213
772 16 212
770 18 212
766 25 209
758 32 210
737 52 211
727 58 215
709 62 229
693 71 236
681 72 247
674 72 254
663 77 260
658 72 270
654 70 276
650 76 274
649 63 288
643 72 285
629 77 294
625 69 306
627 68 305
622 63 315
616 62 322
619 59 322
620 64 316
617 63 320
613 59 328
615 51 334
611 47 342
610 51 339
609 48 343
610 50 340
610 52 338
605 51 344
604 43 353
599 40 361
595 41 364
595 34 371
594 33 373
602 33 365
602 29 369
600 31 369
601 29 370
611 25 364
615 23 362
619 19 362
625 18 357
628 20 352
635 17 348
639 12 349
641 10 349
645 13 342
646 12 342
649 12 339
654 11 335
655 20 325
647 28 325
649 29 322
657 28 315
656 30 314
654 34 312
651 38 311
647 37 316
650 39 311
647 35 318
646 36 318
645 34 321
648 31 321
651 28 321
654 29 317
655 28 317
656 30 314
656 26 318
652 27 321
660 23 317
661 22 317
665 18 317
670 16 314
668 15 317
676 13 311
678 11 311
678 10 312
684 11 305
688 10 302
692 11 297
698 10 292
700 10 290
705 8 287
713 10 277
713 10 277
718 8 274
721 5 274
722 7 271
724 7 269
727 4 269
731 6 263
732 8 260
734 10 256
735 12 253
734 15 251
738 14 248
746 17 237
743 20 237
738 21 241
740 23 237
742 23 235
744 20 236
745 21 234
737 33 230
732 40 228
722 50 228
719 51 230
707 63 230
689 75 236
676 82 242
666 85 249
657 84 259
644 86 270
625 93 282
617 90 293
608 90 302
608 83 309
604 77 319
600 77 323
598 73 329
592 71 337
592 65 343
584 61 355
583 55 362
584 56 360
582 58 360
577 55 368
580 49 371
581 49 370
584 47 369
584 48 368
586 46 368
584 40 376
590 40 370
591 39 370
599 33 368
599 28 373
598 26 376
598 24 378
600 24 376
601 19 380
609 18 373
623 15 362
632 12 356
636 12 352
638 12 350
645 11 344
650 14 336
655 11 334
657 10 333
660 12 328
664 12 324
669 12 319
673 13 314
681 10 309
687 9 304
693 6 301
700 6 294
706 4 290
713 3 284
720 2 278
722 3 275
727 1 272
731 1 268
736 0 264
740 1 259
745 1 254
747 1 252
750 0 250
752 2 246
753 2 245
764 1 235
770 1 229
770 2 228
773 1 226
775 1 224
778 1 221
778 2 220
786 2 212
787 3 210
788 6 206
793 4 203
796 3 201
801 4 195
805 3 192
805 3 192
808 1 191
814 1 185
817 1 182
821 1 178
826 1 173
826 1 173
827 1 172
825 5 170
825 6 169
827 9 164
826 8 166
828 8 164
832 6 162
835 7 158
838 7 155
841 7 152
846 5 149
848 4 148
851 5 144
852 4 144
850 5 145
848 9 143
846 10 144
846 11 143
839 16 145
837 16 147
834 19 147
832 18 150
829 23 148
826 23 151
819 30 151
814 32 154
806 38 156
794 42 164
786 45 169
768 62 170
752 72 176
736 75 189
724 76 200
709 84 207
695 87 218
681 85 234
680 69 251
671 72 257
668 64 268
664 59 277
661 52 287
659 51 290
661 46 293
662 43 295
658 48 294
659 50 291
650 56 294
646 58 296
645 53 302
641 55 304
637 54 309
638 53 309
631 58 311
626 56 318
629 52 319
628 53 319
633 48 319
634 48 318
626 54 320
630 51 319
627 46 327
629 47 324
628 48 324
630 44 326
626 48 326
626 45 329
628 42 330
629 41 330
628 42 330
630 44 326
628 47 325
626 47 327
627 44 329
632 38 330
628 38 334
632 37 331
632 38 330
636 36 328
634 41 325
635 39 326
633 42 325
636 37 327
636 38 326
639 33 328
641 34 325
643 31 326
647 31 322
649 29 322
651 31 318
650 32 318
647 30 323
651 32 317
655 29 316
654 31 315
655 31 314
656 26 318
660 27 313
663 24 313
668 19 313
669 20 311
672 15 313
673 14 313
681 13 306
683 14 303
689 12 299
694 11 295
698 16 286
699 13 288
703 7 290
707 6 287
709 5 286
709 8 283
707 11 282
713 12 275
717 12 271
713 17 270
717 14 269
718 15 267
718 16 266
717 17 266
719 19 262
719 19 262
718 22 260
719 24 257
725 21 254
721 28 251
720 28 252
721 25 254
721 20 259
715 26 259
714 28 258
710 34 256
709 37 254
707 36 257
704 37 259
699 38 263
692 42 266
694 37 269
693 41 266
684 45 271
684 46 270
681 50 269
680 42 278
675 43 282
668 47 285
667 42 291
668 41 291
662 46 292
659 48 293
658 45 297
661 37 302
659 38 303
661 43 296
658 47 295
655 46 299
656 45 299
655 45 300
654 48 298
656 42 302
660 36 304
657 37 306
654 42 304
651 44 305
645 50 305
640 60 300
638 57 305
636 59 305
629 60 311
620 63 317
617 60 323
616 55 329
620 47 333
618 43 339
620 40 340
624 37 339
618 40 342
623 33 344
625 32 343
622 33 345
620 35 345
618 37 345
612 42 346
608 43 349
607 39 354
600 47 353
599 46 355
597 45 358
600 39 361
598 43 359
602 34 364
605 28 367
610 28 362
614 22 364
615 22 363
613 22 365
605 31 364
605 32 363
608 33 359
616 30 354
622 27 351
619 26 355
625 27 348
627 27 346
631 26 343
632 24 344
639 24 337
641 26 333
648 27 325
641 34 325
644 29 327
642 31 327
638 34 328
630 43 327
625 44 331
625 43 332
625 46 329
621 46 333
617 43 340
613 48 339
613 47 340
620 42 338
617 42 341
619 44 337
622 38 340
628 29 343
633 30 337
636 25 339
635 28 337
637 24 339
640 20 340
640 20 340
637 22 341
647 21 332
651 21 328
652 19 329
659 19 322
663 18 319
662 20 318
668 20 312
669 24 307
670 24 306
674 23 303
677 22 301
679 20 301
681 17 302
692 15 293
693 16 291
692 15 293
696 16 288
699 15 286
699 14 287
699 17 284
701 17 282
700 20 280
700 23 277
698 21 281
697 25 278
693 28 279
688 37 275
685 42 273
681 43 276
680 42 278
676 39 285
672 36 292
672 32 296
673 36 291
674 34 292
671 36 293
673 34 293
677 31 292
678 27 295
678 27 295
684 23 293
689 23 288
691 22 287
690 23 287
693 23 284
693 27 280
697 22 281
701 22 277
701 22 277
707 21 272
706 21 273
708 23 269
706 25 269
705 25 270
706 25 269
699 29 272
703 32 265
690 45 265
681 53 266
680 50 270
682 48 270
675 57 268
663 61 276
656 66 278
647 70 283
644 65 291
637 70 293
637 64 299
630 65 305
625 60 315
621 63 316
615 62 323
624 50 326
621 53 326
624 49 327
625 55 320
625 51 324
620 57 323
617 60 323
615 51 334
612 50 338
621 42 337
624 37 339
633 29 338
632 27 341
635 27 338
632 34 334
632 35 333
633 36 331
632 40 328
626 46 328
619 47 334
620 51 329
618 48 334
616 45 339
615 45 340
616 44 340
615 43 342
616 44 340
614 45 341
609 51 340
611 44 345
605 43 352
606 37 357
606 35 359
609 37 354
612 36 352
613 34 353
615 36 349
615 36 349
611 40 349
607 40 353
609 41 350
606 39 355
608 39 353
614 35 351
617 29 354
619 28 353
622 24 354
627 24 349
628 24 348
633 23 344
632 22 346
630 21 349
635 22 343
640 18 342
643 16 341
651 15 334
652 18 330
651 18 331
656 19 325
661 16 323
666 12 322
672 15 313
672 16 312
673 20 307
669 22 309
666 30 304
663 28 309
654 40 306
657 43 300
658 44 298
652 46 302
654 40 306
656 37 307
657 38 305
662 32 306
660 31 309
662 33 305
664 37 299
659 42 299
659 44 297
658 42 300
655 39 306
655 37 308
654 37 309
653 40 307
655 37 308
648 39 313
649 36 315
645 34 321
648 32 320
648 34 318
643 38 319
642 42 316
640 38 322
638 41 321
637 35 328
635 36 329
631 36 333
633 40 327
635 39 326
636 34 330
637 33 330
638 31 331
639 23 338
640 27 333
647 28 325
652 26 322
653 23 324
656 23 321
655 25 320
652 28 320
657 27 316
659 28 313
664 27 309
670 25 305
672 26 302
673 28 299
673 28 299
672 30 298
671 32 297
671 32 297
667 32 301
667 36 297
669 36 295
669 34 297
671 33 296
673 30 297
675 34 291
676 37 287
671 41 288
670 38 292
668 40 292
662 45 293
655 51 294
655 45 300
650 52 298
643 58 299
639 59 302
635 66 299
631 62 307
632 53 315
630 55 315
624 59 317
616 59 325
611 60 329
606 56 338
603 55 342
605 46 349
607 42 351
610 40 350
611 40 349
616 38 346
615 39 346
620 33 347
627 37 336
626 31 343
625 26 349
628 27 345
619 34 347
613 38 349
613 35 352
608 38 354
606 41 353
606 44 350
606 42 352
604 43 353
608 40 352
608 41 351
608 39 353
612 40 348
610 44 346
617 35 348
618 34 348
620 30 350
620 33 347
624 32 344
634 29 337
632 28 340
635 29 336
631 34 335
629 32 339
631 26 343
641 21 338
647 17 336
650 14 336
648 17 335
654 15 331
659 15 326
661 15 324
665 14 321
665 14 321
667 13 320
669 12 319
674 11 315
680 10 310
686 9 305
690 9 301
696 8 296
700 7 293
706 9 285
709 8 283
715 8 277
721 6 273
724 6 270
729 6 265
737 5 258
742 4 254
745 4 251
