995 5 0
995 4 1
995 3 2
995 3 2
995 2 3
995 1 4
995 1 4
995 0 5
995 0 5
995 0 5
995 0 5
995 0 5
995 0 5
995 0 5
995 0 5
995 0 5
995 0 5
995 0 5
995 0 5
995 0 5
994 1 5
994 1 5
993 2 5
993 1 6
993 0 7
993 0 7
992 0 8
991 0 9
991 1 8
991 1 8
991 0 9
991 0 9
991 1 8
991 1 8
990 1 9
990 2 8
989 3 8
987 5 8
983 10 7
982 7 11
980 9 11
977 8 15
977 8 15
974 9 17
970 12 18
963 16 21
956 19 25
947 24 29
933 31 36
923 32 45
908 42 50
889 54 57
874 57 69
848 76 76
824 89 87
807 91 102
788 88 124
766 97 137
745 103 152
722 112 166
706 107 187
697 110 193
676 115 209
666 116 218
651 117 232
644 105 251
620 115 265
615 109 276
606 106 288
600 99 301
596 96 308
589 90 321
584 84 332
589 80 331
592 82 326
594 70 336
592 61 347
590 58 352
590 64 346
580 70 350
581 66 353
582 66 352
577 64 359
573 62 365
582 55 363
583 52 365
591 44 365
596 43 361
599 44 357
601 36 363
603 34 363
603 33 364
601 38 361
603 33 364
608 29 363
611 29 360
611 26 363
613 25 362
617 22 361
610 30 360
609 26 365
618 26 356
617 27 356
621 27 352
623 25 352
623 29 348
624 28 348
621 32 347
624 33 343
623 34 343
616 40 344
615 38 347
610 43 347
605 48 347
604 36 360
604 35 361
612 33 355
613 34 353
617 30 353
626 26 348
628 25 347
627 34 339
633 32 335
628 31 341
627 36 337
628 33 339
636 32 332
638 30 332
648 24 328
649 22 329
651 22 327
658 18 324
658 21 321
662 24 314
666 20 314
668 15 317
668 16 316
676 15 309
683 14 303
687 16 297
689 17 294
688 19 293
688 20 292
690 23 287
690 25 285
689 24 287
686 31 283
687 31 282
684 30 286
689 25 286
694 23 283
693 26 281
689 31 280
690 24 286
693 22 285
695 21 284
698 18 284
707 18 275
712 19 269
717 20 263
719 18 263
719 19 262
720 21 259
725 20 255
726 20 254
722 25 253
720 25 255
720 25 255
721 22 257
720 25 255
722 20 258
725 19 256
722 19 259
718 20 262
718 20 262
724 17 259
731 16 253
733 17 250
727 26 247
719 36 245
721 32 247
716 35 249
716 36 248
716 32 252
710 33 257
709 30 261
705 32 263
705 29 266
704 24 272
708 23 269
710 20 270
713 17 270
713 19 268
710 17 273
707 25 268
706 26 268
702 30 268
699 33 268
697 28 275
701 29 270
694 33 273
692 31 277
686 36 278
686 34 280
681 33 286
682 37 281
685 33 282
685 34 281
682 35 283
678 41 281
680 40 280
679 42 279
678 41 281
673 33 294
670 33 297
670 35 295
668 38 294
667 37 296
673 35 292
677 30 293
676 32 292
675 33 292
672 39 289
673 42 285
670 45 285
671 41 288
675 36 289
681 34 285
677 34 289
683 29 288
682 30 288
681 34 285
678 33 289
670 36 294
677 35 288
680 34 286
683 33 284
688 32 280
687 27 286
688 25 287
691 24 285
693 26 281
692 21 287
695 19 286
698 20 282
699 17 284
697 18 285
698 18 284
699 19 282
700 20 280
703 17 280
701 22 277
697 26 277
700 25 275
700 26 274
698 26 276
695 28 277
694 30 276
690 35 275
686 37 277
682 40 278
684 39 277
680 40 280
677 45 278
671 50 279
669 48 283
667 45 288
660 48 292
659 49 292
654 45 301
651 51 298
651 48 301
648 50 302
644 48 308
644 43 313
648 41 311
650 44 306
648 48 304
649 46 305
648 44 308
645 44 311
647 42 311
647 34 319
646 29 325
649 27 324
647 30 323
647 29 324
648 29 323
644 35 321
637 41 322
635 40 325
633 35 332
632 35 333
631 34 335
632 35 333
634 35 331
633 33 334
637 28 335
637 28 335
641 23 336
639 23 338
643 21 336
646 21 333
657 17 326
657 18 325
663 16 321
661 18 321
659 16 325
659 13 328
662 11 327
672 10 318
678 12 310
680 10 310
684 11 305
688 8 304
693 6 301
696 6 298
698 4 298
701 3 296
709 1 290
712 1 287
715 4 281
716 1 283
718 2 280
723 3 274
724 7 269
728 7 265
729 8 263
736 9 255
741 6 253
751 6 243
754 3 243
756 5 239
761 6 233
764 5 231
764 7 229
765 8 227
770 7 223
772 9 219
776 7 217
779 6 215
781 7 212
783 5 212
787 6 207
790 6 204
792 5 203
792 7 201
794 7 199
794 9 197
796 12 192
799 10 191
803 9 188
806 9 185
809 9 182
807 11 182
806 15 179
809 17 174
809 17 174
805 22 173
799 25 176
798 28 174
793 37 170
781 45 174
770 50 180
762 59 179
752 65 183
741 65 194
734 62 204
724 61 215
722 62 216
714 65 221
703 66 231
698 66 236
687 73 240
672 82 246
665 82 253
663 71 266
654 76 270
647 74 279
642 70 288
635 67 298
632 58 310
636 52 312
636 51 313
628 58 314
628 53 319
628 47 325
618 49 333
618 49 333
615 51 334
610 52 338
607 58 335
605 53 342
599 66 335
595 65 340
587 61 352
580 60 360
585 52 363
587 54 359
584 52 364
583 47 370
582 44 374
578 42 380
583 36 381
586 39 375
586 35 379
589 34 377
597 28 375
596 25 379
597 25 378
602 24 374
600 28 372
612 24 364
609 27 364
613 28 359
618 29 353
619 30 351
622 24 354
624 21 355
625 22 353
625 22 353
630 21 349
628 25 347
624 25 351
625 27 348
631 28 341
639 28 333
634 26 340
637 25 338
638 26 336
640 27 333
641 34 325
632 40 328
629 44 327
627 42 331
627 38 335
619 47 334
615 46 339
615 46 339
609 51 340
612 51 337
614 47 339
614 46 340
613 45 342
614 46 340
608 45 347
611 39 350
615 33 352
606 38 356
605 38 357
609 37 354
606 39 355
607 37 356
609 37 354
608 37 355
602 47 351
599 51 350
593 51 356
590 50 360
593 46 361
589 44 367
587 42 371
586 42 372
585 40 375
588 36 376
596 34 370
605 30 365
603 31 366
605 29 366
603 34 363
609 29 362
609 34 357
606 35 359
608 40 352
597 50 353
591 50 359
598 56 346
590 61 349
589 61 350
577 63 360
580 57 363
582 55 363
578 50 372
588 46 366
590 45 365
599 35 366
608 30 362
610 25 365
616 22 362
619 21 360
624 23 353
626 26 348
626 22 352
628 22 350
631 20 349
634 16 350
635 18 347
638 20 342
638 21 341
640 17 343
646 17 337
649 17 334
648 17 335
652 18 330
651 24 325
656 24 320
664 20 316
657 28 315
648 38 314
646 39 315
644 38 318
644 40 316
644 40 316
640 46 314
636 36 328
634 38 328
640 35 325
639 31 330
641 27 332
643 27 330
648 28 324
646 28 326
643 33 324
643 33 324
637 34 329
632 36 332
632 32 336
626 39 335
619 47 334
614 52 334
611 57 332
608 59 333
605 61 334
599 63 338
595 73 332
589 69 342
584 66 350
576 63 361
577 52 371
574 50 376
578 45 377
583 37 380
589 34 377
592 30 378
593 34 373
593 33 374
591 34 375
590 35 375
588 38 374
593 36 371
586 44 370
587 35 378
589 33 378
589 31 380
590 30 380
592 27 381
590 28 382
590 30 380
594 29 377
594 28 378
595 27 378
596 26 378
601 26 373
605 24 371
602 26 372
601 30 369
606 30 364
609 27 364
613 23 364
617 18 365
624 15 361
624 17 359
624 17 359
627 18 355
629 20 351
637 19 344
638 19 343
636 21 343
639 19 342
644 19 337
649 17 334
653 19 328
661 15 324
663 15 322
662 15 323
667 14 319
668 15 317
673 15 312
677 15 308
677 20 303
682 23 295
675 31 294
675 30 295
680 27 293
679 27 294
679 27 294
680 25 295
679 31 290
677 37 286
677 34 289
677 26 297
681 25 294
683 21 296
685 23 292
684 29 287
684 27 289
678 28 294
676 28 296
684 28 288
690 24 286
691 25 284
693 23 284
700 19 281
701 19 280
702 20 278
703 25 272
708 23 269
706 21 273
709 18 273
713 19 268
716 17 267
717 15 268
717 15 268
715 19 266
714 18 268
715 20 265
721 19 260
722 25 253
717 28 255
714 28 258
711 29 260
711 25 264
710 28 262
713 29 258
718 27 255
718 28 254
720 25 255
722 21 257
723 24 253
713 33 254
712 36 252
705 45 250
699 50 251
699 48 253
695 45 260
695 40 265
696 36 268
697 40 263
695 45 260
690 49 261
684 49 267
681 51 268
682 52 266
684 53 263
680 55 265
669 57 274
665 54 281
662 47 291
659 45 296
655 46 299
653 41 306
656 30 314
648 37 315
647 39 314
644 46 310
649 41 310
649 44 307
644 48 308
639 43 318
641 44 315
637 49 314
635 48 317
636 40 324
643 39 318
642 40 318
638 38 324
633 42 325
626 46 328
621 50 329
617 53 330
615 46 339
624 43 333
626 46 328
621 49 330
613 53 334
609 51 340
603 46 351
608 39 353
608 34 358
612 35 353
616 34 350
622 31 347
623 29 348
625 32 343
623 36 341
625 35 340
623 35 342
623 36 341
622 37 341
631 29 340
631 28 341
629 29 342
632 28 340
636 33 331
635 31 334
632 31 337
639 27 334
639 29 332
640 25 335
642 25 333
642 25 333
644 25 331
646 26 328
647 24 329
651 22 327
654 24 322
653 29 318
651 31 318
650 30 320
651 30 319
656 31 313
659 31 310
657 36 307
653 39 308
654 38 308
650 42 308
646 45 309
645 45 310
646 42 312
646 39 315
640 37 323
641 37 322
643 34 323
646 29 325
640 33 327
643 32 325
645 34 321
638 32 330
638 33 329
635 32 333
637 32 331
632 37 331
627 37 336
619 43 338
621 41 338
621 40 339
622 41 337
620 38 342
618 35 347
619 33 348
617 33 350
615 35 350
616 30 354
618 24 358
617 25 358
619 25 356
617 28 355
620 29 351
621 27 352
624 26 350
628 23 349
628 24 348
635 21 344
638 22 340
642 19 339
641 28 331
647 28 325
646 28 326
648 25 327
651 24 325
655 21 324
657 22 321
664 24 312
667 23 310
667 23 310
667 25 308
674 22 304
677 22 301
678 21 301
679 23 298
680 22 298
684 25 291
684 25 291
680 28 292
681 24 295
685 22 293
684 26 290
683 29 288
689 27 284
690 25 285
697 23 280
703 22 275
705 19 276
705 16 279
708 16 276
706 16 278
709 11 280
715 10 275
718 9 273
721 9 270
727 10 263
728 11 261
732 10 258
732 10 258
736 11 253
736 11 253
739 9 252
743 9 248
744 10 246
745 8 247
748 8 244
752 6 242
765 6 229
773 5 222
776 4 220
779 4 217
781 5 214
784 5 211
785 6 209
790 7 203
791 8 201
790 11 199
787 15 198
780 23 197
772 31 197
767 35 198
762 34 204
758 36 206
757 34 209
753 35 212
752 30 218
753 28 219
754 25 221
758 22 220
756 21 223
759 19 222
758 23 219
750 31 219
746 34 220
746 33 221
736 40 224
733 36 231
730 36 234
727 37 236
727 34 239
728 34 238
718 38 244
712 40 248
704 44 252
702 45 253
701 43 256
696 47 257
691 48 261
690 50 260
686 51 263
682 55 263
676 54 270
675 50 275
671 53 276
671 47 282
666 51 283
662 53 285
658 52 290
647 59 294
637 67 296
633 65 302
625 61 314
615 66 319
609 66 325
595 74 331
595 70 335
594 62 344
597 55 348
588 54 358
593 51 356
593 46 361
591 57 352
592 51 357
592 45 363
592 38 370
591 38 371
591 38 371
596 30 374
605 29 366
609 23 368
618 21 361
617 20 363
622 15 363
629 15 356
635 14 351
647 12 341
652 17 331
657 15 328
654 17 329
657 19 324
659 19 322
656 16 328
663 15 322
666 18 316
671 18 311
676 13 311
684 11 305
695 9 296
697 11 292
701 13 286
704 12 284
708 12 280
711 12 277
717 11 272
719 11 270
716 13 271
718 17 265
715 20 265
714 20 266
713 18 269
715 20 265
717 21 262
719 21 260
722 15 263
725 15 260
731 14 255
736 16 248
735 15 250
736 14 250
743 12 245
746 10 244
752 9 239
755 7 238
753 8 239
753 11 236
755 10 235
757 9 234
761 10 229
763 10 227
764 13 223
765 15 220
765 16 219
762 19 219
765 17 218
761 21 218
756 24 220
752 28 220
753 28 219
750 26 224
748 26 226
748 26 226
746 26 228
741 33 226
734 37 229
729 41 230
729 42 229
723 49 228
721 47 232
720 46 234
718 41 241
721 36 243
722 32 246
719 37 244
722 35 243
718 35 247
715 34 251
704 42 254
699 45 256
694 50 256
692 50 258
683 57 260
681 51 268
678 53 269
681 44 275
684 39 277
683 35 282
680 37 283
688 34 278
688 36 276
689 38 273
688 38 274
684 35 281
682 41 277
686 36 278
685 33 282
687 33 280
693 30 277
692 33 275
685 39 276
684 42 274
678 44 278
675 45 280
674 46 280
667 48 285
663 53 284
658 57 285
658 55 287
650 58 292
649 46 305
659 41 300
658 39 303
657 33 310
657 34 309
658 32 310
660 27 313
665 23 312
