1000 0 0
999 1 0
998 1 1
996 2 2
995 2 3
995 1 4
995 1 4
995 0 5
995 0 5
995 0 5
995 0 5
995 0 5
993 3 4
988 5 7
983 9 8
973 18 9
960 31 9
948 37 15
940 39 21
927 46 27
912 49 39
893 57 50
875 65 60
851 82 67
825 87 88
799 101 100
777 101 122
756 115 129
726 122 152
707 128 165
672 150 178
658 132 210
635 132 233
625 126 249
598 140 262
583 128 289
568 130 302
556 118 326
549 111 340
544 100 356
536 102 362
525 100 375
529 91 380
527 94 379
517 101 382
514 94 392
506 93 401
505 89 406
497 90 413
489 86 425
486 79 435
483 83 434
483 64 453
485 66 449
489 59 452
490 55 455
492 50 458
495 50 455
500 44 456
505 41 454
512 35 453
515 35 450
523 31 446
528 30 442
539 26 435
544 22 434
546 27 427
547 26 427
551 27 422
555 25 420
562 25 413
565 26 409
565 25 410
566 28 406
566 24 410
564 23 413
560 29 411
563 34 403
568 31 401
570 27 403
579 21 400
582 21 397
587 21 392
588 21 391
586 27 387
587 29 384
590 26 384
599 23 378
604 23 373
614 17 369
617 21 362
622 18 360
627 17 356
628 20 352
634 20 346
638 19 343
640 23 337
643 22 335
649 24 327
643 24 333
651 20 329
651 23 326
652 22 326
650 27 323
648 28 324
651 31 318
654 30 316
652 31 317
650 33 317
648 34 318
646 38 316
643 36 321
641 37 322
644 30 326
644 29 327
647 23 330
649 24 327
654 23 323
653 22 325
658 24 318
661 22 317
659 21 320
662 24 314
666 23 311
666 22 312
664 25 311
667 26 307
663 33 304
664 35 301
666 32 302
666 29 305
665 25 310
665 24 311
665 23 312
668 23 309
668 24 308
671 22 307
673 25 302
675 21 304
681 17 302
684 17 299
683 19 298
683 22 295
685 22 293
685 23 292
684 24 292
687 21 292
689 21 290
688 23 289
693 22 285
694 17 289
696 17 287
703 18 279
710 14 276
711 15 274
707 16 277
710 16 274
715 16 269
722 16 262
723 16 261
720 22 258
720 23 257
717 25 258
712 29 259
710 31 259
701 38 261
708 35 257
706 37 257
704 41 255
697 45 258
684 55 261
673 62 265
665 60 275
659 61 280
651 64 285
638 69 293
633 71 296
624 70 306
619 70 311
605 76 319
604 71 325
596 73 331
593 65 342
589 62 349
576 65 359
573 63 364
574 61 365
576 57 367
575 57 368
567 64 369
565 64 371
564 61 375
560 58 382
563 50 387
564 47 389
563 39 398
567 35 398
568 36 396
570 37 393
577 34 389
579 34 387
586 29 385
588 26 386
587 27 386
590 27 383
591 23 386
592 24 384
594 25 381
592 27 381
602 22 376
605 18 377
610 14 376
615 12 373
617 12 371
622 14 364
628 15 357
636 17 347
637 21 342
643 16 341
651 14 335
653 14 333
658 15 327
665 18 317
668 21 311
668 24 308
672 22 306
680 23 297
686 18 296
685 20 295
693 19 288
700 16 284
701 13 286
705 13 282
709 13 278
711 12 277
711 14 275
718 14 268
720 14 266
723 15 262
724 17 259
731 13 256
730 13 257
733 13 254
734 13 253
735 15 250
738 15 247
736 16 248
740 15 245
742 14 244
739 14 247
737 16 247
739 15 246
739 18 243
735 19 246
738 21 241
730 28 242
727 33 240
725 36 239
720 34 246
717 35 248
716 32 252
717 29 254
721 27 252
720 29 251
719 26 255
724 24 252
724 23 253
726 23 251
724 20 256
725 18 257
728 16 256
729 19 252
731 18 251
728 19 253
725 18 257
722 20 258
724 22 254
719 26 255
722 29 249
720 29 251
721 29 250
722 30 248
721 30 249
721 25 254
722 21 257
725 22 253
732 19 249
734 19 247
733 22 245
736 22 242
735 25 240
733 28 239
732 27 241
730 32 238
728 36 236
729 39 232
721 43 236
719 44 237
708 47 245
706 51 243
696 58 246
688 66 246
680 63 257
670 67 263
663 68 269
659 68 273
653 73 274
647 75 278
644 71 285
639 71 290
628 73 299
620 70 310
606 78 316
593 85 322
592 88 320
585 84 331
586 81 333
578 75 347
564 83 353
553 87 360
547 80 373
543 81 376
537 81 382
532 78 390
525 69 406
527 60 413
531 45 424
528 41 431
531 38 431
534 37 429
532 37 431
537 32 431
544 29 427
552 26 422
553 25 422
555 26 419
561 26 413
562 29 409
560 30 410
558 28 414
562 27 411
569 20 411
572 20 408
574 24 402
573 24 403
576 22 402
578 19 403
582 17 401
587 14 399
597 14 389
604 12 384
609 12 379
611 13 376
615 10 375
620 13 367
621 13 366
630 11 359
631 11 358
632 14 354
637 10 353
643 8 349
644 10 346
650 10 340
653 11 336
653 14 333
656 15 329
653 17 330
654 17 329
654 22 324
650 27 323
653 27 320
655 27 318
656 26 318
649 30 321
648 30 322
651 32 317
656 30 314
660 32 308
662 37 301
658 38 304
662 33 305
662 33 305
661 27 312
663 25 312
666 24 310
665 22 313
671 20 309
666 24 310
673 23 304
678 26 296
678 28 294
679 27 294
684 30 286
690 26 284
691 29 280
688 31 281
687 31 282
691 26 283
692 24 284
693 21 286
690 26 284
699 23 278
703 23 274
701 26 273
700 29 271
705 25 270
701 28 271
703 20 277
699 22 279
701 25 274
700 28 272
696 34 270
698 32 270
696 34 270
698 32 270
701 31 268
700 23 277
700 23 277
699 20 281
700 20 280
699 18 283
697 15 288
702 14 284
705 14 281
710 12 278
708 14 278
710 11 279
715 9 276
717 15 268
721 15 264
721 16 263
723 12 265
727 12 261
731 11 258
730 12 258
723 18 259
723 23 254
717 23 260
713 26 261
712 24 264
711 29 260
711 31 258
708 29 263
709 29 262
707 30 263
704 32 264
702 38 260
697 41 262
690 49 261
689 43 268
685 43 272
687 40 273
682 42 276
684 40 276
685 38 277
692 30 278
690 29 281
691 30 279
691 32 277
689 35 276
686 42 272
687 36 277
692 34 274
685 44 271
685 45 270
686 41 273
680 47 273
677 43 280
665 51 284
665 47 288
666 44 290
668 44 288
665 43 292
663 44 293
657 46 297
656 44 300
658 50 292
657 46 297
653 54 293
648 61 291
652 53 295
648 54 298
638 59 303
630 58 312
634 55 311
625 55 320
622 61 317
619 63 318
620 60 320
615 58 327
617 52 331
619 49 332
615 46 339
620 50 330
625 46 329
625 45 330
630 47 323
627 45 328
627 46 327
621 44 335
622 43 335
625 38 337
627 39 334
625 35 340
626 36 338
627 34 339
625 43 332
622 40 338
623 38 339
624 40 336
613 50 337
609 49 342
610 46 344
609 42 349
611 37 352
613 39 348
608 43 349
609 39 352
616 31 353
623 27 350
623 30 347
625 28 347
623 35 342
629 32 339
629 34 337
625 32 343
627 30 343
629 31 340
630 32 338
632 28 340
638 29 333
641 27 332
646 28 326
650 25 325
650 21 329
652 22 326
658 20 322
659 20 321
662 20 318
662 17 321
665 17 318
673 16 311
672 21 307
674 22 304
672 26 302
671 28 301
672 27 301
669 26 305
665 28 307
669 26 305
671 25 304
670 28 302
668 28 304
673 30 297
672 28 300
672 30 298
671 31 298
666 33 301
667 32 301
672 31 297
675 28 297
674 26 300
672 33 295
670 32 298
671 34 295
671 36 293
669 39 292
667 47 286
671 44 285
669 45 286
665 42 293
661 46 293
655 43 302
653 46 301
658 45 297
654 45 301
648 49 303
651 46 303
648 51 301
642 56 302
638 58 304
632 55 313
622 61 317
620 62 318
619 50 331
613 50 337
603 60 337
601 60 339
597 61 342
590 63 347
589 57 354
587 58 355
581 60 359
577 58 365
573 56 371
578 50 372
583 45 372
587 47 366
584 47 369
582 45 373
579 46 375
577 48 375
578 42 380
585 37 378
584 37 379
582 38 380
589 33 378
590 37 373
591 42 367
587 46 367
589 45 366
594 44 362
599 39 362
600 33 367
603 32 365
605 26 369
611 24 365
616 25 359
625 23 352
627 21 352
636 20 344
638 17 345
646 14 340
653 14 333
658 14 328
667 12 321
680 11 309
689 13 298
690 13 297
693 12 295
698 13 289
704 12 284
708 15 277
708 15 277
711 18 271
715 19 266
716 15 269
719 14 267
719 15 266
725 10 265
724 11 265
729 11 260
733 13 254
734 11 255
741 10 249
740 10 250
740 14 246
743 14 243
743 14 243
744 16 240
745 19 236
748 16 236
744 19 237
741 21 238
735 25 240
729 31 240
721 31 248
724 28 248
718 32 250
714 29 257
714 34 252
704 34 262
695 41 264
688 45 267
688 39 273
687 41 272
683 41 276
682 43 275
677 44 279
673 51 276
666 49 285
666 44 290
667 30 303
663 33 304
665 32 303
665 36 299
662 33 305
657 32 311
654 31 315
654 27 319
654 32 314
654 30 316
657 28 315
658 31 311
658 32 310
656 36 308
654 34 312
656 33 311
653 39 308
657 34 309
657 31 312
661 31 308
656 34 310
655 31 314
662 29 309
667 28 305
666 30 304
668 25 307
671 25 304
669 27 304
667 28 305
665 29 306
659 30 311
655 29 316
659 27 314
653 31 316
660 25 315
661 23 316
661 27 312
652 33 315
649 38 313
650 34 316
648 34 318
647 29 324
644 32 324
644 37 319
641 33 326
644 34 322
649 29 322
652 28 320
660 27 313
660 22 318
662 21 317
663 22 315
663 27 310
660 30 310
651 35 314
644 39 317
643 37 320
645 37 318
650 40 310
650 35 315
648 34 318
647 32 321
646 32 322
647 29 324
648 29 323
652 27 321
652 26 322
652 26 322
651 25 324
657 19 324
655 18 327
652 27 321
656 23 321
658 23 319
653 29 318
656 28 316
655 30 315
654 30 316
655 28 317
656 31 313
655 29 316
653 28 319
656 31 313
665 29 306
663 29 308
662 36 302
662 34 304
662 30 308
664 27 309
672 25 303
672 24 304
669 24 307
675 25 300
678 27 295
684 24 292
681 26 293
681 28 291
683 29 288
683 29 288
685 31 284
682 35 283
682 32 286
678 36 286
675 39 286
667 43 290
667 42 291
663 46 291
660 46 294
658 44 298
653 48 299
649 43 308
656 41 303
657 37 306
662 37 301
658 40 302
656 39 305
653 35 312
656 35 309
664 38 298
661 39 300
668 32 300
672 28 300
674 25 301
679 24 297
678 26 296
679 27 294
685 22 293
688 21 291
696 21 283
702 22 276
700 22 278
695 27 278
694 29 277
695 20 285
690 23 287
692 17 291
694 16 290
700 16 284
701 21 278
700 23 277
700 24 276
699 27 274
700 24 276
701 18 281
701 15 284
700 13 287
699 15 286
706 16 278
708 15 277
711 13 276
716 11 273
719 11 270
722 12 266
727 8 265
731 8 261
733 10 257
737 11 252
739 11 250
740 10 250
743 10 247
743 11 246
744 14 242
747 11 242
749 13 238
756 14 230
764 14 222
765 12 223
769 12 219
772 11 217
772 12 216
777 11 212
780 7 213
782 5 213
784 7 209
784 10 206
784 9 207
785 11 204
783 13 204
786 14 200
791 15 194
790 18 192
788 16 196
789 15 196
791 14 195
792 12 196
795 12 193
798 10 192
799 8 193
803 7 190
806 8 186
809 9 182
809 15 176
806 16 178
804 16 180
806 11 183
805 14 181
805 14 181
809 14 177
809 13 178
811 10 179
814 11 175
817 11 172
818 12 170
818 12 170
815 18 167
811 20 169
810 22 168
804 27 169
796 33 171
792 34 174
785 40 175
783 38 179
781 35 184
773 40 187
768 36 196
760 41 199
747 43 210
742 43 215
741 39 220
737 42 221
731 44 225
725 43 232
716 44 240
716 43 241
715 46 239
712 46 242
707 45 248
695 50 255
692 49 259
689 50 261
682 51 267
680 51 269
679 49 272
675 49 276
675 51 274
674 51 275
667 49 284
665 51 284
658 54 288
657 51 292
655 50 295
649 56 295
648 51 301
646 54 300
648 50 302
645 52 303
637 57 306
634 54 312
634 53 313
638 49 313
633 50 317
628 50 322
628 44 328
627 44 329
626 42 332
621 41 338
620 39 341
618 41 341
614 43 343
609 50 341
603 50 347
597 57 346
592 62 346
586 66 348
578 68 354
579 65 356
573 60 367
578 61 361
573 59 368
566 60 374
567 56 377
574 53 373
571 50 379
576 50 374
572 52 376
573 49 378
579 39 382
582 33 385
589 26 385
592 29 379
596 26 378
591 35 374
593 29 378
591 26 383
595 28 377
602 23 375
612 20 368
610 24 366
610 24 366
613 26 361
610 27 363
614 21 365
618 22 360
622 21 357
623 23 354
628 21 351
630 20 350
632 20 348
641 17 342
637 23 340
645 20 335
643 25 332
640 30 330
638 31 331
640 32 328
642 35 323
640 36 324
635 36 329
635 36 329
634 32 334
634 31 335
628 35 337
628 28 344
625 28 347
630 23 347
639 19 342
642 18 340
645 17 338
646 16 338
646 19 335
651 21 328
653 19 328
653 22 325
654 19 327
659 16 325
665 15 320
670 15 315
674 17 309
678 11 311
