995 5 0
995 4 1
993 6 1
991 7 2
988 8 4
986 7 7
978 15 7
965 26 9
947 40 13
934 46 20
920 60 20
900 64 36
882 76 42
859 83 58
826 108 66
789 122 89
762 131 107
725 150 125
697 155 148
668 159 173
654 156 190
630 153 217
607 143 250
592 134 274
582 121 297
575 112 313
564 112 324
562 106 332
554 104 342
547 98 355
546 87 367
544 74 382
541 73 386
540 65 395
533 67 400
532 66 402
536 53 411
542 44 414
544 48 408
542 43 415
543 41 416
546 42 412
549 47 404
556 43 401
555 43 402
553 46 401
550 55 395
555 45 400
556 46 398
556 46 398
561 39 400
557 42 401
561 36 403
568 33 399
568 28 404
562 37 401
564 39 397
563 37 400
566 34 400
570 31 399
570 28 402
574 27 399
586 26 388
594 19 387
601 15 384
611 13 376
617 10 373
620 10 370
627 11 362
641 11 348
641 12 347
643 14 343
644 17 339
652 16 332
654 18 328
663 15 322
663 20 317
664 20 316
660 27 313
663 26 311
669 26 305
668 24 308
671 22 307
675 19 306
679 21 300
682 19 299
679 19 302
682 18 300
683 19 298
683 16 301
687 13 300
692 14 294
694 12 294
697 10 293
702 8 290
706 7 287
713 6 281
717 4 279
721 4 275
726 4 270
728 6 266
731 6 263
734 4 262
741 4 255
742 4 254
746 4 250
750 3 247
754 3 243
756 4 240
758 3 239
763 3 234
766 4 230
766 6 228
766 5 229
770 4 226
772 4 224
776 2 222
782 2 216
786 1 213
789 1 210
791 1 208
794 2 204
795 3 202
799 2 199
801 1 198
804 0 196
808 0 192
812 0 188
815 0 185
817 0 183
819 0 181
820 0 180
822 0 178
822 1 177
826 1 173
829 0 171
831 0 169
839 0 161
844 0 156
847 0 153
850 0 150
853 0 147
854 0 146
856 0 144
857 0 143
860 0 140
863 0 137
865 0 135
867 0 133
867 0 133
868 0 132
874 0 126
875 0 125
876 0 124
877 0 123
880 0 120
881 0 119
883 0 117
883 0 117
884 0 116
886 0 114
886 0 114
887 0 113
893 0 107
893 0 107
893 0 107
895 0 105
896 0 104
897 0 103
898 0 102
898 0 102
899 0 101
900 0 100
901 0 99
902 0 98
906 0 94
906 0 94
907 0 93
909 0 91
909 0 91
911 0 89
912 0 88
914 0 86
914 0 86
916 0 84
918 0 82
918 0 82
920 0 80
921 0 79
921 0 79
924 0 76
925 0 75
925 0 75
928 0 72
929 0 71
930 0 70
931 0 69
932 0 68
933 0 67
935 0 65
937 0 63
937 0 63
939 0 61
939 0 61
943 0 57
943 0 57
943 0 57
943 0 57
943 0 57
945 0 55
945 0 55
947 0 53
947 0 53
947 0 53
949 0 51
950 0 50
952 0 48
952 0 48
955 0 45
956 0 44
956 0 44
957 0 43
958 0 42
958 0 42
958 0 42
959 0 41
960 0 40
962 0 38
962 0 38
963 0 37
963 0 37
964 0 36
966 0 34
967 0 33
967 0 33
969 0 31
970 0 30
970 0 30
971 0 29
971 0 29
971 0 29
971 0 29
971 0 29
973 0 27
973 0 27
974 0 26
975 0 25
976 0 24
976 0 24
977 0 23
977 0 23
978 0 22
979 0 21
979 0 21
979 0 21
979 0 21
979 0 21
979 0 21
980 0 20
980 0 20
980 0 20
980 0 20
981 0 19
981 0 19
983 0 17
983 0 17
983 0 17
983 0 17
983 0 17
984 0 16
984 0 16
986 0 14
986 0 14
986 0 14
986 0 14
986 0 14
986 0 14
986 0 14
986 0 14
986 0 14
986 0 14
986 0 14
986 0 14
987 0 13
987 0 13
987 0 13
987 0 13
987 0 13
987 0 13
987 0 13
987 0 13
988 0 12
988 0 12
988 0 12
988 0 12
988 0 12
988 0 12
988 0 12
988 0 12
988 0 12
988 0 12
988 0 12
988 0 12
988 0 12
988 0 12
988 0 12
988 0 12
988 0 12
989 0 11
989 0 11
989 0 11
989 0 11
990 0 10
990 0 10
990 0 10
992 0 8
992 0 8
992 0 8
993 0 7
993 0 7
993 0 7
993 0 7
993 0 7
993 0 7
993 0 7
993 0 7
993 0 7
993 0 7
995 0 5
995 0 5
995 0 5
995 0 5
995 0 5
995 0 5
995 0 5
995 0 5
995 0 5
995 0 5
995 0 5
995 0 5
995 0 5
995 0 5
995 0 5
995 0 5
995 0 5
995 0 5
995 0 5
995 0 5
995 0 5
995 0 5
995 0 5
995 0 5
996 0 4
996 0 4
996 0 4
996 0 4
996 0 4
996 0 4
996 0 4
996 0 4
996 0 4
997 0 3
997 0 3
997 0 3
997 0 3
997 0 3
997 0 3
997 0 3
997 0 3
997 0 3
997 0 3
997 0 3
997 0 3
997 0 3
997 0 3
997 0 3
997 0 3
997 0 3
998 0 2
998 0 2
999 0 1
999 0 1
999 0 1
999 0 1
999 0 1
999 0 1
999 0 1
999 0 1
999 0 1
999 0 1
999 0 1
999 0 1
999 0 1
999 0 1
999 0 1
999 0 1
999 0 1
999 0 1
999 0 1
999 0 1
999 0 1
999 0 1
999 0 1
999 0 1
999 0 1
999 0 1
999 0 1
999 0 1
999 0 1
999 0 1
999 0 1
999 0 1
999 0 1
999 0 1
999 0 1
999 0 1
999 0 1
999 0 1
999 0 1
999 0 1
999 0 1
999 0 1
999 0 1
999 0 1
999 0 1
999 0 1
999 0 1
999 0 1
999 0 1
999 0 1
999 0 1
999 0 1
999 0 1
999 0 1
999 0 1
999 0 1
999 0 1
999 0 1
999 0 1
999 0 1
999 0 1
999 0 1
999 0 1
999 0 1
999 0 1
999 0 1
999 0 1
999 0 1
999 0 1
999 0 1
999 0 1
999 0 1
999 0 1
999 0 1
999 0 1
999 0 1
999 0 1
999 0 1
999 0 1
999 0 1
999 0 1
999 0 1
1000 0 0
1000 0 0
1000 0 0
1000 0 0
1000 0 0
1000 0 0
1000 0 0
1000 0 0
1000 0 0
1000 0 0
1000 0 0
1000 0 0
1000 0 0
1000 0 0
1000 0 0
1000 0 0
1000 0 0
1000 0 0
1000 0 0
1000 0 0
1000 0 0
1000 0 0
1000 0 0
1000 0 0
1000 0 0
1000 0 0
1000 0 0
1000 0 0
1000 0 0
1000 0 0
1000 0 0
1000 0 0
1000 0 0
1000 0 0
1000 0 0
1000 0 0
1000 0 0
1000 0 0
1000 0 0
1000 0 0
1000 0 0
1000 0 0
1000 0 0
1000 0 0
1000 0 0
1000 0 0
1000 0 0
1000 0 0
1000 0 0
1000 0 0
1000 0 0
1000 0 0
1000 0 0
1000 0 0
1000 0 0
1000 0 0
1000 0 0
1000 0 0
1000 0 0
1000 0 0
1000 0 0
1000 0 0
1000 0 0
1000 0 0
1000 0 0
1000 0 0
1000 0 0
1000 0 0
1000 0 0
1000 0 0
1000 0 0
1000 0 0
1000 0 0
1000 0 0
1000 0 0
1000 0 0
1000 0 0
1000 0 0
1000 0 0
1000 0 0
1000 0 0
1000 0 0
1000 0 0
1000 0 0
1000 0 0
1000 0 0
1000 0 0
1000 0 0
1000 0 0
1000 0 0
1000 0 0
1000 0 0
1000 0 0
1000 0 0
1000 0 0
1000 0 0
1000 0 0
1000 0 0
1000 0 0
1000 0 0
1000 0 0
1000 0 0
1000 0 0
1000 0 0
1000 0 0
1000 0 0
1000 0 0
1000 0 0
1000 0 0
1000 0 0
1000 0 0
1000 0 0
1000 0 0
1000 0 0
1000 0 0
1000 0 0
1000 0 0
1000 0 0
1000 0 0
1000 0 0
1000 0 0
1000 0 0
1000 0 0
1000 0 0
1000 0 0
1000 0 0
1000 0 0
1000 0 0
1000 0 0
1000 0 0
1000 0 0
1000 0 0
1000 0 0
1000 0 0
1000 0 0
1000 0 0
1000 0 0
1000 0 0
1000 0 0
1000 0 0
1000 0 0
1000 0 0
1000 0 0
1000 0 0
1000 0 0
1000 0 0
1000 0 0
1000 0 0
1000 0 0
1000 0 0
1000 0 0
1000 0 0
1000 0 0
1000 0 0
1000 0 0
1000 0 0
1000 0 0
1000 0 0
1000 0 0
1000 0 0
1000 0 0
1000 0 0
1000 0 0
1000 0 0
1000 0 0
1000 0 0
1000 0 0
1000 0 0
1000 0 0
1000 0 0
1000 0 0
1000 0 0
1000 0 0
1000 0 0
1000 0 0
1000 0 0
1000 0 0
1000 0 0
1000 0 0
1000 0 0
1000 0 0
1000 0 0
1000 0 0
1000 0 0
1000 0 0
1000 0 0
1000 0 0
1000 0 0
1000 0 0
1000 0 0
1000 0 0
1000 0 0
1000 0 0
1000 0 0
1000 0 0
1000 0 0
1000 0 0
1000 0 0
1000 0 0
1000 0 0
1000 0 0
1000 0 0
1000 0 0
1000 0 0
1000 0 0
1000 0 0
1000 0 0
1000 0 0
1000 0 0
1000 0 0
1000 0 0
1000 0 0
1000 0 0
1000 0 0
1000 0 0
1000 0 0
1000 0 0
1000 0 0
1000 0 0
1000 0 0
1000 0 0
1000 0 0
1000 0 0
1000 0 0
1000 0 0
1000 0 0
1000 0 0
1000 0 0
1000 0 0
1000 0 0
1000 0 0
1000 0 0
1000 0 0
1000 0 0
1000 0 0
1000 0 0
1000 0 0
1000 0 0
1000 0 0
1000 0 0
1000 0 0
1000 0 0
1000 0 0
1000 0 0
1000 0 0
1000 0 0
1000 0 0
1000 0 0
1000 0 0
1000 0 0
1000 0 0
1000 0 0
1000 0 0
1000 0 0
1000 0 0
1000 0 0
1000 0 0
1000 0 0
1000 0 0
1000 0 0
1000 0 0
1000 0 0
1000 0 0
1000 0 0
1000 0 0
1000 0 0
1000 0 0
1000 0 0
1000 0 0
1000 0 0
1000 0 0
1000 0 0
1000 0 0
1000 0 0
1000 0 0
1000 0 0
1000 0 0
1000 0 0
1000 0 0
1000 0 0
1000 0 0
1000 0 0
1000 0 0
1000 0 0
1000 0 0
1000 0 0
1000 0 0
1000 0 0
1000 0 0
1000 0 0
1000 0 0
1000 0 0
1000 0 0
1000 0 0
1000 0 0
1000 0 0
1000 0 0
1000 0 0
1000 0 0
1000 0 0
1000 0 0
1000 0 0
1000 0 0
1000 0 0
1000 0 0
1000 0 0
1000 0 0
1000 0 0
1000 0 0
1000 0 0
1000 0 0
1000 0 0
1000 0 0
1000 0 0
1000 0 0
1000 0 0
1000 0 0
1000 0 0
1000 0 0
1000 0 0
1000 0 0
1000 0 0
1000 0 0
1000 0 0
1000 0 0
1000 0 0
1000 0 0
1000 0 0
1000 0 0
1000 0 0
1000 0 0
1000 0 0
1000 0 0
1000 0 0
1000 0 0
1000 0 0
1000 0 0
1000 0 0
1000 0 0
1000 0 0
1000 0 0
1000 0 0
1000 0 0
1000 0 0
1000 0 0
1000 0 0
1000 0 0
1000 0 0
1000 0 0
1000 0 0
1000 0 0
1000 0 0
1000 0 0
1000 0 0
1000 0 0
1000 0 0
1000 0 0
1000 0 0
1000 0 0
1000 0 0
1000 0 0
1000 0 0
1000 0 0
1000 0 0
1000 0 0
1000 0 0
1000 0 0
1000 0 0
1000 0 0
1000 0 0
1000 0 0
1000 0 0
1000 0 0
1000 0 0
1000 0 0
1000 0 0
1000 0 0
1000 0 0
1000 0 0
1000 0 0
1000 0 0
1000 0 0
1000 0 0
1000 0 0
1000 0 0
1000 0 0
1000 0 0
1000 0 0
1000 0 0
1000 0 0
1000 0 0
1000 0 0
1000 0 0
1000 0 0
1000 0 0
1000 0 0
1000 0 0
1000 0 0
1000 0 0
1000 0 0
1000 0 0
1000 0 0
1000 0 0
1000 0 0
1000 0 0
1000 0 0
1000 0 0
1000 0 0
1000 0 0
1000 0 0
1000 0 0
1000 0 0
1000 0 0
1000 0 0
1000 0 0
1000 0 0
1000 0 0
1000 0 0
1000 0 0
1000 0 0
1000 0 0
1000 0 0
1000 0 0
1000 0 0
1000 0 0
1000 0 0
1000 0 0
1000 0 0
1000 0 0
1000 0 0
1000 0 0
1000 0 0
1000 0 0
1000 0 0
1000 0 0
1000 0 0
1000 0 0
1000 0 0
1000 0 0
1000 0 0
1000 0 0
1000 0 0
1000 0 0
1000 0 0
1000 0 0
1000 0 0
1000 0 0
1000 0 0
1000 0 0
1000 0 0
1000 0 0
1000 0 0
1000 0 0
1000 0 0
1000 0 0
1000 0 0
1000 0 0
1000 0 0
1000 0 0
1000 0 0
1000 0 0
1000 0 0
1000 0 0
1000 0 0
1000 0 0
1000 0 0
1000 0 0
1000 0 0
1000 0 0
1000 0 0
1000 0 0
1000 0 0
1000 0 0
1000 0 0
1000 0 0
1000 0 0
1000 0 0
1000 0 0
1000 0 0
1000 0 0
1000 0 0
1000 0 0
1000 0 0
1000 0 0
1000 0 0
1000 0 0
1000 0 0
1000 0 0
1000 0 0
1000 0 0
1000 0 0
1000 0 0
1000 0 0
1000 0 0
1000 0 0
1000 0 0
1000 0 0
1000 0 0
1000 0 0
1000 0 0
1000 0 0
1000 0 0
1000 0 0
1000 0 0
1000 0 0
1000 0 0
1000 0 0
1000 0 0
1000 0 0
1000 0 0
1000 0 0
1000 0 0
1000 0 0
1000 0 0
1000 0 0
1000 0 0
1000 0 0
1000 0 0
1000 0 0
1000 0 0
1000 0 0
1000 0 0
1000 0 0
1000 0 0
1000 0 0
1000 0 0
1000 0 0
1000 0 0
1000 0 0
1000 0 0
1000 0 0
1000 0 0
1000 0 0
1000 0 0
1000 0 0
1000 0 0
1000 0 0
1000 0 0
1000 0 0
