1000 0 0
1000 0 0
1000 0 0
999 1 0
998 0 2
997 1 2
994 4 2
984 11 5
975 16 9
960 22 18
946 36 18
927 46 27
912 50 38
900 50 50
880 61 59
856 69 75
846 68 86
829 77 94
809 83 108
785 91 124
773 94 133
749 99 152
732 103 165
713 111 176
707 104 189
689 103 208
674 106 220
659 104 237
646 111 243
634 107 259
625 109 266
615 105 280
608 95 297
609 90 301
600 92 308
595 89 316
592 85 323
600 79 321
594 77 329
598 77 325
596 71 333
591 69 340
583 65 352
582 59 359
574 63 363
566 67 367
557 61 382
555 58 387
555 55 390
557 54 389
558 52 390
554 45 401
557 39 404
555 42 403
558 30 412
564 28 408
568 25 407
569 25 406
573 22 405
582 23 395
584 23 393
590 20 390
594 21 385
598 22 380
593 28 379
599 24 377
601 25 374
602 24 374
604 23 373
606 23 371
614 21 365
613 23 364
615 24 361
620 22 358
624 23 353
627 20 353
629 21 350
630 24 346
632 22 346
635 20 345
640 19 341
648 18 334
654 17 329
655 12 333
664 12 324
667 12 321
669 16 315
670 13 317
675 13 312
685 12 303
690 11 299
696 10 294
700 9 291
701 8 291
707 8 285
713 7 280
716 8 276
719 9 272
717 11 272
719 13 268
720 14 266
722 12 266
715 15 270
717 18 265
719 18 263
717 21 262
722 23 255
721 26 253
716 27 257
716 25 259
716 27 257
714 22 264
710 30 260
705 34 261
705 33 262
705 31 264
700 31 269
707 24 269
709 27 264
709 28 263
708 32 260
705 37 258
710 38 252
710 38 252
711 36 253
711 35 254
707 37 256
705 38 257
697 44 259
687 49 264
685 48 267
684 42 274
685 42 273
680 45 275
676 43 281
670 40 290
668 39 293
668 40 292
664 42 294
665 39 296
663 37 300
665 35 300
664 36 300
662 36 302
661 38 301
652 38 310
656 34 310
655 35 310
653 38 309
653 37 310
651 39 310
651 35 314
652 30 318
652 29 319
652 30 318
652 37 311
654 37 309
654 37 309
651 39 310
655 34 311
657 34 309
654 40 306
652 40 308
651 34 315
652 29 319
655 28 317
657 29 314
661 25 314
662 25 313
664 29 307
667 27 306
666 29 305
669 26 305
665 26 309
667 28 305
667 22 311
663 28 309
667 23 310
671 23 306
673 24 303
680 25 295
682 22 296
684 17 299
679 19 302
684 21 295
688 19 293
689 20 291
694 18 288
693 22 285
693 22 285
693 20 287
694 22 284
689 25 286
687 25 288
685 28 287
681 27 292
676 28 296
678 27 295
678 27 295
682 29 289
686 25 289
680 29 291
676 32 292
673 33 294
668 37 295
663 35 302
659 39 302
654 40 306
650 39 311
648 43 309
645 40 315
644 32 324
646 31 323
645 32 323
644 39 317
634 42 324
629 40 331
630 41 329
634 38 328
637 36 327
637 33 330
639 27 334
639 28 333
639 32 329
643 32 325
646 33 321
646 32 322
649 31 320
644 36 320
646 34 320
643 35 322
636 41 323
634 39 327
633 38 329
637 35 328
640 36 324
643 37 320
645 31 324
640 37 323
640 38 322
641 36 323
641 38 321
638 40 322
645 37 318
644 34 322
645 39 316
643 39 318
643 41 316
642 42 316
640 39 321
642 35 323
645 35 320
647 34 319
644 37 319
644 40 316
638 47 315
633 48 319
634 42 324
633 44 323
634 45 321
638 45 317
636 40 324
639 42 319
637 42 321
637 42 321
636 42 322
638 38 324
637 39 324
638 39 323
636 42 322
641 41 318
644 37 319
643 34 323
647 34 319
649 28 323
653 26 321
657 21 322
659 21 320
668 16 316
672 17 311
675 16 309
680 15 305
675 19 306
673 21 306
677 19 304
680 22 298
681 21 298
681 23 296
686 18 296
688 17 295
685 22 293
685 22 293
686 20 294
688 18 294
689 19 292
687 20 293
689 22 289
692 26 282
691 29 280
696 33 271
696 29 275
694 30 276
691 28 281
695 27 278
683 37 280
681 37 282
677 40 283
676 43 281
671 45 284
672 41 287
662 43 295
660 45 295
657 44 299
657 45 298
653 48 299
646 48 306
646 49 305
651 43 306
654 42 304
657 38 305
656 42 302
655 44 301
654 40 306
653 39 308
656 41 303
656 38 306
656 38 306
660 35 305
659 39 302
663 36 301
664 36 300
668 35 297
666 34 300
669 32 299
672 29 299
669 23 308
671 23 306
674 20 306
677 21 302
674 21 305
677 29 294
679 31 290
683 35 282
678 36 286
679 34 287
682 32 286
675 41 284
675 38 287
676 37 287
674 37 289
670 37 293
670 33 297
673 31 296
677 29 294
678 28 294
667 34 299
663 34 303
657 38 305
657 39 304
661 37 302
660 37 303
659 35 306
659 33 308
659 30 311
662 26 312
667 26 307
668 27 305
667 25 308
668 23 309
670 18 312
676 17 307
680 16 304
689 17 294
692 19 289
693 16 291
697 16 287
703 16 281
710 13 277
717 12 271
720 9 271
721 9 270
726 9 265
728 10 262
730 10 260
734 9 257
736 9 255
737 13 250
738 12 250
740 13 247
738 14 248
741 15 244
742 15 243
745 15 240
747 16 237
742 21 237
743 24 233
747 22 231
746 25 229
747 21 232
746 19 235
747 21 232
746 22 232
747 21 232
749 17 234
748 18 234
749 20 231
753 12 235
751 15 234
749 16 235
746 20 234
738 32 230
725 35 240
720 33 247
723 32 245
724 32 244
722 34 244
717 40 243
713 42 245
711 39 250
709 39 252
707 38 255
704 39 257
704 34 262
700 36 264
704 33 263
700 38 262
697 40 263
693 40 267
691 39 270
689 38 273
685 42 273
686 41 273
685 33 282
688 31 281
687 33 280
688 32 280
695 29 276
695 30 275
698 26 276
697 24 279
696 26 278
695 25 280
696 24 280
702 24 274
708 24 268
709 22 269
708 22 270
704 27 269
702 27 271
699 26 275
696 23 281
697 20 283
696 17 287
699 18 283
706 16 278
708 17 275
711 15 274
718 15 267
721 16 263
719 18 263
722 15 263
722 18 260
728 17 255
732 15 253
734 16 250
738 16 246
735 18 247
742 14 244
739 16 245
741 18 241
743 17 240
747 18 235
749 20 231
749 24 227
744 32 224
740 33 227
731 42 227
727 44 229
722 49 229
718 48 234
712 54 234
699 63 238
689 62 249
682 66 252
679 60 261
677 59 264
668 61 271
662 56 282
653 59 288
643 60 297
643 57 300
636 63 301
632 59 309
630 65 305
621 60 319
615 52 333
613 47 340
621 45 334
619 46 335
622 42 336
618 42 340
617 43 340
621 46 333
621 46 333
611 52 337
611 49 340
610 48 342
601 47 352
600 39 361
609 37 354
608 36 356
610 34 356
608 32 360
608 33 359
611 32 357
614 37 349
612 39 349
614 36 350
614 36 350
619 34 347
621 35 344
627 34 339
625 36 339
627 33 340
625 34 341
622 26 352
626 22 352
627 25 348
624 29 347
623 29 348
622 28 350
626 28 346
621 33 346
620 30 350
622 33 345
621 30 349
622 28 350
626 30 344
632 29 339
638 23 339
637 26 337
640 29 331
643 27 330
641 29 330
641 30 329
639 28 333
638 28 334
640 32 328
644 29 327
650 27 323
651 26 323
656 24 320
660 23 317
660 27 313
658 33 309
658 33 309
657 31 312
657 32 311
659 32 309
655 35 310
656 33 311
656 34 310
659 32 309
658 30 312
654 36 310
653 36 311
650 37 313
649 38 313
651 40 309
651 35 314
647 35 318
651 31 318
656 32 312
652 35 313
653 33 314
662 30 308
657 35 308
659 35 306
657 35 308
658 32 310
661 33 306
659 36 305
660 34 306
659 36 305
664 37 299
662 39 299
657 37 306
654 37 309
651 34 315
646 37 317
643 31 326
646 30 324
642 32 326
646 34 320
644 41 315
642 37 321
643 35 322
648 34 318
650 33 317
652 33 315
649 35 316
654 33 313
655 37 308
652 35 313
650 37 313
652 31 317
647 35 318
644 37 319
634 45 321
637 33 330
640 30 330
645 30 325
647 32 321
650 28 322
658 27 315
660 27 313
661 31 308
664 27 309
661 31 308
659 28 313
665 27 308
673 20 307
675 22 303
674 18 308
672 18 310
672 20 308
676 19 305
684 19 297
690 19 291
687 24 289
685 24 291
686 22 292
687 18 295
694 15 291
694 14 292
702 13 285
708 12 280
709 13 278
718 12 270
723 10 267
730 9 261
733 10 257
735 6 259
737 6 257
740 3 257
742 3 255
751 3 246
753 3 244
756 3 241
766 3 231
770 3 227
773 3 224
774 3 223
779 1 220
787 1 212
790 1 209
795 1 204
800 2 198
804 2 194
808 2 190
814 3 183
819 2 179
823 2 175
824 2 174
825 1 174
825 1 174
826 1 173
831 1 168
835 1 164
838 1 161
842 1 157
844 2 154
847 1 152
848 1 151
854 1 145
860 1 139
862 1 137
864 0 136
865 0 135
866 0 134
867 0 133
869 0 131
871 0 129
874 0 126
878 0 122
880 0 120
882 0 118
884 0 116
888 0 112
891 0 109
893 0 107
894 0 106
896 0 104
897 0 103
897 0 103
899 0 101
902 0 98
902 0 98
903 0 97
904 0 96
905 0 95
907 0 93
907 0 93
909 0 91
910 0 90
912 0 88
913 0 87
914 0 86
914 0 86
915 0 85
917 0 83
917 0 83
921 0 79
925 0 75
926 0 74
927 0 73
928 0 72
930 0 70
932 0 68
936 0 64
938 0 62
941 0 59
941 0 59
943 0 57
946 0 54
946 0 54
946 0 54
948 0 52
949 0 51
950 0 50
952 0 48
954 0 46
955 0 45
957 0 43
958 0 42
959 0 41
961 0 39
961 0 39
961 0 39
961 0 39
962 0 38
962 0 38
962 0 38
962 0 38
963 0 37
963 0 37
964 0 36
965 0 35
965 0 35
965 0 35
966 0 34
966 0 34
966 0 34
966 0 34
966 0 34
967 0 33
967 0 33
968 0 32
968 0 32
969 0 31
969 0 31
971 0 29
971 0 29
972 0 28
973 0 27
974 0 26
974 0 26
975 0 25
975 0 25
976 0 24
976 0 24
976 0 24
977 0 23
978 0 22
979 0 21
979 0 21
979 0 21
979 0 21
979 0 21
979 0 21
979 0 21
979 0 21
979 0 21
979 0 21
979 0 21
979 0 21
979 0 21
979 0 21
980 0 20
981 0 19
981 0 19
981 0 19
981 0 19
981 0 19
981 0 19
981 0 19
982 0 18
982 0 18
983 0 17
983 0 17
983 0 17
983 0 17
983 0 17
983 0 17
983 0 17
983 0 17
983 0 17
983 0 17
983 0 17
984 0 16
984 0 16
984 0 16
984 0 16
985 0 15
985 0 15
985 0 15
985 0 15
985 0 15
986 0 14
987 0 13
987 0 13
988 0 12
988 0 12
988 0 12
988 0 12
988 0 12
988 0 12
988 0 12
988 0 12
989 0 11
989 0 11
989 0 11
989 0 11
989 0 11
989 0 11
989 0 11
990 0 10
991 0 9
991 0 9
991 0 9
991 0 9
992 0 8
992 0 8
992 0 8
992 0 8
994 0 6
994 0 6
994 0 6
994 0 6
994 0 6
995 0 5
995 0 5
995 0 5
995 0 5
995 0 5
995 0 5
995 0 5
996 0 4
996 0 4
997 0 3
997 0 3
997 0 3
997 0 3
997 0 3
997 0 3
997 0 3
997 0 3
997 0 3
997 0 3
997 0 3
997 0 3
997 0 3
997 0 3
997 0 3
997 0 3
997 0 3
997 0 3
997 0 3
997 0 3
997 0 3
997 0 3
997 0 3
997 0 3
997 0 3
997 0 3
998 0 2
998 0 2
998 0 2
998 0 2
998 0 2
999 0 1
999 0 1
999 0 1
999 0 1
999 0 1
999 0 1
999 0 1
999 0 1
999 0 1
999 0 1
999 0 1
999 0 1
999 0 1
999 0 1
999 0 1
999 0 1
999 0 1
999 0 1
999 0 1
999 0 1
999 0 1
999 0 1
999 0 1
999 0 1
999 0 1
999 0 1
999 0 1
999 0 1
999 0 1
999 0 1
999 0 1
999 0 1
999 0 1
999 0 1
999 0 1
999 0 1
999 0 1
999 0 1
999 0 1
999 0 1
999 0 1
999 0 1
999 0 1
999 0 1
999 0 1
999 0 1
999 0 1
999 0 1
999 0 1
999 0 1
999 0 1
999 0 1
999 0 1
999 0 1
999 0 1
999 0 1
999 0 1
999 0 1
999 0 1
999 0 1
999 0 1
999 0 1
999 0 1
999 0 1
999 0 1
999 0 1
999 0 1
999 0 1
999 0 1
999 0 1
999 0 1
999 0 1
999 0 1
999 0 1
999 0 1
999 0 1
999 0 1
999 0 1
999 0 1
999 0 1
999 0 1
999 0 1
999 0 1
999 0 1
999 0 1
999 0 1
999 0 1
999 0 1
999 0 1
999 0 1
999 0 1
999 0 1
999 0 1
999 0 1
999 0 1
999 0 1
999 0 1
999 0 1
999 0 1
999 0 1
1000 0 0
1000 0 0
1000 0 0
1000 0 0
1000 0 0
1000 0 0
1000 0 0
1000 0 0
1000 0 0
1000 0 0
1000 0 0
