1000 0 0
1000 0 0
1000 0 0
1000 0 0
998 2 0
997 3 0
997 1 2
996 2 2
996 2 2
996 1 3
994 3 3
993 4 3
989 6 5
989 5 6
985 8 7
979 12 9
974 16 10
963 24 13
957 29 14
949 30 21
941 31 28
923 41 36
908 52 40
891 63 46
873 66 61
852 75 73
818 93 89
789 100 111
767 109 124
743 117 140
711 128 161
688 127 185
663 141 196
645 139 216
627 129 244
612 125 263
597 122 281
592 113 295
588 103 309
577 98 325
565 100 335
564 92 344
563 86 351
559 81 360
550 80 370
549 72 379
548 67 385
547 66 387
550 60 390
556 59 385
561 57 382
563 54 383
562 59 379
554 60 386
554 56 390
552 53 395
546 57 397
548 55 397
550 50 400
543 54 403
550 54 396
550 57 393
548 60 392
556 54 390
556 52 392
560 53 387
558 48 394
564 44 392
563 46 391
568 44 388
567 46 387
560 47 393
568 40 392
567 38 395
578 33 389
590 31 379
595 30 375
602 20 378
606 20 374
606 22 372
610 23 367
613 25 362
616 31 353
620 30 350
626 25 349
627 27 346
627 29 344
634 26 340
638 28 334
639 35 326
639 37 324
637 36 327
638 37 325
637 35 328
642 30 328
646 33 321
649 34 317
651 35 314
655 26 319
656 24 320
657 24 319
659 27 314
659 27 314
658 22 320
660 18 322
660 16 324
662 17 321
661 13 326
661 11 328
662 13 325
663 13 324
664 11 325
667 15 318
665 15 320
671 14 315
675 12 313
681 13 306
682 14 304
683 16 301
690 15 295
692 14 294
696 13 291
696 12 292
695 16 289
695 14 291
697 12 291
698 9 293
702 9 289
710 7 283
713 8 279
718 10 272
720 13 267
719 13 268
721 13 266
721 13 266
726 13 261
729 15 256
739 13 248
741 10 249
747 9 244
751 9 240
753 8 239
755 12 233
755 12 233
753 14 233
753 14 233
757 16 227
757 19 224
756 20 224
753 21 226
753 21 226
751 26 223
747 28 225
741 35 224
738 33 229
738 32 230
740 28 232
737 30 233
731 34 235
732 32 236
731 33 236
728 31 241
726 35 239
721 38 241
717 42 241
705 42 253
702 51 247
699 53 248
700 51 249
693 61 246
681 68 251
666 76 258
660 83 257
653 75 272
649 72 279
638 74 288
632 73 295
629 68 303
626 64 310
621 61 318
613 65 322
612 66 322
611 59 330
600 65 335
595 62 343
600 58 342
599 59 342
591 67 342
583 74 343
580 75 345
575 71 354
570 68 362
567 65 368
566 59 375
570 46 384
569 48 383
572 44 384
574 43 383
576 41 383
578 36 386
578 37 385
580 36 384
584 32 384
586 35 379
588 35 377
592 30 378
598 31 371
602 32 366
607 28 365
612 27 361
608 31 361
610 28 362
612 28 360
616 32 352
619 35 346
622 31 347
621 31 348
627 24 349
628 21 351
630 20 350
635 17 348
642 17 341
647 18 335
649 20 331
653 25 322
657 30 313
660 29 311
664 26 310
660 22 318
667 20 313
669 20 311
675 17 308
677 20 303
671 24 305
679 21 300
678 22 300
687 19 294
684 20 296
680 25 295
682 30 288
690 29 281
688 33 279
687 33 280
690 34 276
687 33 280
686 34 280
682 40 278
676 43 281
671 42 287
669 39 292
664 42 294
658 41 301
654 43 303
652 50 298
648 51 301
650 49 301
645 51 304
638 50 312
639 54 307
631 55 314
621 62 317
616 64 320
610 64 326
605 64 331
605 59 336
597 65 338
601 62 337
592 63 345
592 64 344
590 55 355
585 59 356
586 54 360
589 48 363
582 48 370
586 47 367
578 47 375
577 48 375
581 44 375
584 45 371
585 43 372
585 39 376
592 36 372
595 37 368
592 45 363
594 46 360
589 49 362
586 44 370
584 43 373
583 42 375
580 44 376
586 41 373
584 42 374
579 43 378
574 47 379
579 47 374
571 55 374
577 48 375
587 47 366
585 48 367
591 46 363
597 42 361
597 39 364
604 34 362
608 35 357
609 35 356
611 37 352
607 39 354
611 34 355
618 30 352
620 29 351
619 28 353
623 25 352
625 24 351
630 24 346
632 24 344
639 24 337
644 23 333
648 21 331
653 17 330
658 13 329
664 12 324
667 12 321
678 14 308
678 11 311
685 10 305
692 10 298
694 12 294
691 16 293
695 13 292
691 13 296
690 15 295
694 11 295
697 11 292
702 11 287
703 11 286
699 18 283
706 19 275
713 21 266
713 26 261
717 24 259
715 28 257
714 28 258
716 26 258
716 28 256
714 29 257
715 25 260
714 27 259
714 25 261
715 25 260
712 30 258
709 32 259
708 32 260
705 33 262
703 35 262
704 29 267
705 25 270
706 24 270
710 25 265
713 25 262
710 30 260
708 31 261
710 29 261
709 31 260
708 33 259
704 36 260
707 36 257
703 35 262
704 36 260
705 37 258
702 39 259
703 35 262
701 35 264
702 34 264
701 34 265
700 28 272
696 28 276
694 32 274
690 36 274
690 37 273
687 42 271
683 49 268
676 51 273
673 46 281
671 48 281
666 51 283
670 52 278
665 49 286
659 56 285
656 56 288
661 49 290
662 45 293
654 48 298
654 49 297
653 44 303
648 46 306
637 53 310
630 54 316
627 56 317
632 50 318
628 55 317
622 60 318
622 60 318
620 58 322
614 57 329
610 59 331
604 52 344
607 48 345
612 43 345
610 46 344
610 48 342
603 53 344
606 52 342
603 53 344
601 59 340
597 50 353
593 51 356
593 42 365
587 39 374
586 44 370
585 38 377
587 36 377
593 34 373
596 32 372
603 31 366
605 34 361
605 36 359
602 40 358
602 43 355
598 42 360
598 43 359
597 49 354
598 41 361
601 37 362
602 36 362
602 42 356
603 40 357
599 41 360
607 38 355
610 37 353
613 40 347
611 41 348
611 34 355
616 28 356
623 24 353
632 22 346
630 21 349
634 23 343
641 23 336
650 20 330
652 21 327
653 13 334
651 17 332
656 18 326
661 15 324
665 13 322
669 14 317
671 11 318
675 10 315
675 15 310
674 19 307
677 13 310
683 11 306
688 11 301
695 9 296
698 10 292
697 12 291
703 10 287
705 10 285
709 11 280
711 12 277
710 9 281
714 7 279
722 9 269
729 10 261
732 12 256
734 16 250
730 18 252
725 22 253
723 19 258
723 19 258
724 17 259
727 19 254
722 23 255
718 27 255
718 30 252
711 34 255
711 33 256
708 36 256
700 40 260
695 43 262
690 42 268
688 38 274
689 35 276
690 34 276
685 37 278
683 39 278
678 44 278
679 40 281
676 40 284
670 46 284
667 48 285
658 55 287
654 54 292
648 55 297
651 45 304
644 48 308
644 49 307
639 49 312
637 48 315
632 45 323
634 43 323
634 43 323
632 36 332
636 31 333
641 33 326
643 31 326
647 29 324
651 30 319
650 32 318
650 35 315
652 33 315
651 30 319
657 29 314
656 31 313
650 35 315
655 33 312
652 34 314
647 38 315
648 33 319
645 35 320
645 36 319
648 35 317
642 36 322
643 32 325
639 34 327
638 35 327
637 36 327
638 35 327
634 33 333
637 33 330
636 33 331
636 32 332
637 31 332
636 32 332
638 30 332
638 29 333
642 28 330
649 26 325
649 26 325
644 31 325
648 32 320
648 32 320
648 29 323
648 31 321
655 25 320
659 18 323
666 21 313
668 19 313
671 20 309
675 19 306
676 20 304
670 25 305
666 27 307
661 31 308
657 41 302
657 43 300
662 41 297
659 38 303
661 32 307
657 37 306
654 36 310
643 43 314
637 47 316
635 47 318
635 49 316
634 49 317
633 48 319
632 47 321
622 57 321
624 56 320
613 60 327
611 45 344
613 42 345
618 43 339
615 48 337
611 50 339
612 51 337
608 49 343
606 50 344
604 47 349
603 46 351
605 49 346
600 55 345
602 55 343
602 57 341
606 55 339
604 54 342
605 48 347
601 53 346
597 50 353
599 44 357
599 45 356
605 43 352
606 38 356
606 37 357
619 34 347
624 32 344
630 26 344
634 26 340
637 25 338
640 19 341
644 18 338
647 20 333
654 19 327
657 19 324
662 17 321
661 17 322
663 15 322
664 19 317
667 22 311
671 21 308
677 21 302
679 20 301
681 23 296
682 25 293
684 23 293
683 27 290
674 35 291
674 32 294
671 32 297
665 31 304
665 30 305
660 36 304
658 36 306
659 37 304
660 38 302
659 37 304
657 38 305
657 38 305
657 37 306
654 34 312
644 40 316
647 39 314
649 35 316
652 35 313
650 34 316
653 35 312
650 42 308
649 45 306
652 41 307
644 45 311
641 45 314
640 48 312
636 51 313
634 44 322
632 43 325
630 42 328
629 41 330
628 41 331
632 38 330
637 38 325
636 38 326
637 39 324
636 39 325
638 35 327
644 30 326
647 29 324
645 31 324
643 30 327
644 28 328
650 32 318
653 29 318
657 30 313
656 31 313
659 30 311
652 31 317
655 31 314
654 26 320
659 27 314
660 28 312
661 30 309
664 27 309
672 23 305
672 21 307
674 26 300
677 26 297
680 26 294
681 22 297
676 28 296
672 29 299
674 27 299
673 26 301
681 26 293
686 25 289
688 20 292
692 17 291
699 14 287
703 11 286
710 8 282
718 7 275
721 7 272
728 7 265
739 10 251
740 12 248
736 18 246
740 15 245
744 18 238
739 22 239
734 27 239
725 31 244
720 37 243
719 35 246
715 38 247
710 40 250
703 44 253
697 48 255
699 47 254
695 50 255
690 50 260
682 52 266
679 54 267
678 52 270
679 48 273
672 48 280
667 51 282
658 59 283
656 63 281
651 67 282
648 67 285
647 62 291
642 65 293
637 64 299
633 66 301
622 69 309
615 68 317
608 64 328
603 62 335
599 55 346
594 55 351
592 52 356
595 47 358
592 47 361
589 49 362
590 50 360
589 47 364
585 52 363
587 47 366
585 47 368
588 47 365
593 45 362
599 39 362
599 38 363
603 38 359
606 34 360
616 27 357
620 25 355
622 29 349
626 23 351
621 28 351
624 27 349
626 24 350
626 22 352
628 20 352
627 23 350
629 24 347
629 24 347
630 23 347
633 25 342
633 22 345
641 22 337
639 24 337
634 32 334
629 34 337
627 37 336
630 37 333
627 37 336
628 37 335
631 35 334
618 43 339
617 44 339
613 42 345
616 36 348
616 35 349
617 34 349
609 42 349
603 43 354
603 47 350
596 47 357
598 42 360
596 47 357
593 40 367
594 37 369
600 30 370
600 31 369
601 34 365
601 37 362
596 41 363
599 34 367
608 30 362
615 27 358
621 25 354
620 26 354
620 22 358
626 18 356
628 20 352
630 22 348
635 19 346
641 18 341
650 17 333
657 15 328
659 15 326
667 12 321
673 12 315
677 11 312
683 9 308
680 10 310
690 11 299
694 13 293
694 13 293
695 16 289
695 18 287
702 18 280
699 21 280
698 19 283
700 19 281
702 16 282
706 13 281
710 13 277
717 16 267
714 18 268
715 19 266
714 21 265
712 25 263
712 26 262
712 27 261
709 27 264
709 22 269
713 23 264
713 29 258
714 26 260
709 31 260
711 34 255
714 34 252
711 36 253
712 40 248
709 47 244
709 44 247
709 44 247
704 43 253
707 39 254
702 41 257
702 38 260
708 34 258
704 34 262
694 42 264
691 35 274
688 38 274
691 33 276
693 31 276
690 35 275
693 36 271
690 34 276
685 42 273
680 47 273
677 47 276
674 45 281
677 43 280
674 43 283
669 43 288
667 44 289
663 47 290
660 51 289
660 48 292
658 53 289
651 54 295
644 56 300
647 50 303
639 51 310
638 54 308
632 54 314
627 54 319
620 60 320
614 53 333
609 55 336
609 46 345
605 44 351
602 42 356
605 38 357
606 41 353
611 42 347
611 37 352
615 32 353
616 31 353
616 33 351
610 40 350
617 33 350
613 29 358
610 30 360
615 33 352
620 36 344
623 34 343
624 29 347
628 28 344
631 24 345
630 27 343
632 29 339
636 25 339
640 27 333
645 26 329
648 21 331
655 20 325
652 27 321
656 30 314
662 31 307
658 30 312
658 29 313
659 32 309
657 34 309
655 34 311
652 37 311
646 42 312
643 47 310
638 44 318
641 39 320
647 36 317
647 36 317
646 41 313
646 41 313
645 44 311
643 47 310
644 46 310
640 41 319
644 39 317
647 35 318
650 33 317
652 31 317
647 35 318
647 34 319
648 35 317
643 40 317
637 42 321
633 46 321
625 44 331
619 47 334
616 45 339
609 46 345
613 45 342
613 37 350
612 39 349
613 38 349
614 34 352
615 38 347
618 38 344
616 41 343
622 38 340
623 36 341
629 35 336
632 32 336
626 31 343
625 33 342
627 31 342
626 24 350
630 23 347
634 23 343
631 27 342
635 27 338
635 27 338
635 28 337
639 27 334
642 25 333
642 26 332
643 24 333
650 21 329
656 24 320
656 22 322
663 21 316
664 24 312
666 25 309
673 19 308
671 23 306
669 28 303
672 32 296
667 33 300
665 34 301
661 37 302
665 37 298
663 36 301
663 36 301
665 35 300
663 31 306
657 36 307
652 38 310
655 42 303
654 39 307
654 38 308
653 38 309
650 38 312
646 32 322
647 32 321
645 33 322
646 32 322
