995 5 0
995 5 0
991 8 1
982 14 4
977 15 8
970 20 10
964 25 11
949 35 16
940 40 20
930 40 30
921 45 34
903 57 40
885 69 46
872 62 66
859 61 80
847 67 86
824 83 93
803 95 102
764 110 126
742 119 139
716 129 155
701 134 165
681 135 184
663 137 200
648 131 221
634 131 235
627 117 256
610 116 274
604 108 288
597 92 311
586 94 320
578 95 327
575 88 337
568 84 348
566 90 344
557 84 359
554 75 371
548 69 383
551 61 388
555 51 394
557 40 403
565 36 399
569 37 394
567 40 393
572 35 393
578 36 386
575 37 388
577 42 381
578 38 384
579 36 385
593 33 374
595 34 371
597 31 372
603 28 369
607 28 365
607 28 365
608 29 363
613 20 367
614 25 361
622 22 356
624 22 354
622 25 353
629 23 348
627 24 349
630 24 346
630 25 345
628 25 347
632 26 342
629 27 344
627 30 343
630 27 343
631 22 347
633 21 346
635 20 345
637 20 343
637 23 340
639 23 338
636 26 338
640 22 338
642 22 336
640 19 341
641 16 343
649 11 340
652 12 336
659 9 332
662 9 329
667 9 324
669 10 321
671 12 317
674 12 314
678 11 311
679 10 311
685 9 306
692 10 298
694 10 296
698 9 293
702 5 293
709 5 286
713 3 284
716 2 282
721 2 277
729 3 268
736 3 261
736 3 261
737 4 259
744 5 251
746 6 248
745 8 247
748 8 244
752 8 240
758 7 235
758 9 233
758 12 230
760 10 230
762 9 229
762 9 229
764 7 229
764 7 229
767 5 228
771 6 223
778 6 216
781 6 213
778 10 212
778 10 212
780 10 210
781 11 208
781 13 206
780 16 204
782 16 202
780 17 203
781 18 201
782 17 201
784 19 197
786 19 195
789 20 191
786 20 194
788 19 193
785 20 195
783 20 197
770 34 196
762 41 197
762 39 199
756 43 201
751 46 203
743 45 212
734 49 217
726 51 223
726 50 224
724 50 226
717 54 229
707 61 232
698 65 237
690 66 244
684 66 250
676 68 256
666 71 263
658 69 273
650 68 282
640 73 287
628 82 290
610 90 300
601 94 305
593 89 318
581 88 331
574 87 339
571 83 346
556 87 357
557 84 359
553 78 369
547 82 371
536 85 379
541 74 385
545 64 391
542 64 394
532 69 399
515 81 404
509 81 410
508 77 415
509 78 413
509 72 419
501 68 431
501 66 433
495 65 440
493 59 448
498 51 451
503 46 451
504 50 446
507 47 446
508 51 441
513 51 436
518 47 435
515 54 431
519 54 427
524 47 429
527 48 425
527 46 427
530 41 429
531 36 433
531 38 431
539 34 427
538 38 424
544 31 425
552 27 421
559 26 415
562 28 410
568 25 407
576 17 407
578 14 408
582 16 402
586 17 397
586 20 394
590 17 393
598 14 388
599 18 383
603 15 382
607 13 380
608 12 380
612 14 374
611 19 370
617 16 367
617 25 358
615 27 358
617 23 360
622 23 355
617 28 355
619 29 352
620 24 356
624 24 352
624 27 349
623 27 350
631 24 345
635 21 344
644 21 335
650 23 327
658 23 319
658 24 318
656 25 319
652 28 320
639 43 318
637 45 318
633 51 316
626 53 321
624 53 323
618 49 333
605 60 335
605 61 334
605 61 334
598 65 337
597 58 345
600 57 343
603 51 346
604 49 347
608 52 340
602 61 337
598 65 337
601 61 338
591 62 347
594 48 358
593 41 366
599 37 364
603 35 362
606 37 357
599 41 360
596 43 361
596 43 361
596 44 360
594 51 355
596 49 355
599 49 352
595 53 352
598 48 354
597 48 355
598 48 354
603 46 351
608 45 347
613 40 347
613 44 343
608 41 351
605 42 353
605 50 345
610 50 340
606 50 344
611 45 344
607 53 340
598 58 344
594 58 348
596 55 349
603 48 349
605 45 350
605 43 352
599 43 358
598 44 358
598 38 364
604 34 362
611 31 358
611 29 360
612 30 358
619 24 357
623 23 354
627 20 353
631 16 353
637 13 350
640 16 344
645 15 340
648 13 339
659 13 328
661 12 327
660 18 322
660 21 319
658 24 318
660 25 315
655 33 312
654 37 309
656 37 307
656 34 310
653 38 309
642 44 314
633 50 317
633 48 319
631 46 323
627 46 327
622 48 330
622 48 330
624 47 329
622 47 331
614 51 335
603 57 340
605 56 339
599 53 348
591 50 359
589 52 359
590 47 363
578 50 372
582 45 373
584 44 372
584 44 372
579 40 381
576 40 384
583 37 380
585 36 379
587 30 383
589 31 380
591 32 377
588 38 374
590 36 374
587 42 371
591 42 367
594 40 366
590 40 370
597 42 361
599 42 359
597 40 363
604 34 362
601 37 362
597 38 365
593 41 366
593 36 371
593 32 375
596 27 377
601 24 375
597 27 376
603 26 371
604 23 373
610 19 371
620 16 364
630 16 354
633 14 353
637 14 349
633 19 348
634 23 343
642 18 340
650 16 334
650 21 329
655 20 325
655 22 323
655 18 327
663 16 321
666 18 316
668 20 312
673 19 308
673 18 309
677 20 303
680 20 300
681 22 297
690 23 287
691 19 290
693 17 290
692 19 289
692 21 287
687 24 289
687 25 288
687 18 295
686 19 295
685 19 296
686 20 294
687 19 294
686 21 293
687 19 294
691 16 293
692 16 292
698 16 286
701 17 282
702 15 283
705 19 276
706 19 275
708 18 274
709 18 273
714 16 270
718 18 264
717 22 261
720 19 261
712 27 261
703 38 259
699 41 260
697 37 266
696 42 262
691 46 263
687 47 266
681 52 267
675 50 275
667 54 279
671 50 279
671 47 282
671 47 282
670 48 282
666 51 283
663 51 286
654 51 295
656 45 299
653 43 304
658 41 301
655 44 301
648 49 303
646 49 305
649 43 308
651 38 311
651 35 314
648 38 314
645 40 315
645 36 319
637 41 322
637 42 321
637 43 320
643 39 318
637 39 324
637 40 323
636 36 328
631 38 331
621 49 330
615 50 335
612 55 333
607 55 338
609 52 339
608 51 341
601 53 346
603 48 349
603 47 350
611 40 349
618 37 345
616 38 346
616 38 346
614 40 346
607 44 349
611 37 352
609 35 356
601 41 358
598 40 362
593 43 364
585 48 367
586 48 366
583 49 368
582 48 370
581 48 371
584 47 369
579 53 368
580 45 375
584 44 372
587 42 371
592 40 368
595 38 367
592 37 371
590 39 371
586 42 372
589 44 367
588 41 371
588 42 370
592 36 372
597 30 373
601 26 373
606 26 368
610 23 367
608 25 367
610 20 370
611 20 369
618 19 363
621 19 360
624 19 357
624 22 354
625 23 352
624 25 351
622 27 351
621 28 351
629 27 344
630 29 341
623 40 337
618 42 340
614 44 342
617 41 342
616 41 343
612 42 346
617 37 346
618 36 346
620 31 349
625 32 343
619 37 344
619 34 347
615 35 350
613 27 360
620 28 352
622 24 354
619 24 357
624 24 352
630 21 349
631 21 348
636 21 343
641 21 338
647 20 333
649 23 328
656 21 323
665 20 315
668 20 312
672 17 311
674 13 313
678 13 309
679 14 307
684 13 303
688 14 298
689 16 295
692 16 292
697 13 290
703 11 286
706 12 282
710 14 276
719 13 268
721 13 266
721 12 267
724 13 263
727 14 259
729 14 257
734 14 252
736 17 247
732 22 246
731 21 248
737 17 246
741 20 239
741 20 239
743 20 237
746 21 233
745 16 239
741 25 234
737 31 232
733 34 233
727 41 232
722 34 244
718 36 246
718 35 247
717 37 246
718 34 248
714 33 253
712 32 256
705 36 259
701 38 261
695 44 261
688 47 265
692 42 266
686 46 268
682 51 267
673 58 269
666 58 276
665 50 285
665 45 290
660 45 295
659 38 303
656 37 307
657 35 308
656 38 306
655 35 310
652 34 314
657 32 311
651 33 316
647 35 318
646 32 322
650 29 321
654 29 317
654 31 315
657 25 318
657 26 317
657 26 317
664 27 309
665 27 308
669 24 307
670 21 309
676 21 303
678 24 298
679 24 297
679 24 297
674 31 295
669 37 294
668 33 299
669 34 297
674 31 295
674 37 289
674 36 290
673 38 289
668 41 291
667 40 293
663 41 296
656 40 304
650 43 307
655 43 302
652 47 301
650 51 299
655 43 302
653 40 307
657 44 299
655 41 304
662 36 302
661 35 304
665 39 296
659 44 297
657 40 303
658 38 304
659 37 304
658 40 302
659 41 300
657 39 304
652 47 301
652 50 298
652 50 298
651 52 297
642 57 301
643 54 303
637 56 307
640 50 310
640 48 312
639 49 312
644 45 311
635 50 315
632 55 313
627 59 314
618 60 322
617 54 329
609 56 335
609 57 334
599 57 344
596 58 346
599 52 349
602 45 353
598 44 358
605 39 356
605 40 355
606 41 353
608 35 357
608 32 360
614 29 357
610 37 353
610 41 349
608 40 352
601 42 357
599 43 358
599 37 364
600 42 358
603 41 356
600 42 358
602 43 355
601 43 356
603 39 358
605 33 362
609 31 360
612 31 357
613 26 361
618 27 355
619 22 359
623 19 358
629 20 351
632 21 347
641 16 343
649 11 340
651 10 339
658 13 329
662 8 330
666 7 327
669 5 326
673 7 320
677 5 318
682 4 314
685 4 311
689 3 308
696 4 300
705 3 292
709 3 288
712 5 283
715 7 278
708 14 278
704 18 278
707 16 277
707 15 278
714 16 270
714 17 269
714 14 272
720 17 263
722 15 263
721 14 265
723 16 261
727 22 251
731 18 251
722 26 252
717 31 252
709 40 251
703 39 258
695 43 262
693 42 265
695 39 266
699 35 266
703 31 266
702 32 266
711 23 266
713 24 263
718 24 258
714 25 261
714 24 262
718 22 260
721 22 257
720 19 261
721 21 258
721 20 259
719 19 262
719 20 261
720 22 258
721 21 258
722 20 258
723 21 256
719 27 254
719 26 255
721 24 255
719 21 260
720 18 262
725 15 260
723 15 262
727 10 263
729 9 262
732 6 262
733 6 261
733 9 258
736 7 257
736 8 256
746 7 247
746 8 246
748 8 244
750 6 244
752 4 244
758 3 239
761 5 234
766 4 230
767 2 231
766 5 229
768 10 222
772 12 216
765 22 213
765 19 216
758 27 215
747 40 213
737 44 219
732 48 220
728 51 221
715 61 224
712 58 230
702 58 240
701 57 242
701 53 246
705 45 250
700 44 256
703 43 254
701 38 261
700 42 258
698 39 263
698 38 264
696 34 270
693 39 268
694 36 270
692 34 274
692 31 277
687 33 280
682 36 282
678 37 285
683 35 282
686 33 281
692 29 279
686 34 280
683 33 284
677 36 287
676 40 284
673 41 286
675 41 284
669 43 288
672 41 287
670 38 292
677 36 287
679 32 289
682 27 291
684 26 290
682 28 290
688 31 281
693 29 278
691 28 281
693 28 279
695 27 278
694 24 282
692 26 282
694 27 279
695 25 280
697 22 281
702 23 275
707 20 273
712 18 270
705 24 271
701 29 270
702 28 270
700 31 269
699 31 270
695 36 269
697 36 267
691 33 276
690 33 277
692 36 272
687 40 273
683 43 274
679 40 281
682 39 279
680 41 279
682 44 274
677 47 276
682 44 274
685 40 275
683 37 280
678 42 280
673 44 283
671 42 287
668 40 292
657 47 296
656 53 291
648 50 302
648 52 300
652 42 306
654 42 304
653 47 300
651 44 305
644 53 303
636 64 300
627 69 304
624 67 309
618 63 319
615 57 328
614 54 332
611 56 333
616 44 340
615 43 342
619 43 338
621 45 334
620 48 332
613 54 333
611 55 334
609 52 339
613 49 338
614 47 339
617 42 341
619 40 341
618 41 341
618 40 342
620 36 344
622 36 342
626 37 337
625 38 337
629 32 339
629 36 335
632 36 332
637 36 327
645 34 321
651 32 317
648 36 316
647 41 312
651 40 309
651 36 313
650 39 311
649 38 313
655 41 304
648 45 307
649 41 310
650 40 310
650 36 314
653 35 312
656 31 313
654 29 317
653 30 317
658 26 316
664 24 312
668 20 312
668 17 315
669 20 311
672 18 310
673 16 311
679 15 306
685 10 305
690 9 301
690 13 297
688 17 295
684 19 297
685 15 300
685 17 298
689 15 296
693 14 293
697 11 292
698 12 290
698 14 288
698 11 291
701 10 289
702 13 285
703 11 286
699 15 286
701 12 287
707 14 279
709 13 278
708 17 275
705 22 273
705 25 270
700 25 275
695 29 276
701 25 274
703 25 272
700 27 273
702 30 268
701 29 270
698 30 272
696 29 275
693 29 278
694 28 278
697 24 279
699 20 281
702 21 277
708 19 273
709 16 275
710 19 271
712 19 269
713 22 265
710 26 264
705 25 270
706 20 274
708 19 273
708 17 275
714 14 272
718 14 268
727 11 262
730 12 258
728 12 260
735 11 254
735 15 250
741 16 243
741 17 242
741 18 241
740 24 236
737 27 236
734 30 236
739 27 234
740 27 233
732 40 228
732 38 230
727 43 230
721 50 229
713 49 238
712 48 240
711 45 244
707 51 242
704 55 241
701 54 245
696 46 258
692 44 264
680 52 268
667 63 270
651 70 279
647 69 284
645 61 294
639 60 301
642 60 298
646 55 299
651 53 296
653 48 299
651 45 304
648 45 307
644 47 309
642 44 314
640 45 315
