1000 0 0
1000 0 0
1000 0 0
1000 0 0
1000 0 0
999 1 0
991 9 0
982 17 1
966 30 4
948 38 14
937 43 20
913 54 33
897 60 43
874 69 57
854 81 65
837 92 71
808 106 86
781 116 103
757 118 125
736 128 136
720 120 160
699 123 178
677 130 193
665 128 207
647 130 223
624 140 236
606 141 253
601 126 273
590 127 283
575 128 297
559 124 317
552 119 329
551 109 340
540 110 350
547 95 358
538 102 360
537 99 364
532 95 373
532 91 377
528 85 387
520 84 396
519 77 404
518 72 410
523 64 413
523 64 413
522 54 424
524 57 419
522 56 422
524 51 425
523 48 429
525 42 433
529 39 432
536 35 429
546 36 418
548 34 418
554 27 419
561 23 416
568 20 412
575 21 404
578 19 403
583 22 395
591 26 383
599 22 379
599 23 378
596 23 381
600 22 378
596 31 373
597 29 374
600 30 370
604 27 369
613 23 364
619 23 358
621 21 358
625 21 354
627 17 356
631 14 355
636 12 352
639 11 350
646 11 343
651 13 336
654 12 334
657 14 329
661 15 324
668 16 316
666 16 318
672 13 315
669 17 314
669 16 315
670 16 314
675 17 308
680 20 300
687 20 293
690 18 292
697 18 285
701 15 284
702 13 285
705 13 282
707 12 281
710 13 277
715 12 273
723 14 263
724 18 258
724 18 258
731 21 248
731 17 252
735 13 252
736 13 251
739 12 249
741 11 248
743 13 244
744 13 243
747 14 239
750 12 238
754 10 236
756 7 237
760 7 233
764 6 230
768 5 227
772 4 224
772 5 223
777 5 218
780 6 214
784 5 211
787 4 209
792 8 200
792 11 197
793 8 199
796 8 196
795 9 196
790 11 199
783 15 202
776 26 198
765 32 203
764 33 203
765 27 208
766 25 209
761 29 210
755 31 214
746 37 217
742 42 216
735 46 219
730 52 218
717 60 223
705 58 237
700 52 248
691 54 255
675 63 262
670 60 270
668 59 273
666 60 274
666 57 277
659 59 282
650 58 292
647 50 303
644 55 301
646 50 304
647 45 308
652 43 305
651 48 301
655 39 306
654 43 303
646 50 304
641 51 308
635 57 308
629 63 308
618 68 314
611 60 329
605 57 338
600 56 344
599 53 348
595 49 356
591 54 355
593 48 359
590 48 362
597 44 359
600 42 358
604 42 354
600 44 356
600 43 357
599 42 359
598 43 359
599 48 353
595 53 352
594 50 356
592 50 358
590 41 369
594 37 369
592 37 371
597 34 369
598 33 369
603 31 366
604 27 369
607 26 367
613 24 363
616 25 359
623 25 352
625 26 349
629 23 348
628 28 344
630 23 347
636 16 348
640 13 347
643 11 346
645 12 343
652 11 337
661 11 328
666 12 322
671 15 314
672 16 312
673 21 306
673 20 307
679 15 306
681 19 300
686 19 295
686 19 295
695 19 286
699 17 284
695 23 282
700 22 278
703 23 274
705 24 271
703 23 274
702 23 275
703 24 273
702 24 274
704 27 269
703 31 266
700 36 264
703 34 263
708 31 261
710 27 263
704 27 269
708 25 267
702 29 269
699 37 264
699 36 265
698 39 263
700 36 264
695 40 265
694 36 270
694 36 270
701 28 271
701 32 267
695 37 268
689 38 273
687 32 281
682 35 283
681 36 283
678 41 281
676 42 282
670 48 282
669 50 281
666 49 285
669 44 287
670 39 291
663 44 293
658 49 293
654 50 296
652 48 300
646 50 304
641 50 309
640 48 312
643 41 316
638 44 318
639 42 319
632 44 324
633 49 318
627 52 321
628 55 317
623 51 326
620 57 323
617 54 329
616 53 331
619 56 325
615 54 331
606 58 336
602 55 343
603 50 347
601 45 354
601 42 357
606 36 358
611 31 358
619 29 352
618 32 350
622 37 341
620 37 343
624 30 346
624 34 342
630 30 340
632 29 339
632 30 338
633 31 336
634 30 336
629 32 339
637 29 334
640 31 329
640 28 332
636 35 329
646 33 321
647 25 328
651 25 324
647 29 324
651 29 320
653 29 318
655 29 316
650 34 316
647 36 317
645 31 324
648 31 321
639 32 329
643 30 327
645 26 329
647 27 326
653 26 321
649 32 319
646 36 318
646 36 318
649 36 315
650 33 317
653 38 309
653 36 311
651 41 308
653 40 307
655 40 305
653 37 310
655 38 307
658 36 306
654 36 310
658 33 309
656 31 313
663 29 308
659 26 315
652 34 314
655 36 309
658 36 306
658 35 307
657 40 303
655 41 304
657 39 304
659 35 306
658 32 310
661 33 306
663 30 307
663 33 304
660 35 305
661 37 302
662 34 304
663 32 305
659 31 310
660 29 311
655 34 311
662 31 307
660 31 309
657 30 313
659 25 316
666 23 311
669 23 308
676 24 300
675 31 294
676 30 294
680 25 295
678 27 295
677 24 299
678 24 298
679 28 293
682 28 290
685 24 291
689 25 286
692 23 285
689 28 283
690 27 283
691 31 278
696 28 276
699 24 277
702 22 276
700 26 274
699 30 271
698 29 273
705 28 267
706 31 263
705 32 263
703 34 263
701 34 265
699 35 266
697 28 275
704 25 271
708 21 271
707 23 270
710 22 268
707 30 263
707 29 264
714 32 254
714 29 257
717 27 256
712 33 255
709 39 252
703 38 259
697 42 261
693 40 267
687 40 273
693 41 266
689 42 269
688 38 274
685 38 277
681 42 277
687 38 275
683 41 276
682 42 276
672 51 277
663 58 279
658 58 284
654 57 289
654 58 288
650 58 292
648 58 294
646 55 299
644 54 302
641 59 300
638 60 302
637 55 308
633 51 316
628 53 319
624 48 328
627 50 323
621 45 334
618 43 339
617 43 340
622 38 340
617 43 340
614 45 341
609 46 345
611 40 349
612 38 350
615 35 350
616 37 347
616 34 350
613 35 352
618 34 348
617 35 348
616 33 351
616 35 349
618 36 346
615 37 348
621 34 345
622 35 343
622 31 347
614 39 347
608 43 349
610 44 346
607 44 349
611 40 349
617 40 343
616 37 347
609 40 351
611 47 342
606 50 344
599 48 353
605 45 350
609 43 348
606 46 348
609 38 353
604 39 357
606 42 352
607 43 350
608 46 346
609 43 348
610 40 350
609 41 350
610 43 347
617 39 344
618 34 348
614 32 354
618 28 354
621 21 358
624 19 357
631 17 352
631 18 351
635 18 347
642 21 337
646 21 333
644 23 333
649 23 328
654 19 327
653 23 324
655 23 322
658 25 317
670 24 306
675 23 302
678 17 305
680 19 301
688 17 295
692 15 293
697 12 291
695 14 291
703 12 285
709 10 281
715 10 275
716 11 273
717 8 275
718 10 272
715 14 271
714 16 270
711 19 270
716 19 265
715 22 263
717 18 265
720 17 263
721 17 262
724 14 262
726 15 259
728 15 257
731 14 255
734 12 254
738 10 252
741 9 250
747 11 242
748 11 241
751 12 237
754 12 234
756 10 234
759 6 235
763 10 227
764 10 226
765 11 224
769 11 220
770 9 221
770 9 221
769 15 216
765 15 220
759 19 222
760 20 220
758 24 218
758 23 219
756 24 220
749 27 224
750 26 224
749 27 224
748 28 224
748 26 226
747 28 225
734 36 230
726 41 233
720 41 239
720 31 249
717 33 250
712 36 252
708 36 256
713 33 254
705 35 260
701 39 260
698 43 259
686 52 262
687 49 264
687 43 270
686 44 270
684 40 276
687 40 273
688 37 275
683 38 279
685 39 276
683 38 279
679 40 281
679 44 277
679 44 277
674 50 276
671 43 286
675 39 286
681 41 278
682 48 270
684 39 277
685 42 273
688 38 274
689 35 276
687 35 278
691 35 274
689 31 280
692 30 278
689 31 280
695 31 274
700 30 270
701 28 271
705 29 266
706 33 261
701 36 263
698 39 263
697 43 260
701 37 262
699 39 262
699 38 263
698 37 265
695 34 271
699 36 265
702 31 267
699 33 268
700 33 267
707 30 263
705 29 266
704 29 267
707 26 267
708 22 270
717 22 261
721 18 261
721 19 260
720 21 259
720 22 258
724 20 256
728 17 255
731 16 253
730 16 254
722 26 252
718 27 255
717 29 254
719 32 249
721 35 244
718 32 250
715 33 252
708 36 256
713 33 254
710 29 261
713 28 259
720 20 260
719 21 260
720 19 261
722 18 260
726 14 260
721 19 260
721 23 256
717 28 255
707 30 263
698 33 269
692 32 276
695 34 271
697 33 270
697 28 275
696 23 281
694 22 284
699 20 281
705 16 279
706 20 274
709 17 274
710 17 273
710 17 273
717 18 265
721 17 262
718 22 260
705 29 266
703 30 267
705 31 264
703 26 271
702 30 268
705 28 267
708 25 267
709 30 261
704 32 264
709 35 256
711 40 249
706 42 252
708 38 254
706 39 255
706 37 257
706 35 259
708 31 261
710 29 261
715 29 256
712 30 258
712 27 261
708 28 264
705 31 264
704 29 267
704 25 271
702 30 268
702 31 267
700 32 268
698 36 266
696 32 272
696 30 274
693 29 278
688 29 283
692 28 280
691 32 277
689 32 279
686 35 279
686 37 277
684 43 273
681 41 278
679 44 277
677 40 283
675 40 285
677 41 282
675 38 287
671 43 286
670 32 298
663 34 303
668 32 300
668 24 308
667 26 307
665 26 309
664 30 306
661 34 305
661 31 308
662 31 307
661 35 304
668 37 295
675 34 291
679 33 288
677 38 285
674 39 287
672 41 287
671 40 289
675 36 289
672 35 293
680 31 289
681 30 289
679 30 291
679 33 288
675 33 292
677 30 293
677 29 294
678 28 294
681 24 295
679 22 299
679 19 302
682 18 300
683 20 297
683 22 295
685 21 294
690 16 294
690 13 297
693 16 291
700 12 288
705 11 284
713 10 277
713 10 277
714 11 275
710 16 274
713 14 273
711 15 274
713 17 270
715 15 270
717 17 266
716 21 263
712 21 267
716 22 262
720 24 256
718 24 258
719 23 258
717 21 262
717 23 260
715 26 259
711 27 262
711 27 262
715 25 260
722 16 262
722 19 259
726 15 259
727 17 256
729 18 253
728 21 251
729 21 250
730 23 247
723 27 250
719 30 251
712 36 252
700 48 252
690 59 251
682 57 261
673 58 269
671 53 276
665 60 275
652 68 280
652 63 285
645 65 290
637 68 295
634 59 307
628 59 313
630 53 317
629 55 316
633 52 315
626 61 313
620 54 326
623 49 328
619 48 333
620 55 325
609 56 335
606 54 340
601 58 341
598 61 341
599 56 345
598 59 343
599 59 342
595 58 347
600 49 351
604 45 351
607 44 349
615 36 349
611 36 353
614 36 350
615 32 353
612 37 351
601 46 353
598 43 359
598 41 361
598 45 357
602 42 356
601 44 355
602 41 357
602 39 359
603 40 357
605 40 355
602 41 357
605 40 355
607 41 352
608 42 350
612 40 348
610 43 347
613 47 340
613 49 338
611 46 343
608 44 348
613 41 346
616 38 346
619 35 346
619 37 344
621 36 343
624 37 339
632 32 336
626 36 338
633 30 337
630 34 336
627 33 340
629 32 339
629 35 336
628 37 335
630 40 330
625 48 327
622 49 329
624 45 331
622 43 335
625 37 338
622 36 342
622 38 340
620 34 346
620 36 344
618 37 345
621 32 347
629 30 341
633 23 344
635 24 341
632 26 342
629 30 341
630 29 341
628 29 343
635 28 337
634 28 338
637 21 342
640 23 337
639 23 338
640 30 330
639 34 327
639 28 333
640 27 333
644 25 331
646 22 332
648 21 331
645 27 328
649 23 328
653 19 328
658 20 322
658 22 320
657 24 319
656 25 319
656 25 319
657 25 318
653 30 317
654 32 314
657 34 309
655 34 311
656 35 309
656 35 309
661 33 306
662 35 303
662 35 303
658 35 307
661 32 307
664 28 308
660 33 307
664 31 305
664 28 308
665 27 308
665 28 307
668 27 305
671 24 305
672 23 305
675 29 296
680 23 297
683 20 297
685 21 294
695 19 286
696 17 287
701 22 277
711 19 270
712 19 269
714 21 265
710 26 264
712 28 260
714 23 263
713 23 264
709 23 268
708 26 266
708 27 265
709 27 264
708 24 268
704 24 272
702 26 272
704 26 270
702 22 276
706 22 272
704 27 269
699 30 271
689 36 275
694 35 271
687 34 279
689 37 274
688 32 280
684 35 281
686 34 280
685 28 287
686 29 285
688 24 288
676 32 292
673 29 298
667 34 299
663 39 298
655 42 303
655 34 311
652 35 313
649 33 318
648 33 319
644 34 322
644 30 326
645 27 328
644 29 327
647 26 327
647 28 325
649 32 319
645 36 319
646 36 318
642 41 317
638 41 321
641 37 322
643 35 322
641 34 325
639 33 328
647 35 318
644 36 320
644 34 322
648 30 322
648 30 322
648 34 318
649 28 323
647 30 323
655 28 317
657 35 308
661 29 310
664 24 312
672 26 302
674 27 299
675 29 296
678 26 296
677 29 294
672 33 295
672 33 295
677 26 297
677 27 296
679 23 298
677 25 298
678 25 297
686 24 290
688 26 286
690 25 285
685 30 285
689 28 283
691 22 287
692 26 282
689 25 286
687 26 287
686 24 290
687 24 289
692 24 284
697 17 286
699 16 285
698 15 287
699 13 288
702 14 284
705 13 282
707 14 279
710 16 274
713 12 275
716 11 273
718 12 270
726 11 263
