995 5 0
995 5 0
991 9 0
985 14 1
980 15 5
976 15 9
970 19 11
960 28 12
953 30 17
943 35 22
940 32 28
935 31 34
924 31 45
915 34 51
912 34 54
906 36 58
902 35 63
898 32 70
883 46 71
859 64 77
833 77 90
806 89 105
787 91 122
771 98 131
754 97 149
735 109 156
723 108 169
709 106 185
683 113 204
667 113 220
653 113 234
636 104 260
628 96 276
624 90 286
609 95 296
608 88 304
609 73 318
605 68 327
596 61 343
596 57 347
590 51 359
589 51 360
596 48 356
591 47 362
590 48 362
584 51 365
588 48 364
586 46 368
583 48 369
589 42 369
583 42 375
573 47 380
568 46 386
572 41 387
573 40 387
571 38 391
576 35 389
575 33 392
572 38 390
577 38 385
580 40 380
583 40 377
582 42 376
588 35 377
590 27 383
597 27 376
605 23 372
600 31 369
604 31 365
607 29 364
609 28 363
610 33 357
612 30 358
617 26 357
623 24 353
628 28 344
630 27 343
633 26 341
634 24 342
634 25 341
643 23 334
642 20 338
647 19 334
649 19 332
648 20 332
647 23 330
646 25 329
650 29 321
650 31 319
648 35 317
649 32 319
648 30 322
652 30 318
657 31 312
660 27 313
662 24 314
662 26 312
665 21 314
673 20 307
682 17 301
684 17 299
684 18 298
679 21 300
677 20 303
678 21 301
682 17 301
688 15 297
693 13 294
697 16 287
701 16 283
706 16 278
707 17 276
709 16 275
707 20 273
705 28 267
705 32 263
706 36 258
701 39 260
696 39 265
689 39 272
685 42 273
683 38 279
683 38 279
686 38 276
685 39 276
679 37 284
677 42 281
675 44 281
675 46 279
671 39 290
665 42 293
663 36 301
660 36 304
661 35 304
660 36 304
662 40 298
663 41 296
667 36 297
670 36 294
675 31 294
681 27 292
681 24 295
682 20 298
683 21 296
682 23 295
688 22 290
691 23 286
691 26 283
692 25 283
692 33 275
676 47 277
666 52 282
654 62 284
650 59 291
645 57 298
646 61 293
636 64 300
635 58 307
633 55 312
630 54 316
634 51 315
627 53 320
628 48 324
637 41 322
642 43 315
645 45 310
645 49 306
649 48 303
646 48 306
643 42 315
644 41 315
644 37 319
647 34 319
650 34 316
657 30 313
659 28 313
658 29 313
658 28 314
655 26 319
654 25 321
661 24 315
664 24 312
665 23 312
671 20 309
675 20 305
678 17 305
683 16 301
689 15 296
685 14 301
690 9 301
694 7 299
698 6 296
703 6 291
709 5 286
709 8 283
710 9 281
713 11 276
715 10 275
719 10 271
722 10 268
726 10 264
726 12 262
727 14 259
727 15 258
729 14 257
734 18 248
734 16 250
738 16 246
744 12 244
751 10 239
752 10 238
754 10 236
754 11 235
754 11 235
759 11 230
765 9 226
763 12 225
765 12 223
765 12 223
767 12 221
771 10 219
774 8 218
780 7 213
784 6 210
787 5 208
791 6 203
791 6 203
789 7 204
791 9 200
789 10 201
791 9 200
786 10 204
787 13 200
789 9 202
781 19 200
778 17 205
774 20 206
772 22 206
770 24 206
770 23 207
766 27 207
760 30 210
757 34 209
756 34 210
752 32 216
748 36 216
740 36 224
734 39 227
730 38 232
730 37 233
729 36 235
727 36 237
718 40 242
716 39 245
712 37 251
715 30 255
715 32 253
717 29 254
718 29 253
723 21 256
725 20 255
723 19 258
724 15 261
730 14 256
731 18 251
730 19 251
732 19 249
734 16 250
737 16 247
734 18 248
733 22 245
733 22 245
734 23 243
739 22 239
745 19 236
745 19 236
749 19 232
748 24 228
751 20 229
749 20 231
749 19 232
751 21 228
753 20 227
750 22 228
754 22 224
752 23 225
751 22 227
754 19 227
753 21 226
750 21 229
749 22 229
749 22 229
754 24 222
753 27 220
752 26 222
751 23 226
753 19 228
754 15 231
755 15 230
755 16 229
758 16 226
761 13 226
764 14 222
766 11 223
766 12 222
773 14 213
771 16 213
763 25 212
761 29 210
755 34 211
750 37 213
747 39 214
738 47 215
730 51 219
717 51 232
714 48 238
711 48 241
704 45 251
696 46 258
688 47 265
682 52 266
674 55 271
672 55 273
676 49 275
670 49 281
669 46 285
664 51 285
667 49 284
667 46 287
664 43 293
664 38 298
668 34 298
670 32 298
669 30 301
672 27 301
665 36 299
663 38 299
660 40 300
663 34 303
662 31 307
665 27 308
672 25 303
674 26 300
679 26 295
684 26 290
696 26 278
695 24 281
694 25 281
692 29 279
700 21 279
703 20 277
704 14 282
708 12 280
715 12 273
720 12 268
726 13 261
727 15 258
729 17 254
729 20 251
733 21 246
733 23 244
730 25 245
730 25 245
727 28 245
732 25 243
732 20 248
728 22 250
725 31 244
720 33 247
714 34 252
708 37 255
707 39 254
701 39 260
703 37 260
699 38 263
695 40 265
696 38 266
696 39 265
691 40 269
679 44 277
683 42 275
684 42 274
686 41 273
681 46 273
683 47 270
680 40 280
682 38 280
680 33 287
679 32 289
680 31 289
679 31 290
678 31 291
682 29 289
681 31 288
677 36 287
671 39 290
668 39 293
662 38 300
664 36 300
665 31 304
674 29 297
674 26 300
672 28 300
674 25 301
677 26 297
674 24 302
677 23 300
676 25 299
678 25 297
680 26 294
675 30 295
677 33 290
680 37 283
685 35 280
690 33 277
685 35 280
690 32 278
693 28 279
692 22 286
697 22 281
700 16 284
700 15 285
700 17 283
701 18 281
703 20 277
706 17 277
711 15 274
711 19 270
718 18 264
719 21 260
719 21 260
727 20 253
733 18 249
735 19 246
734 21 245
739 17 244
743 19 238
742 23 235
740 26 234
737 29 234
737 25 238
733 26 241
734 24 242
737 21 242
735 23 242
739 22 239
741 24 235
735 26 239
737 19 244
737 20 243
737 19 244
737 20 243
737 21 242
746 19 235
746 19 235
751 18 231
752 19 229
750 23 227
750 21 229
748 23 229
748 24 228
750 23 227
746 27 227
745 30 225
744 33 223
742 33 225
739 37 224
740 34 226
740 33 227
733 36 231
732 37 231
728 37 235
726 37 237
725 42 233
723 36 241
722 33 245
718 32 250
715 34 251
714 30 256
717 33 250
716 37 247
712 37 251
712 36 252
713 28 259
715 23 262
719 24 257
719 24 257
718 28 254
719 31 250
720 33 247
713 38 249
714 29 257
712 32 256
712 36 252
711 32 257
709 33 258
708 32 260
710 33 257
707 38 255
704 41 255
696 46 258
688 51 261
674 62 264
655 72 273
646 73 281
644 74 282
641 67 292
648 61 291
643 61 296
636 61 303
634 58 308
624 65 311
624 63 313
626 60 314
620 57 323
630 51 319
631 56 313
626 54 320
623 50 327
618 59 323
613 58 329
613 56 331
617 50 333
619 45 336
624 40 336
626 39 335
634 36 330
640 35 325
645 33 322
645 32 323
649 22 329
651 15 334
652 15 333
656 16 328
657 17 326
657 21 322
655 25 320
654 27 319
658 28 314
663 28 309
664 26 310
672 22 306
673 24 303
675 19 306
674 22 304
678 18 304
685 16 299
692 14 294
695 16 289
698 17 285
703 17 280
706 18 276
709 18 273
715 13 272
718 16 266
714 19 267
716 23 261
718 24 258
718 21 261
717 22 261
716 21 263
714 19 267
712 20 268
715 20 265
710 24 266
713 22 265
714 27 259
708 31 261
713 32 255
709 33 258
708 31 261
705 35 260
700 42 258
693 44 263
688 44 268
682 43 275
677 43 280
674 49 277
669 49 282
671 45 284
674 39 287
670 39 291
669 38 293
671 36 293
669 39 292
664 43 293
661 38 301
661 38 301
662 36 302
665 37 298
664 38 298
660 42 298
653 47 300
639 54 307
639 43 318
637 40 323
638 39 323
637 40 323
643 35 322
645 27 328
645 22 333
649 19 332
656 20 324
660 16 324
663 17 320
662 14 324
666 15 319
671 12 317
673 7 320
677 9 314
681 9 310
684 11 305
688 13 299
686 15 299
686 18 296
689 19 292
691 20 289
689 23 288
692 26 282
688 33 279
686 32 282
689 28 283
692 29 279
691 33 276
694 30 276
696 22 282
703 22 275
707 18 275
710 16 274
716 16 268
717 15 268
720 15 265
724 16 260
730 13 257
732 14 254
733 14 253
730 15 255
730 21 249
726 23 251
719 31 250
722 28 250
721 27 252
719 24 257
719 22 259
717 21 262
717 27 256
724 22 254
724 17 259
715 19 266
714 18 268
713 20 267
715 18 267
717 19 264
714 24 262
713 21 266
716 22 262
709 26 265
708 25 267
706 27 267
703 30 267
700 30 270
704 28 268
706 25 269
707 28 265
708 27 265
705 32 263
707 27 266
712 29 259
705 40 255
704 36 260
697 44 259
694 45 261
695 41 264
696 38 266
699 32 269
702 32 266
697 39 264
690 42 268
686 48 266
691 46 263
689 46 265
686 50 264
679 54 267
669 56 275
670 47 283
667 43 290
665 49 286
662 45 293
661 43 296
663 38 299
666 37 297
668 30 302
670 24 306
673 23 304
674 26 300
676 24 300
678 21 301
676 17 307
676 16 308
679 16 305
682 16 302
685 16 299
683 21 296
685 24 291
685 28 287
677 35 288
676 33 291
672 33 295
669 36 295
673 35 292
668 37 295
668 32 300
668 29 303
667 30 303
664 32 304
669 34 297
663 35 302
664 36 300
655 41 304
656 32 312
658 32 310
655 31 314
653 29 318
653 28 319
660 26 314
664 27 309
666 28 306
665 25 310
667 22 311
669 18 313
672 19 309
673 17 310
670 22 308
669 19 312
672 24 304
676 25 299
675 27 298
672 26 302
677 25 298
676 27 297
676 24 300
677 24 299
681 22 297
685 24 291
685 18 297
687 16 297
688 17 295
690 18 292
695 12 293
699 13 288
703 14 283
698 22 280
699 24 277
692 29 279
696 29 275
696 25 279
696 22 282
701 25 274
699 20 281
697 21 282
695 23 282
700 22 278
699 23 278
699 24 277
699 23 278
699 21 280
700 19 281
699 20 281
699 20 281
700 20 280
700 24 276
706 24 270
705 25 270
707 23 270
710 20 270
709 21 270
713 23 264
718 26 256
717 26 257
713 31 256
709 37 254
706 40 254
697 42 261
693 39 268
689 40 271
679 44 277
680 45 275
674 51 275
678 45 277
670 47 283
672 41 287
675 42 283
676 38 286
677 35 288
674 38 288
675 35 290
674 38 288
672 39 289
671 38 291
668 39 293
671 41 288
676 41 283
678 46 276
679 36 285
681 36 283
684 32 284
690 29 281
691 28 281
696 29 275
696 29 275
697 26 277
698 24 278
698 29 273
695 31 274
699 25 276
693 30 277
688 34 278
685 40 275
678 52 270
670 48 282
666 44 290
660 42 298
652 42 306
651 45 304
642 49 309
635 52 313
631 56 313
625 54 321
619 57 324
620 54 326
616 53 331
613 55 332
607 57 336
606 52 342
602 48 350
597 53 350
596 48 356
604 45 351
600 45 355
599 45 356
601 46 353
602 40 358
601 35 364
602 36 362
608 32 360
614 33 353
614 34 352
613 34 353
617 31 352
618 29 353
619 31 350
617 27 356
623 24 353
614 31 355
605 35 360
601 39 360
601 46 353
598 50 352
604 50 346
601 53 346
597 57 346
592 58 350
591 60 349
587 58 355
589 56 355
585 61 354
586 56 358
582 56 362
579 55 366
587 52 361
591 48 361
586 52 362
588 45 367
595 45 360
597 42 361
604 41 355
603 40 357
600 41 359
603 35 362
606 36 358
606 34 360
604 35 361
603 32 365
603 32 365
595 33 372
599 32 369
601 32 367
603 30 367
607 27 366
602 30 368
604 25 371
604 22 374
609 16 375
617 18 365
617 19 364
621 17 362
632 16 352
633 19 348
635 17 348
638 17 345
642 15 343
646 16 338
649 14 337
656 13 331
662 14 324
663 15 322
663 17 320
668 18 314
668 19 313
674 16 310
677 15 308
685 17 298
682 22 296
680 25 295
673 33 294
675 36 289
671 39 290
662 46 292
657 51 292
649 57 294
647 61 292
643 64 293
648 56 296
649 50 301
650 40 310
647 39 314
646 34 320
644 30 326
641 34 325
645 36 319
643 37 320
641 39 320
639 37 324
641 35 324
635 39 326
639 40 321
639 38 323
633 42 325
630 41 329
628 41 331
623 45 332
621 44 335
616 51 333
616 54 330
611 52 337
610 49 341
613 45 342
614 42 344
616 41 343
615 45 340
611 51 338
603 53 344
598 51 351
602 50 348
598 49 353
599 46 355
597 46 357
598 42 360
598 41 361
600 45 355
602 43 355
599 39 362
599 37 364
600 36 364
599 36 365
596 38 366
601 37 362
600 40 360
603 38 359
605 34 361
605 32 363
602 30 368
608 30 362
611 32 357
615 32 353
622 32 346
632 28 340
635 26 339
638 25 337
644 27 329
649 23 328
654 22 324
659 20 321
666 14 320
666 15 319
670 12 318
676 12 312
677 11 312
683 11 306
684 11 305
692 11 297
700 9 291
704 9 287
704 12 284
704 11 285
705 12 283
710 12 278
713 13 274
717 14 269
717 15 268
717 14 269
