1000 0 0
1000 0 0
1000 0 0
1000 0 0
1000 0 0
1000 0 0
999 1 0
998 0 2
998 0 2
998 0 2
998 0 2
998 0 2
997 1 2
996 1 3
996 1 3
995 2 3
994 4 2
990 5 5
984 11 5
977 16 7
967 22 11
948 36 16
924 52 24
909 59 32
897 56 47
883 60 57
870 55 75
860 59 81
846 68 86
828 75 97
813 81 106
796 86 118
780 86 134
761 91 148
739 93 168
716 97 187
709 98 193
697 103 200
685 106 209
672 106 222
665 92 243
658 93 249
645 99 256
639 100 261
627 96 277
609 102 289
603 102 295
599 92 309
590 90 320
585 83 332
590 86 324
591 83 326
590 79 331
582 77 341
575 73 352
575 69 356
572 69 359
572 69 359
572 63 365
573 56 371
564 66 370
570 51 379
571 50 379
576 47 377
580 47 373
578 45 377
584 43 373
588 41 371
583 43 374
585 42 373
586 46 368
589 40 371
588 39 373
589 38 373
593 30 377
596 30 374
600 29 371
596 32 372
594 37 369
596 32 372
605 31 364
599 39 362
600 40 360
600 39 361
604 41 355
604 43 353
611 30 359
622 27 351
633 25 342
638 22 340
643 25 332
647 26 327
648 27 325
653 28 319
653 24 323
653 20 327
656 19 325
652 25 323
655 24 321
650 29 321
650 24 326
647 24 329
649 21 330
646 21 333
649 17 334
648 20 332
645 25 330
648 23 329
652 23 325
648 30 322
651 26 323
653 21 326
652 26 322
646 35 319
647 37 316
647 37 316
642 41 317
643 41 316
640 41 319
636 42 322
631 46 323
627 49 324
632 39 329
633 39 328
634 37 329
629 39 332
628 39 333
631 33 336
630 32 338
630 32 338
628 32 340
627 29 344
630 28 342
634 25 341
640 20 340
646 15 339
646 12 342
649 12 339
653 10 337
659 13 328
662 11 327
668 9 323
672 10 318
677 9 314
678 9 313
684 4 312
690 4 306
692 5 303
699 5 296
701 7 292
705 5 290
712 5 283
716 4 280
722 4 274
723 7 270
723 11 266
728 10 262
734 11 255
739 10 251
739 11 250
750 11 239
753 11 236
754 10 236
756 10 234
758 9 233
756 9 235
760 9 231
765 11 224
768 13 219
772 12 216
776 10 214
778 12 210
781 10 209
781 8 211
780 11 209
784 10 206
789 10 201
790 12 198
789 15 196
790 13 197
795 11 194
796 10 194
800 9 191
804 8 188
801 8 191
801 11 188
806 12 182
808 13 179
804 17 179
801 19 180
800 18 182
798 25 177
794 25 181
793 25 182
788 24 188
782 31 187
781 28 191
780 29 191
776 28 196
773 27 200
772 30 198
778 24 198
773 27 200
766 35 199
763 39 198
758 39 203
752 44 204
751 44 205
746 48 206
742 52 206
732 55 213
727 55 218
724 53 223
717 53 230
705 56 239
699 59 242
692 58 250
687 56 257
685 54 261
678 52 270
672 55 273
671 51 278
668 51 281
663 52 285
658 51 291
650 53 297
652 49 299
644 53 303
644 48 308
641 43 316
638 43 319
642 39 319
641 39 320
638 42 320
634 40 326
631 36 333
631 34 335
629 35 336
631 31 338
632 31 337
631 27 342
633 25 342
641 24 335
638 28 334
637 32 331
636 32 332
638 37 325
639 33 328
643 30 327
642 34 324
639 35 326
639 33 328
640 30 330
647 22 331
648 26 326
659 23 318
663 26 311
661 30 309
666 27 307
670 28 302
667 31 302
668 32 300
668 31 301
671 30 299
673 24 303
672 28 300
675 27 298
675 21 304
679 17 304
679 16 305
688 14 298
697 16 287
699 19 282
703 18 279
706 20 274
708 21 271
710 21 269
711 19 270
713 17 270
716 18 266
716 18 266
714 22 264
716 19 265
720 17 263
722 18 260
721 19 260
725 22 253
724 23 253
722 24 254
719 26 255
722 24 254
723 25 252
724 23 253
724 25 251
725 25 250
724 29 247
720 33 247
722 31 247
725 24 251
723 23 254
724 25 251
722 25 253
722 24 254
718 30 252
715 32 253
711 34 255
708 36 256
703 35 262
703 33 264
701 34 265
698 36 266
693 42 265
685 51 264
684 49 267
682 51 267
682 49 269
683 43 274
681 44 275
681 45 274
681 35 284
682 33 285
683 38 279
685 33 282
685 31 284
683 33 284
683 36 281
680 34 286
680 35 285
677 35 288
678 35 287
680 35 285
676 37 287
676 33 291
678 27 295
678 25 297
680 19 301
679 23 298
683 22 295
685 21 294
682 22 296
682 21 297
684 24 292
684 24 292
690 22 288
690 20 290
692 21 287
693 27 280
692 31 277
687 34 279
678 43 279
672 47 281
671 44 285
667 45 288
665 45 290
661 49 290
653 51 296
645 56 299
640 56 304
640 54 306
632 59 309
631 60 309
626 61 313
617 64 319
610 71 319
601 68 331
597 70 333
591 61 348
591 62 347
593 56 351
594 53 353
598 46 356
603 45 352
602 47 351
603 51 346
605 47 348
610 43 347
616 38 346
615 34 351
616 36 348
615 34 351
620 36 344
619 34 347
616 32 352
617 27 356
621 24 355
625 24 351
628 23 349
631 22 347
630 26 344
631 23 346
630 27 343
633 27 340
635 30 335
639 28 333
633 35 332
628 37 335
627 38 335
627 38 335
621 42 337
620 44 336
617 46 337
616 45 339
620 46 334
618 49 333
618 42 340
625 32 343
624 37 339
623 32 345
625 30 345
628 27 345
629 22 349
635 22 343
645 22 333
644 22 334
649 26 325
650 27 323
646 30 324
645 22 333
646 21 333
649 18 333
649 18 333
652 20 328
659 18 323
662 15 323
666 14 320
666 16 318
674 15 311
676 17 307
686 14 300
690 14 296
695 16 289
697 15 288
696 16 288
698 14 288
698 14 288
705 12 283
711 11 278
714 11 275
715 13 272
714 13 273
721 11 268
723 12 265
723 12 265
724 13 263
730 13 257
731 14 255
729 15 256
736 11 253
741 10 249
745 10 245
738 15 247
740 14 246
737 17 246
737 20 243
735 22 243
726 28 246
718 33 249
716 29 255
716 28 256
715 29 256
709 33 258
708 29 263
709 33 258
710 32 258
710 30 260
705 32 263
702 32 266
704 32 264
702 32 266
703 30 267
706 28 266
703 31 266
699 32 269
698 27 275
702 26 272
705 24 271
705 22 273
699 24 277
699 28 273
695 31 274
689 38 273
684 39 277
687 36 277
688 33 279
683 37 280
682 32 286
685 31 284
684 36 280
686 31 283
682 35 283
677 42 281
673 45 282
674 43 283
673 41 286
665 44 291
668 39 293
668 40 292
668 38 294
664 38 298
664 40 296
654 42 304
649 45 306
651 45 304
655 39 306
654 39 307
651 41 308
646 40 314
647 35 318
651 37 312
647 37 316
642 41 317
642 43 315
642 44 314
632 46 322
636 40 324
637 38 325
638 40 322
641 38 321
642 37 321
643 38 319
644 37 319
648 35 317
643 33 324
647 29 324
643 32 325
644 33 323
645 28 327
650 30 320
654 28 318
653 30 317
652 26 322
656 27 317
655 24 321
658 22 320
659 21 320
667 18 315
668 17 315
673 13 314
675 12 313
682 12 306
687 10 303
693 10 297
698 9 293
698 8 294
704 7 289
708 4 288
713 4 283
716 3 281
722 4 274
726 3 271
730 3 267
733 5 262
732 7 261
734 9 257
732 15 253
737 16 247
735 17 248
737 17 246
738 16 246
740 14 246
739 17 244
741 17 242
746 18 236
745 22 233
748 20 232
748 19 233
750 20 230
750 20 230
755 17 228
754 18 228
759 18 223
762 16 222
764 19 217
764 19 217
762 21 217
760 17 223
764 17 219
764 18 218
766 19 215
763 17 220
764 18 218
762 17 221
764 15 221
763 19 218
767 17 216
764 15 221
761 20 219
750 30 220
745 30 225
735 37 228
728 43 229
728 42 230
729 35 236
728 37 235
724 38 238
709 49 242
705 49 246
696 54 250
690 53 257
683 60 257
672 72 256
667 71 262
656 83 261
641 99 260
629 102 269
618 96 286
611 94 295
604 93 303
593 96 311
587 88 325
580 87 333
576 86 338
569 88 343
568 85 347
562 80 358
558 71 371
554 67 379
558 60 382
561 54 385
563 51 386
563 52 385
562 51 387
563 49 388
566 49 385
573 42 385
568 48 384
568 45 387
573 35 392
575 35 390
580 29 391
581 29 390
578 34 388
583 33 384
584 32 384
588 27 385
592 27 381
595 30 375
595 31 374
596 34 370
597 34 369
597 36 367
600 38 362
607 34 359
608 33 359
614 35 351
614 35 351
621 31 348
618 33 349
617 32 351
618 29 353
625 24 351
628 21 351
629 18 353
633 18 349
639 18 343
645 14 341
646 12 342
652 11 337
661 12 327
667 15 318
667 17 316
669 20 311
669 25 306
673 22 305
676 21 303
678 21 301
672 24 304
669 28 303
668 28 304
665 30 305
667 28 305
669 27 304
666 26 308
668 23 309
668 20 312
667 22 311
669 22 309
669 25 306
670 23 307
671 26 303
674 19 307
677 18 305
677 20 303
681 20 299
681 19 300
684 19 297
683 23 294
683 24 293
684 22 294
680 25 295
687 21 292
691 19 290
698 16 286
699 16 285
702 9 289
708 7 285
712 8 280
712 10 278
714 9 277
721 9 270
722 7 271
725 7 268
729 6 265
731 5 264
734 6 260
742 5 253
743 6 251
746 6 248
754 7 239
756 5 239
754 8 238
757 8 235
761 10 229
763 12 225
761 11 228
763 10 227
766 12 222
767 12 221
765 14 221
764 15 221
765 16 219
763 16 221
765 14 221
767 11 222
772 12 216
777 11 212
779 10 211
778 13 209
780 16 204
780 17 203
783 16 201
781 19 200
779 23 198
776 25 199
772 27 201
763 35 202
757 38 205
757 34 209
750 36 214
748 33 219
745 34 221
743 33 224
744 30 226
743 28 229
745 26 229
739 33 228
732 33 235
729 35 236
722 37 241
715 40 245
709 39 252
703 44 253
694 50 256
691 47 262
680 54 266
676 51 273
663 60 277
656 62 282
650 62 288
645 64 291
642 60 298
632 64 304
624 66 310
618 65 317
615 61 324
601 65 334
601 63 336
605 57 338
606 54 340
609 54 337
609 53 338
613 53 334
624 48 328
625 51 324
619 48 333
618 42 340
612 42 346
606 45 349
609 49 342
612 43 345
613 43 344
614 38 348
617 34 349
622 29 349
617 28 355
622 30 348
622 30 348
629 23 348
638 21 341
642 18 340
643 19 338
642 23 335
642 23 335
645 21 334
647 18 335
653 16 331
658 16 326
660 17 323
665 15 320
671 15 314
676 14 310
683 12 305
685 9 306
685 11 304
688 10 302
689 10 301
689 10 301
691 9 300
695 8 297
695 8 297
700 12 288
701 15 284
700 13 287
706 12 282
706 11 283
713 11 276
713 11 276
714 12 274
717 10 273
721 12 267
721 12 267
725 12 263
726 13 261
727 12 261
732 13 255
735 13 252
736 14 250
733 14 253
736 16 248
736 17 247
736 22 242
738 25 237
735 24 241
734 25 241
739 22 239
739 21 240
743 17 240
745 13 242
744 16 240
746 18 236
746 19 235
747 17 236
750 19 231
751 14 235
750 17 233
748 19 233
745 20 235
746 18 236
748 16 236
747 18 235
745 19 236
746 17 237
755 14 231
758 9 233
759 10 231
765 11 224
763 11 226
765 10 225
766 11 223
768 11 221
769 12 219
777 12 211
778 10 212
780 10 210
782 11 207
780 12 208
781 15 204
777 21 202
772 25 203
771 25 204
771 30 199
766 32 202
764 27 209
762 27 211
761 28 211
759 28 213
757 32 211
752 36 212
756 34 210
756 34 210
753 29 218
751 27 222
747 26 227
746 25 229
741 25 234
740 25 235
737 30 233
733 32 235
731 36 233
734 32 234
727 38 235
727 34 239
718 40 242
716 38 246
703 50 247
700 42 258
695 42 263
690 45 265
679 53 268
674 49 277
666 51 283
664 50 286
667 47 286
658 51 291
655 51 294
652 49 299
651 49 300
642 49 309
639 48 313
636 50 314
628 55 317
626 51 323
625 52 323
624 56 320
617 55 328
613 52 335
615 51 334
619 45 336
616 45 339
611 47 342
614 48 338
617 44 339
609 54 337
612 50 338
611 39 350
615 35 350
616 32 352
622 27 351
624 29 347
624 23 353
630 20 350
631 18 351
634 19 347
638 18 344
638 17 345
642 15 343
651 12 337
656 11 333
660 12 328
663 11 326
666 9 325
670 7 323
676 9 315
683 8 309
684 9 307
684 7 309
688 8 304
690 10 300
697 8 295
702 6 292
707 6 287
708 6 286
710 7 283
719 7 274
723 9 268
731 9 260
732 8 260
734 7 259
737 8 255
739 6 255
741 6 253
747 8 245
746 13 241
742 17 241
745 15 240
747 13 240
749 14 237
750 14 236
750 19 231
753 18 229
755 18 227
753 16 231
758 12 230
759 9 232
765 10 225
771 7 222
778 7 215
781 7 212
787 7 206
791 6 203
797 6 197
799 8 193
799 9 192
799 9 192
797 12 191
798 12 190
799 11 190
802 11 187
801 12 187
806 11 183
806 11 183
804 13 183
807 12 181
806 10 184
802 12 186
804 11 185
804 9 187
809 9 182
810 8 182
816 6 178
818 6 176
