995 5 0
994 5 1
983 16 1
971 25 4
965 31 4
953 39 8
940 49 11
930 52 18
917 58 25
907 61 32
897 60 43
879 70 51
858 80 62
832 98 70
791 121 88
761 131 108
730 142 128
694 152 154
658 168 174
642 158 200
613 171 216
585 181 234
555 179 266
540 166 294
529 163 308
518 152 330
509 135 356
508 117 375
502 110 388
501 98 401
499 95 406
501 91 408
505 85 410
496 76 428
493 75 432
494 71 435
494 72 434
500 62 438
492 68 440
488 75 437
491 67 442
494 63 443
499 58 443
503 56 441
507 55 438
509 52 439
513 47 440
521 39 440
531 39 430
536 36 428
544 31 425
552 25 423
557 19 424
565 18 417
573 17 410
575 20 405
582 17 401
587 18 395
593 17 390
597 20 383
608 17 375
611 17 372
613 20 367
614 19 367
618 21 361
621 22 357
622 25 353
626 24 350
628 27 345
633 24 343
632 29 339
626 30 344
632 29 339
631 31 338
631 30 339
627 28 345
624 29 347
621 32 347
616 36 348
615 37 348
611 33 356
612 33 355
612 34 354
611 33 356
614 37 349
616 38 346
610 45 345
608 47 345
599 53 348
595 52 353
586 53 361
582 56 362
584 61 355
580 63 357
580 59 361
578 53 369
580 54 366
585 48 367
592 43 365
591 38 371
589 39 372
586 42 372
594 35 371
598 27 375
606 25 369
606 24 370
610 24 366
613 22 365
617 18 365
626 16 358
633 12 355
638 13 349
642 14 344
651 15 334
655 15 330
659 13 328
658 12 330
665 14 321
675 10 315
679 9 312
682 10 308
687 10 303
687 10 303
690 7 303
693 5 302
698 5 297
701 3 296
704 2 294
709 1 290
714 0 286
717 1 282
717 3 280
721 3 276
726 4 270
725 6 269
726 8 266
727 10 263
735 8 257
733 10 257
734 10 256
737 9 254
739 9 252
737 11 252
740 12 248
743 14 243
747 11 242
753 9 238
760 6 234
763 6 231
766 4 230
769 5 226
769 6 225
772 7 221
773 7 220
773 5 222
772 6 222
773 7 220
772 8 220
773 10 217
771 13 216
775 13 212
777 11 212
781 12 207
780 16 204
784 17 199
781 22 197
772 30 198
770 30 200
767 32 201
765 34 201
766 30 204
759 33 208
756 32 212
757 30 213
752 32 216
744 35 221
741 33 226
739 31 230
737 33 230
734 32 234
728 32 240
725 35 240
718 36 246
721 30 249
720 36 244
721 34 245
718 36 246
713 42 245
708 40 252
706 43 251
698 52 250
688 58 254
677 60 263
664 68 268
648 74 278
629 90 281
622 89 289
606 95 299
595 96 309
580 101 319
575 95 330
569 90 341
561 95 344
548 92 360
545 86 369
550 81 369
551 76 373
546 74 380
544 72 384
539 72 389
536 70 394
530 67 403
529 68 403
521 74 405
525 71 404
524 66 410
516 69 415
517 62 421
517 55 428
515 51 434
520 44 436
526 46 428
531 40 429
533 41 426
538 39 423
533 36 431
536 32 432
539 29 432
535 38 427
533 39 428
530 36 434
540 35 425
542 32 426
540 25 435
545 25 430
540 30 430
541 33 426
540 40 420
537 45 418
539 41 420
542 38 420
541 45 414
543 43 414
541 33 426
543 35 422
544 35 421
542 36 422
542 35 423
547 34 419
554 33 413
553 35 412
550 31 419
553 29 418
561 30 409
566 30 404
576 28 396
578 28 394
580 32 388
582 34 384
583 36 381
580 30 390
575 33 392
579 34 387
577 39 384
580 40 380
581 39 380
583 41 376
590 33 377
584 33 383
591 31 378
596 30 374
593 32 375
594 33 373
591 36 373
588 35 377
590 33 377
599 31 370
605 28 367
607 25 368
612 24 364
615 24 361
622 21 357
623 20 357
622 23 355
622 22 356
618 28 354
613 32 355
618 29 353
614 30 356
614 27 359
616 30 354
619 28 353
622 27 351
625 26 349
630 22 348
630 22 348
632 23 345
633 24 343
634 19 347
636 21 343
637 23 340
646 20 334
643 25 332
644 26 330
637 30 333
640 27 333
638 34 328
637 36 327
635 36 329
634 40 326
632 45 323
630 48 322
627 47 326
628 47 325
627 45 328
619 53 328
617 48 335
617 44 339
616 41 343
615 40 345
617 39 344
618 38 344
619 36 345
617 34 349
616 34 350
621 33 346
624 31 345
625 29 346
619 33 348
615 37 348
616 33 351
619 36 345
615 43 342
611 40 349
610 43 347
614 38 348
615 42 343
615 43 342
615 39 346
612 41 347
606 43 351
608 37 355
610 38 352
604 46 350
599 44 357
595 46 359
598 46 356
597 39 364
597 38 365
598 35 367
595 38 367
600 35 365
600 35 365
596 43 361
597 43 360
598 40 362
597 42 361
603 38 359
612 29 359
611 31 358
616 25 359
620 20 360
623 24 353
630 22 348
630 23 347
627 24 349
628 21 351
630 23 347
634 20 346
641 19 340
644 20 336
640 25 335
640 27 333
640 28 332
650 28 322
652 27 321
655 24 321
654 27 319
656 26 318
658 26 316
659 29 312
661 27 312
660 27 313
662 27 311
669 22 309
671 24 305
666 31 303
668 31 301
666 33 301
668 34 298
669 35 296
669 36 295
671 34 295
677 35 288
679 33 288
680 28 292
677 32 291
674 28 298
676 31 293
685 29 286
691 31 278
697 31 272
698 28 274
699 28 273
700 29 271
697 31 272
692 27 281
695 27 278
701 27 272
697 29 274
693 31 276
688 34 278
690 28 282
685 27 288
685 26 289
688 28 284
689 29 282
686 32 282
687 33 280
687 33 280
687 30 283
685 29 286
683 22 295
682 24 294
683 21 296
685 18 297
686 14 300
693 13 294
697 12 291
705 13 282
709 12 279
712 12 276
711 12 277
708 15 277
712 14 274
720 10 270
720 13 267
726 14 260
728 11 261
730 12 258
731 13 256
736 11 253
738 13 249
743 13 244
747 12 241
747 13 240
748 13 239
750 11 239
749 13 238
751 15 234
757 14 229
758 13 229
760 15 225
761 16 223
763 16 221
761 17 222
757 23 220
752 28 220
751 29 220
750 31 219
751 35 214
751 34 215
749 33 218
750 30 220
748 28 224
746 29 225
742 33 225
732 36 232
725 41 234
720 44 236
709 56 235
700 61 239
694 62 244
683 68 249
675 65 260
675 56 269
677 52 271
676 52 272
678 46 276
676 45 279
674 44 282
677 36 287
676 39 285
677 31 292
678 33 289
675 39 286
670 44 286
672 35 293
671 37 292
673 34 293
676 30 294
675 24 301
676 24 300
679 15 306
683 15 302
686 15 299
697 11 292
703 9 288
703 10 287
707 9 284
708 9 283
712 9 279
715 9 276
717 7 276
720 5 275
722 5 273
726 5 269
729 4 267
736 4 260
740 6 254
748 7 245
754 6 240
756 5 239
761 5 234
761 6 233
763 5 232
763 4 233
773 4 223
775 5 220
784 5 211
792 5 203
793 4 203
796 5 199
798 9 193
801 8 191
800 8 192
801 9 190
802 11 187
802 13 185
802 12 186
801 12 187
803 14 183
799 22 179
794 22 184
793 18 189
791 20 189
785 24 191
781 27 192
773 38 189
764 47 189
754 49 197
749 49 202
735 54 211
720 68 212
704 75 221
689 79 232
678 77 245
663 81 256
657 73 270
648 74 278
642 77 281
639 73 288
636 77 287
633 68 299
626 66 308
612 69 319
607 64 329
605 62 333
601 58 341
601 57 342
600 56 344
606 57 337
605 50 345
609 43 348
610 47 343
615 39 346
614 41 345
612 42 346
611 46 343
607 50 343
605 51 344
604 49 347
598 49 353
596 46 358
595 45 360
598 47 355
600 43 357
600 46 354
594 49 357
591 49 360
584 53 363
586 45 369
583 47 370
588 40 372
586 40 374
589 38 373
594 33 373
591 29 380
592 29 379
595 25 380
601 25 374
608 24 368
607 25 368
608 26 366
612 23 365
614 20 366
619 21 360
617 23 360
621 23 356
623 23 354
623 23 354
622 27 351
629 22 349
628 22 350
636 21 343
630 29 341
636 29 335
635 30 335
636 32 332
636 32 332
637 33 330
638 34 328
640 37 323
638 39 323
638 40 322
640 40 320
640 44 316
634 44 322
630 47 323
630 48 322
628 50 322
630 46 324
631 43 326
631 44 325
626 51 323
619 55 326
621 50 329
619 45 336
624 41 335
629 37 334
632 36 332
638 29 333
638 27 335
644 27 329
645 28 327
648 23 329
651 20 329
652 20 328
656 23 321
660 22 318
661 22 317
664 19 317
668 16 316
674 14 312
678 13 309
680 12 308
687 12 301
689 14 297
692 12 296
693 12 295
697 12 291
703 12 285
699 22 279
699 24 277
703 23 274
704 26 270
706 25 269
711 20 269
714 19 267
714 18 268
712 16 272
714 17 269
717 16 267
720 17 263
724 18 258
728 19 253
729 19 252
724 25 251
720 28 252
716 29 255
711 34 255
706 33 261
700 37 263
699 40 261
693 42 265
690 40 270
687 47 266
685 43 272
683 47 270
672 55 273
666 51 283
659 47 294
651 54 295
643 60 297
638 58 304
635 56 309
624 60 316
610 65 325
602 70 328
598 73 329
596 72 332
591 70 339
589 65 346
593 57 350
594 55 351
589 57 354
587 52 361
591 50 359
595 48 357
597 46 357
595 39 366
591 38 371
588 44 368
589 43 368
586 48 366
586 45 369
583 46 371
581 44 375
580 43 377
581 40 379
580 37 383
579 38 383
588 34 378
596 32 372
597 32 371
598 32 370
598 31 371
596 33 371
597 36 367
602 38 360
603 42 355
608 41 351
609 35 356
613 34 353
615 31 354
618 29 353
617 24 359
613 28 359
614 31 355
615 31 354
620 25 355
629 25 346
625 25 350
626 22 352
627 21 352
632 25 343
634 20 346
640 21 339
643 21 336
646 22 332
655 21 324
654 25 321
655 25 320
658 27 315
659 26 315
661 21 318
662 27 311
662 27 311
655 32 313
650 35 315
645 39 316
640 46 314
639 46 315
635 47 318
632 51 317
628 48 324
622 51 327
617 51 332
613 57 330
615 53 332
618 56 326
617 60 323
621 50 329
627 46 327
626 47 327
625 46 329
627 40 333
625 40 335
627 40 333
633 38 329
631 32 337
634 32 334
633 29 338
629 31 340
624 37 339
622 38 340
624 37 339
624 37 339
629 35 336
630 33 337
629 30 341
631 28 341
634 31 335
634 32 334
626 39 335
628 33 339
635 31 334
632 39 329
627 42 331
621 44 335
621 43 336
615 49 336
617 45 338
619 45 336
619 39 342
623 30 347
626 26 348
624 28 348
624 32 344
623 31 346
620 30 350
621 28 351
622 26 352
620 19 361
620 19 361
624 17 359
623 18 359
625 12 363
627 11 362
628 15 357
632 18 350
632 19 349
631 16 353
631 21 348
633 22 345
636 20 344
641 19 340
651 16 333
654 18 328
661 19 320
667 17 316
671 18 311
673 20 307
672 24 304
674 24 302
670 28 302
674 19 307
677 18 305
681 16 303
684 12 304
688 8 304
692 8 300
698 9 293
702 8 290
710 8 282
714 9 277
714 15 271
718 13 269
718 15 267
720 14 266
724 14 262
727 12 261
730 12 258
728 14 258
734 14 252
732 20 248
730 24 246
730 25 245
736 22 242
739 22 239
746 23 231
749 23 228
748 26 226
747 24 229
750 18 232
748 20 232
748 21 231
748 21 231
747 22 231
742 25 233
741 26 233
744 26 230
746 24 230
742 28 230
742 29 229
741 28 231
743 30 227
746 29 225
744 27 229
743 24 233
748 18 234
751 17 232
752 17 231
755 15 230
753 18 229
754 18 228
748 21 231
746 25 229
743 24 233
742 23 235
741 21 238
737 22 241
737 27 236
733 29 238
733 28 239
731 28 241
732 23 245
733 23 244
736 21 243
742 20 238
739 22 239
735 28 237
730 34 236
731 29 240
730 31 239
732 37 231
735 33 232
735 34 231
736 30 234
733 34 233
729 34 237
721 34 245
722 30 248
721 30 249
721 28 251
720 27 253
722 26 252
719 24 257
721 22 257
726 17 257
727 15 258
732 12 256
730 16 254
735 15 250
738 15 247
743 10 247
749 11 240
745 17 238
752 13 235
754 13 233
756 11 233
762 10 228
764 12 224
761 13 226
759 14 227
760 16 224
761 21 218
759 18 223
757 22 221
756 22 222
750 22 228
747 23 230
746 24 230
738 30 232
736 31 233
736 29 235
737 28 235
730 29 241
725 30 245
723 32 245
724 30 246
728 24 248
729 17 254
730 21 249
729 24 247
729 26 245
729 24 247
730 22 248
729 22 249
724 25 251
726 21 253
726 18 256
731 16 253
733 19 248
738 17 245
737 18 245
737 15 248
738 14 248
735 18 247
737 19 244
739 18 243
736 18 246
737 18 245
738 18 244
739 19 242
739 18 243
742 19 239
734 24 242
735 19 246
734 25 241
734 26 240
735 26 239
733 30 237
738 32 230
734 36 230
738 29 233
736 31 233
731 35 234
726 39 235
725 38 237
721 38 241
724 38 238
721 39 240
724 38 238
721 43 236
720 46 234
715 49 236
709 44 247
710 40 250
704 45 251
701 43 256
699 45 256
700 41 259
704 40 256
701 40 259
699 39 262
699 38 263
697 36 267
695 33 272
696 28 276
698 29 273
