995 5 0
995 4 1
994 4 2
993 4 3
992 5 3
990 7 3
986 8 6
987 7 6
987 6 7
984 9 7
983 7 10
983 6 11
983 5 12
982 4 14
979 6 15
976 6 18
974 8 18
974 7 19
971 10 19
969 10 21
960 17 23
951 24 25
935 37 28
923 47 30
904 62 34
886 68 46
854 87 59
828 99 73
793 118 89
774 122 104
758 116 126
741 115 144
717 128 155
700 133 167
677 131 192
648 139 213
636 123 241
621 114 265
615 96 289
606 95 299
595 96 309
591 88 321
584 83 333
582 85 333
573 92 335
567 96 337
554 103 343
550 94 356
555 74 371
555 68 377
554 65 381
545 68 387
542 64 394
538 65 397
540 56 404
538 50 412
541 45 414
538 44 418
542 44 414
548 39 413
552 36 412
562 33 405
567 30 403
567 31 402
570 29 401
573 28 399
579 31 390
587 23 390
589 21 390
601 23 376
605 26 369
607 26 367
605 24 371
607 22 371
611 21 368
611 19 370
609 21 370
612 17 371
616 17 367
625 17 358
629 17 354
633 21 346
634 22 344
637 26 337
637 29 334
639 24 337
640 23 337
639 23 338
637 22 341
641 26 333
643 25 332
643 29 328
640 33 327
642 30 328
643 32 325
643 33 324
648 28 324
648 31 321
648 30 322
646 27 327
641 34 325
644 35 321
650 29 321
652 29 319
657 24 319
661 23 316
667 18 315
663 19 318
663 19 318
661 20 319
662 21 317
667 18 315
671 15 314
674 14 312
682 17 301
679 19 302
682 17 301
683 19 298
682 20 298
682 23 295
680 26 294
686 24 290
686 26 288
688 24 288
692 17 291
696 17 287
699 18 283
698 14 288
700 15 285
705 10 285
703 11 286
703 15 282
711 16 273
712 18 270
715 17 268
712 20 268
710 18 272
711 19 270
706 26 268
696 31 273
691 35 274
689 37 274
695 35 270
692 35 273
691 35 274
685 35 280
681 39 280
686 43 271
686 42 272
682 41 277
686 40 274
682 41 277
676 39 285
675 39 286
673 39 288
672 37 291
673 36 291
676 38 286
675 39 286
679 34 287
681 34 285
682 31 287
684 27 289
690 24 286
691 21 288
698 20 282
699 17 284
701 17 282
707 15 278
707 15 278
714 18 268
715 20 265
715 22 263
713 21 266
712 18 270
713 15 272
717 16 267
721 17 262
725 16 259
720 21 259
722 18 260
721 19 260
722 20 258
723 19 258
723 18 259
727 17 256
730 17 253
728 21 251
725 21 254
723 26 251
723 25 252
720 24 256
720 27 253
721 23 256
723 20 257
727 19 254
724 23 253
725 23 252
720 26 254
720 27 253
716 35 249
709 43 248
704 43 253
702 46 252
694 49 257
686 59 255
678 57 265
674 63 263
665 73 262
658 72 270
652 75 273
641 73 286
641 71 288
635 68 297
632 66 302
628 68 304
619 65 316
616 62 322
612 63 325
617 56 327
617 52 331
616 53 331
626 49 325
623 41 336
620 41 339
617 45 338
617 42 341
611 43 346
614 39 347
606 47 347
600 44 356
595 50 355
595 51 354
586 53 361
586 44 370
586 45 369
585 48 367
586 47 367
583 51 366
581 50 369
572 48 380
577 41 382
585 37 378
586 39 375
583 40 377
578 41 381
577 43 380
588 40 372
587 45 368
594 42 364
595 45 360
593 47 360
588 49 363
590 46 364
592 46 362
597 42 361
595 42 363
594 43 363
594 42 364
590 46 364
590 46 364
589 50 361
582 53 365
576 57 367
581 45 374
580 46 374
588 42 370
585 44 371
584 48 368
581 46 373
579 45 376
582 40 378
582 32 386
581 37 382
574 41 385
579 40 381
577 38 385
581 41 378
577 42 381
573 44 383
568 52 380
561 50 389
555 49 396
553 51 396
554 42 404
554 45 401
557 46 397
554 48 398
553 45 402
550 45 405
548 43 409
550 42 408
553 41 406
553 49 398
554 51 395
554 50 396
561 49 390
558 43 399
556 34 410
554 40 406
559 37 404
560 37 403
563 33 404
568 30 402
569 35 396
569 36 395
574 36 390
570 42 388
573 37 390
581 35 384
583 29 388
587 23 390
589 22 389
592 19 389
597 17 386
599 21 380
605 18 377
610 18 372
613 20 367
620 18 362
622 20 358
627 18 355
625 25 350
626 20 354
632 21 347
635 18 347
634 22 344
631 27 342
635 29 336
635 30 335
630 36 334
629 37 334
629 35 336
628 37 335
629 31 340
629 29 342
628 29 343
625 30 345
627 28 345
624 31 345
627 27 346
628 31 341
628 28 344
628 21 351
631 20 349
639 15 346
641 15 344
641 16 343
641 18 341
645 13 342
641 19 340
644 19 337
643 20 337
647 20 333
647 24 329
649 20 331
649 23 328
650 21 329
649 22 329
654 17 329
656 14 330
660 18 322
663 12 325
670 8 322
674 13 313
678 12 310
681 13 306
677 17 306
678 13 309
688 13 299
689 14 297
693 15 292
694 15 291
696 15 289
698 12 290
705 14 281
705 14 281
706 13 281
715 11 274
713 13 274
710 17 273
716 14 270
719 14 267
718 16 266
716 17 267
724 15 261
726 16 258
727 13 260
728 13 259
730 15 255
732 15 253
727 20 253
722 24 254
722 29 249
714 32 254
703 44 253
702 44 254
701 44 255
700 47 253
695 52 253
690 52 258
683 56 261
679 58 263
674 55 271
665 61 274
662 58 280
652 61 287
651 63 286
652 60 288
656 53 291
657 51 292
651 48 301
653 43 304
648 41 311
646 37 317
649 29 322
646 32 322
647 33 320
642 34 324
638 39 323
641 38 321
637 39 324
637 40 323
643 38 319
641 39 320
642 38 320
637 38 325
634 39 327
633 43 324
629 43 328
628 44 328
626 47 327
631 44 325
624 43 333
620 44 336
620 45 335
613 53 334
611 47 342
610 50 340
607 50 343
602 49 349
606 43 351
608 37 355
614 33 353
618 29 353
616 29 355
613 33 354
610 36 354
605 36 359
605 30 365
599 32 369
602 30 368
604 28 368
611 26 363
613 28 359
615 25 360
623 20 357
624 18 358
631 17 352
636 13 351
639 10 351
643 9 348
647 9 344
650 10 340
656 12 332
663 11 326
662 13 325
668 13 319
669 17 314
671 18 311
678 19 303
679 18 303
685 17 298
689 17 294
693 12 295
702 11 287
698 16 286
702 15 283
706 19 275
711 19 270
712 18 270
716 17 267
713 19 268
714 21 265
711 24 265
710 24 266
709 23 268
705 28 267
707 26 267
705 30 265
708 32 260
711 27 262
709 28 263
706 30 264
697 40 263
688 47 265
672 63 265
658 71 271
651 73 276
646 65 289
638 63 299
633 60 307
638 51 311
629 57 314
628 52 320
625 51 324
627 42 331
628 43 329
629 48 323
628 46 326
621 53 326
620 52 328
618 50 332
622 48 330
619 46 335
616 47 337
622 44 334
618 48 334
622 43 335
622 41 337
621 40 339
624 35 341
620 34 346
620 40 340
621 35 344
619 38 343
620 35 345
616 38 346
619 34 347
625 33 342
625 34 341
629 31 340
631 32 337
629 32 339
626 34 340
619 36 345
621 37 342
623 35 342
625 34 341
626 38 336
621 43 336
621 43 336
616 41 343
619 39 342
625 35 340
628 35 337
626 40 334
616 46 338
617 41 342
619 40 341
621 36 343
625 34 341
633 29 338
644 24 332
651 20 329
649 21 330
652 20 328
658 20 322
662 23 315
662 20 318
666 19 315
664 22 314
665 21 314
670 20 310
667 28 305
673 19 308
680 20 300
683 19 298
683 20 297
678 27 295
672 32 296
672 38 290
668 39 293
668 33 299
666 36 298
660 37 303
666 30 304
672 27 301
673 25 302
676 22 302
673 22 305
674 22 304
677 19 304
678 20 302
678 19 303
677 18 305
674 25 301
681 25 294
674 34 292
667 39 294
667 35 298
666 34 300
667 37 296
667 34 299
671 33 296
666 38 296
666 36 298
665 37 298
659 38 303
654 42 304
646 46 308
647 42 311
652 39 309
654 38 308
650 38 312
644 44 312
638 53 309
629 62 309
623 66 311
617 66 317
604 69 327
596 70 334
594 74 332
591 67 342
579 71 350
572 72 356
564 73 363
565 69 366
564 65 371
569 56 375
571 54 375
567 47 386
574 42 384
572 43 385
575 41 384
581 38 381
583 37 380
575 44 381
576 42 382
573 45 382
579 39 382
587 39 374
585 41 374
588 32 380
591 28 381
595 25 380
600 24 376
605 23 372
609 22 369
614 22 364
620 21 359
624 21 355
626 25 349
626 27 347
631 21 348
629 27 344
630 23 347
629 24 347
629 21 350
638 20 342
639 19 342
643 19 338
640 25 335
643 25 332
641 28 331
641 34 325
644 33 323
641 36 323
640 36 324
641 31 328
645 28 327
650 30 320
654 30 316
654 31 315
658 32 310
659 33 308
661 33 306
658 34 308
660 31 309
660 30 310
659 28 313
657 28 315
657 28 315
662 25 313
667 26 307
665 28 307
666 29 305
665 26 309
666 27 307
674 25 301
678 25 297
684 24 292
687 20 293
692 18 290
694 18 288
697 16 287
695 18 287
697 23 280
706 20 274
709 21 270
707 22 271
708 22 270
708 23 269
703 22 275
709 19 272
707 24 269
715 19 266
718 15 267
718 17 265
721 19 260
725 16 259
726 15 259
725 18 257
725 16 259
724 16 260
724 17 259
727 15 258
732 15 253
736 11 253
739 10 251
740 8 252
743 6 251
744 6 250
747 5 248
754 4 242
758 3 239
761 5 234
773 6 221
779 6 215
785 8 207
785 7 208
784 10 206
780 15 205
783 12 205
787 11 202
792 9 199
796 8 196
799 10 191
804 8 188
802 10 188
801 13 186
802 13 185
807 9 184
809 9 182
812 8 180
815 8 177
818 11 171
822 11 167
823 13 164
814 25 161
813 27 160
809 27 164
810 24 166
803 29 168
802 31 167
798 31 171
793 31 176
792 33 175
789 33 178
779 43 178
769 46 185
750 64 186
734 69 197
714 86 200
697 87 216
679 91 230
671 90 239
659 91 250
649 92 259
650 83 267
635 92 273
630 88 282
621 88 291
618 86 296
616 87 297
609 85 306
607 85 308
600 83 317
593 82 325
582 81 337
579 78 343
574 72 354
575 68 357
569 71 360
568 68 364
567 66 367
567 61 372
572 59 369
574 60 366
571 58 371
569 59 372
569 59 372
567 61 372
568 58 374
558 63 379
552 71 377
555 62 383
560 53 387
562 47 391
565 43 392
567 42 391
567 40 393
565 35 400
573 31 396
583 27 390
579 30 391
583 27 390
583 33 384
581 32 387
589 29 382
588 29 383
583 32 385
591 31 378
595 30 375
599 31 370
604 29 367
607 26 367
614 25 361
620 21 359
629 23 348
630 22 348
633 21 346
636 18 346
638 17 345
645 16 339
646 15 339
651 17 332
657 14 329
660 12 328
664 10 326
669 10 321
673 10 317
674 12 314
682 13 305
685 15 300
689 14 297
685 16 299
690 17 293
692 22 286
695 20 285
693 24 283
685 32 283
683 35 282
681 31 288
678 36 286
676 34 290
675 33 292
679 30 291
676 28 296
674 30 296
668 38 294
669 34 297
665 33 302
663 32 305
661 30 309
659 35 306
654 44 302
647 47 306
642 50 308
633 53 314
632 57 311
612 68 320
610 64 326
605 68 327
599 70 331
603 63 334
598 64 338
593 65 342
584 72 344
581 69 350
577 67 356
580 60 360
574 59 367
578 53 369
586 45 369
585 44 371
588 42 370
587 41 372
592 35 373
594 29 377
594 28 378
597 30 373
596 30 374
600 32 368
605 30 365
618 25 357
624 25 351
625 21 354
624 20 356
624 19 357
628 16 356
629 22 349
630 30 340
632 32 336
634 29 337
632 38 330
629 40 331
626 39 335
626 32 342
631 29 340
635 27 338
639 22 339
648 18 334
652 17 331
653 16 331
661 13 326
669 13 318
669 13 318
673 16 311
677 14 309
681 14 305
690 14 296
695 11 294
694 12 294
704 12 284
704 11 285
710 9 281
710 12 278
712 10 278
717 7 276
717 10 273
720 10 270
722 7 271
724 7 269
724 8 268
727 13 260
729 14 257
730 16 254
729 17 254
731 13 256
728 16 256
732 13 255
731 13 256
743 11 246
747 11 242
747 10 243
752 8 240
752 10 238
754 15 231
756 17 227
755 20 225
756 20 224
759 18 223
758 16 226
756 17 227
758 16 226
756 16 228
757 15 228
763 17 220
766 19 215
762 22 216
763 25 212
758 31 211
760 29 211
762 23 215
765 23 212
767 23 210
769 20 211
772 18 210
778 18 204
777 20 203
779 18 203
780 18 202
782 12 206
789 12 199
795 10 195
800 8 192
800 8 192
799 13 188
796 18 186
800 17 183
799 19 182
789 27 184
772 40 188
760 41 199
750 43 207
737 49 214
722 56 222
707 70 223
693 75 232
670 89 241
651 99 250
627 103 270
606 106 288
599 105 296
589 103 308
586 94 320
579 83 338
577 80 343
571 79 350
566 81 353
566 71 363
566 73 361
565 67 368
565 63 372
549 73 378
546 73 381
536 74 390
537 68 395
536 65 399
539 63 398
530 59 411
530 59 411
531 49 420
532 48 420
538 49 413
539 48 413
541 46 413
540 41 419
544 38 418
547 30 423
