702
514
584
575
811
148
297
799
878
895
604
375
879
979
214
235
610
7
640
331
121
722
626
83
548
883
399
629
552
593
928
210
54
487
942
349
951
803
428
404
103
21
892
906
905
907
231
162
14
310
756
796
974
422
287
187
85
525
862
852
973
199
746
314
60
298
113
712
227
970
209
971
81
269
535
169
88
995
715
668
693
606
868
874
764
413
956
151
11
522
997
108
479
729
270
943
781
134
624
990
933
258
324
855
849
737
238
163
141
809
411
39
634
630
248
47
275
532
603
719
549
114
365
359
19
620
378
931
319
84
301
445
725
267
724
59
663
716
649
91
166
510
202
426
553
491
3
335
28
308
561
292
813
470
352
96
189
442
744
644
827
757
753
948
