369
671
575
805
648
448
809
352
903
993
58
225
38
931
124
3
514
106
702
724
729
285
899
625
726
829
192
97
565
13
4
487
128
560
864
969
278
737
168
620
945
861
991
614
749
310
781
5
784
459
224
398
0
682
858
954
875
854
922
780
329
119
365
409
238
492
40
594
17
268
452
431
670
808
275
851
547
92
450
687
381
66
213
308
589
143
174
152
736
220
254
711
219
955
517
585
735
148
183
18
421
897
881
716
166
867
960
680
545
984
655
255
943
147
961
767
358
444
201
973
664
130
599
53
237
196
185
331
382
479
324
249
387
81
355
151
830
878
938
145
175
761
518
293
628
138
24
700
994
826
35
876
333
375
404
298
489
512
189
747
612
755
795
756
