14
620
764
275
740
855
960
963
97
306
655
966
926
298
526
166
699
586
287
556
987
338
362
694
705
753
101
276
88
697
767
850
418
334
315
653
91
982
858
290
42
781
305
820
536
212
425
356
310
502
703
343
815
242
938
887
69
398
947
328
754
477
654
82
377
22
583
288
185
852
198
642
165
961
773
111
534
383
131
193
480
592
270
133
965
864
258
492
168
40
209
15
469
85
651
622
230
944
494
824
284
863
72
776
917
204
283
853
777
371
793
253
607
640
636
55
63
219
906
279
682
618
757
876
550
789
871
357
189
322
878
869
736
543
339
560
272
986
702
547
539
181
695
872
226
372
819
337
124
813
569
946
268
685
742
984
605
59
785
172
475
598
4
399
