846
207
13
673
565
595
420
738
660
655
759
62
985
404
259
112
400
95
586
140
641
768
318
823
887
443
9
203
717
3
170
611
250
865
897
547
193
862
460
277
989
519
613
399
103
623
637
716
392
71
849
520
257
748
963
89
743
129
647
515
895
33
465
546
189
241
280
275
132
120
284
160
346
491
228
750
66
831
518
786
248
293
14
848
474
892
843
449
651
642
16
7
877
117
30
726
931
339
532
369
812
139
721
541
988
173
234
990
209
122
431
916
707
107
348
997
535
258
233
852
101
437
147
578
224
500
371
783
319
875
81
591
63
774
183
627
155
633
67
17
372
325
937
886
569
49
626
722
893
629
222
361
718
467
902
703
221
469
609
490
680
289
387
471
