1
557
920
223
115
929
101
625
89
279
140
684
18
637
412
657
912
673
335
956
252
28
396
233
17
110
775
937
7
785
647
258
310
296
60
746
261
819
505
507
451
596
352
952
784
189
301
58
523
346
486
820
305
563
360
78
278
574
492
561
478
654
464
745
474
285
741
560
946
638
642
156
136
577
555
230
274
813
702
772
711
22
116
617
368
942
675
518
333
6
57
137
506
220
68
392
700
192
910
299
67
270
121
187
146
163
51
498
76
989
342
265
692
131
181
164
513
980
123
471
511
32
397
722
878
846
95
449
86
135
13
911
111
134
165
740
879
64
521
357
125
243
810
838
769
749
984
771
601
737
965
882
494
82
84
211
604
678
242
971
759
703
799
556
