997 3 0
997 3 0
997 2 1
996 3 1
995 4 1
984 15 1
975 22 3
970 23 7
963 22 15
955 28 17
940 34 26
917 53 30
896 66 38
883 69 48
871 72 57
847 91 62
823 97 80
806 102 92
789 104 107
775 107 118
752 113 135
733 118 149
720 115 165
693 123 184
675 128 197
648 144 208
633 142 225
615 142 243
597 135 268
575 137 288
557 140 303
552 132 316
535 128 337
524 121 355
512 117 371
510 104 386
513 95 392
517 91 392
517 81 402
520 70 410
527 65 408
534 58 408
530 61 409
534 57 409
540 49 411
539 51 410
535 56 409
546 50 404
552 47 401
549 50 401
547 46 407
549 51 400
554 50 396
553 46 401
563 41 396
573 38 389
568 43 389
564 44 392
561 42 397
557 45 398
557 42 401
558 48 394
558 47 395
558 48 394
557 50 393
553 51 396
547 53 400
545 53 402
549 53 398
548 48 404
549 46 405
547 41 412
552 38 410
557 37 406
560 32 408
561 31 408
569 30 401
577 27 396
577 25 398
581 22 397
578 22 400
582 18 400
588 16 396
590 20 390
588 20 392
593 19 388
598 18 384
602 21 377
604 20 376
606 19 375
611 17 372
622 16 362
626 14 360
631 10 359
634 8 358
642 8 350
647 7 346
658 6 336
665 6 329
669 11 320
670 12 318
673 15 312
672 16 312
668 18 314
670 20 310
671 23 306
675 22 303
679 24 297
681 27 292
679 26 295
676 29 295
678 30 292
673 34 293
673 31 296
668 34 298
668 33 299
671 33 296
671 32 297
670 33 297
670 34 296
672 28 300
673 28 299
670 32 298
676 29 295
679 23 298
683 17 300
685 17 298
685 18 297
686 16 298
686 15 299
690 12 298
693 11 296
696 11 293
694 13 293
701 12 287
705 14 281
707 15 278
714 16 270
719 16 265
722 13 265
724 17 259
728 18 254
725 20 255
727 23 250
719 34 247
720 35 245
710 42 248
708 46 246
704 46 250
695 49 256
691 46 263
689 48 263
684 48 268
682 45 273
683 39 278
682 38 280
683 35 282
682 36 282
680 32 288
682 26 292
687 26 287
684 26 290
689 23 288
688 22 290
685 28 287
693 21 286
693 22 285
690 24 286
694 26 280
700 23 277
701 21 278
702 22 276
703 21 276
708 19 273
715 18 267
711 17 272
716 17 267
716 16 268
718 16 266
723 16 261
722 17 261
725 13 262
723 18 259
724 21 255
728 18 254
727 21 252
726 22 252
725 28 247
720 33 247
711 35 254
713 37 250
713 34 253
710 40 250
707 43 250
708 39 253
706 37 257
701 39 260
703 38 259
704 32 264
700 37 263
698 39 263
696 40 264
690 50 260
680 57 263
666 64 270
663 67 270
647 79 274
643 75 282
634 79 287
627 84 289
624 83 293
620 79 301
605 79 316
597 76 327
597 71 332
594 70 336
597 71 332
592 72 336
589 75 336
586 75 339
582 70 348
577 72 351
573 70 357
574 66 360
565 68 367
563 72 365
562 61 377
559 52 389
554 49 397
555 43 402
555 41 404
561 33 406
565 29 406
568 25 407
573 26 401
581 24 395
584 26 390
585 28 387
592 28 380
590 32 378
593 31 376
596 29 375
602 30 368
603 27 370
611 27 362
613 27 360
623 25 352
625 24 351
619 29 352
621 28 351
625 28 347
626 27 347
634 23 343
641 19 340
640 20 340
641 24 335
642 27 331
645 25 330
645 28 327
641 34 325
642 38 320
651 35 314
645 37 318
637 40 323
639 34 327
636 34 330
634 40 326
627 47 326
624 44 332
612 51 337
612 52 336
614 55 331
615 50 335
620 45 335
618 49 333
609 54 337
605 56 339
609 53 338
604 53 343
604 50 346
600 49 351
602 48 350
606 48 346
607 51 342
611 50 339
606 51 343
612 41 347
616 41 343
616 42 342
615 40 345
619 33 348
619 35 346
616 35 349
615 37 348
619 29 352
620 23 357
620 25 355
620 26 354
621 29 350
627 24 349
630 20 350
635 17 348
632 21 347
633 16 351
637 17 346
645 15 340
646 14 340
651 14 335
657 12 331
666 9 325
666 12 322
670 12 318
676 13 311
680 11 309
687 12 301
686 15 299
690 17 293
693 14 293
700 15 285
703 15 282
708 14 278
710 10 280
714 12 274
718 10 272
721 9 270
722 9 269
723 10 267
719 15 266
718 16 266
720 16 264
723 16 261
722 12 266
728 11 261
730 13 257
728 17 255
727 18 255
726 23 251
726 22 252
731 20 249
727 21 252
726 21 253
724 29 247
712 37 251
699 47 254
691 59 250
680 59 261
668 67 265
659 69 272
661 59 280
651 60 289
642 62 296
642 58 300
644 55 301
645 55 300
646 52 302
643 53 304
645 50 305
636 57 307
637 56 307
633 54 313
635 52 313
632 51 317
625 56 319
624 54 322
623 47 330
619 44 337
619 46 335
619 41 340
627 37 336
628 36 336
625 36 339
625 34 341
625 33 342
633 28 339
631 29 340
631 27 342
634 26 340
635 26 339
640 26 334
636 27 337
636 25 339
640 22 338
642 21 337
645 21 334
643 22 335
645 23 332
649 20 331
656 19 325
665 18 317
668 18 314
670 20 310
676 20 304
676 21 303
680 22 298
680 17 303
686 18 296
687 21 292
687 21 292
687 20 293
688 22 290
689 22 289
689 23 288
685 22 293
689 22 289
691 22 287
691 24 285
688 22 290
687 25 288
684 29 287
692 22 286
691 26 283
692 24 284
695 25 280
692 26 282
695 27 278
701 23 276
697 24 279
697 24 279
697 24 279
700 23 277
705 26 269
706 25 269
706 26 268
706 24 270
704 29 267
701 30 269
701 30 269
697 30 273
699 24 277
698 27 275
698 25 277
698 24 278
699 21 280
704 16 280
703 15 282
709 14 277
714 14 272
716 14 270
717 12 271
717 12 271
720 11 269
722 11 267
727 11 262
725 12 263
723 14 263
714 22 264
713 24 263
708 25 267
704 27 269
701 33 266
698 35 267
698 30 272
701 25 274
699 27 274
692 34 274
689 41 270
686 44 270
683 50 267
675 51 274
669 51 280
665 53 282
666 45 289
667 41 292
665 39 296
663 44 293
660 40 300
657 41 302
655 44 301
647 53 300
637 60 303
628 63 309
620 63 317
616 66 318
608 66 326
603 61 336
601 59 340
600 62 338
599 57 344
596 62 342
595 60 345
593 57 350
594 55 351
592 54 354
592 53 355
590 50 360
586 58 356
588 55 357
585 56 359
579 60 361
575 63 362
570 66 364
564 67 369
557 72 371
555 67 378
557 61 382
559 57 384
554 57 389
561 49 390
569 44 387
573 37 390
578 32 390
585 28 387
590 27 383
588 29 383
593 26 381
597 24 379
603 21 376
609 19 372
614 19 367
622 16 362
625 17 358
622 21 357
624 17 359
620 23 357
622 23 355
619 25 356
623 25 352
618 28 354
621 25 354
635 22 343
637 20 343
638 21 341
637 22 341
640 20 340
641 21 338
645 19 336
649 18 333
645 23 332
650 26 324
643 32 325
636 42 322
632 49 319
627 52 321
628 46 326
627 43 330
620 43 337
617 44 339
607 47 346
605 50 345
603 49 348
606 47 347
606 47 347
607 44 349
607 49 344
600 47 353
602 46 352
602 42 356
604 39 357
607 32 361
609 26 365
616 23 361
621 19 360
627 20 353
632 18 350
637 14 349
640 12 348
641 8 351
649 6 345
658 6 336
664 5 331
671 3 326
672 6 322
676 7 317
680 4 316
687 5 308
697 4 299
701 4 295
708 3 289
713 3 284
716 1 283
719 1 280
714 6 280
717 6 277
721 4 275
725 4 271
727 3 270
733 3 264
735 3 262
739 2 259
744 2 254
746 2 252
748 2 250
751 2 247
755 2 243
758 2 240
765 2 233
767 2 231
770 3 227
775 3 222
778 3 219
782 4 214
783 11 206
778 15 207
778 16 206
779 16 205
782 14 204
782 14 204
782 15 203
784 17 199
780 16 204
782 16 202
786 17 197
789 15 196
787 17 196
790 17 193
790 17 193
791 15 194
790 17 193
790 15 195
792 12 196
796 8 196
795 10 195
793 13 194
787 18 195
776 26 198
781 28 191
773 34 193
767 37 196
758 40 202
749 42 209
745 43 212
739 49 212
736 44 220
731 47 222
721 50 229
713 52 235
707 58 235
699 61 240
693 58 249
688 55 257
682 55 263
674 57 269
668 53 279
663 55 282
661 55 284
659 57 284
658 49 293
656 46 298
651 53 296
653 42 305
649 39 312
649 33 318
654 29 317
662 26 312
660 27 313
657 29 314
658 31 311
662 31 307
665 30 305
670 28 302
668 29 303
670 26 304
667 32 301
663 32 305
658 36 306
652 38 310
648 41 311
643 42 315
644 39 317
640 46 314
636 47 317
626 55 319
621 51 328
622 45 333
618 45 337
626 44 330
629 38 333
633 33 334
638 33 329
639 29 332
640 27 333
641 28 331
645 21 334
649 19 332
654 16 330
661 15 324
667 13 320
670 15 315
670 16 314
676 15 309
678 13 309
683 12 305
688 12 300
696 12 292
699 14 287
701 12 287
699 15 286
701 17 282
708 16 276
713 13 274
718 12 270
724 11 265
730 8 262
731 7 262
739 6 255
744 6 250
747 3 250
750 3 247
752 4 244
755 3 242
761 1 238
766 1 233
770 1 229
775 1 224
779 1 220
782 0 218
782 1 217
787 2 211
790 1 209
792 1 207
795 1 204
801 0 199
804 0 196
807 0 193
807 1 192
811 1 188
815 1 184
819 1 180
821 1 178
824 2 174
825 4 171
826 2 172
828 2 170
833 2 165
834 4 162
835 5 160
838 4 158
837 4 159
838 3 159
841 2 157
841 4 155
841 4 155
841 5 154
845 4 151
846 4 150
845 6 149
845 8 147
847 5 148
843 9 148
836 14 150
833 15 152
830 19 151
831 18 151
830 14 156
832 16 152
832 17 151
832 19 149
828 21 151
826 25 149
828 23 149
826 22 152
825 22 153
821 21 158
819 19 162
818 22 160
817 18 165
823 14 163
825 14 161
826 12 162
824 16 160
827 14 159
825 17 158
817 25 158
810 30 160
811 29 160
808 31 161
809 31 160
807 33 160
796 37 167
786 40 174
778 47 175
769 50 181
760 52 188
747 59 194
741 56 203
731 56 213
726 54 220
722 54 224
720 53 227
712 54 234
706 55 239
701 58 241
697 59 244
692 57 251
691 57 252
686 59 255
683 59 258
679 56 265
669 63 268
668 54 278
666 53 281
667 50 283
664 48 288
653 56 291
651 57 292
645 55 300
638 58 304
636 56 308
630 58 312
628 67 305
623 68 309
621 63 316
613 63 324
606 65 329
600 67 333
599 59 342
589 65 346
592 58 350
591 56 353
590 50 360
589 46 365
589 49 362
589 49 362
586 50 364
586 46 368
592 41 367
591 42 367
590 45 365
591 42 367
592 41 367
594 43 363
598 40 362
601 36 363
602 30 368
605 27 368
608 21 371
615 20 365
621 22 357
626 19 355
639 18 343
644 17 339
647 17 336
651 14 335
655 13 332
660 10 330
663 10 327
666 11 323
674 10 316
676 12 312
680 12 308
682 16 302
681 17 302
687 16 297
690 16 294
692 17 291
690 18 292
688 17 295
692 11 297
693 14 293
698 14 288
696 17 287
698 17 285
701 16 283
702 19 279
702 21 277
701 23 276
703 21 276
705 23 272
705 25 270
706 26 268
700 30 270
701 32 267
699 37 264
699 39 262
699 37 264
698 39 263
695 39 266
691 41 268
685 45 270
691 42 267
690 41 269
692 40 268
692 36 272
689 34 277
681 37 282
677 37 286
679 35 286
669 43 288
670 40 290
666 43 291
666 42 292
664 47 289
664 47 289
669 42 289
667 44 289
664 48 288
661 44 295
655 47 298
655 41 304
659 33 308
658 30 312
659 26 315
655 28 317
652 33 315
644 36 320
631 48 321
627 53 320
620 56 324
605 60 335
604 57 339
602 60 338
600 61 339
596 56 348
594 54 352
598 52 350
600 53 347
598 53 349
594 61 345
587 55 358
581 60 359
578 64 358
576 64 360
569 72 359
565 69 366
556 77 367
552 79 369
551 77 372
543 77 380
540 77 383
538 79 383
530 86 384
528 81 391
527 80 393
530 66 404
527 66 407
526 63 411
519 65 416
526 62 412
529 55 416
531 51 418
533 46 421
535 34 431
540 32 428
545 27 428
548 30 422
555 31 414
556 32 412
556 28 416
560 27 413
561 27 412
571 21 408
576 16 408
578 18 404
585 20 395
589 20 391
595 13 392
600 14 386
610 11 379
620 9 371
624 9 367
622 14 364
630 11 359
634 11 355
640 13 347
640 9 351
644 8 348
646 10 344
653 9 338
659 8 333
663 8 329
667 10 323
672 11 317
677 10 313
674 16 310
677 19 304
673 22 305
674 27 299
673 25 302
676 23 301
674 21 305
675 14 311
677 15 308
681 13 306
687 16 297
689 14 297
694 14 292
698 13 289
696 13 291
696 14 290
701 14 285
706 13 281
708 12 280
713 10 277
716 10 274
727 6 267
734 6 260
737 5 258
744 6 250
747 5 248
749 5 246
753 4 243
755 6 239
757 7 236
760 7 233
762 7 231
760 11 229
762 11 227
757 17 226
750 22 228
749 27 224
747 23 230
