997 3 0
994 6 0
984 14 2
975 22 3
960 35 5
943 49 8
915 75 10
890 90 20
863 105 32
822 123 55
784 144 72
741 169 90
701 188 111
658 207 135
625 208 167
596 201 203
565 199 236
540 195 265
520 192 288
510 177 313
496 162 342
484 154 362
475 144 381
466 132 402
462 119 419
456 112 432
451 106 443
457 95 448
462 85 453
461 75 464
457 67 476
457 65 478
466 55 479
469 47 484
476 44 480
482 39 479
483 38 479
486 40 474
490 39 471
498 33 469
504 30 466
508 27 465
502 35 463
507 34 459
510 35 455
509 40 451
512 33 455
517 27 456
523 24 453
527 22 451
533 21 446
536 16 448
542 17 441
550 15 435
556 13 431
559 15 426
564 15 421
569 16 415
576 14 410
581 14 405
589 12 399
597 8 395
601 10 389
609 8 383
614 8 378
625 7 368
623 12 365
622 15 363
625 19 356
629 21 350
627 23 350
631 21 348
634 18 348
633 19 348
628 22 350
624 27 349
626 32 342
621 38 341
610 48 342
609 46 345
605 47 348
588 61 351
577 61 362
570 62 368
565 65 370
557 66 377
552 63 385
552 63 385
557 51 392
558 42 400
560 36 404
562 36 402
567 36 397
569 36 395
564 37 399
566 37 397
565 38 397
566 37 397
563 38 399
564 38 398
566 38 396
565 41 394
569 38 393
565 40 395
568 39 393
574 37 389
570 34 396
574 38 388
577 35 388
573 38 389
571 38 391
573 37 390
578 37 385
576 38 386
574 43 383
570 48 382
569 47 384
571 34 395
574 33 393
569 35 396
567 29 404
570 27 403
572 26 402
575 26 399
579 21 400
583 20 397
587 19 394
593 13 394
598 14 388
603 13 384
606 12 382
613 9 378
618 6 376
626 6 368
630 5 365
637 7 356
642 8 350
649 7 344
653 7 340
655 8 337
654 10 336
657 11 332
656 13 331
656 17 327
655 18 327
657 20 323
658 22 320
658 18 324
661 20 319
663 21 316
664 18 318
668 16 316
667 17 316
666 16 318
667 16 317
676 18 306
679 15 306
680 17 303
684 14 302
691 11 298
696 10 294
700 8 292
705 8 287
709 9 282
712 8 280
713 7 280
715 5 280
717 8 275
713 12 275
714 15 271
711 19 270
705 21 274
698 28 274
697 32 271
692 33 275
687 35 278
679 35 286
678 34 288
672 35 293
672 28 300
669 25 306
668 23 309
661 31 308
660 36 304
654 38 308
656 32 312
661 35 304
664 30 306
669 28 303
670 27 303
674 24 302
680 19 301
684 20 296
682 23 295
673 31 296
671 39 290
666 46 288
655 51 294
648 51 301
641 52 307
637 54 309
625 61 314
616 67 317
608 64 328
602 60 338
596 56 348
592 52 356
602 38 360
603 37 360
610 35 355
611 35 354
613 34 353
610 36 354
607 37 356
607 38 355
607 34 359
605 37 358
609 29 362
615 30 355
615 32 353
616 31 353
620 28 352
621 26 353
624 22 354
627 22 351
629 23 348
633 22 345
636 21 343
636 22 342
632 22 346
626 28 346
628 28 344
630 25 345
630 28 342
627 28 345
628 29 343
636 29 335
640 26 334
641 26 333
642 22 336
649 23 328
651 26 323
654 25 321
660 22 318
660 23 317
665 19 316
669 20 311
675 22 303
677 22 301
677 26 297
678 25 297
681 25 294
673 33 294
672 34 294
669 35 296
669 38 293
667 40 293
669 37 294
673 42 285
675 35 290
672 34 294
676 35 289
675 31 294
673 32 295
670 31 299
675 32 293
674 34 292
666 37 297
666 37 297
673 32 295
673 35 292
674 33 293
673 36 291
669 36 295
676 32 292
669 38 293
669 34 297
674 33 293
676 33 291
678 31 291
680 31 289
680 29 291
688 27 285
691 22 287
692 18 290
697 16 287
697 17 286
695 22 283
696 19 285
696 21 283
694 22 284
693 18 289
702 17 281
702 17 281
704 15 281
707 16 277
712 13 275
718 12 270
725 11 264
726 11 263
730 6 264
737 5 258
740 5 255
743 4 253
746 6 248
748 4 248
752 4 244
756 4 240
763 2 235
766 2 232
770 2 228
772 1 227
777 1 222
781 1 218
786 1 213
789 1 210
791 1 208
795 1 204
801 1 198
805 1 194
807 0 193
810 3 187
817 3 180
818 6 176
818 6 176
820 6 174
822 5 173
822 5 173
823 5 172
820 11 169
812 15 173
813 15 172
813 16 171
808 20 172
800 26 174
785 36 179
778 38 184
772 42 186
768 48 184
762 48 190
758 46 196
753 42 205
751 45 204
748 42 210
743 42 215
739 44 217
731 49 220
731 53 216
730 48 222
722 50 228
715 53 232
709 53 238
696 59 245
688 67 245
671 79 250
664 81 255
660 76 264
647 85 268
637 90 273
631 90 279
623 95 282
614 95 291
604 99 297
597 91 312
591 88 321
592 88 320
591 73 336
587 68 345
588 65 347
590 62 348
592 61 347
598 51 351
588 58 354
590 54 356
587 53 360
590 47 363
590 47 363
598 44 358
594 47 359
593 48 359
598 47 355
606 45 349
609 39 352
612 36 352
616 31 353
616 32 352
616 32 352
617 32 351
623 32 345
629 30 341
636 27 337
641 23 336
645 20 335
647 17 336
651 17 332
651 18 331
656 14 330
658 13 329
663 13 324
665 14 321
664 19 317
671 20 309
676 18 306
683 15 302
687 17 296
690 13 297
693 11 296
696 14 290
702 12 286
707 12 281
709 13 278
713 12 275
716 10 274
723 10 267
724 10 266
730 10 260
731 11 258
737 13 250
737 14 249
737 15 248
738 15 247
739 17 244
737 18 245
737 18 245
739 17 244
739 17 244
741 15 244
741 19 240
738 24 238
733 29 238
732 36 232
722 40 238
712 44 244
703 56 241
700 51 249
694 51 255
685 54 261
679 60 261
668 67 265
657 77 266
653 80 267
649 79 272
642 79 279
632 79 289
618 87 295
614 78 308
602 81 317
589 93 318
574 101 325
572 95 333
561 90 349
552 88 360
550 81 369
546 81 373
540 84 376
525 91 384
514 95 391
510 82 408
507 72 421
506 66 428
503 62 435
507 57 436
509 50 441
515 46 439
514 45 441
520 43 437
525 44 431
529 39 432
526 42 432
523 48 429
519 42 439
523 39 438
521 43 436
529 39 432
536 39 425
542 37 421
545 38 417
544 38 418
545 39 416
538 41 421
539 37 424
543 32 425
540 32 428
544 33 423
548 31 421
551 29 420
558 24 418
560 22 418
567 22 411
569 22 409
572 22 406
572 21 407
577 20 403
586 20 394
589 17 394
599 12 389
601 11 388
609 9 382
613 9 378
616 10 374
622 10 368
628 9 363
633 9 358
638 7 355
643 9 348
647 7 346
653 6 341
661 6 333
668 7 325
674 6 320
679 8 313
686 8 306
691 9 300
698 10 292
700 10 290
704 10 286
703 10 287
702 14 284
703 15 282
705 13 282
705 14 281
706 18 276
704 16 280
703 20 277
708 16 276
711 12 277
710 14 276
711 14 275
713 12 275
713 14 273
716 16 268
717 14 269
721 17 262
725 18 257
725 18 257
727 18 255
725 15 260
721 19 260
717 21 262
716 19 265
716 16 268
717 13 270
719 14 267
717 20 263
718 27 255
713 25 262
712 26 262
713 25 262
713 25 262
711 24 265
713 23 264
710 27 263
708 28 264
703 33 264
701 34 265
698 42 260
690 44 266
684 44 272
684 42 274
686 40 274
681 45 274
681 39 280
678 38 284
684 37 279
680 39 281
675 44 281
678 39 283
683 38 279
681 40 279
678 41 281
678 41 281
681 38 281
685 39 276
685 37 278
687 36 277
684 38 278
686 33 281
682 32 286
687 31 282
686 28 286
686 30 284
683 30 287
686 31 283
684 32 284
685 33 282
685 30 285
686 30 284
690 27 283
691 29 280
691 27 282
692 30 278
694 28 278
698 22 280
697 22 281
697 21 282
697 21 282
704 20 276
701 22 277
695 27 278
690 32 278
684 36 280
681 35 284
681 35 284
684 37 279
675 43 282
673 44 283
671 45 284
666 43 291
662 42 296
657 47 296
648 52 300
643 57 300
632 63 305
626 66 308
619 65 316
618 54 328
614 57 329
614 58 328
615 53 332
610 54 336
606 51 343
602 59 339
593 65 342
592 57 351
586 57 357
584 58 358
584 55 361
583 54 363
583 52 365
577 53 370
575 46 379
575 45 380
571 46 383
572 41 387
573 38 389
583 35 382
584 37 379
595 37 368
603 31 366
604 31 365
607 28 365
608 28 364
602 30 368
609 25 366
609 25 366
614 21 365
619 23 358
620 24 356
619 23 358
619 24 357
623 24 353
626 22 352
631 19 350
637 17 346
642 15 343
649 13 338
654 16 330
657 17 326
664 19 317
669 17 314
673 19 308
670 25 305
670 27 303
665 32 303
661 29 310
660 30 310
659 32 309
655 38 307
649 42 309
640 47 313
640 49 311
634 48 318
628 50 322
628 49 323
622 47 331
622 41 337
623 41 336
624 38 338
631 34 335
632 37 331
639 33 328
641 34 325
644 34 322
646 33 321
650 29 321
649 25 326
655 23 322
661 23 316
667 24 309
673 23 304
674 22 304
675 24 301
677 21 302
682 20 298
682 19 299
682 20 298
686 15 299
689 13 298
690 8 302
696 8 296
698 7 295
703 8 289
703 10 287
705 9 286
708 10 282
715 14 271
716 15 269
719 17 264
724 16 260
722 17 261
726 18 256
730 18 252
727 19 254
724 21 255
729 20 251
729 20 251
733 20 247
724 24 252
723 19 258
725 16 259
726 16 258
726 15 259
726 17 257
728 19 253
728 21 251
728 18 254
725 20 255
725 19 256
727 20 253
729 21 250
734 18 248
737 13 250
739 19 242
736 21 243
733 27 240
736 30 234
738 29 233
732 33 235
738 32 230
738 27 235
734 28 238
733 30 237
728 34 238
728 35 237
726 33 241
727 31 242
725 31 244
723 33 244
717 34 249
712 36 252
712 36 252
715 31 254
717 29 254
714 33 253
715 33 252
715 35 250
707 40 253
711 36 253
709 29 262
708 29 263
707 27 266
701 27 272
696 31 273
695 26 279
696 24 280
698 23 279
694 25 281
695 25 280
698 23 279
698 25 277
699 26 275
705 23 272
707 22 271
708 24 268
709 22 269
710 21 269
714 17 269
716 16 268
716 14 270
720 8 272
722 9 269
721 10 269
722 12 266
724 12 264
729 12 259
728 13 259
725 13 262
725 14 261
728 15 257
726 17 257
724 22 254
722 22 256
721 28 251
718 31 251
714 28 258
713 30 257
710 31 259
712 30 258
712 31 257
707 35 258
701 36 263
694 41 265
694 40 266
691 44 265
690 44 266
684 41 275
680 41 279
677 40 283
673 38 289
669 44 287
669 41 290
673 46 281
671 42 287
670 33 297
670 35 295
666 34 300
662 33 305
666 32 302
665 28 307
664 29 307
664 27 309
667 25 308
670 27 303
668 27 305
667 31 302
662 34 304
656 39 305
654 36 310
654 31 315
647 35 318
653 39 308
657 36 307
643 48 309
635 52 313
630 52 318
621 58 321
614 54 332
614 51 335
612 51 337
618 48 334
619 45 336
619 40 341
614 44 342
612 47 341
605 50 345
606 42 352
611 34 355
614 35 351
613 36 351
617 31 352
620 28 352
618 30 352
621 27 352
626 25 349
625 22 353
626 26 348
628 27 345
626 31 343
624 34 342
630 30 340
630 31 339
630 29 341
634 31 335
633 28 339
630 32 338
628 30 342
631 27 342
633 28 339
635 30 335
634 31 335
634 27 339
635 30 335
632 36 332
633 32 335
635 28 337
636 26 338
639 28 333
637 27 336
639 29 332
641 24 335
643 20 337
649 18 333
656 21 323
655 26 319
659 23 318
659 25 316
662 27 311
666 26 308
668 27 305
673 21 306
678 17 305
684 16 300
684 20 296
688 15 297
695 16 289
696 17 287
700 14 286
703 14 283
708 13 279
713 14 273
709 19 272
712 15 273
711 15 274
714 13 273
716 13 271
722 12 266
726 12 262
729 10 261
732 14 254
727 18 255
723 27 250
722 24 254
723 23 254
721 27 252
718 32 250
710 39 251
708 46 246
701 53 246
697 53 250
690 60 250
685 56 259
680 55 265
677 56 267
672 56 272
669 57 274
663 63 274
657 63 280
653 65 282
642 71 287
639 73 288
633 69 298
628 70 302
628 70 302
629 68 303
626 70 304
615 73 312
608 71 321
603 79 318
595 75 330
587 72 341
585 70 345
580 71 349
571 74 355
562 76 362
551 82 367
547 81 372
541 87 372
532 87 381
529 77 394
530 76 394
524 79 397
528 66 406
527 60 413
525 55 420
517 59 424
522 53 425
526 51 423
526 47 427
527 42 431
526 47 427
524 44 432
530 43 427
538 36 426
545 34 421
556 29 415
556 30 414
556 33 411
554 33 413
556 31 413
558 32 410
562 31 407
562 32 406
559 38 403
564 31 405
562 36 402
563 36 401
568 33 399
563 37 400
563 44 393
556 46 398
557 46 397
554 53 393
550 54 396
552 50 398
552 48 400
556 49 395
562 50 388
561 49 390
555 46 399
552 48 400
553 43 404
555 42 403
558 39 403
556 41 403
560 38 402
568 38 394
574 33 393
582 29 389
590 26 384
595 23 382
600 17 383
