998 2 0
997 3 0
996 3 1
993 5 2
989 8 3
989 7 4
988 5 7
987 6 7
984 8 8
979 13 8
965 24 11
952 30 18
944 34 22
930 43 27
905 60 35
879 76 45
853 89 58
813 113 74
789 122 89
752 141 107
730 146 124
691 159 150
677 144 179
669 138 193
657 128 215
645 126 229
627 132 241
604 134 262
591 129 280
577 129 294
564 124 312
550 120 330
545 116 339
544 105 351
540 97 363
534 96 370
534 90 376
525 89 386
523 89 388
519 91 390
513 90 397
516 77 407
516 74 410
523 66 411
525 57 418
529 52 419
529 46 425
534 45 421
544 39 417
550 28 422
551 22 427
559 23 418
572 18 410
574 21 405
582 18 400
586 18 396
588 16 396
591 13 396
593 15 392
593 18 389
591 20 389
591 24 385
585 30 385
588 29 383
585 31 384
585 32 383
588 31 381
586 36 378
589 34 377
588 34 378
587 34 379
590 32 378
588 34 378
593 29 378
597 28 375
597 30 373
606 30 364
604 34 362
611 29 360
619 25 356
624 25 351
629 22 349
630 22 348
631 25 344
637 27 336
645 20 335
646 23 331
647 19 334
650 18 332
653 19 328
656 19 325
655 21 324
651 23 326
647 24 329
651 24 325
646 27 327
646 27 327
638 35 327
635 37 328
620 48 332
609 60 331
607 64 329
594 70 336
585 66 349
588 59 353
576 71 353
571 72 357
566 65 369
559 64 377
557 63 380
558 53 389
560 47 393
565 49 386
563 48 389
566 41 393
566 44 390
567 44 389
565 44 391
560 45 395
565 43 392
567 38 395
569 38 393
571 37 392
568 40 392
572 40 388
580 33 387
585 24 391
583 29 388
587 24 389
594 20 386
595 17 388
597 15 388
599 18 383
606 20 374
607 16 377
612 15 373
614 18 368
624 17 359
623 21 356
622 19 359
625 20 355
626 19 355
631 19 350
634 19 347
638 16 346
638 15 347
643 15 342
648 16 336
652 11 337
653 11 336
657 10 333
661 11 328
664 10 326
673 7 320
677 6 317
682 5 313
687 6 307
689 8 303
692 10 298
699 8 293
702 8 290
707 6 287
715 5 280
715 6 279
716 8 276
716 10 274
719 10 271
721 10 269
723 11 266
727 9 264
729 11 260
730 14 256
731 15 254
734 15 251
734 15 251
729 23 248
729 27 244
727 28 245
728 26 246
727 28 245
721 33 246
710 43 247
706 43 251
696 49 255
690 56 254
686 57 257
683 53 264
677 55 268
671 55 274
672 51 277
664 53 283
664 49 287
656 49 295
654 47 299
646 51 303
652 49 299
652 48 300
643 55 302
641 46 313
644 47 309
641 47 312
635 48 317
637 52 311
634 50 316
628 47 325
622 47 331
618 49 333
620 48 332
624 44 332
618 46 336
620 41 339
622 39 339
621 38 341
625 34 341
628 29 343
632 26 342
634 22 344
637 15 348
643 13 344
649 11 340
655 11 334
659 12 329
660 11 329
660 10 330
665 10 325
668 9 323
673 6 321
677 9 314
677 9 314
679 12 309
682 13 305
683 10 307
687 12 301
690 9 301
692 10 298
695 12 293
697 9 294
701 9 290
705 9 286
710 9 281
716 8 276
720 7 273
722 9 269
725 10 265
727 8 265
730 8 262
728 7 265
730 8 262
731 8 261
731 12 257
729 16 255
732 16 252
722 24 254
716 25 259
715 27 258
706 31 263
699 30 271
701 29 270
695 36 269
688 44 268
681 47 272
670 54 276
656 64 280
644 70 286
637 73 290
632 68 300
621 71 308
616 70 314
611 68 321
608 66 326
612 55 333
604 60 336
605 55 340
605 51 344
610 48 342
617 39 344
612 43 345
622 35 343
623 31 346
629 27 344
633 23 344
638 19 343
641 17 342
648 15 337
652 13 335
659 10 331
662 10 328
666 10 324
674 9 317
677 11 312
679 13 308
681 13 306
683 14 303
687 16 297
686 20 294
682 25 293
680 25 295
682 24 294
678 31 291
671 36 293
667 39 294
673 41 286
669 45 286
673 40 287
670 41 289
669 40 291
667 39 294
661 45 294
660 44 296
658 46 296
655 45 300
652 43 305
651 40 309
653 37 310
654 36 310
656 35 309
654 36 310
652 37 311
656 34 310
655 34 311
652 34 314
654 31 315
660 27 313
660 29 311
663 27 310
668 23 309
670 23 307
669 21 310
663 30 307
658 34 308
648 43 309
649 41 310
648 43 309
645 44 311
640 42 318
642 40 318
640 38 322
638 39 323
636 31 333
640 26 334
645 24 331
649 26 325
652 28 320
655 28 317
663 23 314
670 22 308
670 22 308
671 22 307
669 24 307
666 24 310
674 22 304
679 24 297
681 24 295
683 27 290
685 25 290
688 21 291
693 20 287
697 20 283
702 17 281
709 17 274
712 11 277
715 10 275
722 9 269
726 10 264
725 12 263
725 14 261
731 13 256
730 16 254
736 16 248
736 21 243
737 18 245
736 17 247
738 14 248
744 16 240
745 14 241
749 10 241
752 13 235
755 15 230
756 16 228
759 17 224
757 22 221
757 21 222
756 22 222
757 19 224
763 18 219
765 16 219
769 12 219
772 12 216
774 11 215
777 13 210
777 16 207
779 15 206
781 11 208
783 7 210
786 8 206
790 8 202
792 5 203
794 8 198
793 10 197
793 12 195
798 13 189
793 18 189
787 25 188
785 23 192
778 31 191
776 34 190
777 30 193
771 31 198
763 34 203
766 29 205
765 30 205
766 30 204
763 29 208
764 25 211
768 24 208
766 26 208
767 22 211
764 25 211
768 21 211
766 20 214
762 23 215
761 25 214
764 26 210
766 24 210
761 26 213
749 38 213
733 49 218
724 51 225
705 66 229
696 64 240
688 65 247
685 71 244
676 70 254
678 63 259
671 57 272
665 57 278
663 51 286
665 48 287
670 43 287
678 40 282
676 38 286
677 32 291
672 36 292
669 36 295
664 37 299
663 38 299
665 34 301
664 32 304
666 33 301
667 30 303
664 35 301
663 33 304
665 31 304
665 28 307
666 27 307
662 31 307
665 26 309
664 23 313
662 25 313
664 26 310
666 25 309
661 26 313
659 31 310
656 41 303
645 47 308
637 49 314
630 52 318
623 55 322
616 61 323
608 64 328
600 70 330
594 74 332
589 66 345
581 67 352
574 71 355
569 69 362
559 70 371
562 66 372
555 62 383
555 63 382
550 59 391
548 60 392
549 53 398
552 47 401
547 47 406
549 49 402
548 47 405
551 48 401
546 49 405
544 51 405
544 47 409
549 40 411
548 37 415
546 35 419
546 30 424
552 30 418
547 35 418
553 31 416
556 29 415
563 28 409
563 28 409
564 27 409
571 22 407
574 15 411
581 13 406
593 10 397
600 10 390
607 9 384
613 11 376
617 10 373
619 12 369
627 10 363
628 14 358
637 14 349
636 17 347
637 17 346
651 15 334
658 14 328
662 11 327
664 14 322
666 10 324
669 11 320
672 9 319
678 6 316
681 6 313
682 9 309
685 10 305
684 13 303
681 17 302
680 18 302
683 18 299
687 18 295
685 23 292
686 24 290
688 26 286
689 25 286
685 28 287
684 29 287
686 29 285
693 24 283
696 22 282
699 22 279
704 19 277
705 21 274
709 20 271
709 23 268
706 27 267
702 28 270
705 27 268
708 26 266
705 31 264
704 31 265
705 28 267
706 23 271
705 20 275
705 16 279
703 17 280
707 14 279
706 16 278
707 13 280
710 12 278
710 13 277
709 11 280
709 9 282
712 9 279
716 8 276
720 7 273
723 6 271
731 3 266
733 3 264
737 2 261
741 1 258
745 1 254
749 1 250
752 1 247
754 1 245
760 1 239
763 1 236
770 1 229
772 1 227
773 1 226
777 1 222
783 1 216
789 1 210
791 0 209
799 0 201
800 0 200
804 0 196
806 0 194
810 0 190
814 0 186
816 0 184
819 0 181
821 0 179
823 0 177
827 0 173
828 0 172
830 0 170
831 0 169
833 0 167
836 0 164
839 0 161
842 0 158
846 0 154
851 0 149
855 0 145
858 0 142
858 0 142
862 0 138
865 0 135
867 0 133
867 0 133
868 0 132
870 0 130
872 0 128
877 0 123
878 0 122
881 0 119
883 0 117
887 0 113
888 0 112
888 0 112
890 0 110
890 0 110
891 0 109
893 0 107
894 0 106
897 0 103
897 0 103
899 0 101
900 0 100
902 0 98
904 0 96
906 0 94
907 0 93
913 0 87
914 0 86
916 0 84
917 0 83
920 0 80
922 0 78
923 0 77
924 0 76
925 0 75
925 0 75
925 0 75
926 0 74
927 0 73
928 0 72
928 0 72
929 0 71
929 0 71
931 0 69
932 0 68
933 0 67
933 0 67
934 0 66
934 0 66
936 0 64
937 0 63
937 0 63
937 0 63
938 0 62
940 0 60
940 0 60
943 0 57
945 0 55
945 0 55
946 0 54
947 0 53
947 0 53
947 0 53
947 0 53
950 0 50
952 0 48
955 0 45
956 0 44
958 0 42
961 0 39
961 0 39
961 0 39
962 0 38
963 0 37
963 0 37
964 0 36
964 0 36
965 0 35
966 0 34
968 0 32
968 0 32
969 0 31
970 0 30
970 0 30
970 0 30
971 0 29
971 0 29
972 0 28
972 0 28
972 0 28
973 0 27
973 0 27
973 0 27
973 0 27
973 0 27
973 0 27
975 0 25
975 0 25
975 0 25
975 0 25
975 0 25
976 0 24
976 0 24
977 0 23
977 0 23
977 0 23
977 0 23
978 0 22
979 0 21
979 0 21
979 0 21
979 0 21
979 0 21
980 0 20
981 0 19
981 0 19
981 0 19
981 0 19
982 0 18
983 0 17
984 0 16
984 0 16
984 0 16
984 0 16
984 0 16
985 0 15
985 0 15
985 0 15
985 0 15
985 0 15
985 0 15
986 0 14
986 0 14
986 0 14
986 0 14
986 0 14
986 0 14
987 0 13
987 0 13
987 0 13
987 0 13
987 0 13
988 0 12
988 0 12
988 0 12
989 0 11
989 0 11
989 0 11
989 0 11
989 0 11
991 0 9
991 0 9
991 0 9
991 0 9
991 0 9
991 0 9
991 0 9
991 0 9
991 0 9
991 0 9
991 0 9
991 0 9
991 0 9
991 0 9
991 0 9
991 0 9
991 0 9
991 0 9
991 0 9
991 0 9
991 0 9
991 0 9
991 0 9
991 0 9
992 0 8
992 0 8
992 0 8
993 0 7
994 0 6
994 0 6
994 0 6
995 0 5
996 0 4
996 0 4
996 0 4
996 0 4
996 0 4
996 0 4
996 0 4
996 0 4
996 0 4
996 0 4
996 0 4
996 0 4
996 0 4
996 0 4
996 0 4
996 0 4
996 0 4
996 0 4
997 0 3
997 0 3
997 0 3
997 0 3
997 0 3
997 0 3
997 0 3
997 0 3
997 0 3
998 0 2
998 0 2
998 0 2
998 0 2
998 0 2
998 0 2
998 0 2
998 0 2
998 0 2
998 0 2
998 0 2
998 0 2
998 0 2
998 0 2
998 0 2
998 0 2
998 0 2
998 0 2
998 0 2
998 0 2
998 0 2
998 0 2
998 0 2
998 0 2
998 0 2
998 0 2
998 0 2
998 0 2
998 0 2
998 0 2
998 0 2
998 0 2
998 0 2
998 0 2
998 0 2
998 0 2
998 0 2
998 0 2
998 0 2
998 0 2
998 0 2
998 0 2
998 0 2
998 0 2
998 0 2
998 0 2
998 0 2
998 0 2
998 0 2
998 0 2
998 0 2
998 0 2
998 0 2
998 0 2
998 0 2
998 0 2
998 0 2
998 0 2
998 0 2
998 0 2
998 0 2
998 0 2
998 0 2
998 0 2
998 0 2
998 0 2
998 0 2
998 0 2
998 0 2
998 0 2
998 0 2
998 0 2
998 0 2
998 0 2
998 0 2
998 0 2
998 0 2
998 0 2
998 0 2
998 0 2
998 0 2
998 0 2
998 0 2
998 0 2
999 0 1
999 0 1
999 0 1
999 0 1
999 0 1
999 0 1
999 0 1
999 0 1
999 0 1
999 0 1
999 0 1
999 0 1
999 0 1
999 0 1
999 0 1
999 0 1
999 0 1
999 0 1
999 0 1
999 0 1
999 0 1
999 0 1
999 0 1
999 0 1
999 0 1
999 0 1
999 0 1
999 0 1
999 0 1
999 0 1
999 0 1
999 0 1
999 0 1
999 0 1
999 0 1
999 0 1
999 0 1
999 0 1
999 0 1
999 0 1
999 0 1
999 0 1
999 0 1
999 0 1
999 0 1
999 0 1
999 0 1
999 0 1
999 0 1
999 0 1
999 0 1
999 0 1
999 0 1
999 0 1
999 0 1
999 0 1
999 0 1
999 0 1
1000 0 0
1000 0 0
1000 0 0
1000 0 0
1000 0 0
1000 0 0
1000 0 0
1000 0 0
1000 0 0
1000 0 0
1000 0 0
1000 0 0
1000 0 0
1000 0 0
1000 0 0
1000 0 0
1000 0 0
1000 0 0
1000 0 0
1000 0 0
1000 0 0
1000 0 0
1000 0 0
1000 0 0
1000 0 0
1000 0 0
1000 0 0
1000 0 0
1000 0 0
1000 0 0
1000 0 0
1000 0 0
1000 0 0
1000 0 0
1000 0 0
1000 0 0
1000 0 0
1000 0 0
1000 0 0
1000 0 0
1000 0 0
