998 2 0
993 7 0
988 12 0
974 26 0
947 46 7
923 64 13
893 85 22
864 101 35
823 126 51
797 130 73
762 151 87
730 153 117
701 150 149
674 158 168
652 162 186
632 157 211
615 147 238
596 153 251
576 151 273
568 143 289
561 135 304
547 134 319
543 125 332
534 114 352
513 123 364
501 123 376
495 126 379
490 120 390
488 105 407
486 100 414
475 99 426
470 86 444
467 84 449
464 83 453
458 84 458
460 83 457
460 72 468
459 68 473
458 62 480
460 54 486
466 48 486
471 42 487
476 40 484
475 32 493
479 27 494
485 24 491
494 25 481
497 24 479
499 28 473
502 26 472
497 32 471
508 29 463
513 26 461
512 22 466
517 20 463
520 20 460
525 20 455
533 20 447
541 21 438
550 19 431
551 19 430
557 20 423
556 21 423
558 15 427
561 15 424
570 11 419
577 12 411
587 13 400
592 11 397
595 10 395
598 9 393
599 6 395
609 6 385
614 3 383
619 4 377
623 6 371
628 5 367
630 5 365
638 5 357
641 6 353
651 4 345
654 3 343
661 3 336
668 6 326
672 6 322
673 7 320
678 6 316
681 3 316
685 3 312
687 2 311
695 0 305
702 2 296
707 2 291
711 0 289
713 0 287
712 3 285
718 2 280
720 5 275
720 10 270
720 13 267
723 14 263
720 21 259
715 26 259
707 36 257
698 45 257
692 46 262
687 48 265
681 48 271
673 47 280
674 50 276
669 50 281
667 48 285
663 54 283
660 50 290
654 54 292
655 50 295
656 49 295
660 43 297
654 48 298
653 46 301
651 44 305
653 44 303
652 38 310
651 38 311
652 38 310
647 39 314
648 35 317
646 33 321
649 27 324
658 26 316
662 27 311
671 23 306
673 22 305
674 17 309
673 20 307
680 19 301
687 14 299
694 11 295
702 11 287
704 11 285
704 13 283
697 19 284
695 22 283
690 25 285
683 33 284
674 42 284
675 39 286
668 45 287
673 45 282
675 48 277
673 45 282
675 43 282
676 42 282
672 45 283
666 47 287
662 45 293
660 43 297
661 39 300
658 41 301
666 34 300
664 40 296
664 40 296
658 41 301
659 35 306
662 30 308
666 27 307
661 27 312
667 24 309
669 26 305
672 21 307
676 19 305
678 19 303
682 23 295
686 22 292
683 27 290
682 28 290
681 30 289
682 32 286
682 26 292
679 31 290
676 38 286
670 45 285
666 45 289
657 46 297
656 44 300
650 45 305
644 48 308
642 46 312
641 46 313
637 48 315
636 42 322
640 39 321
641 39 320
639 43 318
637 42 321
637 39 324
634 38 328
635 43 322
636 41 323
636 40 324
640 37 323
637 39 324
639 44 317
639 43 318
642 38 320
642 35 323
641 33 326
641 34 325
640 32 328
637 41 322
638 41 321
635 45 320
637 39 324
637 35 328
640 34 326
635 40 325
631 44 325
629 43 328
629 37 334
628 35 337
629 33 338
633 30 337
636 32 332
634 35 331
635 35 330
636 36 328
637 35 328
641 29 330
644 33 323
644 33 323
646 30 324
652 28 320
655 29 316
655 27 318
655 25 320
659 22 319
666 18 316
669 19 312
675 19 306
675 21 304
678 22 300
683 24 293
675 30 295
665 40 295
654 48 298
656 43 301
658 43 299
657 49 294
655 49 296
648 43 309
646 40 314
643 41 316
641 40 319
639 39 322
641 38 321
642 32 326
637 27 336
645 24 331
648 21 331
652 16 332
656 14 330
660 11 329
662 9 329
669 9 322
671 10 319
676 11 313
679 12 309
683 8 309
690 9 301
688 14 298
692 14 294
694 17 289
692 17 291
690 19 291
690 17 293
691 18 291
694 21 285
698 22 280
695 25 280
692 29 279
692 21 287
695 18 287
702 18 280
699 25 276
702 24 274
700 23 277
702 20 278
701 25 274
698 30 272
692 33 275
688 33 279
679 43 278
667 48 285
668 41 291
664 43 293
668 40 292
664 46 290
663 52 285
659 48 293
653 51 296
645 50 305
650 43 307
648 41 311
645 41 314
650 36 314
650 34 316
649 32 319
647 35 318
652 32 316
652 28 320
657 25 318
666 25 309
667 24 309
672 21 307
674 24 302
677 23 300
683 23 294
686 19 295
685 19 296
684 24 292
688 21 291
690 22 288
695 19 286
701 18 281
700 22 278
702 23 275
706 26 268
706 23 271
704 23 273
702 21 277
705 20 275
705 23 272
710 22 268
708 22 270
708 28 264
711 28 261
713 24 263
716 23 261
718 25 257
713 27 260
716 24 260
717 23 260
717 21 262
715 22 263
710 25 265
715 21 264
717 22 261
719 19 262
721 21 258
721 23 256
719 21 260
717 25 258
715 29 256
709 33 258
704 38 258
699 38 263
698 40 262
686 53 261
679 51 270
672 56 272
658 71 271
650 79 271
643 82 275
637 81 282
627 81 292
617 82 301
611 81 308
613 67 320
608 66 326
607 68 325
606 60 334
608 54 338
606 45 349
607 44 349
611 41 348
607 43 350
608 43 349
609 36 355
618 33 349
627 32 341
633 32 335
640 27 333
638 28 334
639 23 338
639 24 337
637 24 339
633 27 340
637 32 331
636 31 333
637 28 335
635 26 339
639 24 337
646 24 330
651 22 327
654 17 329
656 17 327
659 16 325
656 21 323
659 22 319
656 26 318
661 22 317
666 19 315
672 17 311
679 19 302
682 20 298
681 25 294
678 30 292
675 32 293
676 30 294
676 33 291
680 30 290
681 31 288
681 30 289
685 27 288
690 23 287
691 23 286
693 25 282
692 27 281
695 26 279
700 23 277
701 23 276
704 23 273
705 19 276
709 19 272
708 23 269
707 22 271
706 23 271
710 25 265
710 21 269
712 23 265
707 29 264
708 31 261
711 26 263
712 24 264
711 23 266
712 24 264
710 26 264
713 26 261
717 26 257
719 24 257
719 22 259
724 22 254
725 20 255
727 19 254
729 19 252
727 19 254
728 19 253
726 22 252
729 19 252
727 20 253
728 20 252
725 23 252
729 23 248
725 22 253
726 22 252
726 25 249
722 26 252
723 33 244
723 34 243
714 43 243
710 42 248
697 51 252
689 56 255
677 65 258
663 77 260
646 89 265
636 91 273
618 98 284
611 94 295
594 95 311
594 86 320
589 82 329
588 77 335
578 76 346
570 83 347
559 91 350
552 88 360
554 81 365
554 71 375
555 66 379
558 57 385
559 54 387
557 57 386
565 49 386
565 47 388
569 44 387
574 43 383
577 43 380
571 47 382
562 57 381
557 61 382
552 59 389
540 63 397
535 62 403
531 70 399
530 59 411
530 53 417
532 46 422
539 34 427
548 32 420
546 30 424
550 30 420
555 25 420
560 24 416
567 26 407
568 26 406
571 28 401
570 25 405
572 24 404
574 24 402
577 29 394
580 26 394
576 28 396
575 30 395
575 28 397
578 28 394
574 32 394
579 28 393
582 27 391
582 26 392
578 30 392
588 29 383
590 28 382
589 34 377
585 34 381
589 33 378
594 31 375
589 37 374
591 38 371
589 37 374
590 35 375
594 38 368
595 38 367
593 41 366
603 37 360
606 34 360
607 32 361
608 30 362
615 24 361
617 21 362
624 20 356
626 16 358
629 12 359
632 13 355
634 13 353
641 14 345
644 15 341
647 18 335
649 17 334
660 18 322
659 18 323
662 15 323
661 15 324
665 14 321
671 15 314
675 16 309
672 18 310
674 16 310
676 18 306
679 15 306
679 16 305
677 18 305
679 21 300
684 21 295
680 24 296
674 29 297
668 35 297
674 31 295
673 32 295
667 39 294
664 39 297
669 36 295
667 40 293
660 47 293
658 41 301
662 40 298
666 39 295
668 37 295
669 39 292
663 47 290
666 44 290
666 40 294
668 38 294
667 34 299
672 30 298
662 35 303
662 33 305
646 47 307
644 45 311
635 53 312
622 63 315
615 68 317
612 70 318
610 70 320
605 70 325
603 68 329
600 64 336
601 62 337
606 57 337
610 50 340
609 40 351
599 46 355
593 46 361
589 52 359
590 45 365
589 47 364
590 44 366
584 46 370
583 46 371
583 41 376
582 44 374
584 42 374
585 41 374
589 35 376
588 38 374
593 39 368
596 42 362
592 46 362
595 47 358
591 46 363
587 49 364
588 45 367
588 46 366
584 45 371
576 53 371
568 54 378
566 46 388
560 53 387
565 48 387
574 42 384
577 39 384
585 36 379
584 38 378
581 40 379
590 36 374
594 31 375
593 33 374
597 30 373
594 33 373
594 36 370
593 35 372
595 29 376
595 31 374
594 32 374
601 29 370
607 25 368
604 27 369
608 28 364
609 26 365
614 23 363
617 23 360
622 22 356
625 23 352
625 25 350
624 28 348
626 28 346
625 31 344
632 28 340
637 25 338
633 28 339
635 29 336
636 30 334
643 26 331
638 29 333
642 26 332
644 26 330
649 23 328
651 24 325
649 25 326
656 23 321
659 25 316
659 27 314
663 28 309
665 24 311
664 25 311
666 24 310
671 24 305
671 25 304
669 26 305
670 27 303
668 33 299
669 33 298
667 36 297
667 38 295
666 40 294
667 41 292
668 39 293
672 33 295
674 30 296
669 33 298
664 38 298
664 38 298
665 34 301
667 34 299
667 31 302
667 31 302
667 33 300
667 31 302
669 27 304
675 24 301
680 23 297
678 26 296
681 21 298
682 23 295
681 20 299
677 23 300
681 24 295
686 20 294
690 20 290
690 23 287
689 20 291
688 14 298
688 13 299
689 19 292
694 16 290
695 14 291
699 13 288
703 10 287
709 11 280
710 10 280
710 13 277
709 16 275
709 12 279
712 10 278
715 10 275
721 10 269
722 9 269
722 10 268
727 7 266
734 5 261
737 7 256
740 6 254
745 5 250
749 8 243
748 10 242
749 12 239
747 15 238
750 18 232
751 16 233
751 13 236
758 11 231
756 12 232
756 12 232
746 23 231
744 25 231
743 24 233
746 20 234
742 24 234
741 28 231
736 35 229
727 44 229
721 49 230
704 57 239
698 56 246
696 51 253
695 47 258
696 48 256
688 49 263
692 42 266
688 43 269
682 49 269
672 56 272
665 59 276
657 62 281
653 57 290
643 63 294
646 62 292
644 59 297
638 62 300
628 66 306
630 61 309
624 65 311
622 62 316
617 59 324
601 73 326
588 76 336
581 80 339
575 74 351
577 67 356
577 61 362
577 57 366
571 59 370
573 54 373
573 57 370
575 52 373
575 48 377
577 43 380
584 33 383
590 31 379
590 28 382
592 27 381
591 33 376
588 37 375
596 33 371
590 37 373
591 40 369
590 38 372
594 39 367
599 34 367
602 33 365
602 37 361
603 30 367
601 25 374
612 20 368
614 21 365
621 22 357
625 22 353
631 22 347
632 22 346
641 22 337
643 19 338
645 18 337
649 16 335
653 19 328
653 21 326
655 22 323
659 21 320
665 21 314
666 22 312
667 24 309
670 23 307
672 27 301
672 24 304
675 28 297
677 26 297
679 31 290
684 28 288
686 22 292
688 21 291
688 24 288
689 27 284
686 32 282
684 36 280
679 37 284
677 38 285
675 37 288
675 35 290
674 36 290
669 37 294
670 37 293
657 50 293
653 56 291
645 60 295
644 60 296
638 61 301
632 60 308
630 53 317
628 53 319
626 54 320
627 49 324
622 54 324
621 49 330
620 47 333
617 43 340
616 44 340
608 48 344
607 46 347
607 43 350
611 41 348
616 38 346
617 35 348
622 34 344
626 30 344
619 30 351
617 28 355
622 27 351
627 23 350
628 22 350
630 23 347
629 24 347
629 27 344
633 26 341
633 27 340
640 26 334
638 25 337
643 25 332
643 23 334
642 25 333
645 27 328
645 26 329
646 24 330
645 26 329
652 25 323
658 26 316
665 24 311
660 28 312
663 25 312
658 24 318
653 30 317
652 28 320
659 25 316
663 22 315
664 22 314
661 22 317
657 27 316
661 23 316
666 21 313
666 20 314
668 22 310
662 28 310
664 29 307
658 34 308
654 39 307
653 40 307
653 39 308
660 40 300
659 45 296
658 47 295
660 44 296
665 38 297
665 37 298
665 38 297
667 31 302
668 32 300
674 32 294
677 30 293
672 36 292
670 38 292
668 38 294
664 44 292
659 40 301
652 42 306
648 51 301
648 52 300
640 54 306
638 49 313
636 45 319
633 46 321
633 44 323
635 41 324
636 41 323
639 38 323
643 35 322
648 30 322
651 29 320
651 31 318
658 27 315
653 33 314
648 37 315
648 36 316
646 40 314
648 41 311
644 42 314
643 41 316
642 46 312
644 45 311
639 43 318
645 41 314
645 37 318
645 39 316
645 38 317
643 36 321
643 38 319
643 37 320
648 34 318
649 33 318
650 30 320
652 26 322
650 28 322
651 28 321
650 31 319
648 32 320
650 28 322
650 29 321
654 28 318
656 20 324
662 16 322
662 21 317
665 16 319
673 13 314
675 13 312
681 13 306
681 13 306
687 11 302
695 7 298
694 6 300
699 3 298
705 1 294
716 1 283
723 1 276
727 1 272
732 2 266
737 2 261
742 2 256
748 3 249
750 3 247
755 1 244
757 1 242
761 0 239
763 2 235
767 3 230
770 3 227
768 8 224
761 18 221
759 17 224
758 20 222
754 20 226
756 20 224
752 25 223
738 35 227
731 38 231
