995 5 0
995 3 2
995 3 2
995 2 3
995 2 3
996 2 2
996 1 3
991 6 3
984 12 4
982 12 6
979 15 6
976 17 7
974 17 9
969 22 9
964 23 13
958 26 16
943 32 25
922 46 32
906 55 39
887 60 53
868 67 65
847 83 70
821 93 86
798 103 99
768 112 120
735 122 143
707 129 164
692 121 187
677 117 206
654 117 229
637 122 241
625 119 256
614 110 276
599 112 289
586 114 300
572 111 317
563 112 325
559 104 337
557 97 346
550 96 354
543 92 365
553 79 368
548 80 372
546 75 379
549 62 389
548 54 398
548 57 395
553 54 393
557 52 391
557 51 392
566 45 389
567 46 387
567 47 386
575 44 381
576 42 382
576 44 380
576 44 380
578 37 385
581 34 385
593 29 378
601 29 370
605 22 373
612 20 368
616 23 361
616 22 362
620 21 359
625 26 349
630 22 348
634 23 343
643 21 336
646 22 332
643 24 333
645 29 326
641 37 322
639 42 319
641 42 317
640 41 319
644 38 318
641 35 324
638 40 322
632 38 330
633 37 330
631 32 337
632 30 338
638 26 336
642 24 334
645 23 332
646 22 332
648 25 327
643 33 324
640 29 331
644 29 327
640 31 329
644 21 335
644 23 333
645 17 338
649 19 332
653 21 326
658 18 324
661 18 321
662 20 318
668 17 315
671 16 313
672 13 315
672 16 312
671 21 308
672 22 306
674 20 306
676 14 310
680 13 307
683 12 305
688 13 299
688 14 298
686 17 297
689 16 295
693 17 290
699 14 287
702 13 285
707 10 283
711 12 277
712 12 276
722 12 266
720 13 267
723 11 266
726 10 264
728 9 263
733 10 257
733 10 257
737 11 252
745 9 246
752 10 238
757 8 235
759 7 234
759 11 230
762 11 227
765 14 221
760 19 221
757 21 222
754 19 227
754 20 226
751 24 225
744 30 226
743 30 227
746 25 229
743 22 235
745 25 230
749 24 227
746 26 228
744 23 233
741 25 234
735 31 234
737 30 233
735 29 236
725 35 240
721 41 238
717 40 243
717 38 245
715 42 243
708 46 246
703 48 249
694 48 258
698 41 261
693 42 265
689 36 275
691 36 273
690 36 274
686 36 278
681 39 280
675 46 279
664 55 281
647 63 290
630 72 298
625 74 301
623 69 308
620 68 312
621 64 315
616 70 314
617 61 322
620 58 322
619 48 333
618 48 334
618 47 335
622 40 338
624 35 341
624 35 341
623 33 344
625 32 343
625 38 337
622 42 336
623 43 334
624 36 340
627 33 340
629 31 340
632 27 341
628 28 344
628 25 347
633 21 346
638 24 338
640 26 334
642 20 338
652 17 331
656 16 328
657 15 328
656 21 323
657 22 321
658 24 318
655 28 317
655 27 318
659 26 315
662 22 316
669 19 312
666 18 316
666 21 313
665 24 311
664 28 308
662 33 305
662 32 306
664 32 304
657 40 303
649 45 306
640 53 307
637 48 315
636 53 311
632 56 312
630 60 310
624 57 319
615 63 322
607 66 327
606 62 332
596 59 345
588 69 343
577 84 339
565 86 349
558 97 345
548 96 356
541 96 363
531 96 373
525 89 386
522 79 399
516 83 401
517 73 410
511 70 419
512 66 422
510 64 426
502 66 432
502 63 435
505 54 441
505 53 442
510 52 438
511 47 442
512 45 443
517 37 446
518 37 445
523 38 439
525 36 439
533 34 433
538 29 433
542 26 432
542 27 431
547 25 428
552 21 427
557 22 421
564 20 416
565 23 412
572 23 405
577 26 397
583 22 395
586 23 391
585 31 384
585 34 381
593 32 375
591 32 377
598 29 373
595 32 373
590 41 369
588 41 371
589 42 369
592 41 367
588 46 366
587 47 366
586 48 366
587 44 369
586 42 372
584 42 374
585 46 369
587 39 374
591 38 371
596 37 367
598 33 369
602 36 362
608 30 362
615 24 361
613 28 359
618 23 359
624 20 356
627 19 354
632 17 351
635 18 347
641 21 338
640 25 335
645 24 331
648 26 326
651 22 327
657 19 324
658 18 324
665 17 318
667 21 312
668 23 309
673 20 307
677 19 304
680 18 302
682 20 298
686 19 295
691 19 290
688 21 291
692 18 290
692 18 290
698 18 284
696 17 287
702 17 281
701 18 281
702 18 280
705 15 280
706 17 277
706 12 282
710 12 278
711 12 277
709 13 278
716 15 269
718 18 264
723 15 262
725 14 261
725 18 257
723 21 256
723 20 257
719 23 258
716 24 260
711 31 258
711 34 255
704 37 259
704 37 259
704 37 259
704 31 265
701 34 265
698 35 267
700 39 261
698 33 269
701 31 268
703 29 268
709 27 264
705 25 270
705 29 266
703 32 265
698 38 264
689 39 272
692 37 271
692 37 271
690 35 275
689 41 270
680 44 276
676 50 274
670 50 280
667 45 288
667 39 294
666 43 291
665 42 293
663 42 295
662 41 297
661 38 301
662 36 302
663 35 302
664 34 302
668 35 297
667 34 299
669 32 299
669 31 300
667 38 295
666 41 293
668 43 289
670 38 292
669 37 294
670 38 292
677 33 290
678 36 286
679 41 280
675 45 280
670 46 284
664 47 289
661 49 290
654 52 294
653 51 296
650 48 302
647 52 301
644 53 303
641 56 303
635 51 314
636 46 318
641 45 314
637 52 311
639 49 312
643 47 310
642 40 318
645 43 312
644 34 322
645 34 321
647 33 320
650 33 317
652 33 315
650 36 314
651 37 312
651 36 313
652 32 316
652 34 314
651 36 313
652 33 315
657 35 308
653 37 310
654 33 313
653 35 312
660 30 310
659 31 310
657 30 313
653 33 314
651 33 316
652 34 314
648 35 317
648 37 315
648 40 312
648 42 310
657 30 313
658 26 316
659 24 317
653 27 320
656 23 321
658 23 319
658 27 315
655 33 312
651 36 313
649 40 311
644 37 319
642 34 324
640 34 326
634 35 331
631 38 331
637 33 330
641 29 330
644 29 327
648 28 324
649 27 324
653 24 323
654 21 325
658 21 321
663 19 318
669 17 314
663 30 307
662 32 306
660 37 303
656 31 313
652 36 312
653 34 313
651 34 315
652 32 316
657 31 312
659 31 310
655 35 310
655 34 311
652 34 314
652 32 316
651 34 315
647 39 314
648 37 315
654 36 310
659 35 306
654 38 308
649 43 308
641 54 305
633 55 312
621 59 320
615 56 329
614 49 337
614 47 339
618 45 337
619 44 337
615 44 341
622 40 338
623 31 346
625 33 342
630 30 340
635 26 339
638 24 338
641 25 334
645 22 333
650 23 327
656 22 322
657 23 320
662 22 316
662 25 313
665 25 310
672 25 303
674 26 300
677 26 297
679 26 295
682 26 292
678 28 294
680 28 292
678 29 293
678 29 293
675 30 295
676 32 292
675 31 294
675 31 294
679 28 293
681 28 291
681 28 291
681 31 288
675 35 290
676 36 288
670 39 291
669 37 294
667 38 295
665 35 300
664 33 303
666 29 305
666 31 303
668 32 300
664 35 301
661 38 301
655 43 302
656 38 306
657 39 304
654 38 308
655 37 308
656 33 311
652 34 314
649 40 311
640 47 313
640 48 312
641 49 310
640 49 311
630 55 315
624 59 317
624 55 321
621 53 326
619 53 328
619 50 331
616 51 333
619 54 327
614 59 327
609 58 333
603 62 335
595 66 339
591 71 338
587 74 339
588 66 346
586 66 348
588 61 351
589 54 357
590 51 359
591 50 359
595 48 357
591 49 360
597 47 356
596 43 361
594 41 365
592 35 373
593 33 374
597 28 375
594 23 383
599 25 376
599 25 376
602 17 381
603 19 378
604 19 377
613 19 368
616 17 367
620 12 368
624 11 365
627 9 364
634 4 362
640 5 355
647 4 349
652 5 343
657 4 339
656 3 341
660 3 337
663 3 334
670 4 326
676 6 318
679 5 316
681 7 312
681 9 310
677 14 309
675 17 308
677 17 306
679 16 305
681 20 299
685 14 301
687 15 298
689 13 298
693 13 294
694 12 294
697 16 287
697 17 286
696 18 286
690 24 286
690 23 287
692 20 288
691 23 286
684 25 291
684 26 290
683 27 290
679 29 292
676 38 286
671 40 289
671 42 287
668 41 291
668 39 293
665 39 296
670 40 290
674 34 292
670 37 293
668 33 299
670 22 308
670 24 306
664 26 310
658 35 307
656 37 307
648 44 308
646 41 313
649 41 310
649 40 311
651 35 314
649 36 315
649 35 316
646 34 320
654 35 311
651 33 316
657 32 311
661 29 310
655 37 308
661 34 305
662 36 302
655 38 307
656 37 307
651 38 311
652 36 312
646 38 316
645 39 316
642 39 319
639 40 321
636 46 318
643 41 316
637 45 318
635 37 328
628 44 328
633 42 325
627 44 329
621 46 333
616 44 340
621 42 337
617 40 343
615 45 340
611 47 342
612 43 345
615 34 351
615 33 352
617 32 351
622 30 348
627 27 346
626 24 350
627 22 351
630 25 345
626 27 347
628 28 344
634 28 338
638 26 336
643 23 334
646 22 332
650 21 329
651 22 327
661 18 321
664 18 318
656 24 320
660 24 316
658 29 313
658 30 312
661 31 308
654 38 308
646 44 310
631 51 318
623 54 323
614 63 323
614 58 328
610 60 330
599 65 336
593 66 341
589 64 347
589 61 350
595 54 351
592 58 350
591 57 352
581 61 358
584 53 363
585 51 364
587 52 361
589 47 364
589 47 364
589 48 363
585 48 367
581 50 369
587 47 366
586 46 368
583 44 373
588 45 367
586 47 367
591 42 367
594 40 366
592 39 369
591 43 366
592 41 367
595 35 370
597 36 367
594 39 367
589 42 369
592 42 366
592 41 367
596 38 366
600 38 362
605 34 361
612 29 359
616 26 358
613 28 359
615 25 360
617 27 356
620 18 362
623 15 362
624 18 358
628 14 358
630 10 360
636 7 357
639 9 352
644 7 349
650 5 345
652 5 343
656 4 340
659 6 335
659 9 332
660 15 325
662 17 321
663 16 321
666 16 318
671 19 310
672 18 310
669 25 306
668 23 309
668 24 308
669 29 302
673 29 298
673 25 302
666 29 305
662 37 301
654 42 304
657 41 302
660 37 303
654 36 310
647 40 313
651 40 309
649 39 312
652 39 309
647 41 312
640 44 316
626 53 321
629 49 322
626 49 325
622 51 327
619 53 328
617 57 326
620 50 330
620 45 335
620 40 340
620 39 341
622 38 340
626 32 342
630 29 341
632 28 340
636 29 335
641 33 326
640 30 330
633 36 331
630 38 332
631 37 332
634 37 329
637 38 325
637 44 319
636 46 318
634 44 322
636 40 324
634 40 326
633 41 326
631 39 330
632 38 330
628 40 332
627 43 330
630 38 332
625 38 337
623 39 338
619 37 344
624 38 338
621 35 344
622 31 347
626 32 342
627 32 341
634 31 335
636 27 337
639 23 338
637 25 338
643 22 335
646 20 334
651 16 333
656 14 330
664 11 325
665 12 323
668 10 322
671 9 320
673 9 318
677 11 312
688 9 303
693 8 299
699 9 292
701 7 292
705 7 288
711 8 281
714 10 276
714 18 268
717 21 262
718 22 260
712 30 258
714 34 252
712 32 256
706 32 262
706 30 264
707 34 259
705 29 266
707 30 263
705 32 263
697 32 271
693 33 274
688 32 280
685 34 281
687 35 278
677 45 278
671 53 276
667 55 278
656 64 280
642 70 288
642 62 296
643 61 296
643 58 299
636 63 301
631 61 308
630 61 309
630 60 310
628 60 312
624 61 315
619 58 323
617 59 324
613 61 326
598 70 332
592 76 332
586 78 336
572 87 341
569 81 350
557 88 355
552 79 369
547 85 368
541 88 371
535 82 383
527 86 387
515 91 394
516 87 397
514 74 412
512 70 418
514 69 417
515 60 425
519 58 423
523 54 423
526 53 421
535 51 414
544 49 407
551 45 404
555 45 400
560 40 400
567 31 402
570 31 399
573 29 398
578 30 392
581 30 389
574 31 395
576 29 395
579 28 393
583 26 391
587 23 390
591 22 387
598 18 384
604 18 378
609 16 375
611 18 371
618 16 366
620 17 363
621 17 362
623 15 362
632 13 355
633 13 354
639 13 348
641 11 348
643 8 349
648 6 346
650 7 343
658 6 336
661 6 333
666 3 331
668 3 329
674 3 323
682 3 315
686 2 312
689 3 308
694 2 304
699 2 299
700 3 297
703 3 294
705 2 293
712 4 284
714 5 281
719 5 276
719 7 274
727 7 266
731 7 262
735 7 258
736 9 255
736 7 257
739 7 254
736 10 254
737 11 252
737 14 249
739 15 246
736 19 245
730 25 245
723 32 245
715 37 248
714 38 248
710 40 250
704 46 250
692 52 256
689 52 259
687 52 261
685 53 262
687 43 270
683 50 267
682 48 270
680 50 270
671 44 285
675 41 284
671 45 284
676 39 285
676 39 285
675 33 292
668 36 296
667 39 294
665 35 300
666 32 302
664 37 299
666 33 301
667 27 306
668 29 303
671 28 301
667 28 305
670 26 304
670 27 303
669 27 304
677 27 296
681 23 296
674 24 302
673 23 304
670 26 304
680 24 296
679 23 298
679 23 298
679 25 296
681 22 297
683 19 298
680 26 294
683 26 291
685 29 286
679 30 291
669 42 289
676 41 283
673 38 289
675 37 288
673 32 295
676 31 293
674 27 299
