1000 0 0
1000 0 0
1000 0 0
1000 0 0
1000 0 0
999 1 0
998 1 1
994 5 1
981 15 4
972 20 8
963 27 10
958 30 12
956 29 15
951 32 17
932 47 21
919 51 30
902 59 39
879 75 46
855 85 60
827 101 72
791 117 92
764 128 108
742 133 125
710 154 136
680 163 157
649 172 179
625 181 194
602 182 216
575 181 244
556 179 265
542 172 286
529 159 312
523 150 327
509 141 350
505 125 370
502 109 389
495 107 398
497 102 401
501 96 403
495 93 412
492 89 419
482 88 430
479 80 441
472 79 449
471 76 453
477 75 448
482 65 453
483 68 449
486 63 451
487 65 448
488 58 454
490 58 452
487 53 460
489 49 462
493 47 460
494 45 461
494 42 464
498 44 458
499 45 456
502 41 457
511 37 452
517 41 442
522 37 441
529 31 440
534 28 438
539 27 434
541 27 432
549 24 427
555 21 424
562 21 417
565 23 412
569 22 409
574 20 406
574 23 403
581 21 398
588 15 397
595 12 393
599 9 392
604 8 388
609 9 382
614 8 378
617 7 376
628 4 368
631 4 365
636 4 360
638 3 359
643 2 355
652 1 347
659 1 340
662 1 337
665 2 333
668 2 330
674 1 325
682 1 317
689 1 310
694 1 305
697 1 302
703 0 297
712 0 288
715 0 285
721 0 279
722 0 278
724 0 276
725 3 272
727 4 269
733 5 262
734 4 262
737 4 259
742 4 254
745 4 251
744 6 250
744 10 246
752 9 239
754 11 235
756 9 235
760 8 232
762 11 227
764 11 225
764 12 224
762 10 228
769 9 222
769 10 221
768 12 220
767 15 218
766 13 221
763 17 220
766 18 216
768 18 214
768 20 212
760 28 212
750 32 218
746 32 222
742 33 225
736 36 228
735 38 227
730 43 227
727 41 232
719 47 234
704 49 247
704 49 247
699 53 248
692 54 254
683 61 256
672 73 255
661 74 265
656 67 277
651 67 282
645 63 292
643 62 295
633 62 305
636 60 304
638 55 307
638 52 310
638 49 313
636 48 316
632 55 313
628 55 317
631 52 317
629 50 321
630 41 329
625 41 334
623 46 331
620 42 338
622 38 340
623 35 342
617 37 346
623 34 343
623 34 343
623 37 340
620 40 340
620 39 341
617 45 338
613 47 340
618 45 337
618 44 338
614 43 343
621 40 339
625 39 336
633 37 330
637 33 330
644 29 327
638 29 333
633 34 333
633 33 334
628 40 332
622 45 333
625 41 334
629 42 329
626 43 331
621 47 332
618 47 335
613 42 345
600 52 348
598 47 355
595 46 359
594 51 355
593 50 357
591 49 360
594 45 361
597 47 356
595 44 361
598 36 366
599 29 372
610 26 364
614 25 361
618 25 357
622 22 356
624 20 356
624 20 356
628 22 350
631 20 349
634 22 344
635 23 342
635 26 339
635 28 337
632 31 337
634 30 336
632 31 337
636 29 335
641 28 331
643 27 330
644 24 332
649 24 327
651 25 324
654 19 327
656 20 324
656 21 323
661 20 319
663 15 322
667 14 319
676 12 312
681 10 309
686 10 304
689 10 301
688 14 298
684 17 299
683 19 298
687 19 294
686 17 297
686 18 296
683 25 292
679 27 294
674 30 296
673 32 295
672 29 299
667 30 303
671 27 302
672 29 299
676 27 297
675 30 295
667 36 297
661 39 300
654 46 300
649 46 305
643 49 308
637 54 309
631 53 316
630 51 319
626 54 320
628 49 323
629 38 333
628 39 333
631 36 333
634 36 330
630 42 328
630 40 330
627 43 330
623 46 331
619 45 336
620 40 340
617 43 340
618 41 341
619 32 349
618 30 352
622 26 352
624 31 345
628 30 342
629 27 344
637 29 334
637 28 335
641 26 333
647 25 328
653 19 328
656 19 325
659 17 324
662 16 322
662 14 324
666 15 319
670 16 314
673 13 314
672 15 313
673 21 306
670 21 309
677 20 303
683 18 299
688 16 296
688 22 290
690 23 287
684 31 285
677 34 289
675 39 286
672 41 287
670 39 291
665 41 294
655 46 299
654 45 301
655 43 302
651 46 303
644 46 310
639 56 305
640 51 309
640 51 309
629 62 309
622 62 316
624 59 317
623 59 318
615 65 320
612 63 325
605 64 331
606 53 341
597 56 347
600 50 350
592 51 357
592 50 358
589 50 361
586 59 355
584 57 359
576 64 360
571 65 364
563 67 370
560 59 381
564 49 387
564 46 390
568 35 397
574 35 391
571 36 393
572 33 395
578 32 390
577 37 386
573 36 391
578 32 390
582 27 391
585 24 391
591 24 385
603 18 379
608 19 373
618 19 363
629 15 356
629 15 356
638 16 346
648 13 339
645 13 342
651 10 339
650 12 338
650 13 337
649 17 334
658 17 325
659 19 322
659 18 323
660 17 323
662 13 325
667 10 323
673 12 315
673 14 313
670 18 312
665 24 311
661 31 308
658 33 309
654 40 306
647 48 305
645 47 308
636 46 318
632 52 316
624 56 320
620 55 325
612 58 330
614 55 331
612 56 332
604 62 334
598 62 340
597 60 343
596 57 347
599 53 348
601 50 349
603 47 350
601 44 355
605 35 360
607 35 358
605 35 360
608 33 359
613 29 358
622 27 351
627 22 351
632 23 345
637 19 344
637 19 344
636 17 347
641 13 346
641 15 344
648 17 335
652 17 331
655 17 328
661 19 320
663 22 315
668 19 313
666 20 314
668 21 311
667 21 312
672 18 310
674 19 307
677 17 306
680 20 300
682 16 302
682 15 303
684 13 303
688 12 300
690 11 299
685 15 300
686 14 300
694 16 290
695 15 290
698 17 285
699 17 284
701 16 283
703 14 283
708 9 283
711 7 282
715 4 281
719 3 278
722 4 274
724 5 271
726 4 270
731 5 264
730 4 266
737 4 259
746 2 252
751 2 247
752 4 244
757 5 238
760 5 235
762 4 234
763 3 234
767 3 230
771 5 224
776 2 222
780 3 217
782 4 214
779 10 211
783 7 210
783 7 210
785 7 208
785 6 209
788 6 206
789 7 204
784 11 205
779 17 204
774 24 202
770 28 202
760 31 209
758 37 205
758 38 204
754 43 203
750 48 202
738 52 210
725 55 220
721 60 219
716 56 228
710 51 239
710 50 240
709 46 245
703 43 254
706 44 250
702 47 251
699 49 252
697 46 257
693 53 254
684 53 263
684 48 268
684 47 269
688 46 266
687 41 272
688 42 270
686 47 267
680 49 271
675 50 275
675 49 276
670 53 277
664 57 279
661 61 278
648 73 279
646 65 289
645 62 293
640 62 298
641 56 303
639 55 306
635 48 317
630 48 322
627 46 327
625 51 324
621 52 327
617 52 331
622 56 322
620 52 328
623 52 325
624 52 324
624 53 323
620 54 326
613 60 327
616 55 329
617 44 339
615 41 344
616 44 340
615 43 342
613 47 340
612 43 345
619 33 348
622 33 345
622 29 349
617 30 353
621 25 354
622 23 355
622 25 353
628 25 347
625 32 343
631 32 337
634 27 339
640 26 334
647 26 327
652 24 324
658 23 319
663 23 314
666 18 316
669 20 311
672 18 310
673 20 307
672 23 305
673 25 302
673 28 299
676 25 299
676 24 300
676 25 299
676 25 299
677 24 299
678 27 295
676 27 297
677 26 297
676 27 297
679 27 294
683 26 291
684 28 288
683 26 291
684 22 294
688 23 289
690 25 285
689 22 289
694 17 289
692 18 290
695 18 287
700 10 290
703 12 285
705 13 282
705 19 276
701 19 280
694 24 282
695 27 278
690 33 277
686 38 276
675 43 282
670 45 285
664 47 289
665 49 286
659 51 290
655 53 292
654 49 297
649 58 293
640 67 293
634 62 304
630 62 308
627 62 311
622 67 311
621 69 310
620 72 308
610 76 314
609 71 320
606 62 332
599 65 336
603 53 344
605 49 346
605 53 342
615 49 336
620 45 335
614 47 339
618 41 341
616 38 346
623 36 341
619 37 344
614 38 348
608 45 347
602 53 345
594 57 349
585 66 349
580 62 358
578 62 360
583 62 355
571 71 358
563 71 366
558 71 371
556 68 376
553 71 376
550 61 389
549 57 394
556 50 394
555 47 398
553 49 398
557 46 397
554 50 396
555 48 397
557 45 398
562 39 399
563 35 402
564 32 404
575 25 400
576 25 399
581 23 396
582 23 395
582 24 394
588 20 392
594 19 387
595 19 386
595 19 386
606 18 376
611 17 372
619 17 364
624 11 365
634 9 357
644 10 346
647 9 344
650 9 341
653 10 337
654 10 336
659 6 335
665 5 330
665 6 329
668 7 325
674 8 318
674 10 316
680 10 310
691 8 301
700 6 294
702 3 295
710 1 289
714 1 285
717 1 282
717 3 280
720 3 277
723 2 275
727 1 272
730 4 266
729 7 264
732 10 258
732 13 255
739 12 249
740 15 245
739 19 242
734 21 245
736 27 237
734 26 240
732 30 238
731 31 238
733 31 236
731 31 238
732 33 235
733 30 237
737 27 236
734 38 228
726 42 232
724 44 232
725 43 232
722 40 238
730 36 234
726 42 232
726 38 236
724 32 244
718 39 243
717 39 244
721 34 245
718 32 250
719 30 251
722 29 249
719 32 249
715 33 252
712 37 251
709 39 252
708 39 253
699 46 255
695 43 262
695 44 261
692 39 269
687 45 268
685 44 271
684 40 276
683 39 278
685 40 275
679 46 275
670 50 280
657 57 286
653 57 290
648 61 291
645 56 299
641 52 307
641 51 308
642 52 306
640 48 312
636 49 315
631 51 318
628 49 323
628 47 325
625 48 327
619 50 331
619 50 331
620 44 336
620 45 335
622 37 341
618 45 337
614 42 344
611 43 346
609 48 343
599 58 343
590 63 347
582 68 350
579 71 350
580 65 355
578 61 361
582 57 361
580 53 367
580 54 366
575 54 371
574 54 372
573 51 376
574 50 376
568 54 378
568 51 381
569 45 386
573 48 379
575 43 382
577 38 385
584 36 380
590 34 376
593 33 374
599 32 369
600 32 368
602 28 370
609 27 364
610 25 365
612 25 363
622 19 359
627 17 356
629 15 356
636 13 351
640 13 347
645 13 342
647 14 339
651 13 336
661 13 326
662 12 326
675 10 315
679 8 313
683 7 310
686 7 307
691 6 303
697 6 297
700 5 295
701 5 294
706 4 290
708 5 287
715 4 281
716 5 279
721 5 274
729 4 267
731 3 266
734 4 262
743 4 253
745 5 250
748 7 245
752 8 240
752 13 235
754 15 231
754 15 231
753 19 228
750 27 223
740 36 224
722 53 225
702 69 229
690 76 234
670 86 244
662 83 255
648 85 267
640 91 269
635 84 281
629 79 292
622 80 298
615 80 305
613 79 308
605 81 314
584 93 323
576 95 329
565 94 341
563 81 356
555 85 360
553 76 371
550 74 376
547 75 378
545 69 386
536 79 385
527 85 388
524 79 397
515 79 406
513 77 410
509 72 419
509 71 420
511 61 428
508 59 433
511 55 434
516 48 436
519 40 441
520 39 441
523 37 440
528 32 440
530 31 439
539 27 434
543 26 431
555 20 425
557 21 422
559 20 421
567 19 414
571 16 413
574 18 408
575 17 408
583 17 400
591 17 392
594 18 388
593 17 390
593 18 389
593 18 389
597 18 385
603 17 380
608 14 378
608 16 376
611 16 373
610 18 372
616 15 369
618 15 367
620 16 364
623 15 362
631 15 354
631 13 356
640 13 347
640 12 348
642 13 345
647 11 342
648 10 342
650 12 338
658 12 330
663 13 324
668 15 317
671 12 317
675 12 313
679 13 308
682 10 308
687 8 305
691 9 300
695 9 296
703 11 286
705 10 285
712 9 279
715 6 279
714 8 278
711 14 275
710 17 273
703 22 275
709 21 270
708 20 272
712 20 268
709 25 266
706 28 266
706 30 264
711 29 260
703 35 262
701 34 265
699 36 265
697 37 266
697 31 272
696 32 272
686 34 280
691 28 281
690 29 281
682 34 284
685 29 286
683 28 289
679 30 291
677 29 294
676 26 298
673 28 299
676 25 299
677 29 294
679 30 291
677 35 288
675 37 288
672 39 289
669 41 290
667 40 293
658 49 293
659 46 295
654 40 306
653 39 308
648 44 308
640 46 314
641 46 313
635 50 315
637 42 321
634 44 322
632 49 319
636 46 318
635 43 322
638 44 318
646 41 313
642 38 320
651 36 313
647 38 315
651 32 317
651 30 319
652 32 316
643 42 315
646 41 313
647 43 310
637 52 311
634 52 314
628 53 319
618 53 329
624 46 330
617 52 331
615 53 332
617 55 328
610 57 333
605 57 338
597 57 346
589 55 356
586 52 362
581 55 364
585 54 361
589 54 357
588 59 353
584 60 356
587 53 360
587 52 361
587 53 360
583 53 364
578 50 372
582 44 374
583 41 376
582 34 384
582 36 382
589 34 377
592 33 375
585 37 378
583 37 380
587 33 380
589 35 376
597 32 371
598 30 372
604 30 366
607 28 365
607 32 361
613 28 359
614 32 354
613 34 353
608 31 361
608 31 361
608 29 363
608 29 363
608 25 367
613 25 362
616 23 361
618 27 355
620 28 352
624 27 349
628 27 345
636 25 339
638 26 336
636 29 335
642 25 333
644 26 330
646 24 330
645 26 329
642 30 328
648 26 326
641 30 329
640 31 329
634 31 335
648 27 325
650 28 322
