997 3 0
997 3 0
997 2 1
996 2 2
992 5 3
986 10 4
978 17 5
961 30 9
950 36 14
930 51 19
907 67 26
874 88 38
851 103 46
822 114 64
797 119 84
787 112 101
763 117 120
736 124 140
702 140 158
676 148 176
654 165 181
629 170 201
600 184 216
574 176 250
559 172 269
551 154 295
542 148 310
535 142 323
523 134 343
522 125 353
524 110 366
533 101 366
535 86 379
531 78 391
533 78 389
534 73 393
532 74 394
533 73 394
532 64 404
535 64 401
531 69 400
533 58 409
535 50 415
536 48 416
531 49 420
535 47 418
532 49 419
527 44 429
530 45 425
535 44 421
534 43 423
540 40 420
543 34 423
550 33 417
554 25 421
561 23 416
561 19 420
566 18 416
572 19 409
576 16 408
584 14 402
589 14 397
598 14 388
606 15 379
614 14 372
621 12 367
624 9 367
625 10 365
637 9 354
643 8 349
652 9 339
659 10 331
659 10 331
661 10 329
670 9 321
676 6 318
680 9 311
681 8 311
686 7 307
687 7 306
693 10 297
700 10 290
701 13 286
703 18 279
700 22 278
700 26 274
702 26 272
700 23 277
705 19 276
708 20 272
712 23 265
708 23 269
705 26 269
706 29 265
705 24 271
705 24 271
705 24 271
708 23 269
710 21 269
711 20 269
713 22 265
718 18 264
717 20 263
721 16 263
724 14 262
727 14 259
729 13 258
727 14 259
728 17 255
723 23 254
723 25 252
717 30 253
707 33 260
704 35 261
700 42 258
695 38 267
694 42 264
693 41 266
687 43 270
679 49 272
676 52 272
670 55 275
669 51 280
662 52 286
658 51 291
657 52 291
659 48 293
657 49 294
651 53 296
651 59 290
649 54 297
650 48 302
653 48 299
648 54 298
646 57 297
641 59 300
634 58 308
627 61 312
625 55 320
629 44 327
627 44 329
630 39 331
634 37 329
637 33 330
643 29 328
648 25 327
654 22 324
655 20 325
666 17 317
668 18 314
671 18 311
673 15 312
675 15 310
678 15 307
680 12 308
687 9 304
691 9 300
694 7 299
698 5 297
700 4 296
706 3 291
710 3 287
713 4 283
713 7 280
715 10 275
714 16 270
717 15 268
715 15 270
716 15 269
718 18 264
719 21 260
718 23 259
721 18 261
723 20 257
725 21 254
717 28 255
713 28 259
713 30 257
709 32 259
701 39 260
701 37 262
700 37 263
695 38 267
691 34 275
690 32 278
691 34 275
692 34 274
690 38 272
682 44 274
680 43 277
673 44 283
674 41 285
676 43 281
673 41 286
675 39 286
667 40 293
668 34 298
661 40 299
660 38 302
659 37 304
655 37 308
653 35 312
658 34 308
656 35 309
659 32 309
659 27 314
661 28 311
658 33 309
655 32 313
656 28 316
661 24 315
662 26 312
663 25 312
667 23 310
664 23 313
668 22 310
672 20 308
676 18 306
676 22 302
682 23 295
680 26 294
679 28 293
684 26 290
687 26 287
689 24 287
694 22 284
694 20 286
693 23 284
695 19 286
699 17 284
701 17 282
701 21 278
705 18 277
710 17 273
708 21 271
712 18 270
714 17 269
715 17 268
714 20 266
722 18 260
723 18 259
723 20 257
731 20 249
731 23 246
735 22 243
737 24 239
741 22 237
746 20 234
744 21 235
744 21 235
747 20 233
748 20 232
747 18 235
746 22 232
746 19 235
748 20 232
746 23 231
746 23 231
742 24 234
739 27 234
744 28 228
743 29 228
740 32 228
737 37 226
736 35 229
727 39 234
729 38 233
724 35 241
719 37 244
718 33 249
719 34 247
718 39 243
718 33 249
711 38 251
705 37 258
697 36 267
698 38 264
692 49 259
689 48 263
685 47 268
684 43 273
674 50 276
670 53 277
666 57 277
658 54 288
652 53 295
644 57 299
642 56 302
629 64 307
620 67 313
618 61 321
613 61 326
610 59 331
613 54 333
603 54 343
602 47 351
603 46 351
605 40 355
612 37 351
617 37 346
621 33 346
625 30 345
632 28 340
637 28 335
640 28 332
647 20 333
647 19 334
646 16 338
646 18 336
651 19 330
652 20 328
658 19 323
667 20 313
671 18 311
673 16 311
675 17 308
679 15 306
684 15 301
693 16 291
698 18 284
701 18 281
701 18 281
708 17 275
708 13 279
704 18 278
703 20 277
706 18 276
707 16 277
712 12 276
712 11 277
716 12 272
721 13 266
721 14 265
721 14 265
726 14 260
732 13 255
732 15 253
735 14 251
734 14 252
735 15 250
738 17 245
739 14 247
741 14 245
745 12 243
749 10 241
752 10 238
756 8 236
758 9 233
761 8 231
765 8 227
763 9 228
764 10 226
758 15 227
761 12 227
763 13 224
758 16 226
756 18 226
760 19 221
760 22 218
760 22 218
763 21 216
765 20 215
767 18 215
765 19 216
768 17 215
769 16 215
775 17 208
777 12 211
775 10 215
775 8 217
774 10 216
777 9 214
777 8 215
783 11 206
783 12 205
786 12 202
788 12 200
788 16 196
785 18 197
786 16 198
787 16 197
789 14 197
785 17 198
784 16 200
783 21 196
784 19 197
780 22 198
776 23 201
776 27 197
775 28 197
774 29 197
771 30 199
768 34 198
762 34 204
764 33 203
762 37 201
756 40 204
756 38 206
752 36 212
751 36 213
753 40 207
751 38 211
747 36 217
745 36 219
737 39 224
732 33 235
730 39 231
728 40 232
728 39 233
727 39 234
726 41 233
722 35 243
716 34 250
718 28 254
715 29 256
715 27 258
716 29 255
719 29 252
717 26 257
722 25 253
722 20 258
726 21 253
724 23 253
723 23 254
724 24 252
725 21 254
725 24 251
725 22 253
724 25 251
724 24 252
723 21 256
725 17 258
728 17 255
734 18 248
741 17 242
743 16 241
746 14 240
749 12 239
754 12 234
756 9 235
763 8 229
762 9 229
761 10 229
760 10 230
762 13 225
761 15 224
761 16 223
759 17 224
759 15 226
760 14 226
765 13 222
765 12 223
766 13 221
764 17 219
766 18 216
762 22 216
760 22 218
754 26 220
747 30 223
749 31 220
746 33 221
744 28 228
742 33 225
742 32 226
738 39 223
732 42 226
729 48 223
720 50 230
709 54 237
703 59 238
692 65 243
682 71 247
667 79 254
655 77 268
648 74 278
640 71 289
631 77 292
631 70 299
630 60 310
631 55 314
627 55 318
627 52 321
627 51 322
627 44 329
637 39 324
639 33 328
636 33 331
637 34 329
642 32 326
646 27 327
647 30 323
643 34 323
652 31 317
650 32 318
652 33 315
649 32 319
653 30 317
653 31 316
653 29 318
657 24 319
658 27 315
658 28 314
658 22 320
663 19 318
668 22 310
671 21 308
674 21 305
677 18 305
680 17 303
678 14 308
680 12 308
687 12 301
694 8 298
701 6 293
706 6 288
708 5 287
712 4 284
715 5 280
720 4 276
721 3 276
726 2 272
733 2 265
740 1 259
746 2 252
755 1 244
758 1 241
762 1 237
765 1 234
767 3 230
769 3 228
770 4 226
776 2 222
777 1 222
782 1 217
783 2 215
782 5 213
779 10 211
770 19 211
766 21 213
767 19 214
768 16 216
771 16 213
772 17 211
768 19 213
770 20 210
764 27 209
759 31 210
751 37 212
747 41 212
740 46 214
732 50 218
725 52 223
718 56 226
709 56 235
696 61 243
691 61 248
692 59 249
688 59 253
684 59 257
681 63 256
678 63 259
673 61 266
670 57 273
672 46 282
669 39 292
671 36 293
669 37 294
667 36 297
665 38 297
664 37 299
658 43 299
660 36 304
665 29 306
669 28 303
663 31 306
664 30 306
669 27 304
665 31 304
665 35 300
656 39 305
653 39 308
654 41 305
656 41 303
655 42 303
659 40 301
650 42 308
653 40 307
655 37 308
656 37 307
659 36 305
660 34 306
663 31 306
664 30 306
666 28 306
668 30 302
665 33 302
673 29 298
674 30 296
675 28 297
672 30 298
675 27 298
673 26 301
673 21 306
670 27 303
669 25 306
671 29 300
665 40 295
656 40 304
653 41 306
648 39 313
643 39 318
633 50 317
620 57 323
611 66 323
602 75 323
597 74 329
591 71 338
583 73 344
570 76 354
559 86 355
553 85 362
542 82 376
541 77 382
530 82 388
530 74 396
529 74 397
530 66 404
527 66 407
522 62 416
525 53 422
530 45 425
530 42 428
529 38 433
532 41 427
537 35 428
541 30 429
546 30 424
552 27 421
550 28 422
552 26 422
549 30 421
557 27 416
562 26 412
564 23 413
569 21 410
576 19 405
579 21 400
578 19 403
583 15 402
594 18 388
598 20 382
600 21 379
604 21 375
607 21 372
605 22 373
604 24 372
601 29 370
606 29 365
608 28 364
602 32 366
603 34 363
602 35 363
598 40 362
596 44 360
596 47 357
593 48 359
588 45 367
583 51 366
578 52 370
577 50 373
577 45 378
576 43 381
578 41 381
583 40 377
582 36 382
588 28 384
588 32 380
590 30 380
587 30 383
586 28 386
586 27 387
584 30 386
582 33 385
585 30 385
588 23 389
596 21 383
603 19 378
609 13 378
606 16 378
608 18 374
611 19 370
613 22 365
612 23 365
616 21 363
621 20 359
631 17 352
633 15 352
640 15 345
640 18 342
647 18 335
652 19 329
655 16 329
658 17 325
657 19 324
655 16 329
659 13 328
661 9 330
665 10 325
671 9 320
674 10 316
681 8 311
683 10 307
683 11 306
689 10 301
693 10 297
695 10 295
698 11 291
696 16 288
702 17 281
705 15 280
703 20 277
701 19 280
696 23 281
692 32 276
686 37 277
684 37 279
682 35 283
679 32 289
681 35 284
679 34 287
677 30 293
678 31 291
677 31 292
680 30 290
682 29 289
686 28 286
694 21 285
699 19 282
702 18 280
706 18 276
706 19 275
708 19 273
706 23 271
708 23 269
708 23 269
712 27 261
708 29 263
706 35 259
697 43 260
688 50 262
677 54 269
664 63 273
660 67 273
657 63 280
651 57 292
646 60 294
644 56 300
641 51 308
643 45 312
641 47 312
644 50 306
645 47 308
644 46 310
640 49 311
640 46 314
638 43 319
642 45 313
635 55 310
637 51 312
639 47 314
637 44 319
636 42 322
635 44 321
631 43 326
633 40 327
628 46 326
626 47 327
623 45 332
625 43 332
625 42 333
626 36 338
631 34 335
634 30 336
632 29 339
640 27 333
642 25 333
646 22 332
653 20 327
653 23 324
655 22 323
660 19 321
668 19 313
668 20 312
670 17 313
667 19 314
668 23 309
670 25 305
676 21 303
673 24 303
671 27 302
667 29 304
661 34 305
654 40 306
651 45 304
645 53 302
635 56 309
624 60 316
616 70 314
602 77 321
579 88 333
563 102 335
550 102 348
538 103 359
529 100 371
525 88 387
529 84 387
532 82 386
532 74 394
540 65 395
545 67 388
543 65 392
541 71 388
538 67 395
537 68 395
533 68 399
531 64 405
525 65 410
527 60 413
527 54 419
533 51 416
535 45 420
541 39 420
531 47 422
532 41 427
535 41 424
537 37 426
542 37 421
543 30 427
543 27 430
552 23 425
551 27 422
559 29 412
559 26 415
561 27 412
567 23 410
570 26 404
565 32 403
566 30 404
565 35 400
565 42 393
560 46 394
559 48 393
556 45 399
557 42 401
553 44 403
553 45 402
544 50 406
548 48 404
557 39 404
554 41 405
555 42 403
554 43 403
550 38 412
555 32 413
558 33 409
567 28 405
569 24 407
572 20 408
571 18 411
572 17 411
569 19 412
570 22 408
572 24 404
572 28 400
575 29 396
580 25 395
582 26 392
583 24 393
591 24 385
595 23 382
600 24 376
601 22 377
603 27 370
602 28 370
603 31 366
600 36 364
596 35 369
592 40 368
590 40 370
592 44 364
597 43 360
597 44 359
593 51 356
598 49 353
599 45 356
596 48 356
596 46 358
595 45 360
598 36 366
593 34 373
587 40 373
587 42 371
584 44 372
587 42 371
589 43 368
590 39 371
589 37 374
599 30 371
599 29 372
599 29 372
605 29 366
612 25 363
615 25 360
621 24 355
623 18 359
630 17 353
637 12 351
646 12 342
650 11 339
660 10 330
661 10 329
666 9 325
668 10 322
670 12 318
670 11 319
673 10 317
680 9 311
681 8 311
682 7 311
688 7 305
696 4 300
704 3 293
709 3 288
711 3 286
714 4 282
716 4 280
723 4 273
732 5 263
736 6 258
743 5 252
748 5 247
751 5 244
756 3 241
764 3 233
768 2 230
771 2 227
775 2 223
777 2 221
777 3 220
778 4 218
779 4 217
780 4 216
782 3 215
786 2 212
785 4 211
788 3 209
789 3 208
790 3 207
790 4 206
793 5 202
793 6 201
796 5 199
799 7 194
802 7 191
803 8 189
801 10 189
805 12 183
816 12 172
812 13 175
811 15 174
809 19 172
804 21 175
799 22 179
789 32 179
780 40 180
776 46 178
764 52 184
753 59 188
738 72 190
721 82 197
706 95 199
688 101 211
672 109 219
659 108 233
649 103 248
630 107 263
623 97 280
615 97 288
612 91 297
601 88 311
593 89 318
582 93 325
574 89 337
571 83 346
566 82 352
567 76 357
566 66 368
570 58 372
572 57 371
571 57 372
566 58 376
