998 2 0
997 3 0
996 3 1
994 5 1
993 6 1
993 4 3
993 3 4
993 3 4
993 3 4
993 1 6
993 1 6
992 2 6
991 2 7
991 2 7
989 4 7
987 6 7
974 18 8
960 31 9
933 51 16
921 58 21
907 63 30
882 79 39
868 79 53
850 84 66
830 90 80
802 101 97
790 101 109
774 103 123
764 97 139
743 107 150
726 104 170
710 111 179
678 127 195
663 125 212
638 134 228
620 130 250
602 134 264
587 128 285
575 121 304
561 116 323
557 111 332
553 108 339
548 102 350
545 94 361
535 86 379
534 82 384
533 72 395
537 70 393
539 65 396
541 55 404
542 52 406
547 52 401
547 45 408
548 46 406
547 43 410
550 37 413
554 36 410
551 44 405
554 39 407
553 35 412
558 31 411
558 30 412
556 30 414
558 37 405
558 37 405
562 37 401
563 36 401
564 38 398
563 34 403
569 30 401
577 30 393
585 25 390
588 23 389
596 22 382
601 22 377
603 27 370
607 25 368
614 21 365
620 20 360
627 19 354
633 19 348
642 20 338
641 24 335
640 24 336
642 23 335
646 22 332
647 23 330
651 21 328
654 22 324
657 25 318
660 27 313
663 25 312
658 25 317
662 23 315
663 24 313
666 21 313
668 22 310
671 17 312
672 18 310
677 16 307
681 15 304
685 13 302
691 10 299
694 12 294
693 12 295
696 12 292
699 11 290
704 10 286
706 11 283
707 12 281
709 16 275
708 19 273
705 23 272
706 23 271
706 18 276
707 20 273
710 20 270
709 24 267
715 18 267
716 19 265
717 16 267
719 19 262
717 19 264
714 19 267
709 21 270
713 20 267
714 19 267
708 23 269
703 29 268
701 30 269
700 32 268
695 35 270
691 34 275
694 34 272
697 34 269
689 37 274
678 46 276
666 59 275
653 72 275
644 76 280
632 84 284
622 85 293
618 81 301
616 72 312
613 69 318
606 66 328
604 57 339
604 57 339
601 58 341
595 57 348
604 53 343
605 44 351
606 44 350
606 43 351
602 40 358
604 38 358
600 34 366
597 35 368
605 27 368
607 24 369
611 26 363
615 27 358
613 28 359
616 25 359
618 28 354
618 28 354
621 27 352
622 26 352
623 27 350
623 31 346
627 28 345
625 31 344
624 32 344
620 40 340
616 37 347
618 36 346
607 48 345
599 56 345
602 56 342
597 53 350
596 53 351
590 62 348
592 63 345
590 63 347
588 59 353
585 57 358
585 56 359
584 50 366
584 43 373
586 45 369
590 37 373
594 28 378
595 21 384
600 20 380
605 20 375
607 21 372
612 17 371
604 28 368
599 33 368
595 35 370
593 39 368
593 38 369
594 38 368
595 40 365
595 36 369
585 48 367
573 54 373
570 50 380
566 50 384
563 52 385
559 51 390
556 58 386
552 59 389
547 58 395
547 63 390
545 62 393
551 56 393
551 52 397
544 53 403
548 52 400
546 55 399
545 54 401
550 49 401
557 51 392
550 59 391
542 61 397
536 60 404
533 59 408
532 55 413
533 53 414
540 42 418
542 43 415
547 45 408
552 40 408
559 36 405
560 37 403
564 32 404
564 31 405
569 29 402
569 26 405
569 23 408
576 16 408
578 15 407
582 14 404
584 16 400
587 16 397
591 13 396
596 10 394
604 9 387
608 9 383
612 9 379
614 12 374
619 13 368
619 20 361
624 17 359
628 14 358
635 15 350
642 15 343
647 11 342
654 11 335
657 12 331
657 16 327
659 14 327
660 17 323
663 19 318
665 17 318
664 24 312
663 27 310
657 31 312
656 39 305
656 37 307
655 38 307
659 37 304
654 43 303
657 34 309
655 37 308
662 34 304
664 34 302
661 33 306
657 34 309
653 35 312
654 30 316
649 31 320
655 25 320
656 24 320
660 24 316
659 23 318
662 23 315
660 26 314
664 27 309
671 27 302
674 27 299
677 21 302
680 20 300
680 18 302
683 19 298
684 21 295
688 24 288
692 21 287
691 19 290
691 23 286
684 30 286
686 32 282
686 28 286
688 22 290
688 21 291
691 20 289
693 19 288
693 18 289
693 18 289
698 19 283
695 22 283
696 25 279
690 29 281
686 34 280
685 30 285
682 32 286
686 28 286
685 29 286
683 29 288
679 32 289
679 34 287
683 28 289
686 29 285
685 29 286
685 29 286
687 25 288
687 25 288
686 25 289
691 23 286
694 26 280
695 28 277
689 33 278
691 34 275
689 34 277
689 31 280
693 31 276
691 35 274
688 39 273
688 40 272
685 31 284
689 31 280
691 31 278
691 31 278
689 35 276
688 36 276
685 37 278
680 44 276
670 51 279
661 63 276
656 63 281
651 69 280
636 77 287
632 78 290
618 79 303
617 80 303
610 81 309
609 76 315
601 78 321
603 72 325
593 73 334
587 69 344
595 66 339
594 66 340
593 64 343
596 58 346
589 58 353
593 54 353
594 52 354
597 45 358
599 41 360
605 34 361
610 32 358
615 31 354
617 29 354
622 26 352
623 24 353
624 23 353
630 18 352
634 16 350
640 16 344
641 17 342
647 13 340
653 14 333
659 12 329
662 12 326
671 12 317
674 13 313
677 11 312
680 14 306
681 12 307
685 13 302
693 10 297
695 10 295
702 9 289
705 9 286
706 11 283
705 12 283
704 14 282
706 14 280
709 15 276
709 15 276
712 12 276
715 12 273
716 13 271
715 16 269
717 18 265
717 21 262
716 24 260
718 22 260
718 20 262
719 20 261
717 22 261
715 24 261
714 21 265
714 17 269
717 18 265
715 20 265
713 22 265
715 21 264
712 29 259
707 29 264
712 28 260
709 30 261
713 30 257
713 28 259
710 30 260
709 34 257
704 40 256
698 42 260
690 46 264
684 51 265
681 52 267
675 50 275
674 51 275
668 46 286
664 51 285
666 48 286
661 49 290
662 47 291
662 40 298
662 35 303
662 34 304
661 38 301
661 37 302
659 34 307
657 40 303
657 39 304
656 36 308
658 36 306
658 38 304
661 32 307
661 34 305
657 35 308
659 36 305
665 34 301
662 29 309
658 29 313
658 27 315
659 30 311
656 31 313
658 28 314
651 30 319
649 33 318
653 25 322
655 26 319
658 27 315
659 29 312
661 30 309
663 33 304
658 34 308
662 32 306
664 25 311
666 22 312
667 24 309
666 22 312
669 21 310
668 20 312
670 24 306
670 28 302
673 24 303
678 21 301
679 22 299
679 22 299
678 24 298
683 23 294
690 22 288
688 22 290
693 26 281
694 23 283
696 22 282
701 21 278
699 21 280
702 20 278
708 22 270
708 18 274
711 18 271
715 19 266
718 22 260
720 22 258
722 17 261
721 21 258
720 24 256
719 30 251
706 39 255
702 40 258
695 44 261
694 44 262
687 49 264
690 44 266
689 42 269
690 40 270
691 41 268
685 40 275
678 40 282
677 40 283
677 38 285
683 36 281
681 37 282
680 40 280
678 44 278
675 43 282
667 51 282
666 51 283
661 51 288
656 59 285
645 62 293
636 66 298
633 72 295
632 75 293
622 75 303
620 70 310
614 73 313
612 68 320
603 68 329
605 63 332
596 67 337
594 59 347
589 62 349
588 63 349
587 52 361
591 47 362
595 47 358
595 48 357
597 46 357
601 41 358
604 38 358
607 34 359
609 29 362
608 30 362
608 31 361
611 31 358
612 27 361
614 26 360
619 23 358
625 24 351
623 26 351
628 22 350
632 21 347
634 24 342
637 20 343
636 22 342
636 20 344
637 21 342
639 20 341
644 20 336
649 20 331
655 17 328
660 16 324
665 16 319
669 17 314
672 20 308
675 18 307
679 18 303
683 17 300
685 17 298
692 16 292
695 15 290
699 15 286
699 16 285
699 15 286
700 17 283
704 17 279
705 15 280
714 17 269
714 18 268
707 26 267
701 30 269
698 32 270
696 33 271
698 28 274
692 35 273
690 37 273
680 47 273
679 44 277
673 48 279
673 46 281
669 53 278
665 57 278
659 49 292
649 51 300
642 54 304
641 51 308
636 57 307
634 51 315
639 45 316
636 47 317
635 46 319
639 40 321
640 37 323
640 35 325
641 36 323
646 39 315
645 34 321
646 31 323
654 25 321
655 23 322
662 18 320
664 19 317
670 14 316
677 14 309
680 16 304
680 14 306
685 13 302
680 19 301
669 30 301
666 35 299
664 36 300
662 33 305
660 35 305
664 31 305
670 28 302
673 27 300
674 29 297
674 29 297
677 24 299
679 20 301
684 19 297
688 20 292
693 23 284
698 21 281
703 22 275
707 16 277
707 19 274
709 20 271
706 21 273
705 22 273
711 22 267
708 22 270
709 24 267
709 24 267
703 33 264
700 33 267
697 31 272
700 36 264
692 44 264
682 54 264
672 62 266
672 56 272
671 54 275
672 50 278
672 49 279
667 46 287
666 43 291
667 43 290
660 43 297
659 44 297
658 42 300
658 39 303
661 40 299
654 48 298
653 43 304
653 38 309
655 36 309
655 32 313
650 32 318
648 36 316
643 40 317
633 45 322
631 40 329
628 38 334
625 46 329
628 46 326
624 54 322
623 51 326
620 51 329
623 42 335
623 39 338
626 36 338
623 40 337
629 39 332
636 35 329
641 32 327
643 34 323
641 35 324
642 31 327
636 38 326
630 44 326
618 51 331
618 54 328
607 60 333
606 62 332
600 68 332
585 75 340
575 78 347
571 81 348
566 79 355
562 72 366
560 73 367
557 68 375
559 66 375
562 58 380
559 59 382
552 60 388
554 58 388
559 53 388
561 46 393
565 39 396
566 39 395
566 38 396
571 37 392
577 34 389
577 33 390
578 35 387
585 30 385
589 25 386
596 22 382
605 24 371
608 21 371
617 22 361
620 17 363
625 15 360
630 17 353
635 19 346
636 19 345
634 20 346
631 22 347
633 24 343
635 26 339
633 28 339
636 26 338
634 25 341
630 28 342
633 31 336
633 30 337
636 28 336
639 26 335
644 20 336
640 21 339
645 23 332
640 29 331
636 35 329
635 33 332
634 32 334
636 33 331
639 31 330
638 31 331
636 30 334
641 25 334
646 26 328
647 27 326
652 24 324
653 26 321
653 29 318
657 29 314
659 24 317
661 23 316
664 18 318
667 16 317
671 15 314
671 19 310
677 16 307
680 15 305
689 9 302
698 8 294
695 10 295
694 13 293
698 17 285
699 14 287
700 14 286
699 19 282
692 25 283
687 26 287
690 24 286
690 24 286
688 26 286
695 21 284
695 18 287
696 19 285
693 21 286
696 20 284
701 19 280
701 22 277
699 19 282
703 14 283
703 14 283
705 14 281
703 16 281
701 14 285
706 15 279
705 18 277
700 22 278
697 27 276
691 33 276
694 34 272
691 36 273
688 33 279
684 39 277
683 40 277
684 39 277
683 42 275
687 46 267
681 48 271
680 49 271
677 53 270
674 56 270
672 54 274
666 61 273
662 66 272
655 74 271
648 73 279
632 79 289
627 71 302
620 72 308
617 66 317
615 66 319
612 69 319
605 77 318
603 73 324
598 68 334
595 70 335
588 73 339
578 72 350
568 73 359
569 66 365
566 61 373
564 62 374
563 59 378
554 65 381
558 53 389
549 54 397
546 57 397
541 58 401
539 56 405
540 46 414
535 51 414
536 52 412
540 52 408
541 53 406
541 49 410
539 49 412
538 53 409
541 48 411
543 52 405
547 42 411
543 46 411
546 45 409
548 46 406
550 41 409
553 35 412
560 33 407
561 30 409
561 34 405
566 30 404
572 29 399
570 32 398
577 27 396
579 24 397
590 21 389
597 16 387
599 15 386
606 13 381
607 11 382
609 12 379
618 10 372
621 12 367
626 11 363
632 8 360
639 6 355
641 3 356
648 3 349
649 3 348
657 3 340
664 3 333
671 2 327
681 1 318
683 1 316
685 1 314
693 1 306
698 0 302
706 0 294
710 3 287
717 2 281
721 2 277
722 3 275
726 5 269
731 5 264
736 4 260
737 3 260
744 2 254
747 4 249
745 7 248
747 7 246
749 7 244
747 11 242
747 13 240
740 20 240
740 23 237
743 21 236
742 19 239
739 21 240
739 18 243
736 22 242
738 20 242
740 21 239
742 20 238
741 24 235
741 25 234
739 22 239
743 21 236
742 22 236
744 23 233
746 20 234
746 21 233
745 17 238
748 15 237
754 14 232
756 14 230
757 18 225
755 21 224
750 24 226
748 27 225
740 32 228
731 44 225
717 54 229
698 66 236
692 64 244
682 71 247
674 66 260
676 60 264
672 60 268
662 59 279
655 53 292
654 49 297
651 49 300
652 45 303
651 46 303
647 41 312
646 42 312
646 44 310
646 42 312
646 43 311
645 38 317
643 39 318
649 36 315
650 34 316
650 31 319
652 31 317
652 28 320
659 26 315
655 28 317
655 26 319
655 30 315
649 29 322
645 35 320
645 36 319
642 41 317
634 44 322
627 52 321
625 56 319
629 49 322
629 49 322
626 50 324
627 45 328
626 42 332
628 46 326
626 46 328
627 48 325
624 48 328
617 50 333
618 46 336
619 40 341
626 39 335
629 37 334
630 40 330
629 43 328
619 49 332
620 41 339
619 36 345
619 36 345
620 38 342
630 35 335
634 35 331
641 31 328
645 23 332
644 22 334
642 26 332
643 27 330
651 22 327
656 21 323
663 23 314
