998 2 0
997 2 1
997 2 1
997 1 2
997 1 2
997 0 3
998 0 2
998 0 2
998 0 2
998 0 2
998 0 2
998 0 2
995 3 2
994 1 5
992 3 5
985 10 5
980 11 9
975 15 10
962 24 14
946 39 15
917 65 18
889 81 30
875 81 44
835 108 57
800 127 73
767 142 91
743 135 122
714 150 136
686 156 158
666 156 178
646 160 194
632 154 214
614 146 240
596 146 258
583 139 278
582 132 286
574 124 302
570 104 326
569 95 336
564 89 347
564 81 355
562 81 357
560 73 367
565 71 364
562 71 367
566 66 368
574 59 367
576 56 368
576 55 369
576 53 371
576 48 376
585 41 374
585 37 378
584 35 381
587 34 379
590 37 373
593 36 371
598 33 369
600 30 370
606 27 367
609 26 365
610 25 365
616 27 357
620 28 352
621 27 352
625 22 353
626 24 350
633 25 342
634 24 342
634 31 335
638 29 333
642 26 332
647 24 329
650 25 325
651 29 320
653 24 323
659 22 319
663 21 316
669 20 311
672 17 311
676 16 308
676 17 307
679 18 303
677 22 301
678 23 299
674 28 298
669 37 294
668 37 295
657 43 300
658 43 299
654 52 294
646 65 289
643 65 292
633 71 296
629 71 300
619 77 304
612 74 314
597 83 320
592 80 328
590 77 333
585 73 342
581 71 348
585 63 352
584 56 360
586 55 359
580 59 361
585 50 365
586 50 364
579 56 365
577 53 370
577 50 373
583 48 369
585 45 370
590 42 368
591 42 367
588 45 367
591 43 366
591 47 362
601 47 352
599 47 354
603 45 352
608 36 356
608 34 358
603 35 362
600 38 362
602 33 365
604 35 361
599 39 362
605 38 357
607 30 363
614 28 358
619 24 357
623 24 353
625 20 355
629 20 351
627 19 354
628 17 355
628 14 358
633 11 356
637 10 353
646 10 344
650 10 340
657 10 333
662 8 330
666 8 326
670 7 323
673 7 320
676 6 318
677 7 316
681 8 311
681 10 309
684 9 307
686 8 306
691 6 303
691 7 302
695 5 300
703 4 293
712 2 286
715 2 283
724 1 275
728 1 271
731 1 268
737 2 261
743 1 256
748 1 251
749 2 249
754 3 243
757 3 240
757 5 238
757 5 238
758 8 234
756 11 233
758 10 232
758 12 230
758 13 229
761 12 227
759 12 229
758 14 228
755 16 229
752 20 228
750 21 229
745 25 230
738 32 230
736 34 230
739 35 226
735 35 230
731 35 234
725 40 235
711 45 244
714 44 242
710 42 248
706 38 256
696 42 262
690 42 268
685 49 266
679 54 267
670 64 266
657 73 270
650 68 282
645 62 293
639 63 298
642 59 299
632 60 308
635 50 315
637 39 324
633 43 324
631 38 331
635 36 329
640 36 324
638 31 331
634 33 333
633 34 333
631 31 338
632 33 335
632 30 338
633 30 337
636 29 335
639 24 337
648 24 328
650 26 324
655 24 321
658 22 320
656 20 324
659 21 320
665 18 317
663 22 315
665 24 311
667 25 308
669 24 307
671 25 304
670 26 304
674 22 304
676 24 300
680 23 297
682 24 294
681 28 291
681 32 287
677 35 288
677 29 294
678 28 294
676 29 295
679 29 292
683 26 291
685 27 288
690 24 286
690 24 286
694 21 285
696 20 284
699 18 283
698 16 286
703 15 282
708 11 281
711 9 280
716 8 276
722 8 270
727 6 267
730 5 265
734 6 260
740 6 254
743 6 251
751 7 242
756 7 237
756 4 240
756 4 240
756 5 239
762 6 232
767 6 227
767 6 227
766 7 227
765 11 224
764 14 222
767 13 220
768 13 219
772 13 215
777 11 212
776 13 211
776 11 213
776 9 215
778 8 214
781 8 211
782 8 210
787 11 202
792 10 198
794 8 198
795 8 197
798 6 196
800 3 197
803 3 194
802 5 193
802 5 193
803 7 190
804 5 191
802 9 189
803 13 184
806 11 183
807 13 180
810 10 180
812 10 178
813 7 180
816 5 179
822 5 173
828 5 167
831 4 165
834 4 162
841 4 155
841 5 154
845 4 151
846 4 150
851 4 145
855 4 141
858 2 140
858 2 140
864 1 135
867 0 133
870 0 130
874 0 126
874 2 124
875 1 124
876 1 123
878 1 121
879 1 120
882 1 117
884 2 114
886 4 110
884 6 110
883 9 108
882 10 108
877 11 112
872 11 117
870 12 118
870 9 121
869 8 123
868 9 123
867 10 123
864 12 124
858 18 124
847 27 126
845 22 133
842 23 135
835 31 134
831 31 138
822 38 140
810 44 146
805 46 149
797 53 150
783 59 158
771 67 162
757 75 168
745 80 175
732 86 182
709 93 198
697 93 210
681 97 222
666 102 232
658 94 248
650 89 261
641 81 278
633 79 288
624 78 298
622 70 308
614 69 317
621 61 318
619 66 315
618 65 317
617 59 324
617 55 328
610 59 331
609 60 331
606 62 332
603 63 334
601 65 334
592 68 340
586 69 345
584 69 347
581 62 357
567 68 365
564 61 375
562 60 378
559 53 388
561 48 391
563 53 384
563 50 387
561 49 390
560 38 402
566 40 394
568 35 397
568 34 398
571 29 400
578 27 395
582 25 393
591 20 389
599 21 380
605 20 375
611 19 370
621 16 363
621 18 361
626 17 357
628 15 357
635 14 351
636 16 348
640 17 343
644 19 337
643 19 338
643 19 338
648 18 334
649 13 338
643 22 335
644 28 328
637 34 329
637 34 329
636 36 328
640 32 328
646 29 325
646 27 327
647 31 322
648 32 320
647 29 324
645 33 322
638 38 324
634 42 324
631 51 318
627 50 323
621 48 331
619 54 327
614 55 331
608 57 335
605 54 341
608 55 337
609 56 335
605 50 345
602 50 348
598 56 346
596 58 346
595 56 349
591 53 356
596 47 357
599 46 355
595 48 357
591 44 365
591 44 365
586 47 367
583 52 365
583 47 370
583 48 369
583 47 370
583 50 367
578 53 369
578 53 369
580 53 367
578 50 372
579 56 365
578 52 370
569 55 376
572 52 376
567 51 382
563 53 384
557 59 384
551 64 385
558 56 386
558 57 385
565 45 390
571 37 392
572 37 391
576 32 392
576 32 392
584 32 384
588 27 385
595 19 386
593 22 385
591 21 388
593 20 387
595 18 387
600 17 383
605 15 380
612 13 375
617 11 372
624 8 368
627 8 365
631 9 360
635 10 355
637 10 353
638 9 353
644 9 347
652 11 337
657 13 330
660 15 325
665 16 319
658 25 317
662 23 315
663 24 313
659 32 309
661 31 308
660 34 306
654 36 310
648 45 307
640 56 304
640 48 312
634 49 317
634 53 313
636 43 321
635 41 324
635 41 324
631 38 331
632 36 332
628 35 337
621 40 339
616 46 338
611 55 334
608 54 338
606 50 344
605 53 342
600 54 346
597 58 345
596 60 344
593 58 349
592 53 355
590 51 359
582 56 362
575 58 367
574 55 371
578 54 368
582 51 367
586 50 364
588 45 367
584 41 375
590 38 372
587 38 375
591 31 378
595 29 376
595 32 373
597 31 372
596 32 372
599 32 369
601 33 366
599 36 365
607 32 361
609 25 366
607 24 369
606 21 373
610 22 368
611 21 368
614 20 366
615 22 363
616 21 363
616 22 362
619 19 362
617 20 363
626 14 360
628 14 358
630 12 358
634 11 355
635 14 351
633 15 352
637 13 350
639 16 345
640 17 343
638 19 343
638 21 341
638 18 344
645 19 336
651 19 330
651 22 327
649 26 325
644 29 327
645 29 326
637 37 326
636 36 328
635 34 331
631 31 338
630 29 341
633 28 339
626 34 340
624 35 341
609 50 341
608 44 348
602 49 349
601 45 354
599 45 356
597 47 356
598 45 357
600 44 356
599 45 356
602 44 354
602 44 354
608 41 351
606 41 353
615 38 347
612 40 348
610 40 350
611 41 348
611 44 345
607 40 353
606 39 355
610 35 355
612 32 356
606 37 357
613 32 355
614 30 356
618 29 353
617 31 352
618 32 350
621 30 349
622 32 346
619 36 345
616 37 347
615 35 350
619 35 346
619 34 347
624 31 345
627 30 343
627 32 341
627 31 342
629 34 337
624 37 339
621 40 339
627 43 330
624 46 330
625 45 330
628 43 329
626 41 333
628 43 329
625 41 334
627 41 332
625 45 330
631 41 328
635 37 328
636 37 327
635 34 331
632 35 333
630 32 338
629 34 337
632 35 333
633 36 331
629 36 335
627 37 336
626 39 335
629 37 334
628 41 331
626 46 328
616 55 329
610 54 336
610 49 341
605 52 343
602 46 352
602 39 359
605 37 358
611 36 353
616 28 356
620 22 358
622 21 357
622 22 356
625 21 354
630 20 350
634 21 345
640 22 338
638 25 337
641 25 334
646 26 328
648 27 325
655 21 324
656 20 324
661 21 318
664 21 315
666 21 313
665 23 312
667 20 313
671 21 308
672 20 308
676 16 308
680 12 308
687 12 301
694 11 295
697 9 294
700 10 290
700 10 290
703 9 288
709 6 285
710 5 285
709 9 282
714 7 279
716 9 275
714 12 274
717 14 269
727 17 256
727 23 250
728 22 250
730 26 244
732 17 251
734 17 249
741 11 248
744 12 244
740 16 244
737 21 242
734 27 239
728 32 240
719 36 245
710 41 249
709 39 252
705 39 256
700 42 258
695 45 260
682 51 267
673 61 266
672 60 268
669 57 274
657 65 278
659 62 279
654 60 286
651 59 290
655 56 289
649 56 295
644 56 300
642 53 305
632 56 312
633 52 315
630 49 321
633 47 320
634 43 323
634 45 321
634 39 327
631 42 327
631 41 328
627 48 325
625 46 329
628 44 328
616 46 338
620 47 333
624 45 331
625 41 334
619 43 338
625 37 338
627 38 335
627 38 335
630 35 335
629 34 337
632 34 334
635 34 331
630 35 335
629 33 338
628 36 336
632 33 335
631 36 333
624 44 332
622 37 341
621 36 343
624 32 344
621 31 348
614 35 351
613 38 349
615 37 348
616 37 347
614 38 348
613 37 350
612 35 353
622 28 350
626 25 349
631 25 344
631 27 342
636 25 339
636 22 342
638 19 343
639 21 340
642 19 339
643 22 335
648 25 327
657 21 322
655 21 324
660 17 323
669 16 315
670 16 314
665 17 318
669 17 314
671 15 314
674 15 311
675 15 310
683 14 303
685 11 304
689 11 300
690 9 301
694 10 296
696 11 293
697 13 290
697 13 290
700 11 289
704 9 287
704 10 286
707 11 282
709 12 279
711 11 278
713 9 278
719 10 271
723 11 266
723 10 267
729 12 259
732 8 260
735 8 257
737 9 254
738 8 254
737 9 254
739 11 250
743 8 249
747 7 246
746 10 244
747 8 245
745 12 243
752 11 237
751 14 235
752 12 236
750 14 236
754 12 234
756 11 233
761 11 228
767 10 223
766 12 222
767 14 219
772 13 215
770 16 214
773 14 213
773 15 212
776 14 210
778 15 207
779 16 205
776 16 208
777 16 207
778 15 207
774 19 207
773 20 207
770 25 205
769 27 204
765 33 202
759 33 208
762 29 209
759 33 208
756 37 207
757 34 209
755 34 211
750 37 213
747 36 217
741 36 223
737 40 223
735 39 226
732 39 229
731 38 231
730 37 233
723 41 236
726 38 236
719 40 241
719 39 242
717 41 242
719 37 244
719 36 245
722 33 245
719 34 247
721 32 247
717 38 245
723 35 242
725 38 237
722 34 244
723 36 241
715 40 245
715 37 248
715 34 251
714 34 252
709 33 258
711 27 262
713 27 260
711 26 263
711 28 261
711 28 261
711 27 262
705 31 264
705 35 260
705 34 261
705 33 262
705 31 264
703 34 263
701 38 261
696 41 263
693 44 263
690 42 268
687 40 273
685 42 273
683 41 276
685 40 275
679 37 284
681 34 285
683 35 282
685 34 281
683 29 288
680 25 295
684 23 293
679 25 296
680 25 295
680 30 290
678 34 288
675 36 289
678 32 290
677 31 292
678 30 292
680 32 288
680 32 288
679 31 290
682 33 285
683 29 288
680 35 285
683 34 283
685 31 284
683 33 284
681 32 287
681 31 288
673 41 286
673 42 285
669 45 286
662 45 293
661 48 291
654 48 298
648 56 296
646 53 301
642 52 306
643 52 305
638 54 308
642 44 314
639 45 316
631 47 322
630 45 325
627 45 328
628 46 326
630 43 327
632 38 330
633 36 331
633 33 334
632 37 331
636 36 328
640 33 327
641 36 323
645 35 320
648 31 321
649 29 322
655 30 315
655 32 313
653 32 315
652 32 316
652 32 316
653 33 314
652 29 319
656 26 318
659 21 320
668 16 316
672 13 315
682 12 306
681 13 306
685 13 302
688 13 299
693 14 293
696 16 288
699 17 284
704 16 280
705 17 278
711 14 275
712 15 273
711 14 275
707 15 278
707 15 278
710 16 274
713 17 270
719 17 264
714 20 266
714 22 264
711 28 261
711 32 257
709 30 261
703 31 266
705 31 264
694 40 266
695 41 264
701 34 265
705 30 265
707 35 258
704 30 266
701 31 268
699 38 263
698 37 265
698 36 266
700 31 269
698 30 272
697 29 274
694 33 273
696 32 272
697 30 273
697 28 275
699 29 272
695 34 271
693 30 277
694 31 275
688 38 274
682 42 276
682 38 280
668 48 284
657 58 285
645 69 286
641 70 289
