998 2 0
998 2 0
997 3 0
993 7 0
986 13 1
980 16 4
971 21 8
958 30 12
946 41 13
928 54 18
901 73 26
873 93 34
839 116 45
821 114 65
794 123 83
771 122 107
759 110 131
743 108 149
721 116 163
699 127 174
682 127 191
672 118 210
656 115 229
645 114 241
638 107 255
632 106 262
622 102 276
617 96 287
612 94 294
607 96 297
608 84 308
604 83 313
603 71 326
597 72 331
591 71 338
576 77 347
569 82 349
560 76 364
558 81 361
552 87 361
555 73 372
552 71 377
550 75 375
551 76 373
546 70 384
551 65 384
549 60 391
550 59 391
547 64 389
534 76 390
524 81 395
516 86 398
522 75 403
515 74 411
511 70 419
512 70 418
512 65 423
516 61 423
517 55 428
519 53 428
520 44 436
523 41 436
525 37 438
526 33 441
525 31 444
528 26 446
533 21 446
539 22 439
544 20 436
548 19 433
550 20 430
551 18 431
554 18 428
565 20 415
576 17 407
578 14 408
582 13 405
585 14 401
586 12 402
592 13 395
597 13 390
608 12 380
613 11 376
619 11 370
625 9 366
634 9 357
644 8 348
645 8 347
652 9 339
656 10 334
659 9 332
665 8 327
674 8 318
678 8 314
679 8 313
683 9 308
686 7 307
692 5 303
698 4 298
702 4 294
704 4 292
709 5 286
713 4 283
714 5 281
721 5 274
725 5 270
726 5 269
725 6 269
729 8 263
734 8 258
737 8 255
737 6 257
739 6 255
743 5 252
748 4 248
753 3 244
760 3 237
763 3 234
768 2 230
773 2 225
777 2 221
781 1 218
783 1 216
786 1 213
787 0 213
788 0 212
792 0 208
796 0 204
797 0 203
799 0 201
801 0 199
806 1 193
806 3 191
807 3 190
809 3 188
810 3 187
809 7 184
811 9 180
805 15 180
799 23 178
782 34 184
775 36 189
768 40 192
763 39 198
753 45 202
752 44 204
756 39 205
754 39 207
756 39 205
753 39 208
751 41 208
743 45 212
741 46 213
732 45 223
730 42 228
730 45 225
726 50 224
721 53 226
719 51 230
710 55 235
703 59 238
701 55 244
696 52 252
693 53 254
688 59 253
684 57 259
686 46 268
686 49 265
679 52 269
675 53 272
672 56 272
665 58 277
663 49 288
665 40 295
669 36 295
678 34 288
680 34 286
681 38 281
679 38 283
674 37 289
673 36 291
676 36 288
676 35 289
674 35 291
672 33 295
666 42 292
659 42 299
664 38 298
663 38 299
653 43 304
658 40 302
657 39 304
659 36 305
661 36 303
659 34 307
656 36 308
661 34 305
663 32 305
668 26 306
669 25 306
676 23 301
672 25 303
667 28 305
663 26 311
665 26 309
669 27 304
669 29 302
660 35 305
658 37 305
656 36 308
651 39 310
649 41 310
647 38 315
638 48 314
631 56 313
628 55 317
621 57 322
618 55 327
613 56 331
615 54 331
624 51 325
624 48 328
622 53 325
622 44 334
617 43 340
616 44 340
620 44 336
620 42 338
620 46 334
618 40 342
616 41 343
616 40 344
619 36 345
619 32 349
625 34 341
626 31 343
628 28 344
629 28 343
629 28 343
629 28 343
635 23 342
643 18 339
644 17 339
649 18 333
653 17 330
657 19 324
656 17 327
659 14 327
662 12 326
658 17 325
663 13 324
667 13 320
671 16 313
676 12 312
684 13 303
689 13 298
696 9 295
700 8 292
704 8 288
706 7 287
710 5 285
716 5 279
720 5 275
722 4 274
722 4 274
726 2 272
734 2 264
736 2 262
742 2 256
745 2 253
752 2 246
756 0 244
759 0 241
766 0 234
770 0 230
775 0 225
772 4 224
777 4 219
781 5 214
784 4 212
789 5 206
789 6 205
792 7 201
795 7 198
796 7 197
801 7 192
803 5 192
808 3 189
812 2 186
812 3 185
813 5 182
814 4 182
820 4 176
819 5 176
817 7 176
822 7 171
824 10 166
830 6 164
832 7 161
829 9 162
830 9 161
830 9 161
833 9 158
833 8 159
833 9 158
830 13 157
832 16 152
832 16 152
827 21 152
822 24 154
823 24 153
817 22 161
813 22 165
812 21 167
810 25 165
808 24 168
807 24 169
800 29 171
786 40 174
781 43 176
777 40 183
772 39 189
770 40 190
765 42 193
756 42 202
750 40 210
751 38 211
741 43 216
737 47 216
722 60 218
701 74 225
681 82 237
662 98 240
647 102 251
631 107 262
612 119 269
604 116 280
591 115 294
576 115 309
558 120 322
550 115 335
543 118 339
536 112 352
526 112 362
525 103 372
512 110 378
508 104 388
508 92 400
506 82 412
505 78 417
500 70 430
501 58 441
501 57 442
494 53 453
502 48 450
501 51 448
502 47 451
501 45 454
508 40 452
512 38 450
515 37 448
524 33 443
533 28 439
540 29 431
542 24 434
547 24 429
546 28 426
541 34 425
539 39 422
538 40 422
542 43 415
546 42 412
557 40 403
563 33 404
568 30 402
573 25 402
582 25 393
587 23 390
593 22 385
603 19 378
606 15 379
608 14 378
616 14 370
619 15 366
625 16 359
628 15 357
632 12 356
639 11 350
643 13 344
648 10 342
651 10 339
658 8 334
662 8 330
664 8 328
667 10 323
667 11 322
675 10 315
680 12 308
682 13 305
680 12 308
684 12 304
685 14 301
681 16 303
679 13 308
684 14 302
685 16 299
686 16 298
687 15 298
688 15 297
688 15 297
690 14 296
696 13 291
702 12 286
710 11 279
711 11 278
715 13 272
717 14 269
717 13 270
721 9 270
729 9 262
735 7 258
738 6 256
740 5 255
742 5 253
744 6 250
745 5 250
742 11 247
748 8 244
752 8 240
751 10 239
751 12 237
751 9 240
753 10 237
753 16 231
743 24 233
741 22 237
745 20 235
747 18 235
746 21 233
744 22 234
742 22 236
742 23 235
741 25 234
737 30 233
734 32 234
735 24 241
733 28 239
729 31 240
725 32 243
724 33 243
726 27 247
718 32 250
718 36 246
717 38 245
719 38 243
718 39 243
714 43 243
710 45 245
709 47 244
704 46 250
700 48 252
696 49 255
690 46 264
690 41 269
685 40 275
682 40 278
682 36 282
680 34 286
682 37 281
681 36 283
675 38 287
677 39 284
676 39 285
677 40 283
675 40 285
678 33 289
678 34 288
683 37 280
677 41 282
679 37 284
681 32 287
682 29 289
684 28 288
684 33 283
678 36 286
680 31 289
684 27 289
684 28 288
686 27 287
686 27 287
684 27 289
684 25 291
689 20 291
688 19 293
685 22 293
682 26 292
680 30 290
678 31 291
667 41 292
665 42 293
665 40 295
657 48 295
655 47 298
650 53 297
649 53 298
642 52 306
646 50 304
645 50 305
649 50 301
644 49 307
648 46 306
655 43 302
653 39 308
659 36 305
661 38 301
661 37 302
667 32 301
670 27 303
673 26 301
676 25 299
677 25 298
681 27 292
681 24 295
684 17 299
683 17 300
684 19 297
688 17 295
689 14 297
697 11 292
698 10 292
700 10 290
706 12 282
709 10 281
713 12 275
720 10 270
726 7 267
725 12 263
731 11 258
729 10 261
733 6 261
735 5 260
736 7 257
741 7 252
742 9 249
741 13 246
741 15 244
739 15 246
737 16 247
739 19 242
738 22 240
738 26 236
734 26 240
727 33 240
720 42 238
710 47 243
699 50 251
690 55 255
682 57 261
675 53 272
670 56 274
673 52 275
670 51 279
666 52 282
664 51 285
667 43 290
674 40 286
674 40 286
668 47 285
666 39 295
663 37 300
666 36 298
669 36 295
671 24 305
673 24 303
676 23 301
683 23 294
688 17 295
690 17 293
689 22 289
690 22 288
690 24 286
686 27 287
681 31 288
681 30 289
685 28 287
687 28 285
683 35 282
677 38 285
674 39 287
675 36 289
673 37 290
669 32 299
661 32 307
657 34 309
658 36 306
658 41 301
657 41 302
656 41 303
656 42 302
653 35 312
656 35 309
655 32 313
656 36 308
652 38 310
651 35 314
647 37 316
639 41 320
641 42 317
646 41 313
642 41 317
640 36 324
641 36 323
640 35 325
644 33 323
643 37 320
639 33 328
640 28 332
642 29 329
642 29 329
644 27 329
639 31 330
641 30 329
642 34 324
644 30 326
642 31 327
642 35 323
641 35 324
640 33 327
638 34 328
640 33 327
635 37 328
637 31 332
638 27 335
645 29 326
646 33 321
641 36 323
637 42 321
641 40 319
639 33 328
641 31 328
644 30 326
645 29 326
650 32 318
648 30 322
648 28 324
651 32 317
653 35 312
654 34 312
653 35 312
656 33 311
655 29 316
659 28 313
653 36 311
650 33 317
654 27 319
656 28 316
660 28 312
665 29 306
663 27 310
662 24 314
665 24 311
669 25 306
669 25 306
668 30 302
670 31 299
667 32 301
662 31 307
660 36 304
663 37 300
661 40 299
662 42 296
658 43 299
653 39 308
649 36 315
648 38 314
646 41 313
646 42 312
643 44 313
646 37 317
646 30 324
650 28 322
652 29 319
648 31 321
652 35 313
648 38 314
653 35 312
651 38 311
652 31 317
649 36 315
647 42 311
642 47 311
641 43 316
638 44 318
632 50 318
628 48 324
628 50 322
626 55 319
617 54 329
614 54 332
609 53 338
609 48 343
606 48 346
602 50 348
596 52 352
598 50 352
598 49 353
597 46 357
601 41 358
603 41 356
610 34 356
614 31 355
617 29 354
619 25 356
623 23 354
627 22 351
628 25 347
629 24 347
629 26 345
622 31 347
623 33 344
628 33 339
627 37 336
628 35 337
627 30 343
627 33 340
624 32 344
624 31 345
619 38 343
616 37 347
620 35 345
625 34 341
622 38 340
626 39 335
623 44 333
621 46 333
615 53 332
614 53 333
612 48 340
613 45 342
609 47 344
609 48 343
612 47 341
615 51 334
614 51 335
614 58 328
615 58 327
621 56 323
616 50 334
617 54 329
615 57 328
611 54 335
608 49 343
608 46 346
610 47 343
607 47 346
606 49 345
598 52 350
605 54 341
610 51 339
610 47 343
609 47 344
614 40 346
611 38 351
610 41 349
619 34 347
621 34 345
625 32 343
624 31 345
628 33 339
632 31 337
628 32 340
625 40 335
620 41 339
616 42 342
619 40 341
618 43 339
613 44 343
616 39 345
624 35 341
626 35 339
630 36 334
630 33 337
633 29 338
641 28 331
643 27 330
646 26 328
644 25 331
645 23 332
644 23 333
649 24 327
655 24 321
654 23 323
659 21 320
662 17 321
664 16 320
665 19 316
666 20 314
669 20 311
672 19 309
672 18 310
672 18 310
676 19 305
679 17 304
680 19 301
680 23 297
684 22 294
683 24 293
687 21 292
684 21 295
684 20 296
683 22 295
685 23 292
684 24 292
689 25 286
690 23 287
692 18 290
695 16 289
700 15 285
702 16 282
703 17 280
706 19 275
710 15 275
712 18 270
710 19 271
703 27 270
705 27 268
707 28 265
703 28 269
697 34 269
698 32 270
697 34 269
698 31 271
692 34 274
688 38 274
683 45 272
681 43 276
676 45 279
669 49 282
669 42 289
668 43 289
664 43 293
658 40 302
663 36 301
663 32 305
665 30 305
668 26 306
670 22 308
671 23 306
679 21 300
682 23 295
682 24 294
683 21 296
686 23 291
689 23 288
687 28 285
682 31 287
688 28 284
686 28 286
685 31 284
680 34 286
676 35 289
679 31 290
679 30 291
685 24 291
686 22 292
684 25 291
686 23 291
687 20 293
691 19 290
696 14 290
701 11 288
704 11 285
707 7 286
706 7 287
706 7 287
710 7 283
716 7 277
722 6 272
723 7 270
723 7 270
726 9 265
730 8 262
734 7 259
741 6 253
745 3 252
750 4 246
754 3 243
757 2 241
761 2 237
767 2 231
767 2 231
774 2 224
777 3 220
777 6 217
777 6 217
777 7 216
777 9 214
771 14 215
767 18 215
767 18 215
765 23 212
765 24 211
757 33 210
756 34 210
751 38 211
748 35 217
747 32 221
744 31 225
745 32 223
740 31 229
730 40 230
727 38 235
719 45 236
709 54 237
704 54 242
700 61 239
700 54 246
695 47 258
692 49 259
686 51 263
682 57 261
682 55 263
677 59 264
672 65 263
666 69 265
658 72 270
649 73 278
641 72 287
635 71 294
624 77 299
613 80 307
609 74 317
597 80 323
593 70 337
591 66 343
589 66 345
589 57 354
587 51 362
586 47 367
587 40 373
591 33 376
595 32 373
595 26 379
596 26 378
600 27 373
604 25 371
610 25 365
615 24 361
625 19 356
626 18 356
628 17 355
626 15 359
630 11 359
634 10 356
635 13 352
634 15 351
635 16 349
634 19 347
629 25 346
629 32 339
629 34 337
632 27 341
633 25 342
631 26 343
631 30 339
635 33 332
634 34 332
637 32 331
635 29 336
631 35 334
636 32 332
640 31 329
639 28 333
639 27 334
642 26 332
649 22 329
647 27 326
653 24 323
657 19 324
658 23 319
658 20 322
658 20 322
659 20 321
663 24 313
660 30 310
660 31 309
663 32 305
658 38 304
663 32 305
659 34 307
656 39 305
654 44 302
650 51 299
643 52 305
635 55 310
637 53 310
635 61 304
632 57 311
631 57 312
630 56 314
627 50 323
