997 3 0
996 3 1
992 7 1
992 6 2
992 3 5
992 3 5
992 3 5
992 2 6
993 2 5
992 3 5
991 5 4
990 6 4
990 7 3
988 9 3
988 9 3
987 10 3
985 10 5
982 8 10
981 6 13
981 6 13
981 6 13
978 8 14
976 8 16
973 11 16
971 13 16
964 16 20
951 27 22
934 41 25
916 55 29
894 74 32
865 95 40
837 112 51
796 131 73
742 162 96
700 179 121
662 193 145
639 192 169
613 180 207
592 186 222
579 174 247
569 169 262
553 172 275
542 164 294
533 158 309
521 148 331
505 137 358
497 127 376
487 128 385
480 120 400
473 110 417
472 100 428
466 105 429
465 99 436
466 89 445
465 81 454
463 71 466
462 63 475
467 57 476
465 55 480
474 51 475
481 48 471
488 48 464
494 41 465
497 37 466
503 34 463
515 32 453
515 31 454
518 28 454
524 21 455
529 21 450
538 16 446
544 17 439
545 20 435
552 18 430
561 20 419
566 17 417
577 14 409
584 13 403
584 15 401
586 16 398
593 13 394
599 13 388
604 13 383
611 8 381
617 7 376
625 7 368
630 8 362
635 4 361
639 4 357
638 5 357
643 6 351
646 6 348
651 9 340
647 13 340
647 15 338
650 17 333
651 17 332
648 24 328
638 33 329
633 42 325
632 42 326
632 46 322
631 43 326
628 43 329
629 41 330
632 40 328
631 44 325
628 47 325
630 34 336
633 38 329
633 41 326
637 35 328
636 37 327
637 39 324
634 34 332
636 30 334
636 30 334
638 33 329
642 28 330
642 28 330
647 27 326
649 27 324
661 22 317
658 21 321
663 22 315
657 25 318
660 21 319
662 18 320
667 20 313
663 25 312
661 23 316
655 26 319
658 24 318
656 26 318
656 32 312
655 33 312
663 28 309
665 25 310
666 22 312
665 18 317
669 17 314
674 16 310
676 16 308
680 16 304
682 11 307
681 10 309
682 10 308
685 9 306
695 8 297
703 10 287
706 9 285
704 12 284
707 14 279
709 10 281
713 7 280
717 7 276
721 5 274
723 7 270
724 8 268
728 8 264
730 9 261
737 6 257
739 6 255
742 6 252
746 5 249
748 7 245
749 7 244
749 10 241
752 12 236
750 14 236
754 16 230
749 21 230
750 14 236
752 13 235
749 17 234
745 20 235
741 27 232
741 28 231
738 28 234
737 30 233
732 28 240
729 34 237
726 34 240
713 46 241
703 54 243
699 55 246
697 59 244
696 56 248
690 58 252
690 56 254
685 54 261
684 56 260
678 57 265
668 64 268
657 69 274
650 65 285
640 69 291
636 68 296
621 69 310
623 64 313
619 64 317
616 67 317
607 72 321
596 72 332
590 73 337
589 71 340
587 66 347
585 65 350
588 60 352
587 58 355
592 53 355
586 52 362
587 51 362
585 48 367
584 46 370
585 44 371
584 42 374
586 41 373
590 38 372
599 37 364
600 34 366
607 32 361
608 30 362
616 29 355
612 32 356
617 32 351
623 30 347
629 30 341
634 30 336
632 29 339
640 28 332
640 28 332
641 28 331
644 31 325
649 30 321
650 32 318
650 34 316
653 30 317
651 34 315
654 28 318
651 28 321
651 30 319
654 28 318
655 27 318
660 26 314
665 22 313
667 22 311
671 23 306
676 24 300
678 23 299
680 22 298
680 23 297
680 24 296
678 23 299
679 21 300
678 25 297
684 22 294
684 24 292
684 28 288
684 32 284
685 32 283
684 32 284
683 33 284
681 36 283
678 37 285
674 36 290
673 39 288
667 43 290
668 37 295
665 43 292
661 46 293
658 42 300
659 41 300
658 37 305
649 45 306
641 46 313
637 44 319
631 44 325
627 46 327
625 45 330
623 41 336
621 41 338
627 43 330
631 41 328
623 45 332
627 39 334
632 39 329
632 39 329
636 36 328
634 34 332
633 33 334
636 35 329
633 35 332
631 35 334
632 36 332
633 38 329
636 40 324
628 45 327
626 43 331
624 44 332
622 42 336
624 40 336
626 33 341
628 31 341
636 29 335
640 28 332
642 25 333
649 23 328
654 23 323
656 20 324
658 20 322
659 19 322
661 16 323
664 17 319
668 19 313
672 18 310
678 16 306
675 14 311
676 14 310
676 15 309
675 21 304
676 22 302
674 23 303
673 20 307
674 21 305
669 25 306
679 20 301
682 19 299
685 16 299
690 15 295
691 14 295
689 19 292
684 25 291
692 22 286
689 30 281
681 36 283
674 40 286
670 42 288
669 40 291
664 46 290
654 55 291
650 55 295
648 58 294
640 64 296
631 64 305
624 61 315
625 54 321
623 48 329
622 50 328
622 51 327
619 48 333
613 52 335
609 50 341
608 50 342
611 47 342
607 49 344
611 43 346
615 40 345
608 43 349
610 39 351
613 38 349
610 37 353
616 33 351
619 33 348
623 32 345
623 29 348
622 27 351
625 21 354
631 21 348
629 22 349
631 24 345
633 23 344
632 27 341
637 26 337
633 34 333
637 33 330
644 31 325
646 33 321
645 33 322
648 29 323
650 28 322
657 26 317
661 27 312
658 30 312
656 30 314
657 29 314
665 27 308
670 28 302
672 26 302
674 23 303
678 22 300
680 22 298
683 21 296
676 29 295
669 33 298
671 37 292
668 39 293
672 36 292
664 39 297
663 37 300
661 32 307
656 40 304
655 40 305
645 42 313
644 42 314
646 39 315
646 39 315
640 38 322
636 40 324
635 38 327
635 41 324
634 38 328
635 39 326
640 36 324
643 36 321
647 33 320
648 30 322
655 28 317
654 25 321
661 23 316
662 24 314
661 24 315
658 21 321
660 22 318
657 24 319
658 23 319
661 26 313
664 24 312
670 21 309
676 17 307
677 18 305
678 18 304
673 20 307
675 24 301
672 29 299
675 28 297
674 27 299
671 28 301
672 30 298
675 29 296
676 29 295
678 31 291
685 30 285
686 25 289
685 24 291
686 23 291
686 25 289
686 29 285
684 28 288
683 25 292
683 22 295
684 22 294
684 23 293
682 21 297
671 29 300
671 33 296
664 40 296
659 40 301
659 38 303
647 50 303
643 54 303
637 56 307
632 60 308
632 63 305
626 67 307
628 65 307
622 65 313
617 65 318
614 66 320
605 72 323
600 69 331
592 68 340
590 63 347
587 57 356
583 60 357
584 58 358
585 59 356
588 50 362
590 48 362
586 54 360
591 45 364
593 42 365
599 38 363
602 32 366
599 35 366
593 42 365
592 42 366
594 35 371
600 32 368
602 29 369
608 27 365
614 24 362
616 25 359
620 25 355
622 24 354
628 24 348
629 23 348
635 22 343
640 28 332
643 25 332
646 26 328
643 32 325
649 27 324
649 27 324
648 27 325
654 21 325
656 21 323
661 18 321
666 14 320
670 15 315
673 14 313
676 13 311
678 14 308
681 13 306
686 9 305
689 7 304
693 7 300
701 7 292
709 6 285
712 7 281
715 9 276
714 12 274
722 15 263
723 16 261
722 16 262
722 19 259
721 23 256
717 25 258
716 24 260
717 27 256
710 30 260
705 35 260
701 37 262
692 42 266
689 44 267
680 50 270
669 58 273
659 59 282
657 55 288
652 60 288
649 61 290
644 58 298
639 58 303
625 64 311
624 60 316
625 61 314
616 63 321
616 53 331
618 47 335
610 52 338
603 59 338
599 57 344
594 64 342
587 65 348
580 63 357
576 62 362
563 65 372
566 63 371
562 65 373
553 72 375
552 67 381
544 70 386
542 71 387
538 73 389
537 68 395
535 65 400
537 62 401
534 64 402
531 63 406
535 61 404
538 56 406
537 53 410
533 55 412
535 50 415
541 50 409
546 48 406
543 54 403
545 50 405
541 53 406
544 51 405
549 49 402
546 50 404
546 46 408
552 41 407
554 36 410
558 35 407
562 35 403
566 31 403
574 27 399
582 22 396
581 25 394
586 23 391
591 22 387
592 22 386
594 18 388
597 16 387
602 17 381
606 12 382
607 14 379
614 13 373
619 13 368
624 13 363
628 12 360
630 14 356
633 14 353
639 9 352
640 9 351
651 8 341
654 9 337
660 8 332
662 7 331
669 7 324
673 7 320
673 9 318
678 9 313
686 6 308
689 7 304
692 9 299
693 10 297
700 10 290
702 11 287
704 10 286
708 9 283
711 6 283
717 5 278
719 4 277
721 5 274
724 4 272
728 4 268
729 6 265
732 7 261
735 5 260
736 6 258
734 11 255
736 12 252
737 13 250
739 15 246
743 16 241
742 20 238
743 23 234
742 23 235
743 24 233
738 27 235
735 29 236
727 35 238
727 36 237
727 35 238
720 39 241
712 39 249
709 41 250
702 50 248
698 47 255
695 47 258
693 48 259
688 48 264
683 47 270
674 52 274
670 54 276
663 57 280
657 56 287
654 54 292
650 55 295
651 54 295
648 58 294
640 66 294
634 64 302
630 56 314
630 56 314
630 45 325
632 41 327
627 37 336
632 30 338
634 26 340
640 23 337
639 24 337
642 20 338
645 18 337
650 17 333
651 18 331
658 16 326
659 12 329
666 11 323
668 10 322
670 10 320
671 14 315
676 14 310
673 16 311
675 20 305
674 25 301
671 26 303
672 27 301
667 33 300
660 44 296
647 54 299
636 56 308
630 51 319
629 39 332
635 32 333
639 30 331
640 28 332
641 25 334
644 26 330
650 20 330
656 17 327
653 19 328
654 21 325
660 15 325
663 15 322
669 16 315
670 15 315
671 15 314
676 12 312
682 12 306
687 12 301
684 15 301
688 13 299
694 12 294
697 10 293
704 11 285
709 12 279
713 13 274
717 14 269
722 13 265
725 12 263
730 11 259
728 16 256
730 17 253
729 21 250
728 18 254
723 19 258
720 25 255
718 30 252
712 32 256
717 31 252
719 28 253
718 26 256
720 29 251
722 25 253
723 23 254
722 25 253
724 27 249
723 32 245
726 33 241
723 34 243
726 32 242
722 38 240
722 37 241
725 33 242
725 32 243
719 36 245
717 37 246
711 40 249
699 52 249
689 59 252
680 63 257
667 67 266
662 68 270
654 73 273
648 74 278
634 79 287
618 92 290
609 94 297
602 91 307
593 87 320
579 96 325
565 99 336
551 103 346
546 94 360
543 91 366
541 89 370
538 80 382
533 75 392
531 71 398
534 66 400
534 59 407
530 57 413
530 60 410
538 54 408
537 51 412
536 50 414
538 49 413
539 49 412
537 50 413
539 48 413
540 50 410
541 49 410
539 48 413
542 43 415
547 39 414
547 44 409
553 43 404
551 42 407
552 35 413
563 34 403
565 36 399
567 34 399
571 30 399
576 27 397
583 29 388
588 32 380
595 30 375
603 27 370
604 28 368
616 24 360
619 25 356
624 23 353
627 22 351
627 24 349
630 23 347
636 22 342
635 26 339
637 26 337
643 29 328
644 30 326
645 32 323
644 33 323
639 36 325
639 32 329
642 31 327
644 30 326
635 36 329
631 40 329
636 38 326
636 37 327
636 32 332
637 32 331
635 28 337
636 29 335
636 32 332
633 36 331
633 37 330
628 37 335
629 41 330
628 42 330
631 36 333
631 37 332
633 38 329
633 31 336
633 27 340
641 26 333
639 28 333
642 27 331
644 27 329
644 22 334
650 19 331
650 20 330
652 21 327
654 22 324
652 28 320
647 31 322
649 28 323
646 29 325
645 31 324
649 32 319
651 35 314
652 31 317
649 32 319
654 30 316
654 31 315
654 32 314
652 35 313
651 37 312
655 36 309
654 40 306
653 40 307
650 46 304
643 49 308
640 51 309
632 55 313
619 63 318
609 66 325
608 63 329
601 67 332
587 75 338
585 76 339
578 77 345
578 73 349
577 74 349
579 66 355
576 65 359
579 58 363
584 55 361
588 49 363
588 46 366
586 42 372
586 42 372
593 38 369
593 35 372
592 37 371
596 38 366
597 39 364
597 35 368
601 37 362
605 34 361
605 35 360
604 36 360
604 41 355
610 35 355
618 31 351
621 29 350
621 27 352
625 23 352
625 23 352
633 21 346
635 20 345
635 20 345
637 18 345
640 18 342
639 20 341
647 17 336
648 17 335
656 14 330
664 15 321
670 13 317
670 15 315
676 12 312
686 11 303
688 12 300
688 10 302
689 8 303
689 8 303
691 8 301
693 8 299
691 12 297
696 11 293
695 11 294
697 9 294
702 7 291
702 9 289
710 10 280
711 11 278
712 13 275
710 12 278
711 10 279
712 10 278
713 10 277
715 11 274
717 10 273
721 14 265
722 16 262
719 21 260
717 21 262
708 28 264
704 35 261
697 43 260
691 46 263
684 49 267
675 56 269
672 55 273
668 59 273
659 62 279
654 59 287
648 64 288
646 59 295
642 53 305
645 43 312
640 45 315
638 48 314
640 46 314
638 46 316
635 42 323
635 39 326
636 33 331
636 32 332
636 37 327
626 47 327
626 48 326
624 45 331
622 43 335
616 49 335
621 43 336
617 42 341
617 42 341
611 41 348
613 42 345
618 41 341
620 37 343
614 40 346
618 41 341
621 39 340
618 42 340
619 41 340
609 46 345
610 47 343
614 36 350
614 36 350
614 35 351
615 39 346
614 37 349
619 36 345
624 35 341
630 27 343
629 22 349
637 22 341
642 24 334
641 28 331
647 21 332
649 18 333
655 17 328
659 18 323
664 15 321
