995 5 0
992 6 2
988 10 2
984 12 4
981 12 7
981 13 6
978 11 11
976 10 14
972 14 14
972 14 14
969 16 15
967 17 16
958 23 19
949 28 23
937 37 26
919 52 29
890 75 35
870 84 46
842 96 62
821 104 75
785 113 102
755 120 125
726 133 141
710 129 161
686 139 175
662 151 187
641 151 208
612 158 230
599 147 254
585 141 274
574 132 294
563 127 310
556 124 320
550 123 327
538 116 346
529 118 353
518 119 363
512 113 375
502 109 389
498 96 406
498 95 407
493 90 417
500 85 415
503 76 421
498 74 428
496 67 437
492 66 442
492 54 454
493 50 457
494 52 454
498 49 453
503 46 451
512 44 444
518 44 438
519 43 438
521 35 444
530 35 435
535 39 426
532 44 424
533 38 429
538 34 428
538 41 421
540 42 418
541 38 421
545 33 422
544 30 426
551 23 426
562 21 417
567 19 414
574 18 408
573 18 409
580 15 405
584 15 401
589 16 395
592 19 389
598 19 383
601 19 380
611 17 372
609 20 371
609 20 371
608 24 368
619 22 359
623 24 353
625 28 347
627 26 347
628 31 341
630 30 340
629 26 345
622 33 345
620 37 343
620 37 343
615 43 342
612 39 349
608 39 353
610 36 354
610 37 353
613 38 349
606 40 354
609 33 358
612 28 360
617 27 356
614 33 353
612 33 355
615 33 352
620 30 350
626 29 345
624 28 348
631 29 340
635 30 335
643 29 328
650 25 325
652 20 328
652 17 331
654 18 328
657 16 327
658 19 323
663 18 319
666 21 313
662 28 310
665 28 307
665 30 305
666 27 307
666 27 307
663 31 306
665 31 304
662 33 305
660 35 305
651 45 304
651 39 310
643 47 310
634 52 314
624 57 319
621 52 327
620 51 329
624 46 330
620 47 333
619 43 338
617 40 343
616 40 344
621 38 341
621 38 341
631 32 337
627 34 339
627 35 338
627 38 335
627 36 337
628 31 341
632 26 342
632 27 341
633 27 340
636 28 336
641 22 337
639 23 338
637 24 339
638 27 335
639 26 335
639 26 335
641 26 333
643 23 334
644 18 338
648 15 337
651 16 333
653 18 329
650 23 327
655 23 322
656 24 320
658 22 320
653 27 320
656 23 321
656 21 323
659 23 318
657 26 317
664 25 311
665 25 310
675 25 300
680 23 297
678 21 301
678 24 298
681 22 297
685 21 294
693 19 288
693 17 290
690 23 287
691 28 281
687 27 286
681 29 290
681 27 292
680 30 290
667 41 292
665 43 292
669 40 291
664 43 293
660 42 298
660 42 298
662 41 297
660 38 302
662 34 304
668 27 305
665 27 308
669 20 311
673 23 304
676 17 307
677 19 304
680 18 302
682 18 300
680 17 303
697 11 292
702 14 284
707 12 281
703 16 281
706 12 282
709 12 279
714 9 277
717 10 273
719 14 267
721 14 265
723 12 265
721 15 264
723 12 265
722 14 264
728 15 257
730 19 251
731 20 249
732 22 246
727 25 248
727 31 242
724 34 242
720 38 242
710 46 244
705 49 246
693 60 247
687 62 251
681 65 254
670 71 259
664 66 270
657 67 276
653 74 273
651 70 279
636 75 289
632 74 294
630 72 298
629 63 308
630 62 308
625 63 312
624 61 315
621 58 321
622 55 323
623 51 326
619 52 329
613 58 329
613 60 327
610 63 327
610 69 321
606 65 329
596 70 334
587 72 341
574 77 349
578 62 360
566 57 377
563 57 380
564 53 383
569 45 386
571 38 391
577 34 389
577 33 390
579 32 389
582 31 387
584 26 390
586 26 388
589 23 388
591 20 389
587 28 385
591 31 378
592 30 378
593 32 375
599 28 373
600 27 373
602 24 374
601 23 376
601 22 377
604 21 375
609 17 374
619 15 366
626 13 361
632 12 356
633 17 350
636 14 350
638 12 350
645 12 343
652 11 337
654 12 334
657 14 329
659 17 324
660 18 322
666 21 313
662 27 311
654 35 311
650 32 318
646 35 319
642 41 317
639 40 321
643 36 321
644 35 321
638 41 321
635 44 321
638 37 325
637 38 325
644 33 323
646 30 324
649 33 318
650 34 316
651 32 317
652 33 315
652 28 320
650 30 320
652 30 318
649 28 323
654 28 318
653 27 320
657 26 317
659 26 315
660 29 311
666 29 305
667 25 308
675 25 300
674 28 298
677 24 299
676 28 296
675 27 298
671 32 297
673 29 298
674 29 297
671 29 300
672 26 302
671 27 302
665 35 300
662 40 298
660 41 299
652 49 299
642 51 307
637 60 303
632 56 312
630 56 314
632 54 314
629 55 316
630 53 317
631 50 319
626 49 325
626 48 326
628 42 330
626 45 329
622 51 327
619 53 328
616 50 334
620 46 334
621 45 334
621 39 340
619 39 342
621 38 341
621 37 342
626 36 338
629 32 339
634 26 340
636 22 342
638 21 341
640 20 340
638 23 339
635 27 338
635 25 340
637 22 341
640 23 337
645 22 333
646 19 335
652 15 333
651 14 335
657 16 327
658 14 328
660 12 328
667 12 321
671 16 313
672 16 312
676 15 309
678 16 306
678 18 304
681 19 300
685 18 297
689 18 293
687 18 295
686 20 294
688 17 295
689 15 296
692 15 293
691 17 292
693 18 289
690 24 286
680 31 289
675 33 292
672 38 290
672 40 288
673 43 284
664 45 291
651 59 290
644 63 293
633 69 298
621 68 311
623 70 307
624 69 307
613 73 314
610 71 319
610 70 320
609 66 325
610 56 334
612 59 329
609 54 337
614 46 340
616 42 342
619 35 346
618 35 347
619 34 347
621 37 342
623 37 340
624 35 341
621 39 340
622 38 340
622 43 335
624 40 336
628 38 334
628 38 334
631 34 335
636 35 329
636 33 331
643 25 332
642 27 331
646 28 326
645 30 325
646 29 325
644 31 325
644 34 322
642 33 325
639 31 330
650 27 323
649 26 325
653 26 321
650 30 320
649 29 322
640 36 324
640 39 321
636 43 321
631 45 324
623 53 324
620 55 325
618 49 333
606 54 340
608 54 338
606 52 342
608 48 344
608 47 345
612 44 344
619 36 345
619 33 348
629 32 339
630 25 345
635 22 343
643 18 339
642 22 336
643 24 333
642 27 331
644 27 329
644 24 332
639 31 330
639 35 326
635 36 329
635 31 334
635 38 327
636 40 324
633 37 330
630 40 330
626 42 332
624 41 335
620 40 340
616 47 337
619 43 338
616 51 333
612 47 341
615 41 344
618 40 342
622 36 342
625 34 341
627 30 343
631 31 338
634 29 337
637 25 338
646 20 334
649 20 331
650 23 327
655 16 329
655 21 324
652 22 326
651 26 323
651 28 321
646 31 323
645 30 325
647 30 323
645 30 325
646 30 324
652 24 324
653 29 318
652 31 317
647 36 317
640 40 320
640 36 324
641 39 320
642 38 320
644 36 320
644 39 317
641 43 316
632 46 322
628 51 321
622 48 330
618 51 331
612 50 338
612 52 336
611 49 340
605 54 341
604 56 340
602 52 346
603 41 356
604 42 354
606 37 357
607 33 360
608 35 357
605 37 358
608 35 357
602 41 357
608 41 351
613 37 350
616 31 353
616 28 356
619 24 357
623 28 349
627 24 349
625 24 351
625 29 346
625 30 345
628 26 346
626 26 348
631 25 344
635 24 341
639 22 339
643 19 338
649 18 333
645 18 337
649 17 334
652 13 335
653 13 334
653 17 330
652 22 326
655 28 317
643 34 323
642 38 320
635 43 322
627 49 324
625 45 330
621 43 336
630 41 329
628 39 333
631 45 324
629 43 328
623 45 332
628 44 328
626 41 333
622 43 335
624 38 338
616 45 339
619 42 339
618 41 341
616 40 344
612 35 353
615 33 352
624 30 346
622 33 345
619 30 351
627 27 346
631 26 343
634 29 337
637 28 335
641 25 334
642 26 332
648 23 329
650 20 330
658 21 321
661 18 321
663 15 322
663 22 315
665 24 311
659 29 312
667 22 311
667 20 313
672 21 307
670 20 310
673 18 309
675 16 309
670 23 307
669 26 305
668 26 306
670 31 299
667 36 297
670 32 298
670 28 302
675 26 299
679 25 296
682 23 295
683 26 291
678 29 293
679 24 297
679 26 295
672 30 298
668 33 299
657 43 300
653 41 306
648 39 313
649 45 306
645 47 308
635 55 310
632 55 313
627 58 315
628 57 315
625 54 321
623 52 325
628 49 323
628 53 319
622 54 324
614 55 331
613 52 335
615 52 333
611 50 339
614 46 340
613 37 350
612 36 352
612 32 356
617 30 353
629 30 341
632 27 341
634 28 338
637 26 337
634 21 345
634 19 347
640 17 343
640 18 342
648 18 334
649 19 332
649 21 330
651 21 328
655 19 326
660 20 320
663 17 320
665 19 316
668 18 314
671 17 312
676 16 308
681 14 305
689 12 299
694 12 294
698 13 289
698 14 288
704 16 280
702 17 281
696 19 285
691 25 284
696 25 279
693 28 279
692 33 275
684 42 274
684 40 276
681 40 279
679 35 286
678 36 286
677 37 286
677 33 290
670 33 297
668 30 302
670 29 301
673 22 305
670 24 306
667 27 306
670 24 306
672 25 303
681 25 294
685 25 290
688 26 286
691 31 278
687 34 279
685 30 285
689 30 281
693 27 280
696 29 275
700 25 275
699 21 280
700 18 282
704 18 278
712 16 272
715 17 268
720 20 260
720 21 259
716 26 258
718 24 258
708 32 260
705 33 262
704 32 264
700 34 266
699 37 264
696 43 261
691 40 269
695 38 267
688 43 269
684 40 276
683 35 282
678 42 280
675 34 291
678 25 297
686 24 290
687 25 288
687 25 288
689 22 289
689 24 287
695 22 283
694 24 282
694 27 279
693 27 280
695 26 279
693 28 279
695 26 279
694 28 278
693 28 279
695 32 273
690 36 274
682 41 277
686 37 277
689 31 280
685 33 282
681 34 285
681 35 284
682 37 281
683 38 279
681 33 286
690 29 281
695 26 279
699 25 276
704 24 272
706 27 267
703 30 267
703 33 264
701 38 261
699 40 261
693 47 260
692 44 264
691 45 264
678 54 268
674 56 270
674 56 270
670 61 269
668 55 277
666 56 278
668 52 280
665 59 276
659 59 282
660 55 285
652 59 289
644 59 297
635 59 306
637 63 300
637 61 302
636 53 311
634 55 311
634 48 318
634 47 319
631 45 324
634 42 324
634 39 327
637 35 328
644 33 323
651 27 322
650 28 322
654 26 320
654 22 324
663 19 318
666 20 314
672 14 314
676 13 311
679 11 310
682 12 306
683 11 306
684 14 302
688 11 301
690 10 300
695 10 295
698 10 292
701 11 288
702 13 285
708 15 277
714 16 270
715 19 266
718 14 268
719 9 272
721 7 272
722 10 268
726 10 264
731 12 257
730 13 257
739 13 248
743 13 244
743 17 240
744 18 238
748 15 237
750 16 234
751 16 233
746 19 235
748 21 231
747 24 229
747 28 225
739 37 224
734 41 225
730 34 236
723 34 243
725 30 245
722 33 245
718 32 250
713 36 251
708 40 252
705 37 258
695 42 263
689 42 269
685 44 271
674 51 275
664 58 278
653 56 291
653 54 293
650 54 296
646 55 299
641 54 305
637 58 305
634 59 307
631 62 307
629 62 309
629 57 314
626 49 325
630 48 322
633 48 319
633 42 325
627 46 327
628 45 327
632 44 324
637 37 326
640 36 324
646 34 320
644 37 319
637 41 322
641 39 320
637 41 322
640 34 326
643 27 330
642 25 333
648 20 332
649 22 329
645 28 327
651 29 320
648 28 324
650 26 324
653 26 321
648 30 322
640 34 326
635 38 327
631 44 325
626 47 327
623 47 330
632 38 330
634 30 336
631 31 338
631 32 337
633 31 336
636 32 332
632 37 331
631 37 332
632 39 329
631 42 327
627 39 334
629 34 337
628 40 332
625 43 332
626 40 334
628 40 332
630 40 330
630 34 336
630 37 333
625 44 331
622 42 336
614 44 342
616 39 345
618 40 342
619 43 338
627 40 333
625 42 333
623 43 334
619 44 337
619 42 339
618 44 338
627 42 331
630 38 332
629 37 334
624 41 335
621 41 338
618 40 342
617 40 343
615 40 345
623 36 341
623 36 341
623 33 344
621 31 348
623 31 346
630 26 344
629 30 341
628 30 342
628 33 339
623 33 344
626 30 344
623 32 345
623 32 345
623 32 345
625 30 345
630 34 336
630 32 338
632 32 336
637 30 333
638 33 329
635 39 326
628 38 334
625 38 337
624 33 343
619 33 348
620 34 346
614 40 346
620 33 347
616 37 347
616 39 345
617 39 344
612 44 344
612 42 346
613 36 351
605 39 356
607 37 356
614 32 354
620 30 350
622 26 352
628 26 346
633 21 346
642 17 341
649 16 335
650 17 333
652 18 330
648 22 330
649 27 324
650 25 325
649 26 325
654 28 318
654 27 319
659 25 316
663 26 311
666 27 307
669 30 301
672 28 300
668 30 302
670 29 301
676 23 301
672 32 296
666 29 305
671 25 304
670 33 297
667 32 301
670 33 297
668 34 298
663 33 304
653 44 303
656 38 306
659 37 304
650 43 307
648 43 309
641 49 310
631 52 317
634 46 320
639 42 319
646 41 313
651 33 316
652 30 318
654 28 318
655 27 318
652 29 319
645 32 323
645 35 320
649 33 318
646 32 322
646 29 325
