1000 0 0
1000 0 0
1000 0 0
1000 0 0
1000 0 0
998 2 0
996 3 1
992 6 2
991 7 2
987 11 2
980 17 3
963 29 8
935 50 15
908 65 27
881 87 32
853 100 47
818 116 66
783 130 87
758 140 102
734 146 120
711 143 146
677 161 162
652 155 193
632 167 201
606 171 223
586 165 249
562 160 278
551 149 300
545 139 316
531 133 336
527 125 348
525 112 363
518 104 378
514 95 391
515 86 399
517 86 397
516 76 408
519 74 407
524 76 400
526 68 406
527 62 411
533 55 412
530 59 411
534 48 418
537 48 415
538 48 414
544 48 408
540 51 409
537 46 417
538 44 418
531 47 422
530 48 422
537 43 420
533 45 422
531 43 426
530 39 431
534 41 425
533 45 422
540 41 419
543 44 413
544 42 414
543 42 415
542 46 412
546 48 406
543 48 409
543 49 408
537 60 403
540 57 403
537 57 406
539 52 409
544 45 411
550 35 415
545 40 415
554 36 410
552 39 409
551 38 411
557 37 406
555 32 413
562 32 406
566 30 404
568 22 410
578 21 401
581 23 396
581 25 394
580 23 397
583 20 397
584 20 396
587 21 392
594 21 385
586 29 385
585 40 375
582 41 377
582 39 379
587 38 375
580 42 378
581 48 371
579 50 371
573 52 375
568 56 376
566 57 377
560 60 380
562 52 386
562 51 387
561 50 389
554 53 393
551 55 394
545 59 396
538 65 397
537 65 398
541 60 399
540 48 412
542 41 417
544 43 413
551 44 405
552 41 407
555 39 406
561 33 406
559 31 410
565 29 406
565 30 405
571 29 400
573 30 397
575 31 394
577 33 390
576 42 382
575 42 383
578 35 387
579 33 388
590 32 378
591 31 378
591 27 382
598 29 373
603 23 374
605 23 372
611 20 369
615 18 367
622 18 360
624 17 359
622 23 355
623 21 356
628 22 350
625 25 350
629 26 345
634 25 341
640 22 338
641 26 333
644 25 331
643 25 332
645 25 330
645 26 329
645 31 324
650 28 322
649 26 325
648 27 325
649 26 325
652 27 321
651 28 321
647 29 324
639 35 326
642 35 323
642 37 321
646 28 326
651 24 325
649 27 324
647 28 325
649 27 324
651 26 323
647 29 324
651 28 321
650 27 323
653 25 322
651 26 323
657 27 316
655 27 318
654 31 315
650 33 317
656 31 313
657 31 312
661 25 314
664 23 313
666 22 312
667 22 311
667 23 310
672 19 309
675 21 304
679 16 305
686 16 298
687 16 297
690 15 295
692 19 289
691 23 286
694 21 285
694 23 283
691 28 281
696 29 275
697 31 272
698 32 270
695 35 270
688 38 274
683 39 278
684 38 278
676 44 280
671 43 286
666 46 288
656 49 295
647 59 294
649 47 304
645 53 302
638 55 307
645 49 306
643 42 315
643 38 319
636 41 323
632 40 328
629 41 330
621 47 332
618 40 342
614 44 342
617 40 343
609 46 345
611 39 350
611 35 354
613 38 349
618 35 347
619 34 347
618 35 347
621 28 351
625 26 349
618 33 349
618 36 346
619 39 342
618 38 344
624 40 336
625 38 337
624 36 340
626 35 339
627 33 340
627 31 342
628 30 342
632 29 339
637 26 337
639 25 336
639 27 334
642 24 334
644 23 333
653 18 329
661 19 320
662 21 317
660 30 310
652 36 312
647 42 311
643 46 311
633 56 311
622 57 321
616 59 325
613 62 325
611 63 326
602 70 328
599 70 331
597 62 341
597 65 338
588 71 341
581 65 354
573 69 358
571 69 360
565 75 360
553 79 368
553 74 373
549 75 376
548 73 379
542 77 381
541 74 385
540 69 391
543 62 395
543 55 402
546 56 398
551 53 396
554 49 397
556 50 394
561 50 389
559 46 395
557 47 396
562 47 391
560 44 396
561 40 399
564 37 399
567 31 402
576 31 393
576 34 390
577 30 393
582 27 391
585 27 388
586 25 389
593 25 382
599 22 379
603 20 377
613 16 371
622 14 364
627 14 359
629 13 358
636 12 352
638 10 352
641 10 349
643 10 347
649 11 340
649 11 340
649 11 340
651 8 341
658 7 335
660 6 334
666 6 328
670 9 321
680 11 309
678 19 303
678 16 306
674 21 305
678 19 303
680 21 299
673 26 301
670 24 306
667 28 305
666 31 303
653 41 306
649 45 306
635 57 308
632 64 304
625 60 315
624 57 319
620 60 320
625 55 320
620 53 327
611 59 330
611 57 332
613 52 335
606 51 343
601 49 350
597 46 357
601 40 359
606 33 361
609 32 359
606 36 358
608 33 359
610 28 362
608 30 362
605 29 366
607 28 365
605 23 372
606 25 369
612 24 364
618 18 364
625 17 358
625 18 357
630 18 352
636 20 344
637 22 341
638 23 339
636 27 337
638 24 338
638 24 338
644 22 334
647 20 333
655 22 323
656 26 318
653 27 320
651 28 321
652 27 321
660 26 314
662 22 316
667 24 309
669 19 312
674 20 306
678 20 302
678 23 299
682 23 295
682 20 298
686 19 295
684 25 291
683 25 292
684 27 289
682 28 290
685 27 288
687 25 288
687 26 287
681 30 289
681 30 289
676 31 293
675 29 296
671 31 298
674 27 299
673 30 297
674 28 298
672 32 296
667 40 293
663 46 291
656 50 294
649 59 292
642 60 298
638 58 304
627 61 312
615 69 316
610 65 325
605 62 333
607 58 335
603 53 344
606 47 347
599 50 351
600 47 353
602 44 354
596 43 361
596 42 362
595 40 365
593 39 368
596 35 369
596 31 373
598 29 373
603 27 370
607 26 367
612 24 364
615 26 359
614 27 359
622 23 355
625 21 354
625 24 351
618 27 355
609 34 357
609 36 355
608 41 351
602 47 351
599 49 352
599 48 353
597 47 356
597 47 356
600 45 355
599 47 354
596 43 361
595 48 357
596 39 365
602 30 368
605 28 367
604 25 371
604 29 367
600 33 367
601 34 365
603 35 362
603 35 362
603 32 365
599 35 366
594 41 365
592 46 362
595 44 361
592 46 362
594 42 364
599 37 364
594 41 365
603 41 356
599 42 359
588 53 359
594 47 359
592 49 359
588 46 366
588 45 367
585 47 368
582 52 366
577 57 366
572 61 367
564 61 375
560 57 383
559 50 391
560 50 390
562 43 395
564 36 400
578 30 392
583 24 393
588 25 387
587 29 384
588 27 385
590 28 382
592 30 378
594 31 375
585 43 372
580 51 369
585 51 364
580 50 370
573 54 373
572 54 374
572 47 381
570 47 383
569 47 384
571 50 379
571 50 379
577 43 380
581 42 377
581 42 377
581 42 377
582 39 379
580 38 382
583 36 381
587 31 382
588 32 380
592 31 377
592 31 377
598 23 379
601 21 378
610 18 372
614 17 369
613 17 370
615 20 365
620 20 360
624 18 358
630 18 352
638 21 341
629 35 336
633 33 334
637 33 330
633 40 327
634 36 330
633 38 329
623 35 342
619 42 339
621 41 338
615 43 342
615 42 343
616 39 345
628 32 340
626 33 341
627 32 341
621 36 343
620 37 343
620 35 345
623 30 347
617 38 345
613 41 346
610 42 348
608 47 345
603 45 352
603 47 350
612 42 346
614 41 345
614 41 345
616 45 339
616 38 346
621 36 343
622 32 346
623 32 345
622 31 347
624 27 349
623 28 349
624 28 348
622 32 346
619 37 344
619 37 344
616 40 344
613 44 343
611 47 342
605 49 346
599 53 348
593 59 348
594 53 353
590 56 354
592 51 357
587 56 357
588 59 353
584 62 354
586 60 354
592 51 357
592 45 363
593 38 369
597 32 371
599 34 367
601 32 367
603 31 366
608 26 366
614 25 361
610 32 358
607 38 355
609 37 354
611 38 351
611 32 357
614 30 356
616 30 354
614 30 356
618 24 358
620 25 355
626 26 348
621 30 349
623 33 344
619 37 344
616 39 345
612 36 352
611 36 353
612 38 350
618 33 349
623 31 346
623 30 347
622 32 346
626 29 345
628 30 342
629 29 342
631 29 340
630 31 339
631 30 339
628 36 336
623 39 338
622 39 339
622 36 342
622 34 344
624 34 342
622 35 343
622 35 343
625 30 345
626 28 346
630 27 343
623 31 346
620 40 340
618 49 333
609 56 335
601 61 338
588 70 342
585 70 345
584 65 351
575 67 358
566 71 363
567 72 361
566 75 359
561 73 366
553 71 376
553 64 383
556 63 381
551 67 382
549 68 383
545 59 396
545 61 394
545 58 397
549 55 396
551 54 395
552 53 395
556 51 393
552 46 402
558 45 397
561 40 399
570 37 393
567 40 393
565 40 395
567 35 398
567 35 398
569 23 408
577 20 403
575 24 401
579 25 396
579 24 397
582 26 392
584 23 393
585 26 389
588 26 386
589 25 386
594 22 384
601 28 371
603 23 374
607 22 371
616 21 363
623 21 356
623 24 353
620 29 351
624 26 350
629 28 343
629 26 345
627 29 344
625 32 343
624 34 342
620 31 349
622 31 347
625 29 346
624 32 344
628 31 341
629 28 343
630 27 343
636 24 340
640 24 336
642 28 330
640 27 333
638 27 335
639 29 332
639 31 330
648 26 326
652 26 322
653 27 320
651 28 321
648 31 321
648 34 318
650 32 318
653 30 317
656 28 316
658 32 310
660 25 315
663 23 314
661 22 317
664 15 321
668 17 315
674 15 311
680 12 308
673 20 307
679 18 303
680 14 306
680 17 303
687 15 298
693 17 290
699 14 287
699 19 282
698 18 284
702 17 281
704 18 278
706 20 274
712 20 268
710 24 266
713 23 264
710 27 263
704 33 263
700 32 268
693 43 264
695 44 261
681 52 267
673 58 269
661 60 279
654 57 289
651 58 291
647 57 296
643 61 296
637 68 295
636 57 307
631 61 308
626 62 312
610 67 323
611 63 326
609 56 335
611 55 334
610 51 339
612 43 345
610 42 348
607 46 347
605 40 355
606 36 358
604 37 359
608 26 366
613 25 362
616 24 360
617 25 358
622 21 357
625 20 355
627 18 355
626 23 351
628 25 347
628 22 350
636 20 344
645 19 336
644 22 334
646 22 332
650 26 324
652 27 321
656 25 319
654 26 320
654 28 318
653 30 317
654 30 316
650 33 317
643 42 315
639 41 320
637 44 319
631 47 322
632 42 326
632 41 327
633 43 324
633 39 328
635 39 326
638 34 328
638 31 331
640 30 330
643 26 331
650 22 328
653 19 328
660 23 317
658 24 318
665 22 313
667 20 313
671 23 306
672 20 308
675 18 307
676 20 304
678 20 302
679 17 304
680 18 302
680 16 304
684 19 297
680 23 297
684 22 294
687 23 290
683 25 292
684 22 294
681 26 293
682 29 289
680 26 294
676 31 293
676 30 294
672 33 295
674 39 287
670 42 288
671 43 286
668 43 289
673 39 288
666 38 296
665 32 303
665 32 303
664 33 303
660 29 311
659 31 310
653 34 313
658 27 315
661 23 316
658 25 317
665 23 312
668 22 310
666 18 316
671 14 315
681 13 306
682 11 307
683 16 301
688 18 294
686 18 296
681 22 297
680 25 295
679 26 295
679 27 294
677 31 292
674 32 294
675 24 301
676 22 302
685 17 298
688 13 299
691 11 298
694 12 294
698 13 289
698 13 289
697 12 291
696 12 292
693 14 293
694 16 290
693 20 287
694 21 285
689 29 282
690 31 279
677 42 281
663 54 283
654 63 283
638 72 290
625 78 297
618 79 303
618 69 313
611 67 322
603 67 330
597 61 342
597 66 337
594 68 338
588 74 338
590 69 341
588 70 342
591 66 343
587 63 350
584 62 354
590 53 357
591 45 364
595 40 365
598 34 368
599 33 368
603 31 366
604 29 367
609 27 364
610 23 367
615 22 363
615 21 364
622 19 359
626 16 358
633 17 350
638 11 351
644 12 344
645 15 340
642 18 340
643 22 335
647 26 327
640 33 327
644 33 323
640 39 321
635 43 322
629 44 327
629 46 325
629 44 327
632 40 328
638 42 320
637 38 325
635 44 321
631 46 323
635 47 318
631 51 318
630 50 320
629 51 320
626 45 329
625 49 326
616 50 334
611 51 338
609 48 343
617 49 334
622 38 340
625 38 337
626 38 336
632 34 334
634 26 340
639 23 338
641 22 337
649 20 331
651 19 330
649 20 331
655 20 325
655 18 327
662 13 325
663 14 323
670 15 315
675 12 313
677 11 312
678 10 312
681 9 310
688 8 304
692 8 300
701 5 294
706 5 289
710 5 285
715 5 280
717 6 277
719 8 273
724 8 268
725 9 266
729 9 262
730 10 260
732 10 258
735 9 256
734 12 254
736 14 250
735 17 248
739 18 243
739 20 241
740 22 238
737 22 241
741 24 235
738 25 237
735 28 237
726 31 243
725 31 244
723 31 246
717 34 249
713 35 252
709 36 255
702 44 254
700 42 258
693 42 265
691 38 271
694 36 270
694 39 267
692 39 269
689 40 271
684 45 271
678 51 271
675 45 280
668 47 285
662 48 290
651 54 295
655 51 294
650 55 295
642 57 301
643 52 305
639 54 307
636 51 313
634 46 320
631 46 323
625 46 329
623 46 331
619 44 337
616 44 340
618 43 339
617 45 338
614 46 340
613 46 341
615 41 344
613 43 344
609 46 345
604 50 346
608 46 346
605 42 353
610 38 352
602 40 358
603 43 354
608 42 350
605 42 353
604 41 355
608 38 354
