1000 0 0
1000 0 0
1000 0 0
999 1 0
998 2 0
995 5 0
992 7 1
987 11 2
980 15 5
978 16 6
970 24 6
964 28 8
951 40 9
944 40 16
929 52 19
900 74 26
881 77 42
862 71 67
846 76 78
832 70 98
822 70 108
813 73 114
808 69 123
801 72 127
790 67 143
777 74 149
769 71 160
760 74 166
746 76 178
728 87 185
720 88 192
710 76 214
691 86 223
683 78 239
678 76 246
670 76 254
662 73 265
656 73 271
656 66 278
647 70 283
642 69 289
636 73 291
623 77 300
617 80 303
611 76 313
605 70 325
609 60 331
611 58 331
610 56 334
602 56 342
601 56 343
599 59 342
597 63 340
596 60 344
591 61 348
591 59 350
584 68 348
586 62 352
592 50 358
595 44 361
600 45 355
605 40 355
605 42 353
611 38 351
614 34 352
619 32 349
622 29 349
624 26 350
626 29 345
628 30 342
632 25 343
636 22 342
637 22 341
645 18 337
652 14 334
659 14 327
665 12 323
671 11 318
675 11 314
682 12 306
683 10 307
690 7 303
695 6 299
701 7 292
707 6 287
711 5 284
721 4 275
725 2 273
730 3 267
738 2 260
743 2 255
745 2 253
749 2 249
753 2 245
753 2 245
758 2 240
762 2 236
765 3 232
766 3 231
771 2 227
771 3 226
776 1 223
780 1 219
784 1 215
787 1 212
791 0 209
791 1 208
794 0 206
795 0 205
800 0 200
806 0 194
811 0 189
812 0 188
814 0 186
819 0 181
823 0 177
830 0 170
835 0 165
838 0 162
848 0 152
851 0 149
853 0 147
858 0 142
859 1 140
860 1 139
861 1 138
861 1 138
863 1 136
864 2 134
868 3 129
869 3 128
871 3 126
872 3 125
874 2 124
876 2 122
879 2 119
881 2 117
883 1 116
884 1 115
886 1 113
886 1 113
887 2 111
889 1 110
892 1 107
898 1 101
897 2 101
898 3 99
899 4 97
898 6 96
897 5 98
897 7 96
897 12 91
890 17 93
884 23 93
881 24 95
878 27 95
872 31 97
867 30 103
857 38 105
852 38 110
845 39 116
835 45 120
826 53 121
811 58 131
794 66 140
784 67 149
770 68 162
758 72 170
748 75 177
737 88 175
721 90 189
708 90 202
698 84 218
687 93 220
673 97 230
666 98 236
653 104 243
640 104 256
636 100 264
628 99 273
623 97 280
617 99 284
609 100 291
597 98 305
586 107 307
577 101 322
575 88 337
578 79 343
579 68 353
569 73 358
571 67 362
571 61 368
569 64 367
567 58 375
564 55 381
560 55 385
561 52 387
564 44 392
567 47 386
572 39 389
575 36 389
576 35 389
576 38 386
576 38 386
578 38 384
580 35 385
579 39 382
584 37 379
584 33 383
582 35 383
589 35 376
590 38 372
589 38 373
593 37 370
596 36 368
598 33 369
599 31 370
603 26 371
604 26 370
605 24 371
608 19 373
613 14 373
620 13 367
623 10 367
633 9 358
639 10 351
643 9 348
653 6 341
654 6 340
659 5 336
667 5 328
671 6 323
675 5 320
678 6 316
683 7 310
694 7 299
700 8 292
702 10 288
705 9 286
707 12 281
712 12 276
713 12 275
717 11 272
717 16 267
719 16 265
719 20 261
719 20 261
721 19 260
724 18 258
730 18 252
729 15 256
734 11 255
739 11 250
739 12 249
741 12 247
742 12 246
739 18 243
740 20 240
742 19 239
745 19 236
744 17 239
745 19 236
746 17 237
744 18 238
744 17 239
749 13 238
748 14 238
752 13 235
748 13 239
751 12 237
753 10 237
754 9 237
758 8 234
757 11 232
754 15 231
754 19 227
757 17 226
758 20 222
756 17 227
757 15 228
759 12 229
758 14 228
755 17 228
753 16 231
750 17 233
746 22 232
746 21 233
749 21 230
749 23 228
748 22 230
748 22 230
749 22 229
753 22 225
754 22 224
757 20 223
758 17 225
759 16 225
759 13 228
765 13 222
772 16 212
774 15 211
777 15 208
780 15 205
781 19 200
775 23 202
778 20 202
779 16 205
776 19 205
772 18 210
773 18 209
778 21 201
777 20 203
777 19 204
776 20 204
778 21 201
781 17 202
782 19 199
783 18 199
786 17 197
789 19 192
795 20 185
792 19 189
793 17 190
790 20 190
792 19 189
796 14 190
795 14 191
797 13 190
799 10 191
801 9 190
806 8 186
806 11 183
807 8 185
808 12 180
810 11 179
813 12 175
816 11 173
815 12 173
814 13 173
814 11 175
814 9 177
812 9 179
817 8 175
814 9 177
815 9 176
815 11 174
812 15 173
814 14 172
814 10 176
815 10 175
816 10 174
814 12 174
814 14 172
810 19 171
810 21 169
805 25 170
796 33 171
793 32 175
784 32 184
778 38 184
775 41 184
771 39 190
761 41 198
757 43 200
755 41 204
753 35 212
747 40 213
747 40 213
740 43 217
738 48 214
737 50 213
736 44 220
736 37 227
735 31 234
735 26 239
737 23 240
738 23 239
738 22 240
739 23 238
738 25 237
743 26 231
739 32 229
737 30 233
734 33 233
740 33 227
737 34 229
734 35 231
736 35 229
732 39 229
731 36 233
729 39 232
727 39 234
730 40 230
734 30 236
734 29 237
729 32 239
730 30 240
726 34 240
726 35 239
723 33 244
718 38 244
722 39 239
716 42 242
713 43 244
708 46 246
705 46 249
703 46 251
701 44 255
693 52 255
684 54 262
682 50 268
684 49 267
681 48 271
674 52 274
670 50 280
665 53 282
661 53 286
649 66 285
649 66 285
647 61 292
646 61 293
642 58 300
640 57 303
640 51 309
640 52 308
635 55 310
628 55 317
626 59 315
624 65 311
620 58 322
623 52 325
622 53 325
615 53 332
611 55 334
604 55 341
599 59 342
597 61 342
595 61 344
591 51 358
588 50 362
587 44 369
588 46 366
582 48 370
583 48 369
582 51 367
582 44 374
580 43 377
581 47 372
589 44 367
587 43 370
595 40 365
599 39 362
601 35 364
604 32 364
605 32 363
609 33 358
606 26 368
606 25 369
608 27 365
615 24 361
622 24 354
627 17 356
632 20 348
636 17 347
646 16 338
656 14 330
660 12 328
666 11 323
663 12 325
666 13 321
675 14 311
675 13 312
673 14 313
674 16 310
677 18 305
675 21 304
678 19 303
681 15 304
680 16 304
679 17 304
683 18 299
688 21 291
690 22 288
692 19 289
693 15 292
694 16 290
702 13 285
704 13 283
706 10 284
717 8 275
719 5 276
723 7 270
727 8 265
726 8 266
731 7 262
736 7 257
742 7 251
742 9 249
743 8 249
745 6 249
753 4 243
755 3 242
752 5 243
755 7 238
755 7 238
757 7 236
759 7 234
760 6 234
764 6 230
766 5 229
768 7 225
771 8 221
775 7 218
775 9 216
780 12 208
784 11 205
787 10 203
789 9 202
789 9 202
788 10 202
789 8 203
789 9 202
791 11 198
791 11 198
790 9 201
789 9 202
792 8 200
798 5 197
799 4 197
800 4 196
800 4 196
804 6 190
801 8 191
797 12 191
801 11 188
798 11 191
800 12 188
798 15 187
799 16 185
799 16 185
793 21 186
793 23 184
791 21 188
791 26 183
795 25 180
787 32 181
782 35 183
773 40 187
768 38 194
764 41 195
757 47 196
754 46 200
746 48 206
742 47 211
735 49 216
731 52 217
729 52 219
725 52 223
721 51 228
713 59 228
708 57 235
706 58 236
697 59 244
689 64 247
684 64 252
686 56 258
687 55 258
677 62 261
671 65 264
667 66 267
659 64 277
660 58 282
664 51 285
665 47 288
659 47 294
660 45 295
657 49 294
653 55 292
647 49 304
644 50 306
647 48 305
645 47 308
644 46 310
645 42 313
649 38 313
649 37 314
648 33 319
649 33 318
651 31 318
647 34 319
651 32 317
651 34 315
651 31 318
652 31 317
653 29 318
652 28 320
658 27 315
656 28 316
653 28 319
652 31 317
657 29 314
658 31 311
656 29 315
662 27 311
667 27 306
668 27 305
666 22 312
674 19 307
674 22 304
675 20 305
677 17 306
680 13 307
685 13 302
690 11 299
688 14 298
689 13 298
692 11 297
693 11 296
696 11 293
699 11 290
702 14 284
704 17 279
710 15 275
709 15 276
707 17 276
706 19 275
706 20 274
707 20 273
710 20 270
711 23 266
712 16 272
716 13 271
716 11 273
719 13 268
716 16 268
719 16 265
722 16 262
726 20 254
724 21 255
725 17 258
726 14 260
725 13 262
733 11 256
737 11 252
742 13 245
742 13 245
747 14 239
749 15 236
749 14 237
750 17 233
748 18 234
748 15 237
751 14 235
753 13 234
754 12 234
757 12 231
755 14 231
757 13 230
755 14 231
763 12 225
762 9 229
769 8 223
771 6 223
768 9 223
770 7 223
773 6 221
773 4 223
774 4 222
775 4 221
777 2 221
779 1 220
786 1 213
790 1 209
797 0 203
799 0 201
801 1 198
805 1 194
805 2 193
808 5 187
812 4 184
815 3 182
819 3 178
823 4 173
823 5 172
826 5 169
828 7 165
829 8 163
834 9 157
834 12 154
836 14 150
838 11 151
837 14 149
838 13 149
837 12 151
836 13 151
835 14 151
836 13 151
834 15 151
833 13 154
837 12 151
837 10 153
840 9 151
838 11 151
837 14 149
839 14 147
837 17 146
838 15 147
838 16 146
837 18 145
838 16 146
838 15 147
840 13 147
837 13 150
836 13 151
837 14 149
840 13 147
835 17 148
835 19 146
834 15 151
832 15 153
832 11 157
832 14 154
833 14 153
832 13 155
827 17 156
822 19 159
819 19 162
820 22 158
820 24 156
811 28 161
807 27 166
804 32 164
801 31 168
800 26 174
798 29 173
793 31 176
789 27 184
784 29 187
784 24 192
783 22 195
784 19 197
780 20 200
786 18 196
783 20 197
789 17 194
788 20 192
788 20 192
788 20 192
787 24 189
787 24 189
791 21 188
788 22 190
783 23 194
782 24 194
785 18 197
780 22 198
779 21 200
783 22 195
779 21 200
770 27 203
770 25 205
773 25 202
774 25 201
773 23 204
771 24 205
767 27 206
771 23 206
772 21 207
773 19 208
770 21 209
771 19 210
767 24 209
770 24 206
771 25 204
774 27 199
772 27 201
774 23 203
772 28 200
770 29 201
767 29 204
764 31 205
764 31 205
763 29 208
761 29 210
757 32 211
756 28 216
754 27 219
748 32 220
742 36 222
733 44 223
729 45 226
724 42 234
718 40 242
718 41 241
720 39 241
719 39 242
717 43 240
721 47 232
715 50 235
704 63 233
700 60 240
691 63 246
688 64 248
675 70 255
671 61 268
668 61 271
663 62 275
658 66 276
656 66 278
652 71 277
648 68 284
637 75 288
627 75 298
623 80 297
611 86 303
606 84 310
605 74 321
595 76 329
596 74 330
586 71 343
587 67 346
585 60 355
585 60 355
581 62 357
581 61 358
574 61 365
569 65 366
566 59 375
566 54 380
561 50 389
562 45 393
565 44 391
570 42 388
575 40 385
578 31 391
575 29 396
576 28 396
582 31 387
581 30 389
585 27 388
585 27 388
589 30 381
592 27 381
600 24 376
609 20 371
612 20 368
618 20 362
620 20 360
623 19 358
629 20 351
629 19 352
629 19 352
634 15 351
641 15 344
643 15 342
647 15 338
649 14 337
655 11 334
655 13 332
656 14 330
660 14 326
659 16 325
660 20 320
661 17 322
661 18 321
665 16 319
666 14 320
669 16 315
676 18 306
679 17 304
683 16 301
687 17 296
687 17 296
690 15 295
696 16 288
698 14 288
698 14 288
701 13 286
705 9 286
711 9 280
714 11 275
712 12 276
712 13 275
713 12 275
717 11 272
719 10 271
719 9 272
728 6 266
731 7 262
732 6 262
737 6 257
743 6 251
744 9 247
752 5 243
758 4 238
762 4 234
766 3 231
771 3 226
771 6 223
774 6 220
781 6 213
784 7 209
788 7 205
792 8 200
795 5 200
793 7 200
796 8 196
805 8 187
806 11 183
804 11 185
803 12 185
805 12 183
804 13 183
804 9 187
808 7 185
807 8 185
805 10 185
801 15 184
801 13 186
801 13 186
800 17 183
799 15 186
795 16 189
791 17 192
793 23 184
784 29 187
786 30 184
782 30 188
780 30 190
778 31 191
776 32 192
774 36 190
771 36 193
765 35 200
759 37 204
755 37 208
756 34 210
752 32 216
748 36 216
746 34 220
742 37 221
735 37 228
735 39 226
732 41 227
734 44 222
731 47 222
728 50 222
725 45 230
719 50 231
718 46 236
711 50 239
710 43 247
708 44 248
705 43 252
702 49 249
704 42 254
704 38 258
699 39 262
697 41 262
698 39 263
699 39 262
697 38 265
693 37 270
687 38 275
684 35 281
681 36 283
683 33 284
685 31 284
682 32 286
680 34 286
681 38 281
678 36 286
679 34 287
678 33 289
676 30 294
674 33 293
668 36 296
662 35 303
668 31 301
672 28 300
676 31 293
671 33 296
671 36 293
668 42 290
666 42 292
664 47 289
660 49 291
656 45 299
653 39 308
655 44 301
653 49 298
649 47 304
645 48 307
640 51 309
644 52 304
637 60 303
629 65 306
625 65 310
617 72 311
610 68 322
610 67 323
