995 5 0
994 5 1
988 11 1
974 22 4
955 36 9
941 44 15
918 60 22
904 62 34
879 80 41
851 102 47
831 110 59
802 125 73
766 140 94
741 152 107
715 156 129
682 162 156
659 159 182
637 157 206
617 156 227
599 155 246
578 161 261
562 155 283
552 142 306
541 136 323
532 130 338
520 125 355
520 117 363
521 109 370
522 104 374
525 90 385
530 76 394
537 69 394
540 62 398
543 61 396
551 54 395
553 51 396
552 51 397
555 48 397
560 49 391
567 47 386
569 45 386
571 42 387
580 40 380
580 39 381
585 37 378
575 45 380
579 38 383
582 31 387
589 26 385
592 26 382
598 26 376
599 23 378
608 21 371
608 25 367
606 29 365
606 28 366
606 26 368
607 26 367
606 27 367
614 23 363
619 22 359
618 19 363
623 16 361
628 15 357
632 16 352
636 15 349
639 13 348
642 13 345
651 9 340
660 9 331
665 9 326
665 7 328
668 6 326
672 5 323
677 5 318
678 7 315
681 7 312
686 8 306
691 9 300
690 14 296
695 14 291
695 13 292
698 16 286
699 14 287
703 15 282
706 16 278
705 17 278
710 17 273
720 13 267
722 14 264
725 14 261
724 16 260
723 16 261
725 14 261
727 13 260
731 15 254
726 21 253
725 19 256
723 19 258
722 22 256
719 25 256
717 29 254
714 32 254
708 38 254
707 39 254
704 41 255
707 39 254
708 41 251
708 36 256
710 35 255
705 41 254
696 48 256
691 49 260
689 49 262
688 45 267
690 45 265
688 47 265
684 54 262
677 56 267
673 56 271
670 54 276
673 56 271
672 53 275
671 51 278
669 48 283
667 43 290
666 39 295
666 40 294
670 37 293
672 30 298
677 27 296
683 23 294
688 22 290
688 21 291
688 21 291
688 19 293
692 18 290
696 15 289
700 17 283
703 20 277
709 17 274
712 13 275
709 16 275
712 16 272
712 13 275
712 13 275
715 11 274
718 7 275
720 7 273
721 6 273
726 6 268
731 4 265
737 4 259
743 4 253
746 4 250
748 2 250
750 2 248
751 2 247
752 2 246
756 2 242
758 2 240
759 2 239
765 2 233
768 4 228
769 3 228
778 4 218
781 4 215
783 3 214
787 3 210
793 3 204
802 2 196
809 2 189
811 2 187
817 2 181
817 2 181
821 1 178
823 1 176
825 1 174
827 2 171
829 2 169
830 1 169
834 1 165
838 0 162
839 0 161
844 0 156
845 0 155
845 0 155
847 0 153
849 0 151
850 0 150
850 0 150
853 0 147
856 0 144
861 0 139
863 0 137
863 0 137
865 0 135
866 0 134
869 0 131
869 0 131
870 0 130
873 0 127
875 0 125
877 0 123
879 0 121
880 0 120
880 0 120
883 0 117
883 0 117
885 0 115
885 0 115
885 0 115
887 0 113
887 0 113
889 0 111
891 0 109
897 0 103
897 0 103
899 0 101
903 0 97
904 0 96
905 0 95
908 0 92
911 0 89
914 0 86
917 0 83
918 0 82
919 0 81
919 0 81
919 0 81
919 0 81
920 0 80
922 0 78
923 0 77
926 0 74
926 0 74
927 0 73
927 0 73
927 0 73
929 0 71
932 0 68
936 0 64
936 0 64
937 0 63
939 0 61
940 0 60
942 0 58
942 0 58
942 0 58
944 0 56
944 0 56
947 0 53
947 0 53
949 0 51
949 0 51
949 0 51
949 0 51
949 0 51
951 0 49
951 0 49
951 0 49
951 0 49
951 0 49
955 0 45
955 0 45
955 0 45
956 0 44
957 0 43
959 0 41
960 0 40
961 0 39
961 0 39
961 0 39
962 0 38
962 0 38
963 0 37
963 0 37
964 0 36
964 0 36
964 0 36
965 0 35
965 0 35
965 0 35
966 0 34
967 0 33
967 0 33
968 0 32
969 0 31
970 0 30
970 0 30
970 0 30
970 0 30
970 0 30
970 0 30
971 0 29
972 0 28
972 0 28
972 0 28
972 0 28
974 0 26
974 0 26
974 0 26
975 0 25
975 0 25
975 0 25
975 0 25
975 0 25
975 0 25
977 0 23
977 0 23
978 0 22
978 0 22
978 0 22
979 0 21
979 0 21
979 0 21
979 0 21
979 0 21
979 0 21
979 0 21
979 0 21
979 0 21
979 0 21
980 0 20
980 0 20
980 0 20
981 0 19
981 0 19
982 0 18
983 0 17
983 0 17
983 0 17
984 0 16
984 0 16
984 0 16
984 0 16
984 0 16
984 0 16
984 0 16
984 0 16
985 0 15
986 0 14
987 0 13
987 0 13
988 0 12
988 0 12
989 0 11
989 0 11
989 0 11
989 0 11
989 0 11
989 0 11
989 0 11
989 0 11
989 0 11
990 0 10
990 0 10
991 0 9
991 0 9
991 0 9
991 0 9
992 0 8
992 0 8
992 0 8
992 0 8
992 0 8
992 0 8
992 0 8
992 0 8
992 0 8
992 0 8
992 0 8
992 0 8
992 0 8
992 0 8
992 0 8
992 0 8
992 0 8
992 0 8
992 0 8
992 0 8
992 0 8
992 0 8
992 0 8
994 0 6
994 0 6
994 0 6
994 0 6
994 0 6
994 0 6
994 0 6
994 0 6
994 0 6
994 0 6
994 0 6
994 0 6
994 0 6
994 0 6
994 0 6
994 0 6
994 0 6
994 0 6
994 0 6
994 0 6
994 0 6
994 0 6
994 0 6
995 0 5
995 0 5
995 0 5
995 0 5
995 0 5
995 0 5
995 0 5
995 0 5
995 0 5
995 0 5
995 0 5
995 0 5
995 0 5
995 0 5
995 0 5
995 0 5
995 0 5
995 0 5
995 0 5
995 0 5
995 0 5
995 0 5
995 0 5
995 0 5
995 0 5
995 0 5
995 0 5
995 0 5
995 0 5
995 0 5
995 0 5
995 0 5
995 0 5
995 0 5
995 0 5
995 0 5
995 0 5
995 0 5
995 0 5
995 0 5
995 0 5
995 0 5
995 0 5
995 0 5
997 0 3
997 0 3
997 0 3
997 0 3
998 0 2
998 0 2
998 0 2
998 0 2
998 0 2
998 0 2
998 0 2
998 0 2
998 0 2
998 0 2
998 0 2
998 0 2
998 0 2
998 0 2
998 0 2
998 0 2
998 0 2
998 0 2
998 0 2
998 0 2
998 0 2
998 0 2
998 0 2
998 0 2
998 0 2
998 0 2
998 0 2
998 0 2
998 0 2
998 0 2
998 0 2
998 0 2
998 0 2
998 0 2
998 0 2
998 0 2
998 0 2
998 0 2
998 0 2
999 0 1
999 0 1
999 0 1
999 0 1
999 0 1
999 0 1
999 0 1
999 0 1
999 0 1
999 0 1
999 0 1
999 0 1
999 0 1
999 0 1
999 0 1
999 0 1
999 0 1
999 0 1
999 0 1
999 0 1
1000 0 0
1000 0 0
1000 0 0
1000 0 0
1000 0 0
1000 0 0
1000 0 0
1000 0 0
1000 0 0
1000 0 0
1000 0 0
1000 0 0
1000 0 0
1000 0 0
1000 0 0
1000 0 0
1000 0 0
1000 0 0
1000 0 0
1000 0 0
1000 0 0
1000 0 0
1000 0 0
1000 0 0
1000 0 0
1000 0 0
1000 0 0
1000 0 0
1000 0 0
1000 0 0
1000 0 0
1000 0 0
1000 0 0
1000 0 0
1000 0 0
1000 0 0
1000 0 0
1000 0 0
1000 0 0
1000 0 0
1000 0 0
1000 0 0
1000 0 0
1000 0 0
1000 0 0
1000 0 0
1000 0 0
1000 0 0
1000 0 0
1000 0 0
1000 0 0
1000 0 0
1000 0 0
1000 0 0
1000 0 0
1000 0 0
1000 0 0
1000 0 0
1000 0 0
1000 0 0
1000 0 0
1000 0 0
1000 0 0
1000 0 0
1000 0 0
1000 0 0
1000 0 0
1000 0 0
1000 0 0
1000 0 0
1000 0 0
1000 0 0
1000 0 0
1000 0 0
1000 0 0
1000 0 0
1000 0 0
1000 0 0
1000 0 0
1000 0 0
1000 0 0
1000 0 0
1000 0 0
1000 0 0
1000 0 0
1000 0 0
1000 0 0
1000 0 0
1000 0 0
1000 0 0
1000 0 0
1000 0 0
1000 0 0
1000 0 0
1000 0 0
1000 0 0
1000 0 0
1000 0 0
1000 0 0
1000 0 0
1000 0 0
1000 0 0
1000 0 0
1000 0 0
1000 0 0
1000 0 0
1000 0 0
1000 0 0
1000 0 0
1000 0 0
1000 0 0
1000 0 0
1000 0 0
1000 0 0
1000 0 0
1000 0 0
1000 0 0
1000 0 0
1000 0 0
1000 0 0
1000 0 0
1000 0 0
1000 0 0
1000 0 0
1000 0 0
1000 0 0
1000 0 0
1000 0 0
1000 0 0
1000 0 0
1000 0 0
1000 0 0
1000 0 0
1000 0 0
1000 0 0
1000 0 0
1000 0 0
1000 0 0
1000 0 0
1000 0 0
1000 0 0
1000 0 0
1000 0 0
1000 0 0
1000 0 0
1000 0 0
1000 0 0
1000 0 0
1000 0 0
1000 0 0
1000 0 0
1000 0 0
1000 0 0
1000 0 0
1000 0 0
1000 0 0
1000 0 0
1000 0 0
1000 0 0
1000 0 0
1000 0 0
1000 0 0
1000 0 0
1000 0 0
1000 0 0
1000 0 0
1000 0 0
1000 0 0
1000 0 0
1000 0 0
1000 0 0
1000 0 0
1000 0 0
1000 0 0
1000 0 0
1000 0 0
1000 0 0
1000 0 0
1000 0 0
1000 0 0
1000 0 0
1000 0 0
1000 0 0
1000 0 0
1000 0 0
1000 0 0
1000 0 0
1000 0 0
1000 0 0
1000 0 0
1000 0 0
1000 0 0
1000 0 0
1000 0 0
1000 0 0
1000 0 0
1000 0 0
1000 0 0
1000 0 0
1000 0 0
1000 0 0
1000 0 0
1000 0 0
1000 0 0
1000 0 0
1000 0 0
1000 0 0
1000 0 0
1000 0 0
1000 0 0
1000 0 0
1000 0 0
1000 0 0
1000 0 0
1000 0 0
1000 0 0
1000 0 0
1000 0 0
1000 0 0
1000 0 0
1000 0 0
1000 0 0
1000 0 0
1000 0 0
1000 0 0
1000 0 0
1000 0 0
1000 0 0
1000 0 0
1000 0 0
1000 0 0
1000 0 0
1000 0 0
1000 0 0
1000 0 0
1000 0 0
1000 0 0
1000 0 0
1000 0 0
1000 0 0
1000 0 0
1000 0 0
1000 0 0
1000 0 0
1000 0 0
1000 0 0
1000 0 0
1000 0 0
1000 0 0
1000 0 0
1000 0 0
1000 0 0
1000 0 0
1000 0 0
1000 0 0
1000 0 0
1000 0 0
1000 0 0
1000 0 0
1000 0 0
1000 0 0
1000 0 0
1000 0 0
1000 0 0
1000 0 0
1000 0 0
1000 0 0
1000 0 0
1000 0 0
1000 0 0
1000 0 0
1000 0 0
1000 0 0
1000 0 0
1000 0 0
1000 0 0
1000 0 0
1000 0 0
1000 0 0
1000 0 0
1000 0 0
1000 0 0
1000 0 0
1000 0 0
1000 0 0
1000 0 0
1000 0 0
1000 0 0
1000 0 0
1000 0 0
1000 0 0
1000 0 0
1000 0 0
1000 0 0
1000 0 0
1000 0 0
1000 0 0
1000 0 0
1000 0 0
1000 0 0
1000 0 0
1000 0 0
1000 0 0
1000 0 0
1000 0 0
1000 0 0
1000 0 0
1000 0 0
1000 0 0
1000 0 0
1000 0 0
1000 0 0
1000 0 0
1000 0 0
1000 0 0
1000 0 0
1000 0 0
1000 0 0
1000 0 0
1000 0 0
1000 0 0
1000 0 0
1000 0 0
1000 0 0
1000 0 0
1000 0 0
1000 0 0
1000 0 0
1000 0 0
1000 0 0
1000 0 0
1000 0 0
1000 0 0
1000 0 0
1000 0 0
1000 0 0
1000 0 0
1000 0 0
1000 0 0
1000 0 0
1000 0 0
1000 0 0
1000 0 0
1000 0 0
1000 0 0
1000 0 0
1000 0 0
1000 0 0
1000 0 0
1000 0 0
1000 0 0
1000 0 0
1000 0 0
1000 0 0
1000 0 0
1000 0 0
1000 0 0
1000 0 0
1000 0 0
1000 0 0
1000 0 0
1000 0 0
1000 0 0
1000 0 0
1000 0 0
1000 0 0
1000 0 0
1000 0 0
1000 0 0
1000 0 0
1000 0 0
1000 0 0
1000 0 0
1000 0 0
1000 0 0
1000 0 0
1000 0 0
1000 0 0
1000 0 0
1000 0 0
1000 0 0
1000 0 0
1000 0 0
1000 0 0
1000 0 0
1000 0 0
1000 0 0
1000 0 0
1000 0 0
1000 0 0
1000 0 0
1000 0 0
1000 0 0
1000 0 0
1000 0 0
1000 0 0
1000 0 0
1000 0 0
1000 0 0
1000 0 0
1000 0 0
1000 0 0
1000 0 0
1000 0 0
1000 0 0
1000 0 0
1000 0 0
1000 0 0
1000 0 0
1000 0 0
1000 0 0
1000 0 0
1000 0 0
1000 0 0
1000 0 0
1000 0 0
1000 0 0
1000 0 0
1000 0 0
1000 0 0
1000 0 0
1000 0 0
1000 0 0
1000 0 0
1000 0 0
1000 0 0
1000 0 0
1000 0 0
1000 0 0
1000 0 0
1000 0 0
1000 0 0
1000 0 0
1000 0 0
1000 0 0
1000 0 0
1000 0 0
1000 0 0
1000 0 0
1000 0 0
1000 0 0
1000 0 0
1000 0 0
1000 0 0
1000 0 0
1000 0 0
1000 0 0
1000 0 0
1000 0 0
1000 0 0
1000 0 0
1000 0 0
1000 0 0
1000 0 0
1000 0 0
1000 0 0
1000 0 0
1000 0 0
1000 0 0
1000 0 0
1000 0 0
1000 0 0
1000 0 0
1000 0 0
1000 0 0
1000 0 0
1000 0 0
1000 0 0
1000 0 0
1000 0 0
1000 0 0
1000 0 0
1000 0 0
1000 0 0
1000 0 0
1000 0 0
1000 0 0
1000 0 0
1000 0 0
1000 0 0
1000 0 0
1000 0 0
1000 0 0
1000 0 0
1000 0 0
1000 0 0
1000 0 0
