1000 0 0
1000 0 0
1000 0 0
998 2 0
998 1 1
998 1 1
999 0 1
999 0 1
998 1 1
995 2 3
995 2 3
990 3 7
990 2 8
989 3 8
985 5 10
984 3 13
983 3 14
976 9 15
973 11 16
968 15 17
960 21 19
951 27 22
943 30 27
928 40 32
911 48 41
902 46 52
886 56 58
869 64 67
859 66 75
846 73 81
834 77 89
829 77 94
813 85 102
797 87 116
778 93 129
765 85 150
753 89 158
741 95 164
728 99 173
711 106 183
702 108 190
689 116 195
671 121 208
650 131 219
633 124 243
623 122 255
609 125 266
592 121 287
576 118 306
568 113 319
558 119 323
547 114 339
535 119 346
520 120 360
520 108 372
509 102 389
511 97 392
506 95 399
505 87 408
503 84 413
500 80 420
499 72 429
500 63 437
502 63 435
504 61 435
502 60 438
502 57 441
498 61 441
504 50 446
511 45 444
515 40 445
523 35 442
525 36 439
529 37 434
527 38 435
533 37 430
540 34 426
544 36 420
546 32 422
546 36 418
550 33 417
552 35 413
556 30 414
558 32 410
562 29 409
566 23 411
571 23 406
573 26 401
569 31 400
577 26 397
580 25 395
588 24 388
592 25 383
595 26 379
598 23 379
600 22 378
606 20 374
612 15 373
615 13 372
621 12 367
625 11 364
636 9 355
638 11 351
643 11 346
643 11 346
643 12 345
646 15 339
649 17 334
649 20 331
649 23 328
653 18 329
652 17 331
653 17 330
660 18 322
666 15 319
671 16 313
672 17 311
674 16 310
679 15 306
684 11 305
686 9 305
691 9 300
693 10 297
695 9 296
696 8 296
697 9 294
697 13 290
694 14 292
694 14 292
695 13 292
695 15 290
691 18 291
694 17 289
696 19 285
694 22 284
694 27 279
693 27 280
696 29 275
701 25 274
697 30 273
697 31 272
694 33 273
688 38 274
684 40 276
679 39 282
677 41 282
671 49 280
665 46 289
662 44 294
658 50 292
654 50 296
650 55 295
645 50 305
649 45 306
646 48 306
642 55 303
630 61 309
635 53 312
642 47 311
641 48 311
636 48 316
640 44 316
632 48 320
630 40 330
631 41 328
631 43 326
633 45 322
636 46 318
636 50 314
636 48 316
632 46 322
631 47 322
634 44 322
633 42 325
630 45 325
628 48 324
628 47 325
625 48 327
622 48 330
625 46 329
627 43 330
624 45 331
627 41 332
626 35 339
628 37 335
631 34 335
633 33 334
635 35 330
634 28 338
635 28 337
636 27 337
639 31 330
640 29 331
635 28 337
634 28 338
632 30 338
636 25 339
642 24 334
645 25 330
645 26 329
649 22 329
653 21 326
656 18 326
661 19 320
666 18 316
670 16 314
673 15 312
670 21 309
679 21 300
679 20 301
684 19 297
685 17 298
686 18 296
688 16 296
688 14 298
691 12 297
702 12 286
705 9 286
708 6 286
712 8 280
717 8 275
721 8 271
725 9 266
728 9 263
730 9 261
736 9 255
738 8 254
740 9 251
742 10 248
743 11 246
745 11 244
747 10 243
752 9 239
753 10 237
754 9 237
755 9 236
757 8 235
761 6 233
765 4 231
767 4 229
770 4 226
773 5 222
777 4 219
776 5 219
783 5 212
786 5 209
786 7 207
793 8 199
792 8 200
792 10 198
791 12 197
793 12 195
791 12 197
792 14 194
791 14 195
789 13 198
790 11 199
792 9 199
795 10 195
796 10 194
791 17 192
789 15 196
789 13 198
789 15 196
785 18 197
789 21 190
790 17 193
790 20 190
795 21 184
792 23 185
788 23 189
787 30 183
786 32 182
783 34 183
778 39 183
775 37 188
769 40 191
765 42 193
754 44 202
750 47 203
747 49 204
737 49 214
734 49 217
730 47 223
725 51 224
721 47 232
721 46 233
722 41 237
721 34 245
716 35 249
718 32 250
719 30 251
722 26 252
714 30 256
711 30 259
709 34 257
707 39 254
704 36 260
701 41 258
700 42 258
697 42 261
694 41 265
699 36 265
696 35 269
695 33 272
695 32 273
694 35 271
697 35 268
694 36 270
693 32 275
694 31 275
695 33 272
695 31 274
697 28 275
693 37 270
691 38 271
692 36 272
686 38 276
679 43 278
674 45 281
673 42 285
675 44 281
672 45 283
672 44 284
668 42 290
666 41 293
665 44 291
662 46 292
657 51 292
653 53 294
648 53 299
647 51 302
643 49 308
637 45 318
634 45 321
632 46 322
632 42 326
635 45 320
638 42 320
642 43 315
641 48 311
643 47 310
635 55 310
633 57 310
630 54 316
633 50 317
630 49 321
622 53 325
620 51 329
614 49 337
614 51 335
613 51 336
609 52 339
611 51 338
611 51 338
603 55 342
598 56 346
596 52 352
591 56 353
590 50 360
588 43 369
587 43 370
588 43 369
586 37 377
593 35 372
597 33 370
593 36 371
597 36 367
598 39 363
594 43 363
597 41 362
600 40 360
602 38 360
606 38 356
608 37 355
616 32 352
618 30 352
616 31 353
619 32 349
621 29 350
624 26 350
624 27 349
623 28 349
626 28 346
629 32 339
632 33 335
633 35 332
633 37 330
633 35 332
633 34 333
635 33 332
641 29 330
642 27 331
643 27 330
645 30 325
647 26 327
652 22 326
660 21 319
664 19 317
664 17 319
663 19 318
664 17 319
659 22 319
656 24 320
660 27 313
659 28 313
659 28 313
658 29 313
656 27 317
658 29 313
661 28 311
664 28 308
666 26 308
665 30 305
664 30 306
668 30 302
669 27 304
664 35 301
667 36 297
666 33 301
665 34 301
665 30 305
665 32 303
664 27 309
669 24 307
671 22 307
669 21 310
668 24 308
670 21 309
671 20 309
672 23 305
674 25 301
671 27 302
670 30 300
674 22 304
671 22 307
674 21 305
676 17 307
682 15 303
688 15 297
688 17 295
688 20 292
688 20 292
687 23 290
685 27 288
686 26 288
687 24 289
688 22 290
689 23 288
691 22 287
690 25 285
689 24 287
692 21 287
695 18 287
699 16 285
700 15 285
704 15 281
707 16 277
713 15 272
714 16 270
713 18 269
710 15 275
709 18 273
705 24 271
709 19 272
710 18 272
710 20 270
709 20 271
703 29 268
701 35 264
700 38 262
700 32 268
701 29 270
696 30 274
694 34 272
685 41 274
676 46 278
671 45 284
669 51 280
668 45 287
669 44 287
668 44 288
671 45 284
665 50 285
665 45 290
661 46 293
656 45 299
654 47 299
650 50 300
648 49 303
646 47 307
644 47 309
645 39 316
646 36 318
646 41 313
650 37 313
644 38 318
641 43 316
639 41 320
637 39 324
639 33 328
643 26 331
644 25 331
657 18 325
661 16 323
661 14 325
667 14 319
668 13 319
673 13 314
673 12 315
677 11 312
682 10 308
684 12 304
692 10 298
697 8 295
703 6 291
706 5 289
711 4 285
711 2 287
719 2 279
725 2 273
727 2 271
729 2 269
733 2 265
737 1 262
738 3 259
740 7 253
742 7 251
744 6 250
746 7 247
748 8 244
748 7 245
752 9 239
751 13 236
750 21 229
751 18 231
754 13 233
754 14 232
754 17 229
751 21 228
747 23 230
747 25 228
750 24 226
751 25 224
751 29 220
745 31 224
749 30 221
751 32 217
751 32 217
755 28 217
753 30 217
752 31 217
746 32 222
745 29 226
746 27 227
747 29 224
745 27 228
750 25 225
750 21 229
751 22 227
753 19 228
745 27 228
746 26 228
741 27 232
731 34 235
729 36 235
727 36 237
731 28 241
729 30 241
732 30 238
728 31 241
729 27 244
729 28 243
727 26 247
722 26 252
725 26 249
726 29 245
728 28 244
724 31 245
720 31 249
716 31 253
717 35 248
714 35 251
716 35 249
716 34 250
717 31 252
715 30 255
715 31 254
716 33 251
719 31 250
712 35 253
710 37 253
708 36 256
706 38 256
709 35 256
704 36 260
701 36 263
696 36 268
697 37 266
691 38 271
693 34 273
697 31 272
696 30 274
699 28 273
698 27 275
698 25 277
699 21 280
699 20 281
698 22 280
697 25 278
699 27 274
705 24 271
711 19 270
718 16 266
717 20 263
713 22 265
715 24 261
714 27 259
714 25 261
714 32 254
713 33 254
704 38 258
701 38 261
695 37 268
694 40 266
696 36 268
695 34 271
695 31 274
697 31 272
698 30 272
693 33 274
695 35 270
703 31 266
702 31 267
704 32 264
705 36 259
707 39 254
707 41 252
713 38 249
706 45 249
703 43 254
697 48 255
694 51 255
690 51 259
688 48 264
681 49 270
676 45 279
675 44 281
674 46 280
671 47 282
671 43 286
670 44 286
669 45 286
667 41 292
663 44 293
661 48 291
663 39 298
664 38 298
664 37 299
666 33 301
667 33 300
672 33 295
672 36 292
672 39 289
673 40 287
667 43 290
667 45 288
663 46 291
661 47 292
662 42 296
658 42 300
653 42 305
645 48 307
641 47 312
634 53 313
629 51 320
625 46 329
621 51 328
621 48 331
623 50 327
619 47 334
611 52 337
610 50 340
609 51 340
614 50 336
617 47 336
622 40 338
624 40 336
627 38 335
627 38 335
622 45 333
626 43 331
617 51 332
614 50 336
612 54 334
612 48 340
610 46 344
607 46 347
604 51 345
602 51 347
593 56 351
590 61 349
586 66 348
587 58 355
585 59 356
585 57 358
587 49 364
585 48 367
583 49 368
588 48 364
584 52 364
583 54 363
586 55 359
584 55 361
582 55 363
585 51 364
583 53 364
583 50 367
587 46 367
588 42 370
594 41 365
598 41 361
599 40 361
596 41 363
600 40 360
597 44 359
600 43 357
601 39 360
601 39 360
601 36 363
608 33 359
612 28 360
615 26 359
617 26 357
618 31 351
622 27 351
624 18 358
626 20 354
629 22 349
637 19 344
641 15 344
644 16 340
645 18 337
648 19 333
649 22 329
647 23 330
649 21 330
654 21 325
656 21 323
659 22 319
663 21 316
663 19 318
658 25 317
660 23 317
657 27 316
655 27 318
653 27 320
655 23 322
656 21 323
660 17 323
666 13 321
668 14 318
667 16 317
675 16 309
678 17 305
686 14 300
693 13 294
692 15 293
698 16 286
697 14 289
697 15 288
699 13 288
703 10 287
703 12 285
709 12 279
711 12 277
711 10 279
713 11 276
715 13 272
721 12 267
723 12 265
725 12 263
728 13 259
729 12 259
730 13 257
735 12 253
742 10 248
744 10 246
742 11 247
746 9 245
744 12 244
742 17 241
741 15 244
744 13 243
744 17 239
746 19 235
742 21 237
741 20 239
740 23 237
740 24 236
742 18 240
746 19 235
743 18 239
746 14 240
751 16 233
748 21 231
748 26 226
743 30 227
743 28 229
740 29 231
740 31 229
743 30 227
739 33 228
738 30 232
739 33 228
742 30 228
745 26 229
744 26 230
743 24 233
740 25 235
741 21 238
738 24 238
740 25 235
737 27 236
734 30 236
732 32 236
732 35 233
733 31 236
726 36 238
726 36 238
720 34 246
725 32 243
725 31 244
728 27 245
729 30 241
729 29 242
723 33 244
719 35 246
718 33 249
717 33 250
718 30 252
714 33 253
713 34 253
714 36 250
708 42 250
705 40 255
705 35 260
703 37 260
701 39 260
695 40 265
693 41 266
691 38 271
693 33 274
692 33 275
694 32 274
691 37 272
688 35 277
686 43 271
682 43 275
675 46 279
671 48 281
670 44 286
671 41 288
667 46 287
661 46 293
663 37 300
660 39 301
662 38 300
660 39 301
664 37 299
664 38 298
663 37 300
665 38 297
665 40 295
661 39 300
665 39 296
658 44 298
655 40 305
651 40 309
652 34 314
653 34 313
650 34 316
651 35 314
653 35 312
652 38 310
652 37 311
654 33 313
654 26 320
653 25 322
656 23 321
659 23 318
661 20 319
664 21 315
667 21 312
673 20 307
678 17 305
681 18 301
685 19 296
683 19 298
684 25 291
681 32 287
679 31 290
683 30 287
684 30 286
683 33 284
686 29 285
687 30 283
685 30 285
688 30 282
691 29 280
687 34 279
680 37 283
678 41 281
677 44 279
676 45 279
670 44 286
668 46 286
672 40 288
671 41 288
677 35 288
676 29 295
682 24 294
685 21 294
685 20 295
690 18 292
692 15 293
687 22 291
688 22 290
692 20 288
699 17 284
698 18 284
698 20 282
701 23 276
703 22 275
706 21 273
709 25 266
712 26 262
715 23 262
712 25 263
713 24 263
716 20 264
716 21 263
715 21 264
716 21 263
717 22 261
717 22 261
722 21 257
723 23 254
723 22 255
724 23 253
725 25 250
721 25 254
724 22 254
719 23 258
720 22 258
723 20 257
722 22 256
724 24 252
726 24 250
724 22 254
726 18 256
724 23 253
729 21 250
732 19 249
725 25 250
730 25 245
728 23 249
731 20 249
732 20 248
737 17 246
733 18 249
740 17 243
747 14 239
746 14 240
747 13 240
749 12 239
748 16 236
750 16 234
750 13 237
753 11 236
753 8 239
753 6 241
757 7 236
760 8 232
763 5 232
768 5 227
771 5 224
771 6 223
773 4 223
774 4 222
775 4 221
779 3 218
777 5 218
781 3 216
785 4 211
785 4 211
788 6 206
795 6 199
792 9 199
791 10 199
789 15 196
