995 5 0
994 5 1
993 5 2
993 4 3
991 6 3
983 12 5
976 18 6
963 28 9
944 43 13
931 49 20
915 56 29
897 61 42
877 72 51
856 84 60
838 91 71
813 105 82
786 118 96
758 127 115
737 132 131
713 129 158
692 136 172
674 135 191
659 135 206
639 140 221
629 129 242
616 122 262
598 122 280
592 111 297
583 109 308
578 104 318
570 104 326
560 100 340
555 102 343
541 108 351
534 102 364
534 96 370
529 93 378
529 90 381
524 79 397
528 72 400
528 66 406
525 59 416
534 47 419
533 54 413
526 54 420
534 54 412
525 57 418
526 51 423
520 60 420
519 60 421
517 62 421
515 61 424
509 69 422
508 70 422
508 61 431
509 56 435
510 60 430
518 51 431
521 50 429
518 52 430
518 54 428
519 52 429
521 45 434
519 46 435
525 42 433
524 44 432
525 37 438
529 34 437
527 37 436
532 35 433
532 36 432
531 36 433
537 34 429
547 31 422
546 33 421
541 38 421
548 33 419
550 28 422
551 25 424
550 28 422
549 28 423
551 25 424
553 24 423
555 25 420
566 23 411
574 21 405
578 19 403
580 21 399
586 17 397
585 16 399
587 15 398
594 14 392
598 15 387
600 18 382
606 17 377
603 19 378
601 21 378
604 21 375
607 20 373
603 24 373
612 24 364
620 21 359
619 19 362
620 22 358
624 20 356
633 19 348
639 16 345
641 16 343
641 14 345
650 12 338
651 10 339
654 9 337
657 9 334
663 8 329
668 7 325
672 8 320
679 7 314
683 6 311
688 5 307
689 5 306
694 8 298
696 9 295
695 13 292
697 15 288
696 19 285
690 21 289
683 27 290
679 32 289
678 36 286
674 38 288
678 38 284
676 39 285
677 33 290
673 38 289
671 36 293
668 40 292
667 38 295
667 42 291
662 48 290
661 42 297
660 42 298
666 40 294
666 40 294
666 45 289
667 36 297
670 32 298
673 33 294
673 35 292
674 36 290
674 34 292
670 37 293
668 37 295
670 38 292
675 37 288
678 38 284
677 38 285
672 41 287
662 50 288
660 47 293
663 42 295
659 41 300
661 41 298
661 43 296
663 40 297
663 40 297
665 36 299
666 37 297
668 30 302
664 35 301
662 31 307
660 30 310
660 26 314
660 29 311
662 28 310
664 25 311
665 23 312
669 23 308
676 19 305
673 21 306
672 21 307
674 21 305
680 17 303
682 22 296
680 26 294
685 27 288
681 28 291
683 27 290
679 29 292
673 37 290
677 39 284
678 37 285
680 34 286
686 33 281
686 25 289
695 22 283
701 18 281
706 21 273
706 24 270
706 22 272
709 25 266
719 24 257
719 24 257
720 29 251
721 28 251
720 29 251
710 40 250
704 39 257
696 48 256
689 44 267
690 48 262
685 46 269
681 45 274
683 49 268
678 47 275
676 46 278
674 43 283
677 38 285
669 46 285
668 45 287
674 34 292
674 30 296
678 24 298
676 22 302
681 18 301
686 17 297
693 14 293
703 11 286
707 10 283
711 9 280
711 9 280
719 8 273
724 7 269
725 8 267
728 7 265
730 7 263
729 7 264
730 8 262
736 7 257
742 7 251
742 8 250
739 13 248
741 13 246
742 15 243
744 14 242
752 11 237
753 10 237
757 9 234
760 9 231
770 10 220
773 8 219
776 9 215
779 8 213
778 10 212
778 9 213
779 8 213
777 10 213
774 14 212
769 25 206
761 28 211
756 34 210
752 36 212
742 41 217
733 44 223
727 46 227
722 48 230
719 45 236
712 46 242
708 52 240
703 51 246
695 58 247
691 56 253
687 56 257
686 52 262
692 46 262
686 48 266
688 43 269
686 41 273
687 33 280
688 31 281
690 29 281
702 26 272
705 24 271
706 26 268
705 27 268
710 22 268
711 22 267
714 19 267
717 21 262
719 21 260
718 20 262
721 17 262
721 16 263
729 16 255
730 18 252
732 17 251
732 18 250
732 18 250
733 21 246
733 18 249
735 21 244
735 21 244
733 23 244
728 29 243
722 31 247
713 36 251
707 30 263
704 36 260
706 37 257
698 41 261
691 41 268
686 43 271
683 46 271
684 47 269
677 53 270
674 50 276
672 44 284
672 43 285
674 40 286
671 41 288
673 40 287
666 45 289
665 42 293
667 40 293
664 39 297
664 37 299
666 37 297
662 43 295
662 43 295
655 42 303
658 39 303
661 38 301
661 42 297
662 40 298
655 40 305
651 39 310
647 41 312
647 37 316
648 33 319
650 33 317
655 27 318
657 26 317
666 21 313
671 16 313
681 16 303
688 13 299
689 15 296
692 13 295
699 12 289
700 12 288
701 13 286
703 11 286
706 12 282
713 10 277
713 9 278
715 7 278
716 6 278
722 7 271
726 4 270
732 4 264
736 3 261
738 2 260
741 2 257
743 4 253
746 4 250
749 5 246
750 4 246
754 4 242
759 1 240
764 1 235
765 0 235
769 0 231
774 0 226
777 0 223
780 0 220
783 0 217
788 0 212
788 0 212
791 0 209
791 0 209
794 0 206
794 0 206
796 0 204
798 0 202
799 0 201
801 0 199
805 0 195
810 0 190
812 0 188
816 0 184
820 0 180
823 0 177
826 0 174
832 0 168
835 0 165
838 0 162
842 0 158
846 0 154
846 0 154
851 0 149
858 0 142
860 0 140
860 0 140
861 0 139
866 0 134
869 0 131
871 0 129
871 0 129
873 0 127
873 0 127
875 0 125
875 0 125
880 0 120
881 0 119
882 0 118
885 0 115
888 0 112
889 0 111
889 0 111
890 0 110
891 0 109
893 0 107
894 0 106
896 0 104
897 0 103
897 0 103
901 0 99
902 0 98
904 0 96
904 0 96
905 0 95
909 0 91
912 0 88
914 0 86
914 0 86
915 0 85
918 0 82
920 0 80
922 0 78
923 0 77
926 0 74
928 0 72
928 0 72
930 0 70
932 0 68
936 0 64
937 0 63
937 0 63
937 0 63
937 0 63
937 0 63
937 0 63
937 0 63
937 0 63
938 0 62
939 0 61
939 0 61
939 0 61
939 0 61
939 0 61
942 0 58
943 0 57
947 0 53
947 0 53
948 0 52
949 0 51
950 0 50
950 0 50
950 0 50
952 0 48
952 0 48
952 0 48
952 0 48
956 0 44
958 0 42
958 0 42
960 0 40
960 0 40
960 0 40
960 0 40
960 0 40
960 0 40
962 0 38
962 0 38
964 0 36
964 0 36
964 0 36
964 0 36
966 0 34
966 0 34
967 0 33
968 0 32
969 0 31
969 0 31
970 0 30
970 0 30
970 0 30
970 0 30
971 0 29
971 0 29
973 0 27
973 0 27
973 0 27
973 0 27
973 0 27
974 0 26
975 0 25
976 0 24
976 0 24
976 0 24
978 0 22
978 0 22
978 0 22
978 0 22
978 0 22
978 0 22
978 0 22
979 0 21
979 0 21
979 0 21
980 0 20
980 0 20
980 0 20
980 0 20
980 0 20
980 0 20
980 0 20
980 0 20
980 0 20
981 0 19
981 0 19
982 0 18
982 0 18
982 0 18
982 0 18
983 0 17
983 0 17
983 0 17
983 0 17
984 0 16
984 0 16
984 0 16
985 0 15
985 0 15
985 0 15
985 0 15
985 0 15
985 0 15
987 0 13
987 0 13
988 0 12
988 0 12
988 0 12
988 0 12
988 0 12
988 0 12
988 0 12
988 0 12
989 0 11
989 0 11
989 0 11
989 0 11
989 0 11
989 0 11
989 0 11
989 0 11
989 0 11
989 0 11
989 0 11
989 0 11
989 0 11
989 0 11
989 0 11
989 0 11
989 0 11
989 0 11
989 0 11
989 0 11
990 0 10
991 0 9
991 0 9
991 0 9
991 0 9
991 0 9
991 0 9
991 0 9
992 0 8
992 0 8
993 0 7
993 0 7
993 0 7
993 0 7
993 0 7
993 0 7
993 0 7
994 0 6
996 0 4
997 0 3
997 0 3
997 0 3
997 0 3
997 0 3
997 0 3
997 0 3
997 0 3
997 0 3
997 0 3
997 0 3
997 0 3
997 0 3
997 0 3
997 0 3
997 0 3
997 0 3
997 0 3
997 0 3
997 0 3
997 0 3
997 0 3
997 0 3
997 0 3
997 0 3
997 0 3
997 0 3
997 0 3
997 0 3
998 0 2
998 0 2
998 0 2
998 0 2
998 0 2
998 0 2
998 0 2
998 0 2
998 0 2
998 0 2
998 0 2
998 0 2
998 0 2
998 0 2
998 0 2
998 0 2
998 0 2
998 0 2
998 0 2
998 0 2
998 0 2
998 0 2
998 0 2
998 0 2
998 0 2
998 0 2
999 0 1
999 0 1
999 0 1
999 0 1
999 0 1
999 0 1
999 0 1
999 0 1
999 0 1
999 0 1
999 0 1
999 0 1
999 0 1
999 0 1
999 0 1
999 0 1
999 0 1
999 0 1
1000 0 0
1000 0 0
1000 0 0
1000 0 0
1000 0 0
1000 0 0
1000 0 0
1000 0 0
1000 0 0
1000 0 0
1000 0 0
1000 0 0
1000 0 0
1000 0 0
1000 0 0
1000 0 0
1000 0 0
1000 0 0
1000 0 0
1000 0 0
1000 0 0
1000 0 0
1000 0 0
1000 0 0
1000 0 0
1000 0 0
1000 0 0
1000 0 0
1000 0 0
1000 0 0
1000 0 0
1000 0 0
1000 0 0
1000 0 0
1000 0 0
1000 0 0
1000 0 0
1000 0 0
1000 0 0
1000 0 0
1000 0 0
1000 0 0
1000 0 0
1000 0 0
1000 0 0
1000 0 0
1000 0 0
1000 0 0
1000 0 0
1000 0 0
1000 0 0
1000 0 0
1000 0 0
1000 0 0
1000 0 0
1000 0 0
1000 0 0
1000 0 0
1000 0 0
1000 0 0
1000 0 0
1000 0 0
1000 0 0
1000 0 0
1000 0 0
1000 0 0
1000 0 0
1000 0 0
1000 0 0
1000 0 0
1000 0 0
1000 0 0
1000 0 0
1000 0 0
1000 0 0
1000 0 0
1000 0 0
1000 0 0
1000 0 0
1000 0 0
1000 0 0
1000 0 0
1000 0 0
1000 0 0
1000 0 0
1000 0 0
1000 0 0
1000 0 0
1000 0 0
1000 0 0
1000 0 0
1000 0 0
1000 0 0
1000 0 0
1000 0 0
1000 0 0
1000 0 0
1000 0 0
1000 0 0
1000 0 0
1000 0 0
1000 0 0
1000 0 0
1000 0 0
1000 0 0
1000 0 0
1000 0 0
1000 0 0
1000 0 0
1000 0 0
1000 0 0
1000 0 0
1000 0 0
1000 0 0
1000 0 0
1000 0 0
1000 0 0
1000 0 0
1000 0 0
1000 0 0
1000 0 0
1000 0 0
1000 0 0
1000 0 0
1000 0 0
1000 0 0
1000 0 0
1000 0 0
1000 0 0
1000 0 0
1000 0 0
1000 0 0
1000 0 0
1000 0 0
1000 0 0
1000 0 0
1000 0 0
1000 0 0
1000 0 0
1000 0 0
1000 0 0
1000 0 0
1000 0 0
1000 0 0
1000 0 0
1000 0 0
1000 0 0
1000 0 0
1000 0 0
1000 0 0
1000 0 0
1000 0 0
1000 0 0
1000 0 0
1000 0 0
1000 0 0
1000 0 0
1000 0 0
1000 0 0
1000 0 0
1000 0 0
1000 0 0
1000 0 0
1000 0 0
1000 0 0
1000 0 0
1000 0 0
1000 0 0
1000 0 0
1000 0 0
1000 0 0
1000 0 0
1000 0 0
1000 0 0
1000 0 0
1000 0 0
1000 0 0
1000 0 0
1000 0 0
1000 0 0
1000 0 0
1000 0 0
1000 0 0
1000 0 0
1000 0 0
1000 0 0
1000 0 0
1000 0 0
1000 0 0
1000 0 0
1000 0 0
1000 0 0
1000 0 0
1000 0 0
1000 0 0
1000 0 0
1000 0 0
1000 0 0
1000 0 0
1000 0 0
1000 0 0
1000 0 0
1000 0 0
1000 0 0
1000 0 0
1000 0 0
1000 0 0
1000 0 0
1000 0 0
1000 0 0
1000 0 0
1000 0 0
1000 0 0
1000 0 0
1000 0 0
1000 0 0
1000 0 0
1000 0 0
1000 0 0
1000 0 0
1000 0 0
1000 0 0
1000 0 0
1000 0 0
1000 0 0
1000 0 0
1000 0 0
1000 0 0
1000 0 0
1000 0 0
1000 0 0
1000 0 0
1000 0 0
1000 0 0
1000 0 0
1000 0 0
1000 0 0
1000 0 0
1000 0 0
1000 0 0
1000 0 0
1000 0 0
1000 0 0
1000 0 0
1000 0 0
1000 0 0
1000 0 0
1000 0 0
1000 0 0
1000 0 0
1000 0 0
1000 0 0
1000 0 0
1000 0 0
1000 0 0
1000 0 0
1000 0 0
1000 0 0
1000 0 0
1000 0 0
1000 0 0
1000 0 0
1000 0 0
1000 0 0
1000 0 0
1000 0 0
1000 0 0
1000 0 0
1000 0 0
1000 0 0
1000 0 0
1000 0 0
1000 0 0
1000 0 0
1000 0 0
1000 0 0
1000 0 0
1000 0 0
1000 0 0
1000 0 0
1000 0 0
1000 0 0
1000 0 0
1000 0 0
1000 0 0
1000 0 0
1000 0 0
1000 0 0
1000 0 0
1000 0 0
1000 0 0
1000 0 0
1000 0 0
1000 0 0
1000 0 0
1000 0 0
1000 0 0
1000 0 0
1000 0 0
1000 0 0
1000 0 0
1000 0 0
1000 0 0
1000 0 0
1000 0 0
1000 0 0
1000 0 0
1000 0 0
1000 0 0
1000 0 0
1000 0 0
1000 0 0
1000 0 0
1000 0 0
1000 0 0
1000 0 0
1000 0 0
1000 0 0
1000 0 0
1000 0 0
1000 0 0
1000 0 0
1000 0 0
1000 0 0
1000 0 0
1000 0 0
1000 0 0
1000 0 0
1000 0 0
1000 0 0
1000 0 0
1000 0 0
