1000 0 0
1000 0 0
1000 0 0
1000 0 0
1000 0 0
1000 0 0
1000 0 0
999 1 0
998 2 0
998 1 1
998 1 1
997 2 1
991 7 2
986 9 5
984 7 9
979 11 10
975 13 12
968 15 17
962 20 18
956 25 19
952 22 26
941 31 28
925 43 32
912 51 37
902 53 45
890 57 53
874 63 63
848 75 77
833 80 87
820 82 98
794 89 117
778 92 130
765 97 138
753 89 158
742 97 161
730 94 176
709 103 188
694 99 207
678 96 226
660 96 244
655 94 251
641 96 263
637 91 272
626 90 284
614 96 290
611 80 309
603 86 311
598 89 313
594 86 320
588 84 328
580 83 337
585 78 337
582 77 341
581 74 345
577 70 353
581 59 360
580 63 357
576 63 361
578 58 364
583 56 361
588 53 359
588 49 363
586 43 371
590 39 371
589 36 375
589 38 373
591 38 371
595 37 368
599 36 365
607 38 355
610 35 355
609 36 355
610 28 362
614 23 363
620 23 357
622 19 359
623 20 357
624 20 356
630 13 357
631 11 358
637 8 355
641 7 352
643 6 351
646 7 347
648 5 347
656 4 340
663 3 334
665 3 332
673 3 324
677 2 321
685 2 313
690 2 308
696 4 300
700 3 297
703 3 294
707 7 286
710 8 282
713 6 281
715 6 279
719 7 274
721 7 272
721 7 272
720 9 271
722 8 270
725 9 266
727 9 264
734 7 259
736 9 255
738 8 254
741 8 251
743 7 250
743 11 246
741 15 244
744 14 242
748 17 235
747 20 233
745 22 233
744 20 236
745 18 237
748 14 238
750 13 237
753 12 235
751 10 239
756 9 235
758 9 233
761 8 231
763 8 229
770 7 223
772 6 222
775 5 220
778 6 216
783 5 212
783 6 211
784 9 207
787 9 204
788 7 205
789 8 203
790 9 201
794 9 197
793 9 198
794 11 195
797 9 194
799 6 195
801 8 191
794 17 189
793 13 194
799 10 191
794 18 188
795 21 184
791 27 182
787 30 183
784 28 188
782 32 186
777 31 192
777 30 193
779 28 193
779 23 198
777 19 204
773 21 206
767 21 212
767 24 209
769 25 206
774 23 203
774 23 203
778 23 199
773 29 198
769 29 202
768 28 204
759 39 202
757 40 203
754 41 205
750 46 204
741 49 210
741 51 208
737 50 213
734 44 222
738 38 224
739 36 225
748 37 215
753 34 213
757 24 219
760 22 218
762 20 218
761 24 215
760 23 217
763 18 219
762 16 222
760 15 225
761 18 221
760 18 222
756 23 221
754 24 222
757 24 219
758 25 217
763 21 216
766 21 213
765 20 215
771 17 212
773 17 210
773 19 208
769 24 207
770 27 203
768 28 204
769 28 203
761 33 206
764 30 206
764 27 209
760 30 210
755 36 209
752 37 211
748 38 214
739 42 219
736 44 220
727 54 219
731 42 227
726 39 235
718 43 239
714 50 236
713 46 241
710 44 246
709 45 246
707 46 247
703 46 251
704 45 251
700 41 259
697 47 256
697 43 260
696 44 260
699 42 259
698 45 257
698 42 260
702 35 263
703 37 260
704 37 259
706 33 261
699 38 263
698 37 265
691 42 267
688 42 270
686 36 278
678 41 281
674 35 291
671 40 289
665 49 286
659 54 287
656 56 288
656 53 291
656 51 293
655 48 297
653 47 300
650 47 303
648 43 309
653 41 306
660 32 308
659 32 309
657 29 314
658 29 313
663 29 308
667 24 309
670 21 309
674 22 304
677 24 299
682 23 295
689 23 288
692 24 284
688 26 286
685 24 291
682 28 290
673 36 291
674 33 293
671 34 295
671 33 296
672 33 295
679 33 288
683 31 286
683 32 285
686 31 283
684 24 292
684 21 295
689 18 293
690 17 293
692 18 290
691 15 294
699 13 288
700 15 285
703 14 283
708 13 279
713 13 274
713 15 272
714 17 269
708 20 272
704 24 272
704 18 278
704 16 280
703 18 279
704 17 279
711 17 272
713 18 269
712 18 270
714 18 268
715 16 269
721 13 266
722 11 267
723 10 267
727 8 265
732 7 261
734 8 258
738 7 255
740 8 252
741 8 251
739 10 251
741 9 250
743 10 247
745 10 245
745 12 243
742 14 244
744 13 243
745 13 242
749 12 239
755 11 234
759 8 233
765 7 228
766 9 225
765 8 227
768 7 225
771 8 221
772 9 219
772 11 217
775 11 214
781 10 209
781 11 208
784 11 205
784 11 205
785 13 202
784 15 201
784 19 197
783 23 194
779 30 191
773 28 199
769 31 200
766 33 201
761 37 202
764 34 202
759 38 203
759 39 202
758 41 201
756 43 201
744 46 210
735 54 211
728 55 217
723 54 223
714 60 226
710 63 227
702 64 234
691 68 241
682 67 251
679 64 257
676 59 265
676 57 267
670 55 275
664 53 283
662 52 286
655 55 290
650 58 292
648 60 292
645 60 295
636 62 302
630 64 306
630 60 310
622 60 318
619 59 322
613 66 321
608 65 327
605 59 336
606 56 338
606 55 339
600 50 350
603 43 354
604 40 356
600 43 357
601 40 359
608 36 356
619 32 349
619 36 345
620 37 343
616 39 345
617 39 344
623 33 344
625 37 338
626 34 340
622 38 340
624 36 340
625 34 341
629 33 338
634 31 335
635 33 332
638 27 335
645 25 330
643 22 335
653 18 329
655 16 329
657 15 328
658 15 327
659 14 327
663 14 323
663 17 320
665 16 319
667 16 317
669 19 312
670 16 314
671 18 311
678 17 305
683 12 305
686 11 303
686 15 299
687 15 298
687 16 297
692 12 296
694 14 292
699 12 289
700 13 287
705 10 285
707 11 282
710 12 278
712 16 272
711 18 271
713 18 269
714 17 269
717 15 268
720 17 263
722 16 262
724 17 259
725 17 258
724 18 258
726 17 257
729 18 253
734 16 250
737 15 248
736 17 247
738 18 244
739 16 245
738 17 245
737 16 247
736 20 244
744 19 237
744 21 235
744 21 235
743 19 238
744 18 238
743 19 238
743 20 237
745 16 239
746 18 236
743 20 237
746 20 234
738 26 236
738 24 238
736 26 238
738 26 236
742 25 233
738 25 237
740 20 240
743 17 240
742 19 239
743 16 241
745 18 237
748 19 233
744 25 231
747 21 232
747 23 230
748 22 230
749 22 229
747 22 231
742 27 231
739 30 231
742 29 229
744 28 228
744 31 225
743 28 229
745 22 233
750 27 223
748 30 222
746 28 226
740 31 229
742 28 230
741 27 232
740 28 232
740 32 228
740 30 230
742 29 229
733 37 230
731 36 233
727 39 234
722 42 236
716 40 244
714 38 248
713 35 252
716 37 247
714 39 247
716 36 248
713 38 249
709 39 252
702 38 260
700 39 261
703 33 264
705 33 262
704 33 263
707 30 263
707 31 262
705 30 265
710 30 260
708 30 262
707 29 264
706 30 264
708 31 261
707 29 264
704 33 263
703 34 263
696 36 268
692 39 269
692 38 270
690 32 278
691 29 280
691 30 279
697 28 275
700 25 275
698 26 276
701 24 275
704 19 277
704 21 275
709 24 267
710 22 268
714 22 264
721 18 261
726 20 254
730 17 253
730 16 254
729 15 256
735 17 248
735 15 250
736 15 249
737 16 247
739 15 246
736 19 245
734 19 247
732 19 249
734 20 246
732 26 242
733 25 242
735 26 239
737 26 237
740 22 238
742 19 239
747 16 237
751 12 237
756 10 234
760 9 231
758 11 231
758 13 229
767 13 220
770 17 213
768 17 215
772 16 212
771 17 212
773 16 211
774 16 210
776 16 208
779 16 205
780 15 205
777 16 207
776 14 210
780 16 204
776 19 205
777 20 203
781 20 199
777 23 200
776 21 203
772 24 204
773 19 208
775 21 204
774 22 204
770 30 200
768 31 201
766 29 205
769 26 205
769 27 204
769 24 207
766 27 207
761 25 214
762 23 215
764 20 216
761 21 218
765 19 216
762 21 217
764 22 214
763 21 216
763 21 216
762 23 215
759 24 217
762 16 222
762 17 221
760 21 219
760 23 217
757 31 212
755 31 214
745 39 216
743 46 211
736 50 214
735 46 219
725 53 222
722 48 230
718 50 232
709 52 239
703 56 241
695 55 250
687 55 258
685 50 265
685 42 273
684 43 273
680 46 274
681 45 274
679 41 280
676 47 277
672 46 282
673 40 287
674 39 287
673 38 289
675 38 287
678 35 287
677 36 287
678 32 290
680 31 289
683 29 288
686 28 286
687 28 285
684 27 289
686 22 292
692 18 290
695 17 288
700 16 284
705 17 278
706 17 277
705 21 274
706 23 271
710 21 269
713 20 267
719 21 260
719 23 258
719 26 255
722 21 257
725 22 253
723 21 256
724 27 249
722 30 248
717 33 250
718 33 249
721 34 245
723 31 246
727 25 248
732 24 244
727 28 245
731 24 245
729 26 245
728 28 244
730 33 237
730 29 241
731 24 245
736 21 243
738 21 241
739 22 239
739 18 243
742 18 240
745 17 238
748 17 235
750 15 235
755 11 234
757 11 232
761 11 228
762 13 225
768 13 219
772 13 215
777 9 214
780 8 212
785 9 206
790 8 202
795 7 198
801 9 190
799 12 189
800 12 188
797 16 187
798 16 186
797 19 184
796 17 187
799 18 183
797 19 184
793 21 186
788 27 185
790 30 180
783 35 182
777 41 182
772 44 184
773 41 186
769 40 191
766 41 193
756 44 200
753 43 204
756 41 203
755 36 209
749 40 211
749 37 214
750 38 212
746 42 212
739 49 212
738 51 211
738 51 211
735 51 214
730 50 220
727 44 229
725 42 233
724 39 237
721 41 238
717 39 244
712 36 252
710 34 256
708 34 258
710 29 261
712 28 260
707 28 265
710 24 266
709 27 264
706 30 264
701 31 268
701 25 274
707 19 274
711 16 273
710 11 279
713 10 277
715 10 275
719 10 271
721 8 271
725 8 267
729 8 263
735 10 255
734 10 256
739 9 252
739 12 249
743 12 245
743 14 243
740 15 245
742 15 243
746 17 237
744 17 239
738 21 241
735 27 238
739 25 236
736 28 236
734 28 238
734 27 239
733 29 238
733 21 246
735 19 246
735 21 244
734 23 243
733 21 246
732 21 247
731 22 247
734 19 247
734 20 246
735 23 242
737 23 240
736 24 240
729 27 244
724 26 250
718 29 253
710 36 254
712 33 255
709 28 263
712 23 265
715 25 260
721 25 254
720 26 254
722 23 255
720 25 255
728 21 251
730 19 251
734 19 247
732 20 248
731 17 252
731 15 254
734 15 251
738 13 249
740 11 249
741 10 249
745 12 243
748 14 238
753 11 236
757 10 233
758 14 228
759 14 227
759 11 230
758 12 230
764 9 227
766 11 223
765 13 222
773 13 214
776 12 212
775 15 210
770 21 209
770 22 208
773 20 207
771 24 205
768 21 211
767 21 212
768 20 212
766 18 216
771 13 216
771 14 215
774 11 215
775 14 211
773 14 213
774 14 212
773 14 213
773 15 212
774 16 210
773 21 206
775 19 206
780 19 201
783 20 197
782 21 197
783 19 198
787 16 197
791 14 195
788 18 194
783 22 195
781 20 199
784 19 197
789 15 196
791 15 194
793 18 189
792 18 190
788 21 191
784 24 192
784 27 189
786 26 188
786 26 188
784 25 191
790 23 187
790 22 188
789 25 186
790 27 183
787 29 184
786 29 185
781 27 192
778 30 192
777 32 191
778 30 192
781 31 188
782 30 188
781 25 194
783 19 198
787 20 193
787 20 193
788 20 192
789 19 192
793 16 191
795 15 190
794 17 189
794 20 186
794 19 187
796 17 187
800 19 181
800 24 176
800 24 176
800 23 177
806 17 177
812 17 171
815 14 171
815 15 170
813 18 169
810 18 172
809 20 171
811 15 174
813 13 174
812 13 175
815 11 174
817 11 172
824 7 169
826 8 166
828 7 165
825 12 163
826 8 166
827 6 167
827 7 166
828 7 165
831 6 163
835 6 159
836 7 157
839 9 152
840 9 151
840 8 152
844 7 149
849 7 144
850 6 144
851 6 143
854 7 139
853 7 140
857 7 136
858 4 138
860 4 136
863 4 133
865 4 131
865 4 131
865 4 131
864 4 132
864 3 133
867 3 130
869 3 128
870 2 128
868 7 125
868 10 122
871 6 123
869 6 125
869 7 124
868 8 124
861 16 123
857 20 123
853 19 128
847 24 129
840 29 131
835 30 135
828 35 137
821 30 149
815 31 154
808 35 157
800 37 163
794 43 163
784 51 165
779 45 176
776 44 180
772 43 185
772 38 190
766 40 194
761 39 200
762 38 200
755 39 206
755 38 207
751 44 205
747 43 210
742 50 208
729 60 211
718 61 221
708 64 228
703 60 237
699 59 242
696 60 244
686 70 244
681 72 247
680 65 255
674 65 261
666 57 277
662 60 278
659 60 281
658 61 281
655 57 288
655 54 291
660 48 292
658 46 296
654 48 298
650 49 301
648 44 308
651 43 306
653 43 304
653 38 309
653 33 314
653 32 315
654 33 313
657 35 308
654 35 311
659 34 307
654 38 308
655 37 308
652 38 310
651 39 310
650 36 314
648 34 318
642 40 318
642 32 326
643 31 326
642 34 324
639 32 329
643 28 329
646 27 327
648 21 331
645 22 333
645 22 333
648 22 330
652 22 326
651 27 322
649 27 324
652 27 321
657 25 318
