1000 0 0
1000 0 0
1000 0 0
999 1 0
999 1 0
999 1 0
999 1 0
999 1 0
998 2 0
996 3 1
995 3 2
991 6 3
984 11 5
983 11 6
979 13 8
967 26 7
966 24 10
957 31 12
944 41 15
921 56 23
896 75 29
869 85 46
836 105 59
809 112 79
788 109 103
757 118 125
729 126 145
702 132 166
684 131 185
671 130 199
643 129 228
619 131 250
609 126 265
599 113 288
588 119 293
574 120 306
564 113 323
551 111 338
541 107 352
530 109 361
528 98 374
521 98 381
521 93 386
519 84 397
528 73 399
527 72 401
527 65 408
520 70 410
521 63 416
530 58 412
526 58 416
526 56 418
530 53 417
531 50 419
533 50 417
540 45 415
541 37 422
544 33 423
546 29 425
546 33 421
551 31 418
556 32 412
562 26 412
569 26 405
576 26 398
583 22 395
589 23 388
595 22 383
593 26 381
594 26 380
599 21 380
605 24 371
608 24 368
613 20 367
618 16 366
625 17 358
630 18 352
632 20 348
635 18 347
638 20 342
643 19 338
652 19 329
654 15 331
654 13 333
658 12 330
662 13 325
667 11 322
667 14 319
671 15 314
672 15 313
678 16 306
682 18 300
680 19 301
682 20 298
689 17 294
691 17 292
704 16 280
702 20 278
706 19 275
706 21 273
706 20 274
705 18 277
706 18 276
709 13 278
709 12 279
713 10 277
716 10 274
721 9 270
724 9 267
728 10 262
730 10 260
733 10 257
740 8 252
744 12 244
747 11 242
748 12 240
747 12 241
753 15 232
756 14 230
756 10 234
758 9 233
761 9 230
760 8 232
762 9 229
763 8 229
766 4 230
765 5 230
768 5 227
768 4 228
772 5 223
774 4 222
777 4 219
782 3 215
783 5 212
785 7 208
787 6 207
790 7 203
790 6 204
789 9 202
786 13 201
786 12 202
789 13 198
788 15 197
786 15 199
789 15 196
789 19 192
789 17 194
784 19 197
786 18 196
787 13 200
784 16 200
779 18 203
772 25 203
769 23 208
768 22 210
769 22 209
769 21 210
771 23 206
774 24 202
774 18 208
772 19 209
771 20 209
776 19 205
772 25 203
772 22 206
767 27 206
766 24 210
767 21 212
767 21 212
766 20 214
770 20 210
772 19 209
777 19 204
773 22 205
777 21 202
778 23 199
772 26 202
773 22 205
772 23 205
772 24 204
773 21 206
772 26 202
770 32 198
769 31 200
769 24 207
765 26 209
763 24 213
762 20 218
760 20 220
763 18 219
767 17 216
766 17 217
765 19 216
768 16 216
766 15 219
770 15 215
772 16 212
772 15 213
772 10 218
774 10 216
775 9 216
779 10 211
779 13 208
780 12 208
781 13 206
782 13 205
785 12 203
784 15 201
781 19 200
776 25 199
767 31 202
767 31 202
763 36 201
761 38 201
758 39 203
757 39 204
749 40 211
749 35 216
742 41 217
735 44 221
729 48 223
727 46 227
717 48 235
713 45 242
700 53 247
690 59 251
686 60 254
680 63 257
673 64 263
666 70 264
660 71 269
658 62 280
653 58 289
650 57 293
650 51 299
648 51 301
646 45 309
649 43 308
642 46 312
643 44 313
636 48 316
634 49 317
639 41 320
636 40 324
634 36 330
633 32 335
626 36 338
625 43 332
628 39 333
627 36 337
628 35 337
628 34 338
630 33 337
632 35 333
628 36 336
630 34 336
631 35 334
629 35 336
628 32 340
629 35 336
633 32 335
634 33 333
637 29 334
641 29 330
640 26 334
645 24 331
642 26 332
644 27 329
647 31 322
644 34 322
647 30 323
643 35 322
642 34 324
638 38 324
642 36 322
641 36 323
641 39 320
644 38 318
645 37 318
644 39 317
644 36 320
647 29 324
654 29 317
659 28 313
658 30 312
660 27 313
662 28 310
667 28 305
668 29 303
667 32 301
669 35 296
665 40 295
656 46 298
653 45 302
648 42 310
646 42 312
645 45 310
648 46 306
650 43 307
650 38 312
652 44 304
642 51 307
636 49 315
637 52 311
632 52 316
628 51 321
624 53 323
621 53 326
626 47 327
625 47 328
626 42 332
621 43 336
620 47 333
619 49 332
620 53 327
614 57 329
612 54 334
607 54 339
610 48 342
609 47 344
614 36 350
616 39 345
620 38 342
620 41 339
626 36 338
623 33 344
624 32 344
628 29 343
634 25 341
638 28 334
641 29 330
645 30 325
651 30 319
652 34 314
660 33 307
652 36 312
654 35 311
650 40 310
651 38 311
648 38 314
646 37 317
645 43 312
648 39 313
648 41 311
649 40 311
648 35 317
656 31 313
656 28 316
662 24 314
659 24 317
663 21 316
668 13 319
671 13 316
674 16 310
679 13 308
684 16 300
684 15 301
688 18 294
690 17 293
692 18 290
697 18 285
699 17 284
703 17 280
706 16 278
705 20 275
704 23 273
706 19 275
710 20 270
716 17 267
722 16 262
723 15 262
722 18 260
723 17 260
719 20 261
720 18 262
723 19 258
726 20 254
727 24 249
727 24 249
728 18 254
729 18 253
721 25 254
721 23 256
720 22 258
717 27 256
708 33 259
708 35 257
705 36 259
708 36 256
702 37 261
704 29 267
705 30 265
706 33 261
705 33 262
705 29 266
701 27 272
702 26 272
704 29 267
701 30 269
696 32 272
696 34 270
693 32 275
693 29 278
693 31 276
691 32 277
690 34 276
697 32 271
697 30 273
697 33 270
695 33 272
694 27 279
693 33 274
684 42 274
683 44 273
686 38 276
685 37 278
685 38 277
684 41 275
684 41 275
682 41 277
680 44 276
673 49 278
673 42 285
669 41 290
666 41 293
664 41 295
662 42 296
654 50 296
654 44 302
654 42 304
643 48 309
636 48 316
637 41 322
632 44 324
629 48 323
625 51 324
622 52 326
614 56 330
604 56 340
598 60 342
587 64 349
579 67 354
577 56 367
573 54 373
573 53 374
568 54 378
565 56 379
560 55 385
561 50 389
561 39 400
560 41 399
564 40 396
567 38 395
574 31 395
579 30 391
582 27 391
592 25 383
595 27 378
597 24 379
602 21 377
604 19 377
612 23 365
613 22 365
612 23 365
616 19 365
630 19 351
636 18 346
640 23 337
636 23 341
639 21 340
646 20 334
646 21 333
652 19 329
653 19 328
661 22 317
663 26 311
662 31 307
658 32 310
657 33 310
654 32 314
656 27 317
657 25 318
656 24 320
653 25 322
660 21 319
664 19 317
670 16 314
672 16 312
680 15 305
686 13 301
690 10 300
700 9 291
702 8 290
703 9 288
705 8 287
708 9 283
714 8 278
721 6 273
724 7 269
725 7 268
726 8 266
728 8 264
731 6 263
733 7 260
737 10 253
740 10 250
739 12 249
744 13 243
744 15 241
743 17 240
744 20 236
742 28 230
737 32 231
735 31 234
734 35 231
734 34 232
726 41 233
726 43 231
722 45 233
726 41 233
722 40 238
716 38 246
715 38 247
715 34 251
713 35 252
715 33 252
717 35 248
716 38 246
711 41 248
706 41 253
701 46 253
703 41 256
699 47 254
697 42 261
688 48 264
681 50 269
677 48 275
672 50 278
665 55 280
657 55 288
655 56 289
657 57 286
658 53 289
646 59 295
638 60 302
637 58 305
633 60 307
627 69 304
621 73 306
624 59 317
620 59 321
617 55 328
620 57 323
621 51 328
617 50 333
615 43 342
610 45 345
609 46 345
609 43 348
613 37 350
609 39 352
613 36 351
617 31 352
619 27 354
621 25 354
618 26 356
620 29 351
622 28 350
622 30 348
626 24 350
627 20 353
629 20 351
631 22 347
638 20 342
643 20 337
644 23 333
644 25 331
648 23 329
651 22 327
653 23 324
656 21 323
655 21 324
654 19 327
660 15 325
662 15 323
666 11 323
677 9 314
680 8 312
684 6 310
686 4 310
691 4 305
697 4 299
700 3 297
704 3 293
704 4 292
708 4 288
710 4 286
716 4 280
720 6 274
718 10 272
716 13 271
714 13 273
718 16 266
722 17 261
721 19 260
716 22 262
715 22 263
712 21 267
712 19 269
717 20 263
715 24 261
712 27 261
710 30 260
716 27 257
716 25 259
720 25 255
720 26 254
723 27 250
725 23 252
726 23 251
725 26 249
719 29 252
722 29 249
723 31 246
722 29 249
723 26 251
721 24 255
721 27 252
717 29 254
713 29 258
715 29 256
713 29 258
716 28 256
714 26 260
712 27 261
711 22 267
713 20 267
720 18 262
729 16 255
730 17 253
729 20 251
733 20 247
735 18 247
736 20 244
738 21 241
740 21 239
741 17 242
742 13 245
741 14 245
748 13 239
746 18 236
750 17 233
750 16 234
751 18 231
752 19 229
757 19 224
760 19 221
760 19 221
762 17 221
758 18 224
757 21 222
758 18 224
757 18 225
755 21 224
755 25 220
755 27 218
756 27 217
752 28 220
747 32 221
742 36 222
736 39 225
733 42 225
729 46 225
724 48 228
714 54 232
706 63 231
694 70 236
685 73 242
681 66 253
678 63 259
675 67 258
670 64 266
670 58 272
662 60 278
664 58 278
657 60 283
651 65 284
644 70 286
632 70 298
625 70 305
621 65 314
619 57 324
614 57 329
617 54 329
621 52 327
618 51 331
616 49 335
614 55 331
612 52 336
614 50 336
616 43 341
623 37 340
627 35 338
625 35 340
626 40 334
625 43 332
622 47 331
615 49 336
610 50 340
600 53 347
588 61 351
588 59 353
582 66 352
579 66 355
583 67 350
586 64 350
586 61 353
582 55 363
579 55 366
578 55 367
578 57 365
586 53 361
587 48 365
586 47 367
586 42 372
589 37 374
591 36 373
588 32 380
581 39 380
577 37 386
572 40 388
575 38 387
575 40 385
573 39 388
574 36 390
575 29 396
581 27 392
580 30 390
588 27 385
595 27 378
602 28 370
602 31 367
610 29 361
613 29 358
620 26 354
618 26 356
623 21 356
624 18 358
627 18 355
630 21 349
636 16 348
637 18 345
637 17 346
636 20 344
637 23 340
636 23 341
639 22 339
638 21 341
644 22 334
643 22 335
648 25 327
649 25 326
652 24 324
649 28 323
647 30 323
650 29 321
654 29 317
652 32 316
655 26 319
652 27 321
652 31 317
651 33 316
655 31 314
653 33 314
655 26 319
658 28 314
659 28 313
659 25 316
660 26 314
660 28 312
658 31 311
656 34 310
654 33 313
652 36 312
649 34 317
651 36 313
650 35 315
652 39 309
651 40 309
652 34 314
659 26 315
658 24 318
657 29 314
659 30 311
659 29 312
661 31 308
660 31 309
656 34 310
657 33 310
659 32 309
657 28 315
660 30 310
665 30 305
663 34 303
658 41 301
655 40 305
656 39 305
657 42 301
652 43 305
652 42 306
650 41 309
649 42 309
646 43 311
647 43 310
644 47 309
648 43 309
642 42 316
637 42 321
636 41 323
634 42 324
631 40 329
631 38 331
629 37 334
632 36 332
638 37 325
638 35 327
644 41 315
647 39 314
646 46 308
645 46 309
642 43 315
645 43 312
650 39 311
649 41 310
650 39 311
647 36 317
644 33 323
639 37 324
638 37 325
635 37 328
640 37 323
639 42 319
639 36 325
638 40 322
638 42 320
637 43 320
639 41 320
642 38 320
641 37 322
639 40 321
635 46 319
638 43 319
638 33 329
633 31 336
636 29 335
634 26 340
636 30 334
631 33 336
632 30 338
628 35 337
624 41 335
627 40 333
626 43 331
626 39 335
626 40 334
628 33 339
631 34 335
631 37 332
629 39 332
632 38 330
630 37 333
629 37 334
630 34 336
628 39 333
628 36 336
632 31 337
636 33 331
635 36 329
637 33 330
635 37 328
640 33 327
643 33 324
647 35 318
648 33 319
653 31 316
656 32 312
658 26 316
658 24 318
657 26 317
657 27 316
662 26 312
660 28 312
667 25 308
667 26 307
670 20 310
671 18 311
681 12 307
689 11 300
689 12 299
686 15 299
691 14 295
695 10 295
694 10 296
692 16 292
690 21 289
694 19 287
689 24 287
686 26 288
683 30 287
681 36 283
674 43 283
673 42 285
671 46 283
668 46 286
661 52 287
651 60 289
644 57 299
642 56 302
639 49 312
644 46 310
642 42 316
640 40 320
641 43 316
638 43 319
637 39 324
639 36 325
641 37 322
640 39 321
642 35 323
640 35 325
644 33 323
638 38 324
636 35 329
634 33 333
638 33 329
639 34 327
636 37 327
639 31 330
645 30 325
650 31 319
646 33 321
648 30 322
650 28 322
657 21 322
659 21 320
661 21 318
661 26 313
661 24 315
666 21 313
668 20 312
670 22 308
671 22 307
672 21 307
674 18 308
680 20 300
675 25 300
676 27 297
676 28 296
673 32 295
670 33 297
671 33 296
667 33 300
668 32 300
666 36 298
669 33 298
669 32 299
674 31 295
676 30 294
675 30 295
680 28 292
679 29 292
676 30 294
679 26 295
684 26 290
685 21 294
686 20 294
685 23 292
688 24 288
688 27 285
689 26 285
690 25 285
688 28 284
689 28 283
690 31 279
687 34 279
679 42 279
672 45 283
677 43 280
672 42 286
672 38 290
673 37 290
667 45 288
661 45 294
656 48 296
654 48 298
654 47 299
648 52 300
646 50 304
643 49 308
645 47 308
640 49 311
