995 5 0
994 5 1
993 5 2
992 4 4
993 4 3
990 6 4
989 7 4
981 13 6
970 23 7
953 39 8
929 57 14
899 83 18
862 116 22
818 138 44
772 166 62
731 181 88
687 199 114
649 210 141
617 202 181
588 203 209
573 193 234
550 193 257
532 189 279
513 187 300
493 186 321
476 182 342
472 168 360
464 149 387
454 134 412
450 128 422
446 122 432
438 117 445
435 111 454
431 99 470
426 98 476
424 90 486
420 83 497
421 84 495
426 71 503
427 66 507
433 52 515
436 54 510
441 48 511
446 46 508
452 39 509
458 32 510
465 31 504
471 31 498
476 31 493
482 26 492
488 27 485
491 31 478
494 32 474
495 31 474
502 29 469
507 33 460
513 29 458
520 24 456
523 25 452
525 27 448
528 28 444
537 30 433
536 29 435
533 34 433
536 32 432
531 37 432
526 38 436
529 38 433
533 33 434
531 34 435
535 31 434
539 30 431
550 28 422
549 32 419
556 31 413
560 35 405
566 27 407
564 31 405
569 31 400
577 29 394
580 28 392
580 31 389
587 28 385
589 27 384
593 26 381
592 23 385
597 23 380
598 21 381
601 23 376
608 23 369
613 25 362
617 24 359
617 27 356
616 32 352
615 31 354
616 32 352
618 25 357
619 26 355
623 27 350
620 28 352
622 25 353
625 24 351
622 22 356
623 24 353
628 24 348
629 24 347
624 25 351
620 33 347
611 41 348
612 40 348
614 36 350
613 38 349
617 36 347
624 35 341
634 28 338
634 30 336
632 28 340
635 27 338
629 33 338
624 34 342
622 36 342
624 35 341
620 40 340
617 47 336
620 44 336
615 47 338
616 42 342
614 37 349
613 36 351
609 37 354
611 36 353
612 36 352
610 42 348
609 45 346
613 44 343
609 44 347
603 47 350
600 49 351
607 43 350
602 41 357
601 41 358
606 35 359
604 40 356
605 33 362
604 32 364
603 28 369
603 28 369
606 31 363
609 28 363
613 33 354
610 35 355
613 33 354
612 35 353
605 41 354
603 44 353
608 45 347
598 53 349
597 52 351
596 46 358
584 51 365
584 50 366
590 45 365
590 43 367
594 42 364
597 40 363
597 40 363
594 39 367
597 40 363
600 36 364
598 29 373
606 28 366
610 25 365
616 22 362
624 18 358
630 17 353
633 13 354
634 13 353
638 12 350
641 10 349
647 8 345
646 9 345
651 8 341
653 6 341
656 5 339
661 5 334
671 4 325
675 3 322
682 2 316
688 1 311
696 1 303
698 1 301
702 1 297
707 2 291
711 3 286
711 7 282
712 11 277
709 17 274
707 17 276
706 19 275
705 19 276
707 17 276
707 20 273
711 18 271
711 17 272
716 19 265
714 22 264
709 24 267
709 25 266
704 33 263
697 41 262
696 47 257
688 48 264
671 57 272
661 65 274
654 68 278
651 64 285
640 65 295
637 62 301
629 60 311
625 58 317
616 63 321
612 66 322
610 63 327
606 60 334
601 61 338
598 61 341
601 57 342
590 54 356
584 57 359
589 53 358
581 54 365
581 57 362
581 50 369
577 50 373
574 60 366
566 53 381
556 58 386
555 58 387
554 62 384
549 63 388
547 62 391
546 60 394
543 62 395
546 56 398
539 64 397
532 67 401
531 65 404
531 62 407
526 57 417
527 55 418
532 46 422
525 47 428
535 40 425
539 39 422
543 35 422
543 36 421
544 35 421
544 30 426
552 30 418
553 30 417
553 31 416
557 30 413
556 31 413
560 30 410
559 35 406
560 33 407
566 34 400
569 33 398
573 27 400
576 26 398
578 28 394
579 29 392
585 28 387
590 29 381
594 25 381
598 23 379
602 19 379
602 21 377
606 20 374
608 21 371
612 18 370
622 14 364
629 15 356
635 16 349
643 13 344
645 12 343
648 13 339
652 13 335
654 11 335
657 12 331
665 10 325
666 10 324
676 8 316
676 11 313
672 15 313
671 15 314
672 13 315
671 14 315
673 20 307
678 19 303
679 17 304
681 13 306
681 15 304
685 15 300
686 14 300
687 15 298
679 23 298
671 28 301
668 33 299
669 32 299
672 32 296
670 36 294
672 36 292
670 34 296
673 37 290
670 37 293
664 40 296
659 47 294
645 59 296
632 71 297
617 81 302
609 80 311
604 78 318
600 76 324
598 71 331
601 63 336
586 71 343
588 69 343
587 62 351
586 66 348
579 65 356
575 70 355
564 71 365
560 71 369
556 64 380
556 61 383
559 56 385
548 61 391
546 63 391
542 63 395
547 56 397
548 54 398
545 54 401
538 62 400
532 60 408
527 63 410
536 65 399
544 60 396
538 63 399
536 56 408
538 50 412
536 50 414
530 55 415
534 51 415
538 46 416
539 44 417
548 37 415
558 31 411
562 28 410
566 27 407
574 23 403
582 20 398
587 18 395
592 16 392
603 15 382
607 14 379
613 15 372
621 14 365
627 16 357
631 14 355
641 14 345
647 12 341
649 13 338
651 16 333
652 19 329
653 21 326
654 20 326
658 16 326
657 15 328
658 13 329
659 10 331
662 13 325
658 17 325
656 22 322
654 28 318
655 27 318
652 29 319
661 25 314
667 26 307
667 30 303
669 27 304
665 29 306
669 33 298
670 31 299
664 32 304
662 33 305
656 34 310
658 33 309
653 34 313
653 31 316
658 29 313
659 28 313
660 30 310
662 30 308
665 25 310
667 27 306
669 26 305
675 27 298
675 22 303
679 19 302
680 17 303
684 18 298
686 18 296
693 17 290
698 15 287
700 15 285
700 19 281
697 18 285
698 18 284
704 18 278
705 17 278
709 19 272
712 19 269
716 17 267
715 22 263
720 20 260
718 22 260
715 25 260
716 25 259
714 27 259
708 35 257
708 31 261
706 34 260
699 37 264
700 33 267
698 37 265
700 35 265
696 35 269
691 39 270
687 37 276
684 37 279
689 34 277
690 30 280
687 29 284
695 24 281
697 22 281
696 23 281
698 23 279
700 22 278
705 19 276
707 21 272
713 22 265
716 19 265
718 23 259
724 20 256
724 23 253
728 22 250
729 19 252
730 21 249
736 17 247
736 16 248
739 11 250
741 11 248
738 12 250
738 14 248
739 11 250
744 9 247
745 13 242
744 16 240
746 17 237
744 22 234
744 23 233
741 25 234
735 27 238
730 27 243
734 25 241
734 21 245
733 21 246
735 16 249
736 15 249
735 16 249
739 13 248
740 12 248
746 9 245
751 8 241
755 11 234
752 15 233
755 14 231
752 17 231
747 24 229
740 32 228
735 32 233
728 38 234
719 43 238
714 44 242
705 45 250
702 49 249
695 54 251
692 52 256
686 53 261
689 44 267
680 48 272
676 47 277
674 49 277
676 50 274
672 49 279
675 48 277
679 39 282
684 35 281
683 33 284
683 29 288
688 30 282
696 26 278
700 23 277
704 22 274
703 20 277
708 20 272
708 20 272
709 23 268
708 25 267
705 28 267
707 21 272
709 26 265
702 29 269
696 34 270
693 35 272
690 38 272
687 36 277
690 36 274
682 45 273
684 45 271
682 43 275
677 39 284
677 38 285
680 34 286
677 35 288
678 28 294
681 25 294
691 23 286
704 17 279
711 18 271
713 16 271
714 14 272
714 15 271
708 18 274
707 18 275
707 16 277
707 14 279
707 12 281
705 16 279
708 18 274
711 16 273
715 16 269
717 17 266
716 18 266
716 15 269
717 15 268
721 15 264
722 15 263
725 14 261
728 14 258
731 11 258
735 11 254
737 10 253
742 7 251
748 6 246
749 4 247
754 4 242
756 4 240
759 6 235
763 7 230
766 8 226
767 10 223
764 14 222
765 16 219
759 19 222
759 21 220
753 26 221
746 34 220
740 40 220
735 44 221
730 44 226
724 45 231
717 51 232
704 56 240
699 55 246
693 56 251
693 49 258
685 50 265
676 49 275
669 47 284
664 46 290
659 45 296
658 45 297
650 51 299
644 59 297
639 53 308
632 51 317
627 53 320
629 53 318
627 53 320
625 46 329
622 49 329
619 53 328
621 50 329
621 45 334
620 42 338
628 37 335
622 39 339
623 36 341
627 34 339
627 30 343
631 28 341
636 26 338
637 22 341
641 21 338
646 20 334
648 16 336
655 14 331
660 14 326
665 13 322
668 14 318
669 14 317
679 13 308
687 14 299
694 9 297
703 9 288
706 6 288
709 5 286
714 5 281
718 6 276
724 6 270
727 4 269
730 3 267
734 3 263
738 3 259
739 8 253
735 10 255
741 8 251
748 9 243
749 8 243
750 6 244
754 5 241
760 5 235
768 5 227
772 2 226
774 2 224
778 2 220
782 1 217
784 2 214
785 3 212
790 2 208
791 2 207
795 2 203
799 1 200
800 1 199
806 0 194
809 0 191
817 0 183
821 0 179
825 0 175
827 0 173
829 0 171
832 0 168
836 0 164
836 0 164
838 0 162
839 0 161
842 0 158
846 0 154
848 0 152
854 0 146
857 0 143
859 0 141
862 0 138
865 0 135
869 0 131
872 0 128
877 0 123
880 0 120
880 0 120
881 0 119
881 0 119
886 0 114
887 0 113
889 0 111
891 0 109
892 0 108
893 0 107
893 0 107
894 0 106
895 0 105
895 0 105
897 0 103
900 0 100
900 0 100
903 0 97
903 0 97
903 0 97
907 0 93
909 0 91
910 0 90
913 0 87
914 0 86
915 0 85
916 0 84
917 0 83
919 0 81
920 0 80
921 0 79
922 0 78
923 0 77
924 0 76
925 0 75
926 0 74
926 0 74
930 0 70
931 0 69
932 0 68
932 0 68
932 0 68
932 0 68
932 0 68
933 0 67
933 0 67
933 0 67
933 0 67
934 0 66
935 0 65
935 0 65
935 0 65
938 0 62
938 0 62
938 0 62
939 0 61
939 0 61
939 0 61
942 0 58
942 0 58
942 0 58
944 0 56
945 0 55
947 0 53
948 0 52
949 0 51
949 0 51
949 0 51
949 0 51
949 0 51
949 0 51
951 0 49
952 0 48
952 0 48
953 0 47
953 0 47
953 0 47
953 0 47
954 0 46
954 0 46
954 0 46
955 0 45
957 0 43
957 0 43
957 0 43
957 0 43
960 0 40
960 0 40
961 0 39
962 0 38
963 0 37
963 0 37
963 0 37
964 0 36
966 0 34
966 0 34
966 0 34
967 0 33
968 0 32
968 0 32
970 0 30
970 0 30
970 0 30
970 0 30
970 0 30
970 0 30
970 0 30
970 0 30
972 0 28
974 0 26
974 0 26
974 0 26
974 0 26
974 0 26
974 0 26
974 0 26
975 0 25
975 0 25
975 0 25
975 0 25
975 0 25
975 0 25
975 0 25
976 0 24
976 0 24
976 0 24
976 0 24
976 0 24
976 0 24
976 0 24
976 0 24
977 0 23
977 0 23
977 0 23
977 0 23
979 0 21
979 0 21
979 0 21
979 0 21
979 0 21
979 0 21
980 0 20
980 0 20
980 0 20
980 0 20
980 0 20
980 0 20
980 0 20
980 0 20
980 0 20
980 0 20
981 0 19
981 0 19
982 0 18
982 0 18
983 0 17
983 0 17
984 0 16
984 0 16
984 0 16
984 0 16
985 0 15
985 0 15
985 0 15
985 0 15
986 0 14
986 0 14
986 0 14
987 0 13
988 0 12
989 0 11
989 0 11
989 0 11
989 0 11
989 0 11
989 0 11
989 0 11
989 0 11
989 0 11
989 0 11
989 0 11
989 0 11
989 0 11
989 0 11
989 0 11
989 0 11
989 0 11
989 0 11
989 0 11
989 0 11
989 0 11
989 0 11
989 0 11
991 0 9
991 0 9
991 0 9
991 0 9
991 0 9
991 0 9
992 0 8
992 0 8
994 0 6
994 0 6
994 0 6
994 0 6
994 0 6
994 0 6
994 0 6
994 0 6
994 0 6
995 0 5
995 0 5
995 0 5
995 0 5
995 0 5
995 0 5
995 0 5
995 0 5
995 0 5
995 0 5
995 0 5
995 0 5
996 0 4
996 0 4
996 0 4
997 0 3
997 0 3
997 0 3
997 0 3
997 0 3
997 0 3
997 0 3
997 0 3
997 0 3
997 0 3
997 0 3
997 0 3
997 0 3
997 0 3
997 0 3
997 0 3
997 0 3
997 0 3
997 0 3
997 0 3
997 0 3
997 0 3
997 0 3
997 0 3
997 0 3
997 0 3
997 0 3
997 0 3
997 0 3
997 0 3
997 0 3
997 0 3
997 0 3
997 0 3
997 0 3
998 0 2
998 0 2
998 0 2
998 0 2
998 0 2
998 0 2
998 0 2
998 0 2
998 0 2
998 0 2
998 0 2
998 0 2
998 0 2
998 0 2
998 0 2
998 0 2
998 0 2
998 0 2
998 0 2
998 0 2
998 0 2
998 0 2
998 0 2
998 0 2
998 0 2
998 0 2
998 0 2
998 0 2
998 0 2
998 0 2
998 0 2
998 0 2
998 0 2
998 0 2
998 0 2
998 0 2
998 0 2
998 0 2
998 0 2
998 0 2
998 0 2
998 0 2
998 0 2
998 0 2
998 0 2
999 0 1
999 0 1
999 0 1
999 0 1
999 0 1
999 0 1
999 0 1
999 0 1
999 0 1
999 0 1
999 0 1
1000 0 0
1000 0 0
1000 0 0
1000 0 0
1000 0 0
1000 0 0
