1000 0 0
1000 0 0
1000 0 0
1000 0 0
1000 0 0
998 2 0
994 6 0
992 6 2
982 15 3
963 31 6
950 39 11
925 60 15
895 72 33
863 94 43
831 104 65
801 109 90
786 109 105
760 117 123
727 125 148
703 137 160
691 134 175
673 124 203
659 125 216
642 119 239
631 112 257
618 102 280
603 102 295
593 104 303
580 99 321
574 94 332
572 89 339
566 90 344
565 82 353
563 75 362
567 68 365
567 66 367
566 63 371
560 65 375
557 62 381
554 61 385
553 55 392
558 55 387
558 56 386
558 54 388
555 50 395
560 48 392
568 40 392
573 40 387
578 36 386
578 31 391
583 29 388
588 26 386
591 23 386
597 21 382
603 19 378
613 17 370
619 20 361
618 21 361
619 19 362
629 18 353
629 21 350
631 21 348
637 17 346
642 21 337
646 20 334
647 20 333
648 19 333
650 20 330
655 14 331
661 14 325
661 12 327
660 13 327
667 10 323
673 10 317
680 11 309
683 14 303
688 14 298
690 13 297
699 12 289
698 14 288
705 11 284
710 11 279
711 10 279
715 11 274
715 13 272
716 13 271
720 14 266
725 14 261
722 15 263
727 16 257
726 17 257
725 18 257
725 15 260
726 15 259
729 18 253
728 17 255
731 14 255
732 13 255
736 11 253
736 12 252
738 13 249
734 18 248
732 19 249
733 18 249
731 22 247
728 24 248
728 25 247
737 19 244
739 17 244
745 17 238
755 17 228
757 15 228
762 14 224
763 12 225
766 9 225
767 7 226
771 10 219
769 11 220
767 13 220
768 13 219
774 15 211
774 18 208
775 19 206
773 23 204
769 25 206
766 28 206
755 38 207
753 44 203
750 41 209
745 38 217
745 35 220
745 33 222
744 33 223
744 29 227
739 38 223
744 33 223
743 33 224
742 34 224
736 36 228
729 40 231
724 42 234
714 47 239
703 56 241
693 61 246
690 58 252
680 59 261
682 56 262
672 68 260
664 71 265
661 66 273
654 68 278
646 72 282
643 69 288
636 73 291
634 75 291
631 76 293
624 66 310
610 78 312
599 78 323
591 79 330
580 72 348
577 65 358
569 63 368
563 62 375
558 63 379
558 59 383
558 58 384
556 55 389
558 55 387
554 55 391
554 49 397
555 35 410
555 35 410
558 34 408
560 30 410
561 36 403
560 36 404
565 33 402
569 32 399
576 29 395
582 25 393
585 27 388
582 30 388
586 28 386
587 24 389
593 24 383
593 27 380
592 25 383
591 31 378
590 33 377
592 32 376
592 29 379
593 32 375
587 38 375
586 44 370
576 53 371
573 59 368
572 53 375
569 58 373
569 58 373
563 61 376
565 55 380
566 49 385
569 47 384
567 53 380
569 53 378
572 52 376
567 54 379
565 56 379
566 52 382
569 47 384
572 45 383
577 43 380
574 44 382
570 47 383
569 46 385
563 53 384
557 58 385
553 56 391
556 54 390
544 62 394
543 60 397
548 53 399
545 53 402
547 49 404
544 52 404
543 49 408
547 50 403
544 53 403
543 54 403
546 54 400
551 46 403
554 46 400
559 44 397
564 39 397
563 40 397
564 37 399
575 31 394
574 30 396
573 29 398
576 31 393
577 28 395
574 32 394
574 33 393
574 33 393
575 34 391
582 23 395
591 20 389
592 28 380
592 26 382
597 26 377
602 24 374
606 24 370
604 26 370
608 27 365
613 24 363
619 21 360
622 20 358
625 17 358
626 15 359
630 20 350
636 19 345
636 19 345
635 22 343
644 21 335
646 24 330
645 25 330
642 27 331
644 25 331
648 25 327
651 22 327
655 24 321
658 20 322
659 17 324
668 18 314
673 20 307
675 19 306
672 20 308
668 27 305
665 31 304
662 35 303
656 41 303
657 41 302
653 40 307
648 41 311
647 43 310
649 39 312
646 39 315
639 43 318
643 34 323
642 35 323
644 35 321
641 28 331
646 25 329
646 28 326
643 31 326
634 39 327
632 41 327
629 44 327
627 45 328
634 38 328
638 37 325
636 39 325
637 31 332
636 29 335
636 30 334
637 29 334
644 23 333
645 23 332
651 23 326
656 20 324
657 17 326
659 14 327
657 18 325
662 16 322
665 16 319
669 15 316
668 15 317
671 15 314
676 11 313
679 8 313
681 8 311
690 8 302
691 8 301
697 8 295
699 8 293
704 6 290
707 4 289
710 5 285
711 7 282
714 6 280
718 5 277
724 5 271
729 5 266
728 9 263
731 10 259
732 11 257
734 11 255
736 12 252
734 15 251
732 17 251
729 19 252
733 17 250
735 16 249
736 15 249
736 11 253
739 10 251
739 13 248
741 11 248
738 16 246
735 18 247
735 19 246
738 19 243
736 25 239
739 25 236
736 28 236
731 33 236
725 39 236
719 41 240
712 44 244
704 42 254
703 44 253
700 39 261
689 39 272
687 38 275
685 39 276
682 41 277
677 45 278
676 47 277
679 49 272
674 51 275
673 49 278
672 47 281
672 42 286
669 40 291
662 40 298
661 39 300
661 36 303
657 37 306
655 38 307
661 34 305
659 37 304
656 36 308
660 29 311
666 26 308
666 27 307
664 30 306
662 27 311
660 30 310
656 32 312
662 37 301
666 37 297
658 45 297
656 45 299
651 44 305
643 52 305
635 49 316
628 55 317
628 53 319
628 49 323
624 46 330
628 42 330
632 33 335
630 35 335
632 38 330
638 33 329
637 35 328
637 35 328
636 32 332
638 31 331
635 31 334
637 28 335
642 24 334
647 21 332
650 19 331
659 20 321
659 21 320
662 25 313
664 26 310
663 24 313
662 26 312
662 28 310
656 33 311
654 38 308
647 42 311
645 38 317
644 41 315
647 42 311
650 40 310
644 38 318
647 33 320
642 38 320
640 38 322
645 36 319
646 38 316
645 40 315
649 42 309
650 41 309
648 43 309
649 43 308
651 43 306
649 45 306
649 42 309
648 45 307
644 52 304
643 51 306
640 47 313
640 43 317
640 44 316
634 46 320
635 45 320
640 45 315
638 48 314
633 51 316
629 50 321
628 49 323
628 48 324
628 44 328
627 42 331
628 42 330
620 49 331
615 44 341
614 50 336
608 48 344
611 36 353
607 37 356
601 43 356
600 37 363
600 40 360
600 40 360
595 48 357
589 55 356
594 47 359
594 46 360
593 48 359
588 52 360
586 50 364
590 50 360
589 44 367
584 45 371
588 41 371
583 43 374
585 39 376
590 36 374
589 38 373
589 39 372
591 36 373
595 28 377
603 27 370
607 29 364
612 29 359
613 30 357
610 36 354
609 39 352
610 42 348
605 47 348
602 49 349
599 49 352
594 51 355
598 50 352
600 49 351
604 48 348
597 55 348
595 50 355
596 54 350
595 45 360
590 45 365
596 41 363
599 35 366
607 33 360
609 32 359
611 27 362
618 26 356
624 24 352
623 25 352
629 24 347
637 25 338
642 23 335
646 25 329
648 27 325
647 30 323
651 31 318
658 28 314
660 31 309
665 27 308
661 29 310
662 33 305
668 29 303
674 27 299
671 31 298
666 35 299
667 34 299
667 34 299
669 29 302
670 30 300
678 26 296
673 30 297
674 29 297
678 28 294
677 26 297
681 28 291
682 27 291
684 23 293
687 23 290
688 24 288
690 18 292
692 21 287
691 24 285
682 30 288
678 34 288
674 38 288
667 42 291
666 40 294
666 42 292
660 46 294
657 45 298
653 46 301
646 48 306
641 51 308
643 46 311
649 46 305
649 44 307
650 39 311
654 38 308
658 38 304
661 40 299
663 36 301
666 33 301
665 30 305
669 24 307
676 19 305
675 20 305
678 13 309
680 12 308
686 11 303
682 15 303
685 14 301
692 13 295
699 10 291
704 10 286
702 14 284
697 18 285
697 16 287
702 14 284
707 13 280
712 12 276
715 12 273
717 9 274
717 11 272
714 16 270
714 14 272
713 17 270
709 20 271
707 17 276
706 22 272
704 25 271
705 24 271
703 27 270
696 35 269
696 35 269
699 30 271
706 22 272
708 24 268
710 23 267
711 19 270
710 22 268
717 19 264
718 19 263
724 18 258
724 18 258
726 15 259
729 14 257
730 16 254
730 19 251
732 15 253
736 13 251
738 14 248
738 13 249
741 11 248
743 12 245
742 16 242
744 14 242
746 16 238
748 17 235
751 15 234
755 18 227
755 18 227
747 24 229
748 25 227
743 28 229
736 31 233
731 39 230
728 42 230
727 39 234
724 36 240
723 33 244
721 34 245
720 39 241
711 39 250
705 42 253
704 41 255
698 40 262
693 41 266
684 45 271
676 53 271
676 50 274
672 55 273
669 58 273
671 49 280
676 47 277
675 48 277
673 44 283
667 48 285
663 44 293
660 44 296
664 43 293
663 43 294
665 45 290
663 47 290
657 52 291
654 50 296
648 49 303
647 53 300
647 48 305
642 52 306
625 66 309
615 68 317
612 70 318
612 59 329
606 61 333
598 66 336
590 64 346
576 70 354
564 76 360
556 73 371
557 70 373
551 72 377
543 75 382
544 75 381
538 73 389
534 66 400
540 65 395
543 58 399
542 55 403
538 58 404
533 57 410
537 54 409
533 54 413
538 52 410
539 47 414
539 44 417
549 41 410
549 42 409
547 44 409
551 47 402
559 43 398
557 40 403
562 30 408
566 29 405
570 25 405
578 23 399
577 21 402
580 22 398
583 22 395
586 19 395
585 25 390
588 28 384
584 32 384
582 35 383
584 30 386
585 26 389
588 23 389
590 22 388
590 23 387
596 19 385
598 22 380
603 18 379
609 18 373
617 20 363
612 24 364
616 18 366
620 21 359
621 22 357
626 17 357
631 15 354
635 14 351
644 14 342
647 13 340
652 13 335
655 11 334
656 11 333
660 10 330
663 10 327
664 10 326
666 11 323
674 10 316
677 11 312
678 14 308
676 16 308
677 17 306
675 20 305
677 19 304
669 28 303
671 32 297
678 26 296
681 25 294
682 22 296
684 24 292
684 26 290
689 27 284
686 27 287
688 26 286
686 25 289
688 26 286
684 31 285
688 27 285
691 27 282
696 24 280
693 22 285
687 26 287
689 30 281
688 30 282
687 28 285
685 24 291
689 23 288
690 23 287
689 25 286
695 22 283
700 20 280
704 19 277
710 16 274
721 13 266
719 16 265
721 16 263
721 16 263
723 16 261
724 13 263
725 14 261
722 18 260
722 21 257
721 24 255
717 23 260
718 24 258
721 23 256
721 23 256
722 19 259
728 16 256
729 16 255
729 19 252
729 17 254
732 18 250
735 18 247
735 15 250
735 9 256
735 15 250
737 14 249
740 13 247
739 15 246
739 16 245
742 15 243
742 15 243
740 14 246
740 12 248
744 11 245
744 10 246
749 9 242
754 7 239
756 8 236
757 10 233
756 11 233
755 16 229
759 14 227
762 18 220
762 19 219
764 15 221
761 19 220
761 19 220
760 18 222
756 20 224
753 24 223
752 33 215
750 33 217
744 33 223
746 32 222
743 38 219
737 39 224
732 42 226
731 39 230
733 42 225
722 47 231
723 40 237
721 41 238
717 41 242
715 41 244
712 46 242
704 46 250
699 48 253
698 45 257
692 51 257
691 46 263
691 42 267
691 39 270
687 42 271
684 46 270
678 47 275
675 48 277
675 49 276
671 47 282
668 46 286
658 46 296
657 39 304
655 36 309
652 34 314
643 41 316
646 40 314
648 36 316
649 37 314
647 34 319
650 32 318
649 29 322
649 30 321
654 23 323
656 24 320
657 30 313
661 30 309
666 33 301
667 33 300
670 28 302
672 29 299
675 28 297
677 25 298
680 21 299
677 22 301
684 23 293
688 23 289
695 19 286
695 22 283
694 21 285
697 25 278
691 34 275
685 35 280
681 42 277
676 46 278
671 47 282
665 53 282
665 47 288
669 46 285
664 50 286
661 44 295
656 47 297
655 38 307
655 39 306
657 39 304
652 34 314
649 37 314
644 37 319
648 34 318
653 31 316
661 27 312
657 31 312
655 32 313
646 38 316
643 41 316
644 48 308
640 49 311
639 50 311
633 55 312
622 61 317
624 54 322
612 69 319
609 66 325
604 64 332
603 62 335
601 62 337
604 59 337
608 47 345
613 45 342
610 44 346
605 48 347
602 41 357
604 41 355
606 38 356
603 42 355
602 39 359
601 43 356
603 41 356
608 43 349
605 46 349
604 44 352
597 49 354
595 52 353
601 44 355
599 41 360
599 38 363
594 40 366
602 38 360
602 36 362
600 38 362
603 31 366
606 24 370
610 22 368
612 21 367
614 22 364
617 19 364
619 19 362
620 20 360
627 19 354
634 15 351
642 15 343
645 13 342
647 12 341
654 14 332
657 9 334
665 11 324
672 9 319
674 12 314
677 9 314
679 12 309
677 17 306
683 16 301
683 19 298
682 19 299
684 16 300
687 15 298
689 14 297
692 14 294
700 12 288
706 11 283
708 10 282
714 10 276
713 10 277
720 9 271
725 5 270
730 7 263
734 4 262
742 3 255
744 3 253
749 3 248
752 4 244
756 4 240
760 2 238
765 1 234
771 0 229
775 0 225
776 2 222
782 3 215
783 5 212
788 3 209
786 4 210
788 6 206
793 5 202
799 3 198
801 1 198
802 1 197
803 2 195
804 2 194
806 3 191
807 1 192
811 1 188
814 0 186
816 0 184
