995 5 0
994 4 2
985 11 4
979 16 5
969 24 7
959 29 12
943 41 16
922 54 24
890 77 33
861 96 43
825 115 60
784 143 73
731 176 93
698 172 130
662 187 151
623 205 172
584 208 208
557 208 235
529 199 272
511 182 307
504 165 331
489 157 354
479 149 372
476 135 389
472 116 412
470 102 428
470 90 440
467 88 445
467 81 452
466 78 456
472 76 452
474 73 453
477 67 456
480 63 457
484 57 459
493 59 448
486 53 461
502 45 453
510 44 446
504 47 449
503 51 446
510 45 445
510 44 446
513 42 445
516 43 441
520 43 437
520 48 432
522 47 431
527 42 431
532 34 434
531 37 432
534 35 431
536 35 429
534 40 426
531 41 428
536 37 427
542 34 424
547 31 422
552 27 421
560 24 416
560 22 418
569 22 409
572 21 407
574 20 406
579 20 401
586 18 396
586 18 396
592 18 390
594 16 390
596 18 386
596 18 386
601 15 384
605 14 381
610 11 379
619 8 373
622 6 372
630 4 366
638 4 358
646 3 351
650 3 347
653 3 344
661 2 337
665 2 333
671 2 327
673 3 324
677 3 320
682 4 314
683 5 312
687 4 309
693 3 304
700 2 298
704 2 294
709 2 289
713 2 285
715 2 283
718 2 280
724 1 275
732 1 267
737 1 262
739 1 260
743 1 256
746 1 253
754 1 245
762 1 237
763 1 236
766 1 233
769 1 230
775 2 223
778 2 220
783 2 215
788 2 210
791 2 207
791 2 207
795 1 204
798 1 201
799 1 200
804 2 194
806 2 192
808 2 190
814 2 184
818 2 180
823 3 174
828 2 170
833 2 165
836 2 162
840 2 158
843 2 155
844 1 155
847 1 152
850 2 148
853 1 146
859 1 140
860 0 140
864 0 136
866 0 134
870 0 130
873 0 127
874 0 126
875 0 125
878 0 122
879 0 121
880 0 120
884 0 116
884 0 116
885 0 115
885 0 115
887 2 111
890 1 109
891 2 107
891 2 107
893 2 105
893 2 105
897 2 101
898 4 98
898 4 98
899 3 98
902 2 96
902 2 96
904 2 94
905 2 93
908 3 89
899 12 89
881 31 88
873 34 93
846 53 101
823 70 107
804 79 117
786 90 124
773 95 132
742 105 153
721 113 166
701 116 183
691 112 197
678 113 209
666 99 235
657 99 244
654 94 252
652 83 265
648 80 272
636 84 280
629 86 285
626 83 291
620 80 300
613 71 316
605 74 321
602 73 325
597 72 331
588 71 341
583 76 341
585 74 341
576 81 343
575 74 351
564 75 361
561 68 371
561 62 377
561 63 376
553 57 390
556 53 391
564 45 391
568 40 392
569 40 391
572 41 387
572 40 388
578 34 388
577 38 385
583 29 388
593 29 378
596 32 372
590 33 377
590 32 378
590 36 374
590 36 374
590 41 369
586 44 370
586 48 366
589 46 365
590 43 367
589 42 369
585 45 370
584 44 372
584 42 374
583 45 372
583 41 376
581 44 375
582 36 382
577 39 384
577 40 383
577 43 380
575 42 383
578 40 382
575 40 385
581 38 381
582 43 375
584 43 373
592 37 371
596 39 365
595 37 368
600 34 366
603 36 361
609 31 360
611 32 357
612 34 354
615 34 351
619 33 348
620 30 350
621 31 348
619 33 348
618 29 353
616 27 357
618 27 355
618 31 351
623 26 351
625 29 346
624 33 343
630 28 342
630 29 341
628 29 343
628 23 349
630 20 350
637 18 345
637 17 346
642 17 341
652 12 336
656 13 331
663 10 327
669 10 321
671 11 318
674 12 314
672 14 314
676 18 306
678 17 305
680 17 303
680 19 301
680 20 300
682 17 301
686 15 299
686 13 301
686 16 298
686 18 296
686 15 299
687 15 298
691 12 297
696 11 293
701 12 287
703 10 287
705 14 281
700 20 280
696 22 282
698 24 278
693 31 276
688 35 277
687 35 278
674 41 285
665 43 292
667 42 291
662 43 295
658 44 298
649 44 307
642 52 306
639 54 307
630 54 316
624 50 326
622 51 327
619 46 335
614 51 335
609 52 339
617 46 337
619 44 337
616 43 341
620 46 334
629 42 329
627 39 334
630 36 334
632 38 330
632 34 334
632 30 338
635 26 339
635 31 334
639 27 334
642 24 334
642 24 334
642 22 336
644 20 336
651 21 328
651 23 326
655 23 322
660 22 318
664 19 317
671 17 312
674 16 310
676 14 310
674 20 306
684 16 300
687 12 301
687 13 300
688 14 298
694 13 293
691 15 294
693 16 291
698 15 287
697 16 287
698 16 286
701 18 281
702 21 277
701 24 275
698 26 276
692 33 275
689 33 278
688 30 282
682 34 284
690 33 277
686 37 277
684 42 274
676 46 278
670 46 284
668 48 284
663 44 293
660 42 298
663 41 296
659 37 304
655 40 305
651 47 302
652 44 304
646 40 314
644 46 310
644 44 312
636 46 318
625 53 322
618 57 325
617 63 320
612 61 327
612 57 331
612 57 331
604 61 335
600 63 337
594 58 348
590 60 350
589 55 356
585 59 356
581 52 367
583 51 366
583 54 363
584 50 366
587 46 367
584 48 368
582 50 368
579 52 369
574 53 373
572 45 383
574 41 385
580 37 383
592 30 378
592 32 376
594 29 377
596 29 375
599 29 372
603 27 370
604 31 365
606 27 367
609 21 370
614 18 368
620 19 361
628 18 354
630 16 354
632 15 353
634 15 351
638 15 347
647 12 341
657 11 332
667 10 323
670 13 317
674 12 314
677 14 309
687 13 300
693 11 296
696 11 293
700 10 290
706 9 285
708 9 283
715 7 278
717 9 274
719 8 273
721 5 274
726 5 269
727 8 265
733 7 260
737 7 256
739 7 254
741 7 252
746 7 247
750 4 246
753 4 243
757 1 242
756 4 240
756 4 240
758 5 237
761 6 233
762 6 232
764 9 227
767 13 220
763 18 219
757 24 219
754 27 219
751 28 221
743 36 221
739 37 224
735 42 223
731 42 227
734 30 236
734 32 234
734 30 236
734 32 234
730 34 236
715 48 237
707 56 237
703 51 246
700 50 250
696 52 252
688 56 256
680 58 262
672 63 265
667 62 271
663 65 272
658 56 286
655 51 294
652 43 305
653 40 307
649 43 308
645 46 309
631 59 310
624 61 315
608 76 316
594 85 321
592 80 328
586 83 331
590 75 335
583 76 341
570 84 346
567 82 351
553 89 358
549 83 368
547 77 376
544 73 383
546 68 386
543 64 393
539 69 392
545 60 395
544 54 402
550 49 401
554 51 395
553 46 401
551 47 402
550 45 405
557 40 403
559 37 404
562 37 401
563 35 402
569 39 392
570 40 390
575 37 388
566 42 392
565 43 392
565 47 388
558 52 390
555 51 394
555 53 392
552 52 396
558 52 390
559 60 381
554 59 387
554 54 392
561 46 393
562 42 396
560 38 402
567 36 397
568 37 395
571 38 391
575 32 393
578 27 395
581 26 393
580 24 396
584 21 395
587 17 396
588 21 391
588 22 390
588 23 389
595 21 384
601 18 381
603 20 377
606 18 376
610 15 375
614 16 370
613 17 370
620 13 367
627 10 363
629 9 362
627 11 362
630 9 361
631 11 358
639 10 351
639 10 351
642 7 351
649 7 344
652 5 343
657 5 338
663 5 332
667 4 329
672 4 324
676 4 320
680 1 319
686 1 313
690 1 309
696 1 303
696 3 301
702 4 294
706 4 290
711 5 284
714 6 280
717 7 276
722 5 273
727 6 267
727 7 266
733 7 260
735 8 257
739 7 254
740 7 253
743 7 250
744 10 246
749 11 240
747 10 243
750 9 241
750 9 241
749 10 241
747 10 243
748 10 242
744 14 242
739 19 242
739 20 241
740 24 236
740 23 237
734 30 236
733 29 238
732 33 235
730 30 240
729 26 245
726 27 247
721 29 250
729 25 246
730 26 244
731 26 243
731 27 242
734 27 239
732 26 242
733 25 242
738 24 238
743 25 232
746 24 230
747 22 231
749 23 228
746 24 230
743 31 226
742 33 225
737 33 230
733 34 233
729 34 237
730 34 236
731 35 234
727 42 231
722 41 237
727 36 237
722 35 243
721 37 242
715 35 250
711 39 250
705 43 252
708 40 252
708 46 246
700 50 250
699 52 249
703 53 244
695 60 245
698 51 251
687 48 265
691 46 263
692 43 265
690 48 262
690 42 268
688 42 270
690 35 275
693 28 279
694 25 281
691 29 280
689 33 278
687 34 279
692 33 275
688 31 281
683 30 287
687 27 286
686 26 288
693 23 284
694 27 279
695 29 276
692 33 275
689 36 275
692 32 276
694 33 273
691 33 276
687 35 278
689 29 282
688 27 285
686 28 286
684 29 287
684 33 283
687 30 283
692 26 282
692 28 280
694 25 281
698 19 283
702 15 283
707 18 275
712 16 272
706 21 273
705 27 268
698 34 268
691 35 274
686 39 275
682 45 273
680 48 272
674 50 276
671 55 274
664 62 274
665 56 279
658 55 287
649 54 297
635 53 312
631 51 318
630 56 314
640 49 311
641 48 311
636 49 315
640 49 311
640 48 312
645 48 307
641 45 314
639 38 323
648 33 319
648 34 318
642 36 322
643 37 320
642 36 322
648 39 313
651 41 308
650 40 310
654 42 304
652 43 305
649 43 308
646 39 315
645 38 317
636 45 319
634 43 323
629 45 326
631 43 326
639 37 324
643 33 324
640 35 325
642 35 323
645 30 325
647 31 322
653 32 315
652 25 323
658 24 318
661 25 314
664 22 314
667 20 313
666 17 317
671 14 315
674 13 313
680 11 309
682 10 308
689 10 301
690 10 300
695 10 295
696 12 292
698 12 290
704 12 284
704 9 287
712 9 279
721 8 271
722 9 269
727 9 264
733 8 259
740 6 254
743 6 251
748 5 247
753 3 244
755 3 242
759 2 239
761 3 236
766 3 231
774 3 223
779 3 218
785 3 212
790 3 207
794 3 203
797 4 199
804 3 193
804 2 194
810 2 188
812 4 184
816 5 179
821 8 171
828 7 165
831 5 164
826 11 163
826 11 163
824 14 162
821 15 164
820 18 162
820 15 165
817 21 162
804 31 165
789 41 170
772 52 176
751 63 186
731 75 194
710 83 207
693 92 215
680 89 231
670 90 240
663 87 250
658 82 260
650 83 267
639 84 277
634 77 289
628 75 297
626 70 304
618 67 315
613 70 317
609 73 318
605 60 335
612 47 341
616 41 343
622 35 343
624 33 343
619 33 348
616 35 349
617 36 347
614 37 349
613 40 347
610 39 351
610 36 354
614 33 353
618 31 351
619 28 353
621 23 356
621 25 354
625 22 353
636 18 346
639 21 340
644 19 337
649 20 331
652 19 329
652 18 330
653 17 330
657 18 325
658 21 321
654 22 324
656 21 323
658 21 321
662 22 316
666 25 309
666 25 309
668 23 309
664 25 311
663 30 307
659 26 315
658 28 314
662 29 309
662 31 307
660 28 312
667 24 309
668 20 312
671 19 310
675 14 311
675 12 313
681 13 306
681 13 306
686 11 303
691 10 299
695 10 295
701 9 290
706 7 287
711 6 283
714 7 279
714 8 278
723 8 269
729 8 263
732 8 260
735 8 257
733 14 253
724 23 253
722 27 251
716 31 253
711 33 256
711 31 258
710 34 256
709 30 261
706 33 261
698 39 263
687 49 264
666 62 272
658 63 279
651 61 288
649 60 291
643 65 292
638 65 297
638 61 301
633 66 301
630 73 297
623 77 300
620 78 302
619 74 307
621 69 310
618 70 312
610 70 320
606 63 331
608 62 330
609 60 331
602 63 335
603 60 337
603 63 334
603 61 336
594 69 337
593 68 339
594 69 337
590 64 346
593 54 353
596 51 353
597 48 355
598 37 365
601 35 364
607 34 359
610 36 354
605 39 356
604 40 356
604 32 364
612 31 357
618 23 359
623 21 356
623 21 356
628 19 353
627 22 351
626 21 353
630 17 353
633 18 349
636 17 347
645 15 340
659 11 330
663 12 325
668 12 320
669 10 321
681 8 311
686 7 307
690 7 303
693 8 299
697 7 296
702 7 291
702 8 290
707 7 286
709 5 286
712 6 282
716 5 279
721 3 276
732 3 265
737 3 260
738 3 259
740 4 256
743 5 252
745 4 251
747 4 249
752 3 245
757 2 241
761 1 238
765 1 234
770 1 229
772 1 227
776 0 224
782 0 218
786 0 214
790 0 210
793 0 207
796 0 204
799 0 201
801 0 199
806 0 194
808 0 192
812 0 188
816 0 184
817 0 183
822 0 178
823 0 177
827 0 173
831 0 169
834 0 166
838 0 162
840 0 160
843 0 157
845 0 155
846 0 154
851 0 149
853 0 147
857 0 143
859 0 141
861 0 139
864 0 136
866 0 134
868 0 132
871 0 129
872 0 128
875 0 125
877 0 123
879 0 121
879 0 121
879 0 121
880 0 120
881 0 119
882 0 118
883 0 117
886 0 114
886 0 114
887 0 113
890 0 110
891 0 109
893 0 107
895 0 105
895 0 105
895 0 105
896 0 104
897 0 103
902 0 98
902 0 98
902 0 98
902 0 98
904 0 96
906 0 94
911 0 89
912 0 88
914 0 86
914 0 86
916 0 84
918 0 82
921 0 79
922 0 78
925 0 75
926 0 74
927 0 73
930 0 70
933 0 67
935 0 65
936 0 64
937 0 63
