995 5 0
994 6 0
984 15 1
976 21 3
970 23 7
951 40 9
930 56 14
909 67 24
876 92 32
837 120 43
804 128 68
759 159 82
722 172 106
690 169 141
655 170 175
626 173 201
605 169 226
581 167 252
561 171 268
551 159 290
538 146 316
523 141 336
516 132 352
512 125 363
512 116 372
503 108 389
499 112 389
492 104 404
487 103 410
479 100 421
480 89 431
481 74 445
484 73 443
490 64 446
489 65 446
486 59 455
494 54 452
495 53 452
496 54 450
496 52 452
505 48 447
509 41 450
515 33 452
514 30 456
523 28 449
527 27 446
524 37 439
531 36 433
533 28 439
537 22 441
549 22 429
554 24 422
557 24 419
563 22 415
565 23 412
567 24 409
569 26 405
570 26 404
574 28 398
581 27 392
581 29 390
585 30 385
589 32 379
576 40 384
581 34 385
578 32 390
583 25 392
582 28 390
585 26 389
590 25 385
590 25 385
589 28 383
587 26 387
595 29 376
593 36 371
599 36 365
601 38 361
605 35 360
604 34 362
605 35 360
607 35 358
607 33 360
609 35 356
606 34 360
604 36 360
602 31 367
606 32 362
607 33 360
611 31 358
612 34 354
612 30 358
612 32 356
613 29 358
618 29 353
622 28 350
622 28 350
624 27 349
632 23 345
633 22 345
636 23 341
634 28 338
634 26 340
627 24 349
633 23 344
639 21 340
639 23 338
637 25 338
642 25 333
644 26 330
646 30 324
643 30 327
639 31 330
637 36 327
629 41 330
628 41 331
627 44 329
628 49 323
627 47 326
619 53 328
620 49 331
620 49 331
621 46 333
618 50 332
623 49 328
621 50 329
621 49 330
618 50 332
621 44 335
626 40 334
630 34 336
631 32 337
636 29 335
635 28 337
639 25 336
647 22 331
652 20 328
656 19 325
664 20 316
661 24 315
659 28 313
663 23 314
672 19 309
676 19 305
676 27 297
680 29 291
677 29 294
683 24 293
681 26 293
678 31 291
672 36 292
669 33 298
668 33 299
665 31 304
666 27 307
661 27 312
664 25 311
667 26 307
671 19 310
676 20 304
679 16 305
683 12 305
688 11 301
691 12 297
687 18 295
689 17 294
690 18 292
691 17 292
693 20 287
698 21 281
694 24 282
692 26 282
692 30 278
691 32 277
686 37 277
691 35 274
684 35 281
687 35 278
686 39 275
684 39 277
685 36 279
686 36 278
686 37 277
692 35 273
695 34 271
691 36 273
687 40 273
688 45 267
686 42 272
683 48 269
682 45 273
680 45 275
679 41 280
675 41 284
674 46 280
670 45 285
670 45 285
672 40 288
677 33 290
674 35 291
679 31 290
682 31 287
683 32 285
682 27 291
683 30 287
686 26 288
686 23 291
687 24 289
693 27 280
697 28 275
692 30 278
692 28 280
692 23 285
691 20 289
689 21 290
688 24 288
693 24 283
692 24 284
695 19 286
695 23 282
695 27 278
700 16 284
703 15 282
709 12 279
713 11 276
716 10 274
716 13 271
711 17 272
707 20 273
704 26 270
697 37 266
689 35 276
679 38 283
674 43 283
678 37 285
671 39 290
665 42 293
668 38 294
663 38 299
663 35 302
670 37 293
673 34 293
676 36 288
680 34 286
683 31 286
682 29 289
689 25 286
689 22 289
694 20 286
695 19 286
698 22 280
706 18 276
702 21 277
692 36 272
681 47 272
668 56 276
661 51 288
656 51 293
651 48 301
650 50 300
645 45 310
645 50 305
638 47 315
634 43 323
636 39 325
634 40 326
633 45 322
637 40 323
633 41 326
633 33 334
636 35 329
640 30 330
644 30 326
648 29 323
648 24 328
649 27 324
646 28 326
648 25 327
651 25 324
662 22 316
670 20 310
681 17 302
682 18 300
683 19 298
681 23 296
680 28 292
675 30 295
674 30 296
675 30 295
674 31 295
674 30 296
673 32 295
667 41 292
665 40 295
662 40 298
660 44 296
662 48 290
653 55 292
657 48 295
658 45 297
656 46 298
655 42 303
655 43 302
651 46 303
650 42 308
646 45 309
640 53 307
639 48 313
641 41 318
647 35 318
651 32 317
649 32 319
651 34 315
649 31 320
646 30 324
652 31 317
658 29 313
653 33 314
654 23 323
658 22 320
664 19 317
668 19 313
670 20 310
678 18 304
681 20 299
681 20 299
683 22 295
678 32 290
677 39 284
669 45 286
673 43 284
668 47 285
664 50 286
660 45 295
657 40 303
653 42 305
645 50 305
634 55 311
623 64 313
623 59 318
623 63 314
623 61 316
619 53 328
617 54 329
616 43 341
621 44 335
624 45 331
622 47 331
616 44 340
616 37 347
614 32 354
619 28 353
618 23 359
617 26 357
622 27 351
619 31 350
619 30 351
622 28 350
620 30 350
618 35 347
616 37 347
619 37 344
615 37 348
626 32 342
632 28 340
633 34 333
637 32 331
638 28 334
642 30 328
646 29 325
651 26 323
656 23 321
660 19 321
659 21 320
654 25 321
657 27 316
654 32 314
655 33 312
648 43 309
647 43 310
642 45 313
640 46 314
639 48 313
636 56 308
626 59 315
613 65 322
608 67 325
600 69 331
596 64 340
585 60 355
578 67 355
578 60 362
584 58 358
580 56 364
583 55 362
588 49 363
591 45 364
596 42 362
593 42 365
593 39 368
602 33 365
602 34 364
604 33 363
607 39 354
610 33 357
618 29 353
618 24 358
626 21 353
630 19 351
634 18 348
638 17 345
643 13 344
642 15 343
647 14 339
653 12 335
656 11 333
661 12 327
661 14 325
672 14 314
676 15 309
679 14 307
681 13 306
686 11 303
690 11 299
695 9 296
702 8 290
711 8 281
713 10 277
719 9 272
724 8 268
727 6 267
733 5 262
736 5 259
739 6 255
742 8 250
748 7 245
748 9 243
751 9 240
749 9 242
748 15 237
740 23 237
738 25 237
737 28 235
725 38 237
718 45 237
709 51 240
703 52 245
700 49 251
695 55 250
697 47 256
688 48 264
686 46 268
684 46 270
686 37 277
685 39 276
682 40 278
673 44 283
671 48 281
661 57 282
660 57 283
660 59 281
654 55 291
653 53 294
654 42 304
653 41 306
659 38 303
661 37 302
660 41 299
658 41 301
657 38 305
661 32 307
660 33 307
661 28 311
653 31 316
648 36 316
646 39 315
639 48 313
637 47 316
633 47 320
631 45 324
624 53 323
622 46 332
619 47 334
617 50 333
620 45 335
618 49 333
622 43 335
624 36 340
627 32 341
630 31 339
635 29 336
632 36 332
633 32 335
641 30 329
643 24 333
645 23 332
650 22 328
654 22 324
650 24 326
649 29 322
651 20 329
651 23 326
654 23 323
652 24 324
649 28 323
648 31 321
646 31 323
645 26 329
646 24 330
651 19 330
652 16 332
652 14 334
654 13 333
655 13 332
657 15 328
664 16 320
671 14 315
678 13 309
678 15 307
680 15 305
680 15 305
685 12 303
685 11 304
688 10 302
690 12 298
686 12 302
689 12 299
688 10 302
689 13 298
689 17 294
697 16 287
700 13 287
703 10 287
702 9 289
704 6 290
705 12 283
707 12 281
711 11 278
712 8 280
716 11 273
718 10 272
727 10 263
728 9 263
731 8 261
731 11 258
734 10 256
738 7 255
742 8 250
742 10 248
745 12 243
746 10 244
749 8 243
753 8 239
752 9 239
753 9 238
753 11 236
752 17 231
746 23 231
739 30 231
739 36 225
735 38 227
723 49 228
717 52 231
711 54 235
699 65 236
689 70 241
678 71 251
662 76 262
647 78 275
634 80 286
630 78 292
619 91 290
604 95 301
598 85 317
588 87 325
577 83 340
568 74 358
571 68 361
567 63 370
567 60 373
568 55 377
564 58 378
572 51 377
568 54 378
575 56 369
574 56 370
578 49 373
578 51 371
577 51 372
575 42 383
579 39 382
584 36 380
585 33 382
590 30 380
595 28 377
595 29 376
595 27 378
599 28 373
605 25 370
614 21 365
619 21 360
623 16 361
629 14 357
635 11 354
637 12 351
645 11 344
648 10 342
653 11 336
656 11 333
664 9 327
665 10 325
669 11 320
674 12 314
680 14 306
685 15 300
689 12 299
689 13 298
691 13 296
695 15 290
696 15 289
693 18 289
697 13 290
699 14 287
700 17 283
700 19 281
697 22 281
695 20 285
690 29 281
686 31 283
683 31 286
686 27 287
693 25 282
701 26 273
704 23 273
707 24 269
708 23 269
707 26 267
710 25 265
711 28 261
706 32 262
702 34 264
711 37 252
702 47 251
697 52 251
688 52 260
676 55 269
673 62 265
669 59 272
654 66 280
652 59 289
647 61 292
642 62 296
637 65 298
631 68 301
620 70 310
614 72 314
605 75 320
595 75 330
590 70 340
592 67 341
594 66 340
589 65 346
595 61 344
596 52 352
599 48 353
605 44 351
610 35 355
608 29 363
613 27 360
616 22 362
622 21 357
628 18 354
630 22 348
625 21 354
621 24 355
624 23 353
632 21 347
634 19 347
641 16 343
646 15 339
648 12 340
656 11 333
657 12 331
658 15 327
663 10 327
664 11 325
664 8 328
671 7 322
677 6 317
681 7 312
683 7 310
688 7 305
694 7 299
694 7 299
691 12 297
691 17 292
689 22 289
685 27 288
680 33 287
679 38 283
674 33 293
671 35 294
665 39 296
661 39 300
657 44 299
654 50 296
651 52 297
648 47 305
643 45 312
640 49 311
646 41 313
644 40 316
645 33 322
646 30 324
651 25 324
651 24 325
656 24 320
655 24 321
658 27 315
660 32 308
661 28 311
654 30 316
653 35 312
652 36 312
653 34 313
653 29 318
660 25 315
665 23 312
666 23 311
667 22 311
674 18 308
679 18 303
687 18 295
692 19 289
693 21 286
687 25 288
680 28 292
680 26 294
681 26 293
673 37 290
666 42 292
656 47 297
654 49 297
645 56 299
646 52 302
636 52 312
628 52 320
619 58 323
620 54 326
615 51 334
614 47 339
612 45 343
604 44 352
602 38 360
608 33 359
607 28 365
607 31 362
610 29 361
612 30 358
620 28 352
620 26 354
620 31 349
615 33 352
610 39 351
606 38 356
603 36 361
606 32 362
606 30 364
601 31 368
603 31 366
603 32 365
605 31 364
599 36 365
598 38 364
592 40 368
590 42 368
590 38 372
594 31 375
594 31 375
593 34 373
597 31 372
601 26 373
605 27 368
603 25 372
610 28 362
617 27 356
623 21 356
622 25 353
626 23 351
632 19 349
633 18 349
635 15 350
640 12 348
636 13 351
642 16 342
641 17 342
649 14 337
644 18 338
641 26 333
638 26 336
637 25 338
638 29 333
636 34 330
641 30 329
639 34 327
633 35 332
634 32 334
631 34 335
636 34 330
633 34 333
629 33 338
628 35 337
628 40 332
629 40 331
632 35 333
634 32 334
642 30 328
643 27 330
643 28 329
644 25 331
650 21 329
653 23 324
657 23 320
657 22 321
656 25 319
659 26 315
661 23 316
664 22 314
664 21 315
668 18 314
673 22 305
678 24 298
685 23 292
688 21 291
687 25 288
689 25 286
692 20 288
691 23 286
694 24 282
690 24 286
698 25 277
701 23 276
700 24 276
703 27 270
699 30 271
690 33 277
686 39 275
685 38 277
679 43 278
678 41 281
680 43 277
682 38 280
680 31 289
682 28 290
682 26 292
683 28 289
682 27 291
679 30 291
685 27 288
686 26 288
689 24 287
685 26 289
682 30 288
673 39 288
672 40 288
671 43 286
671 43 286
664 47 289
661 49 290
655 53 292
650 51 299
644 56 300
640 53 307
640 51 309
630 55 315
627 53 320
616 57 327
610 59 331
611 52 337
608 54 338
600 57 343
595 60 345
598 57 345
598 50 352
597 54 349
597 44 359
603 35 362
603 32 365
611 31 358
611 30 359
615 34 351
619 32 349
619 24 357
617 29 354
622 24 354
627 26 347
627 26 347
629 28 343
633 27 340
640 21 339
639 25 336
636 28 336
628 29 343
632 25 343
633 26 341
634 31 335
631 37 332
633 38 329
635 32 333
636 31 333
638 32 330
639 29 332
641 22 337
651 20 329
652 19 329
659 19 322
665 22 313
667 19 314
671 20 309
672 20 308
672 17 311
675 18 307
677 19 304
680 17 303
682 14 304
686 13 301
686 10 304
688 12 300
692 10 298
693 10 297
697 11 292
702 9 289
702 10 288
704 12 284
709 14 277
711 10 279
713 10 277
712 10 278
710 11 279
707 14 279
712 12 276
708 16 276
707 22 271
702 27 271
700 26 274
700 25 275
696 29 275
696 27 277
699 27 274
697 32 271
694 34 272
695 29 276
698 28 274
695 28 277
692 32 276
694 24 282
691 28 281
692 23 285
697 18 285
699 21 280
701 20 279
703 17 280
699 21 280
701 21 278
701 24 275
699 30 271
697 32 271
692 32 276
695 28 277
695 27 278
697 28 275
700 28 272
703 31 266
704 35 261
702 33 265
698 37 265
701 37 262
700 33 267
701 31 268
696 35 269
688 38 274
688 38 274
683 38 279
677 42 281
672 41 287
667 48 285
666 47 287
666 47 287
665 48 287
666 49 285
659 51 290
658 51 291
650 57 293
644 55 301
642 55 303
635 56 309
634 54 312
630 59 311
624 52 324
626 54 320
623 54 323
620 54 326
