837
396
7
588
994
833
555
689
671
554
614
217
957
99
464
663
850
847
150
415
106
946
686
80
413
9
466
584
192
76
909
430
282
911
85
360
337
393
50
639
195
287
900
777
397
38
727
779
11
51
863
623
997
769
649
824
922
319
742
156
449
797
617
558
859
369
547
760
680
813
836
944
963
45
291
433
402
990
611
61
366
579
585
881
200
73
44
986
718
657
542
526
980
210
377
606
512
898
897
798
442
384
550
58
326
753
820
254
669
921
248
202
751
530
735
450
927
516
364
63
71
913
213
26
832
494
626
414
169
447
504
570
33
167
765
539
121
