792
126
624
479
244
513
755
246
661
993
201
452
995
586
761
779
425
633
405
248
309
642
821
864
430
925
496
183
273
533
443
502
655
95
754
985
775
706
908
253
931
839
902
710
154
395
288
376
241
899
120
256
111
734
48
669
308
264
539
225
739
631
898
853
59
156
104
729
36
904
69
98
797
798
482
74
408
958
707
251
278
131
786
282
926
534
584
718
803
735
387
199
417
587
520
290
304
79
811
192
100
117
198
122
946
352
147
138
63
446
805
819
377
441
592
878
603
553
214
699
750
133
529
561
33
574
53
466
522
685
373
358
675
550
494
86
884
