583
484
506
57
533
195
270
303
517
997
214
18
650
801
733
798
496
542
150
53
904
464
981
97
940
357
576
187
631
397
541
588
735
247
963
130
591
186
609
11
445
582
522
827
854
627
828
423
858
664
652
597
661
323
686
213
208
765
280
868
8
421
943
521
33
424
66
991
744
595
796
492
292
209
408
188
80
354
300
471
58
206
144
843
172
241
617
204
730
310
352
138
563
612
836
710
174
950
446
826
108
275
183
682
221
159
577
498
162
537
980
356
117
881
769
716
543
960
567
931
118
788
34
685
905
1
880
618
193
660
297
675
945
294
248
281
166
