853
932
998
886
33
962
7
914
241
207
679
280
513
637
161
523
34
415
733
252
597
709
118
575
460
273
913
309
686
903
189
56
782
891
294
983
139
5
14
621
650
162
997
796
270
153
220
696
457
429
677
223
783
779
462
898
501
274
490
726
876
719
905
171
809
35
963
865
68
310
52
816
653
668
626
15
321
928
798
892
694
65
750
225
638
885
651
856
711
618
942
882
104
40
445
835
152
168
934
878
342
888
456
857
580
222
450
973
988
724
624
141
328
620
834
614
111
382
138
160
417
277
919
735
954
776
645
785
822
10
804
815
519
268
559
214
600
