400
461
451
958
954
32
871
292
372
942
863
877
353
533
270
697
912
670
432
733
924
941
818
199
395
426
135
339
515
543
410
575
150
454
556
325
288
790
82
88
255
24
843
569
858
309
999
141
662
812
385
401
787
519
557
701
342
820
456
584
302
200
428
951
521
894
436
813
16
710
5
409
452
473
799
652
973
333
116
634
15
977
237
612
145
99
136
805
170
827
875
883
511
892
682
622
842
137
910
77
995
950
427
795
640
373
383
522
928
469
422
649
63
131
553
86
352
558
362
443
458
961
727
407
231
283
165
653
65
803
254
997
272
250
551
34
148
