213
563
899
595
871
860
704
839
939
312
984
653
38
566
804
28
868
684
553
936
168
518
505
625
476
923
347
482
514
408
687
790
588
710
221
184
165
394
996
528
166
211
557
707
494
624
700
141
763
124
515
308
712
47
602
928
92
43
752
829
57
123
216
20
503
11
924
214
270
354
401
478
268
734
745
470
832
976
395
890
300
183
328
383
575
94
386
289
76
918
392
442
643
769
323
742
811
454
453
698
330
278
462
204
144
220
362
329
391
240
33
249
507
962
239
662
40
708
428
496
447
907
865
432
781
545
975
109
259
113
34
573
190
217
675
425
765
