220
529
919
465
572
661
314
383
259
579
263
412
62
296
61
329
632
581
177
156
836
485
452
933
157
190
188
902
339
428
175
976
791
909
977
929
165
287
461
542
939
544
587
19
425
332
585
943
521
890
207
955
767
923
411
953
947
816
726
153
270
540
506
475
647
768
997
792
13
781
95
238
503
559
167
620
442
962
577
282
104
512
597
359
2
738
725
477
664
356
598
614
519
715
116
169
257
687
203
667
26
363
463
334
87
866
433
286
550
516
608
456
686
27
835
268
330
254
198
316
25
930
467
971
569
615
494
560
548
551
908
739
644
189
267
535
690
