523
338
38
813
453
530
488
181
706
364
150
820
490
401
839
234
752
137
705
647
585
652
243
503
293
911
372
391
925
64
748
692
737
144
865
493
817
741
789
872
267
335
223
819
478
683
645
591
36
301
715
845
499
592
977
900
166
16
725
984
345
75
682
986
674
394
292
927
15
646
41
414
473
147
566
504
868
560
985
800
31
221
670
203
451
189
180
949
84
567
506
697
143
156
728
205
684
671
679
199
712
857
193
431
526
60
304
928
764
750
197
797
220
456
361
904
384
866
174
89
355
902
899
979
521
929
151
973
859
494
576
775
222
700
982
878
306
