995 5 0
992 7 1
990 9 1
989 8 3
984 13 3
982 13 5
980 13 7
975 14 11
972 17 11
962 23 15
956 21 23
948 24 28
932 36 32
922 37 41
911 45 44
890 62 48
858 84 58
821 113 66
777 144 79
746 154 100
706 180 114
671 185 144
638 190 172
603 197 200
585 183 232
574 175 251
551 174 275
533 170 297
532 156 312
519 154 327
511 137 352
506 127 367
502 117 381
497 114 389
490 105 405
487 100 413
486 87 427
483 86 431
483 81 436
476 73 451
475 70 455
474 66 460
470 64 466
476 60 464
477 53 470
477 53 470
482 54 464
487 50 463
492 44 464
499 43 458
503 37 460
509 34 457
513 32 455
515 32 453
517 32 451
519 32 449
526 25 449
534 22 444
539 23 438
543 17 440
545 16 439
552 18 430
555 18 427
558 18 424
563 18 419
569 17 414
572 19 409
580 19 401
582 19 399
582 16 402
590 13 397
597 7 396
604 7 389
609 9 382
619 8 373
621 10 369
623 10 367
628 11 361
631 8 361
635 6 359
634 9 357
636 9 355
641 8 351
648 9 343
651 16 333
653 18 329
656 19 325
660 21 319
657 28 315
657 30 313
651 34 315
653 35 312
651 39 310
650 38 312
644 37 319
636 36 328
638 36 326
637 38 325
636 42 322
644 38 318
647 36 317
649 27 324
656 24 320
660 22 318
660 14 326
666 15 319
669 13 318
673 13 314
678 11 311
680 9 311
684 7 309
691 5 304
699 6 295
704 5 291
709 5 286
712 5 283
716 4 280
718 4 278
723 3 274
723 5 272
726 6 268
733 4 263
738 5 257
740 7 253
748 8 244
749 8 243
751 7 242
748 10 242
752 10 238
754 10 236
754 9 237
755 11 234
755 12 233
755 14 231
758 16 226
761 15 224
755 20 225
759 24 217
756 31 213
755 28 217
756 26 218
749 37 214
744 41 215
734 44 222
728 48 224
728 53 219
723 54 223
717 59 224
713 57 230
710 53 237
704 55 241
706 46 248
704 48 248
699 49 252
692 53 255
688 55 257
683 53 264
684 52 264
685 48 267
682 44 274
681 45 274
682 41 277
681 47 272
677 46 277
675 55 270
670 58 272
659 62 279
644 71 285
639 68 293
635 65 300
619 71 310
607 76 317
598 76 326
590 73 337
586 69 345
581 73 346
570 77 353
568 80 352
564 76 360
557 79 364
556 77 367
559 74 367
556 73 371
551 74 375
542 81 377
539 82 379
535 80 385
535 75 390
535 74 391
526 76 398
530 68 402
532 64 404
529 53 418
528 46 426
534 44 422
540 41 419
539 40 421
543 37 420
544 36 420
545 39 416
547 40 413
550 41 409
548 37 415
546 38 416
554 34 412
555 36 409
557 33 410
562 31 407
564 33 403
566 32 402
563 33 404
572 32 396
577 34 389
585 27 388
590 23 387
599 21 380
602 17 381
609 16 375
613 15 372
622 15 363
627 14 359
631 14 355
638 15 347
642 16 342
640 24 336
635 27 338
638 23 339
644 21 335
647 21 332
652 18 330
655 21 324
658 18 324
665 18 317
669 17 314
673 13 314
678 11 311
682 6 312
680 8 312
685 6 309
692 5 303
696 6 298
701 5 294
702 7 291
708 6 286
712 5 283
720 3 277
726 2 272
729 2 269
732 2 266
736 2 262
740 2 258
745 2 253
750 2 248
757 2 241
759 2 239
762 1 237
764 1 235
767 1 232
769 0 231
769 0 231
770 0 230
773 0 227
775 0 225
782 0 218
786 0 214
791 0 209
797 0 203
801 0 199
802 0 198
802 0 198
808 0 192
812 0 188
815 0 185
818 0 182
821 0 179
824 0 176
825 0 175
826 0 174
830 0 170
832 0 168
836 0 164
839 0 161
844 0 156
846 0 154
847 0 153
855 0 145
857 0 143
862 0 138
863 0 137
866 0 134
868 0 132
869 0 131
872 0 128
876 0 124
879 0 121
882 0 118
888 0 112
890 0 110
890 0 110
892 0 108
894 0 106
896 0 104
896 0 104
897 0 103
898 0 102
900 0 100
905 0 95
905 0 95
906 0 94
906 0 94
907 0 93
907 0 93
908 0 92
910 0 90
911 0 89
914 0 86
917 0 83
918 0 82
918 0 82
918 0 82
919 0 81
920 0 80
922 0 78
923 0 77
924 0 76
925 0 75
926 0 74
927 0 73
928 0 72
928 0 72
929 0 71
929 0 71
932 0 68
933 0 67
933 0 67
935 0 65
936 0 64
936 0 64
938 0 62
940 0 60
940 0 60
940 0 60
941 0 59
941 0 59
941 0 59
941 0 59
941 0 59
943 0 57
945 0 55
947 0 53
947 0 53
948 0 52
949 0 51
950 0 50
952 0 48
952 0 48
952 0 48
952 0 48
953 0 47
953 0 47
953 0 47
954 0 46
954 0 46
954 0 46
954 0 46
954 0 46
954 0 46
954 0 46
954 0 46
954 0 46
954 0 46
954 0 46
954 0 46
956 0 44
958 0 42
958 0 42
959 0 41
961 0 39
961 0 39
962 0 38
962 0 38
962 0 38
963 0 37
965 0 35
965 0 35
966 0 34
967 0 33
967 0 33
967 0 33
968 0 32
969 0 31
969 0 31
970 0 30
971 0 29
971 0 29
971 0 29
971 0 29
971 0 29
972 0 28
973 0 27
973 0 27
974 0 26
974 0 26
974 0 26
974 0 26
975 0 25
975 0 25
977 0 23
977 0 23
977 0 23
978 0 22
978 0 22
979 0 21
980 0 20
980 0 20
981 0 19
983 0 17
983 0 17
983 0 17
983 0 17
984 0 16
984 0 16
984 0 16
984 0 16
984 0 16
984 0 16
985 0 15
985 0 15
985 0 15
985 0 15
985 0 15
987 0 13
987 0 13
988 0 12
989 0 11
989 0 11
989 0 11
989 0 11
989 0 11
989 0 11
989 0 11
989 0 11
989 0 11
990 0 10
990 0 10
990 0 10
990 0 10
990 0 10
992 0 8
993 0 7
993 0 7
993 0 7
993 0 7
993 0 7
993 0 7
993 0 7
993 0 7
993 0 7
993 0 7
993 0 7
993 0 7
993 0 7
993 0 7
993 0 7
993 0 7
993 0 7
993 0 7
993 0 7
993 0 7
993 0 7
993 0 7
993 0 7
993 0 7
993 0 7
993 0 7
993 0 7
993 0 7
993 0 7
993 0 7
993 0 7
993 0 7
993 0 7
994 0 6
994 0 6
994 0 6
994 0 6
994 0 6
994 0 6
994 0 6
994 0 6
994 0 6
995 0 5
995 0 5
995 0 5
995 0 5
995 0 5
995 0 5
995 0 5
995 0 5
995 0 5
995 0 5
995 0 5
995 0 5
996 0 4
996 0 4
996 0 4
996 0 4
996 0 4
996 0 4
996 0 4
996 0 4
996 0 4
996 0 4
996 0 4
996 0 4
996 0 4
996 0 4
996 0 4
996 0 4
997 0 3
997 0 3
997 0 3
997 0 3
997 0 3
997 0 3
997 0 3
997 0 3
997 0 3
997 0 3
998 0 2
998 0 2
998 0 2
998 0 2
998 0 2
998 0 2
998 0 2
998 0 2
998 0 2
998 0 2
998 0 2
998 0 2
998 0 2
998 0 2
998 0 2
998 0 2
998 0 2
999 0 1
999 0 1
999 0 1
999 0 1
999 0 1
999 0 1
999 0 1
999 0 1
999 0 1
999 0 1
999 0 1
999 0 1
999 0 1
999 0 1
999 0 1
999 0 1
999 0 1
999 0 1
999 0 1
999 0 1
999 0 1
999 0 1
999 0 1
999 0 1
999 0 1
999 0 1
999 0 1
999 0 1
999 0 1
999 0 1
999 0 1
999 0 1
999 0 1
999 0 1
999 0 1
999 0 1
999 0 1
999 0 1
999 0 1
999 0 1
999 0 1
999 0 1
999 0 1
999 0 1
999 0 1
999 0 1
999 0 1
999 0 1
999 0 1
999 0 1
1000 0 0
1000 0 0
1000 0 0
1000 0 0
1000 0 0
1000 0 0
1000 0 0
1000 0 0
1000 0 0
1000 0 0
1000 0 0
1000 0 0
1000 0 0
1000 0 0
1000 0 0
1000 0 0
1000 0 0
1000 0 0
1000 0 0
1000 0 0
1000 0 0
1000 0 0
1000 0 0
1000 0 0
1000 0 0
1000 0 0
1000 0 0
1000 0 0
1000 0 0
1000 0 0
1000 0 0
1000 0 0
1000 0 0
1000 0 0
1000 0 0
1000 0 0
1000 0 0
1000 0 0
1000 0 0
1000 0 0
1000 0 0
1000 0 0
1000 0 0
1000 0 0
1000 0 0
1000 0 0
1000 0 0
1000 0 0
1000 0 0
1000 0 0
1000 0 0
1000 0 0
1000 0 0
1000 0 0
1000 0 0
1000 0 0
1000 0 0
1000 0 0
1000 0 0
1000 0 0
1000 0 0
1000 0 0
1000 0 0
1000 0 0
1000 0 0
1000 0 0
1000 0 0
1000 0 0
1000 0 0
1000 0 0
1000 0 0
1000 0 0
1000 0 0
1000 0 0
1000 0 0
1000 0 0
1000 0 0
1000 0 0
1000 0 0
1000 0 0
1000 0 0
1000 0 0
1000 0 0
1000 0 0
1000 0 0
1000 0 0
1000 0 0
1000 0 0
1000 0 0
1000 0 0
1000 0 0
1000 0 0
1000 0 0
1000 0 0
1000 0 0
1000 0 0
1000 0 0
1000 0 0
1000 0 0
1000 0 0
1000 0 0
1000 0 0
1000 0 0
1000 0 0
1000 0 0
1000 0 0
1000 0 0
1000 0 0
1000 0 0
1000 0 0
1000 0 0
1000 0 0
1000 0 0
1000 0 0
1000 0 0
1000 0 0
1000 0 0
1000 0 0
1000 0 0
1000 0 0
1000 0 0
1000 0 0
1000 0 0
1000 0 0
1000 0 0
1000 0 0
1000 0 0
1000 0 0
1000 0 0
1000 0 0
1000 0 0
1000 0 0
1000 0 0
1000 0 0
1000 0 0
1000 0 0
1000 0 0
1000 0 0
1000 0 0
1000 0 0
1000 0 0
1000 0 0
1000 0 0
1000 0 0
1000 0 0
1000 0 0
1000 0 0
1000 0 0
1000 0 0
1000 0 0
1000 0 0
1000 0 0
1000 0 0
1000 0 0
1000 0 0
1000 0 0
1000 0 0
1000 0 0
1000 0 0
1000 0 0
1000 0 0
1000 0 0
1000 0 0
1000 0 0
1000 0 0
1000 0 0
1000 0 0
1000 0 0
1000 0 0
1000 0 0
1000 0 0
1000 0 0
1000 0 0
1000 0 0
1000 0 0
1000 0 0
1000 0 0
1000 0 0
1000 0 0
1000 0 0
1000 0 0
1000 0 0
1000 0 0
1000 0 0
1000 0 0
1000 0 0
1000 0 0
1000 0 0
1000 0 0
1000 0 0
1000 0 0
1000 0 0
1000 0 0
1000 0 0
1000 0 0
1000 0 0
1000 0 0
1000 0 0
1000 0 0
1000 0 0
1000 0 0
1000 0 0
1000 0 0
1000 0 0
1000 0 0
1000 0 0
1000 0 0
1000 0 0
1000 0 0
1000 0 0
1000 0 0
1000 0 0
1000 0 0
1000 0 0
1000 0 0
1000 0 0
1000 0 0
1000 0 0
1000 0 0
1000 0 0
1000 0 0
1000 0 0
1000 0 0
1000 0 0
1000 0 0
1000 0 0
1000 0 0
1000 0 0
1000 0 0
1000 0 0
1000 0 0
1000 0 0
1000 0 0
1000 0 0
1000 0 0
1000 0 0
1000 0 0
1000 0 0
1000 0 0
1000 0 0
1000 0 0
1000 0 0
1000 0 0
1000 0 0
1000 0 0
1000 0 0
1000 0 0
1000 0 0
1000 0 0
1000 0 0
1000 0 0
1000 0 0
1000 0 0
1000 0 0
1000 0 0
1000 0 0
1000 0 0
1000 0 0
1000 0 0
1000 0 0
1000 0 0
1000 0 0
1000 0 0
1000 0 0
1000 0 0
1000 0 0
1000 0 0
1000 0 0
1000 0 0
1000 0 0
1000 0 0
1000 0 0
1000 0 0
1000 0 0
1000 0 0
1000 0 0
1000 0 0
1000 0 0
1000 0 0
1000 0 0
1000 0 0
1000 0 0
1000 0 0
1000 0 0
1000 0 0
1000 0 0
1000 0 0
1000 0 0
1000 0 0
1000 0 0
1000 0 0
1000 0 0
1000 0 0
1000 0 0
1000 0 0
1000 0 0
1000 0 0
1000 0 0
1000 0 0
1000 0 0
1000 0 0
1000 0 0
1000 0 0
1000 0 0
1000 0 0
1000 0 0
1000 0 0
1000 0 0
1000 0 0
1000 0 0
1000 0 0
1000 0 0
1000 0 0
1000 0 0
1000 0 0
1000 0 0
1000 0 0
1000 0 0
1000 0 0
1000 0 0
1000 0 0
1000 0 0
1000 0 0
1000 0 0
1000 0 0
1000 0 0
1000 0 0
1000 0 0
1000 0 0
1000 0 0
1000 0 0
1000 0 0
1000 0 0
1000 0 0
1000 0 0
1000 0 0
1000 0 0
1000 0 0
1000 0 0
1000 0 0
1000 0 0
1000 0 0
1000 0 0
1000 0 0
1000 0 0
1000 0 0
1000 0 0
1000 0 0
1000 0 0
1000 0 0
1000 0 0
1000 0 0
1000 0 0
1000 0 0
1000 0 0
1000 0 0
1000 0 0
1000 0 0
1000 0 0
1000 0 0
1000 0 0
1000 0 0
1000 0 0
1000 0 0
1000 0 0
1000 0 0
1000 0 0
1000 0 0
1000 0 0
1000 0 0
1000 0 0
1000 0 0
1000 0 0
1000 0 0
1000 0 0
1000 0 0
1000 0 0
1000 0 0
1000 0 0
1000 0 0
1000 0 0
1000 0 0
1000 0 0
1000 0 0
1000 0 0
1000 0 0
1000 0 0
1000 0 0
1000 0 0
1000 0 0
1000 0 0
1000 0 0
1000 0 0
1000 0 0
1000 0 0
1000 0 0
1000 0 0
1000 0 0
1000 0 0
1000 0 0
1000 0 0
1000 0 0
1000 0 0
1000 0 0
1000 0 0
