995 5 0
991 9 0
989 10 1
985 13 2
982 15 3
970 26 4
956 33 11
943 42 15
930 45 25
908 59 33
881 82 37
855 92 53
813 109 78
784 122 94
751 136 113
719 150 131
694 156 150
673 154 173
654 152 194
634 147 219
612 147 241
596 152 252
578 156 266
566 142 292
556 131 313
546 121 333
537 119 344
536 108 356
540 93 367
538 86 376
540 81 379
529 84 387
531 75 394
534 71 395
534 69 397
524 71 405
518 74 408
513 68 419
507 66 427
506 58 436
502 61 437
501 53 446
498 54 448
510 47 443
514 48 438
520 47 433
527 46 427
523 48 429
531 41 428
538 34 428
543 32 425
546 29 425
554 25 421
564 23 413
567 21 412
570 17 413
580 16 404
586 16 398
588 16 396
589 15 396
595 12 393
604 10 386
610 8 382
620 7 373
627 9 364
629 9 362
638 6 356
639 7 354
645 8 347
649 10 341
654 13 333
651 14 335
651 13 336
651 18 331
645 28 327
643 31 326
637 38 325
633 43 324
630 39 331
628 38 334
621 48 331
614 54 332
605 57 338
600 64 336
597 62 341
592 64 344
591 62 347
595 57 348
593 54 353
596 47 357
598 48 354
598 48 354
599 45 356
602 39 359
600 36 364
604 33 363
607 33 360
611 33 356
614 30 356
619 25 356
620 25 355
625 23 352
629 22 349
636 23 341
632 28 340
624 36 340
627 31 342
632 31 337
633 29 338
630 27 343
634 30 336
636 29 335
635 29 336
633 30 337
632 30 338
632 31 337
629 27 344
630 28 342
636 27 337
636 29 335
632 28 340
634 28 338
634 27 339
634 30 336
639 29 332
642 27 331
645 26 329
644 25 331
636 34 330
630 34 336
631 32 337
629 34 337
623 39 338
625 35 340
628 34 338
624 37 339
619 38 343
609 50 341
604 54 342
597 57 346
597 54 349
586 54 360
586 54 360
586 56 358
585 57 358
585 51 364
584 52 364
584 50 366
582 48 370
589 41 370
586 47 367
582 49 369
581 50 369
575 46 379
574 49 377
571 49 380
567 48 385
563 41 396
561 46 393
565 40 395
572 43 385
574 41 385
577 36 387
580 31 389
579 29 392
588 33 379
594 31 375
596 34 370
602 27 371
608 26 366
610 28 362
603 33 364
608 35 357
611 31 358
611 30 359
615 30 355
610 32 358
617 29 354
618 28 354
616 30 354
613 31 356
615 29 356
611 31 358
608 31 361
608 36 356
602 43 355
607 43 350
608 43 349
603 48 349
603 44 353
600 45 355
603 45 352
603 47 350
599 46 355
599 44 357
596 44 360
594 44 362
588 46 366
585 46 369
582 50 368
581 47 372
580 48 372
581 43 376
581 38 381
577 41 382
573 47 380
573 46 381
574 46 380
579 35 386
575 35 390
582 35 383
584 28 388
588 24 388
594 22 384
597 21 382
597 22 381
607 20 373
608 23 369
609 18 373
606 22 372
607 24 369
604 25 371
604 26 370
606 23 371
611 22 367
613 20 367
618 17 365
620 17 363
615 20 365
612 24 364
608 26 366
609 27 364
605 27 368
607 28 365
611 30 359
612 34 354
612 36 352
606 44 350
597 48 355
588 54 358
583 55 362
582 52 366
580 51 369
581 52 367
575 55 370
569 58 373
568 57 375
566 54 380
564 56 380
558 56 386
556 56 388
557 49 394
556 49 395
561 46 393
567 45 388
569 42 389
571 43 386
572 44 384
564 49 387
560 50 390
567 48 385
571 50 379
579 45 376
580 42 378
588 33 379
597 31 372
603 32 365
602 38 360
605 37 358
600 37 363
598 38 364
592 42 366
585 48 367
582 49 369
583 47 370
580 48 372
582 48 370
579 50 371
587 46 367
577 50 373
579 48 373
582 46 372
572 51 377
568 55 377
566 56 378
564 59 377
561 57 382
559 60 381
561 62 377
558 61 381
557 59 384
560 58 382
556 62 382
550 63 387
550 60 390
551 55 394
553 54 393
552 55 393
552 58 390
558 55 387
553 59 388
553 56 391
556 49 395
554 50 396
554 49 397
554 42 404
558 37 405
561 30 409
565 27 408
569 30 401
579 24 397
585 25 390
590 27 383
597 27 376
603 24 373
608 22 370
613 21 366
620 15 365
627 8 365
633 9 358
634 11 355
634 13 353
641 11 348
649 9 342
657 8 335
663 8 329
669 5 326
672 6 322
676 4 320
678 4 318
683 4 313
686 4 310
693 4 303
696 4 300
700 5 295
705 6 289
707 10 283
714 8 278
719 16 265
716 18 266
717 15 268
718 15 267
722 13 265
729 10 261
733 8 259
736 6 258
741 7 252
742 7 251
746 7 247
751 6 243
754 6 240
757 5 238
761 4 235
762 4 234
765 5 230
766 5 229
767 5 228
766 7 227
770 5 225
771 8 221
775 7 218
776 12 212
776 9 215
776 9 215
775 13 212
775 13 212
775 15 210
772 20 208
769 24 207
768 27 205
769 23 208
769 23 208
769 23 208
765 24 211
764 26 210
766 23 211
764 23 213
760 28 212
760 26 214
763 21 216
761 22 217
763 19 218
766 17 217
771 16 213
771 16 213
778 13 209
774 20 206
775 21 204
778 19 203
784 18 198
782 21 197
784 22 194
787 19 194
786 24 190
783 23 194
778 24 198
771 31 198
767 35 198
760 43 197
756 44 200
756 47 197
753 49 198
746 52 202
737 56 207
731 58 211
727 59 214
727 54 219
722 49 229
726 42 232
728 38 234
723 39 238
722 41 237
719 37 244
723 37 240
722 40 238
723 39 238
730 34 236
724 33 243
715 39 246
708 44 248
704 41 255
706 41 253
699 46 255
691 53 256
690 54 256
687 52 261
684 52 264
688 51 261
687 46 267
685 47 268
687 46 267
686 41 273
685 40 275
680 42 278
680 48 272
672 58 270
665 60 275
665 59 276
654 62 284
649 61 290
641 62 297
633 64 303
629 68 303
622 75 303
612 74 314
599 76 325
596 76 328
596 62 342
589 66 345
582 71 347
579 68 353
576 68 356
573 67 360
577 68 355
568 74 358
568 69 363
568 66 366
570 62 368
565 66 369
562 59 379
554 61 385
552 63 385
549 58 393
541 59 400
542 60 398
544 58 398
543 55 402
550 48 402
549 51 400
558 39 403
559 39 402
559 38 403
566 32 402
571 34 395
570 36 394
568 39 393
570 40 390
578 37 385
583 34 383
585 31 384
587 24 389
591 22 387
595 22 383
601 20 379
603 24 373
604 29 367
605 28 367
605 28 367
602 31 367
599 30 371
599 28 373
597 31 372
605 31 364
597 40 363
598 40 362
597 45 358
592 47 361
593 47 360
592 49 359
595 46 359
598 42 360
596 43 361
600 40 360
601 39 360
607 37 356
608 31 361
610 32 358
610 33 357
606 34 360
604 37 359
600 41 359
601 38 361
597 45 358
590 52 358
586 55 359
581 56 363
582 55 363
584 52 364
580 55 365
578 47 375
583 47 370
583 40 377
586 38 376
586 38 376
590 30 380
588 32 380
594 28 378
596 26 378
601 23 376
607 21 372
613 21 366
619 24 357
620 22 358
621 24 355
627 23 350
631 20 349
631 23 346
638 21 341
645 21 334
648 19 333
646 24 330
646 25 329
646 24 330
649 20 331
652 20 328
648 24 328
646 25 329
648 25 327
658 22 320
663 22 315
665 23 312
663 27 310
660 28 312
663 27 310
665 27 308
668 27 305
667 28 305
671 29 300
674 32 294
674 29 297
677 29 294
677 26 297
676 25 299
678 24 298
675 25 300
673 27 300
674 31 295
672 32 296
671 27 302
670 33 297
669 32 299
670 36 294
660 45 295
643 62 295
643 66 291
632 75 293
623 81 296
624 75 301
613 75 312
607 74 319
602 77 321
596 76 328
587 74 339
582 71 347
584 61 355
580 56 364
578 51 371
587 43 370
593 43 364
601 37 362
595 42 363
594 40 366
595 41 364
594 39 367
593 40 367
597 38 365
598 37 365
596 36 368
594 36 370
597 33 370
599 33 368
599 33 368
596 32 372
595 35 370
592 37 371
594 37 369
596 41 363
605 34 361
603 38 359
607 37 356
611 29 360
614 30 356
621 26 353
617 28 355
622 25 353
625 26 349
619 33 348
613 34 353
615 35 350
621 33 346
623 30 347
618 35 347
618 35 347
622 32 346
623 33 344
624 30 346
628 30 342
627 25 348
631 22 347
632 21 347
635 20 345
638 18 344
642 16 342
644 12 344
645 11 344
653 9 338
655 9 336
659 8 333
660 8 332
661 9 330
660 14 326
665 15 320
669 18 313
673 18 309
675 18 307
675 17 308
685 14 301
686 12 302
688 9 303
690 11 299
700 9 291
704 9 287
705 9 286
699 15 286
699 17 284
701 18 281
703 19 278
699 20 281
703 15 282
707 12 281
715 11 274
717 12 271
715 14 271
714 17 269
710 17 273
709 18 273
710 23 267
710 28 262
706 34 260
701 41 258
692 45 263
691 41 268
693 39 268
694 36 270
692 33 275
695 30 275
697 32 271
701 33 266
697 34 269
697 30 273
698 29 273
699 30 271
697 30 273
685 34 281
679 37 284
672 39 289
669 39 292
664 39 297
661 35 304
661 33 306
664 35 301
663 28 309
668 26 306
669 24 307
665 30 305
666 34 300
666 31 303
667 33 300
666 30 304
666 28 306
661 33 306
663 35 302
659 38 303
660 37 303
655 41 304
655 40 305
653 43 304
656 34 310
656 34 310
657 35 308
660 34 306
658 35 307
659 34 307
660 30 310
658 30 312
657 29 314
656 27 317
652 34 314
647 40 313
648 38 314
648 39 313
648 33 319
645 36 319
641 40 319
638 44 318
642 40 318
646 42 312
649 40 311
652 35 313
653 32 315
655 31 314
655 32 313
659 28 313
657 23 320
660 24 316
663 24 313
669 20 311
675 16 309
678 14 308
682 15 303
687 15 298
689 13 298
690 15 295
692 15 293
695 15 290
703 15 282
707 16 277
709 20 271
711 24 265
711 22 267
712 24 264
719 22 259
719 26 255
719 26 255
717 27 256
715 28 257
719 25 256
722 23 255
722 24 254
727 21 252
733 18 249
735 14 251
741 12 247
748 11 241
748 12 240
750 11 239
754 10 236
754 8 238
758 12 230
754 15 231
742 28 230
737 33 230
734 33 233
730 37 233
722 42 236
715 46 239
711 48 241
702 49 249
694 54 252
688 60 252
685 62 253
672 74 254
669 74 257
666 77 257
660 81 259
654 84 262
643 89 268
636 90 274
628 92 280
625 88 287
622 80 298
613 81 306
604 81 315
601 73 326
605 65 330
607 60 333
605 58 337
610 54 336
608 56 336
602 59 339
598 61 341
592 65 343
595 54 351
595 43 362
591 43 366
594 35 371
590 35 375
592 34 374
601 30 369
605 25 370
610 25 365
617 20 363
624 20 356
626 20 354
629 16 355
636 15 349
639 16 345
645 15 340
647 18 335
651 17 332
652 21 327
657 23 320
652 27 321
650 29 321
645 38 317
646 34 320
652 30 318
653 34 313
658 32 310
660 30 310
662 30 308
657 34 309
659 33 308
660 30 310
661 28 311
664 24 312
668 22 310
669 22 309
674 24 302
679 23 298
686 15 299
685 17 298
690 16 294
692 12 296
695 11 294
695 8 297
696 10 294
700 7 293
705 5 290
711 6 283
717 6 277
721 7 272
723 7 270
728 7 265
731 5 264
732 6 262
734 5 261
741 4 255
743 5 252
748 6 246
756 7 237
759 7 234
763 6 231
763 9 228
763 10 227
766 10 224
766 12 222
769 14 217
767 15 218
763 20 217
760 26 214
759 28 213
759 29 212
751 32 217
736 48 216
731 54 215
721 65 214
710 68 222
691 79 230
682 83 235
673 79 248
657 86 257
639 97 264
628 96 276
623 87 290
617 89 294
615 83 302
607 84 309
604 75 321
603 64 333
599 63 338
597 57 346
598 44 358
601 39 360
606 35 359
614 34 352
618 31 351
622 25 353
626 28 346
621 32 347
624 29 347
624 26 350
625 24 351
631 24 345
628 28 344
629 34 337
630 38 332
629 35 336
623 41 336
626 39 335
625 37 338
626 36 338
628 34 338
633 28 339
633 28 339
638 29 333
641 28 331
640 31 329
641 28 331
647 28 325
650 25 325
652 32 316
653 32 315
649 33 318
649 35 316
649 29 322
649 32 319
651 29 320
652 29 319
652 27 321
653 25 322
660 23 317
665 23 312
666 25 309
666 28 306
669 27 304
670 25 305
669 26 305
668 28 304
672 27 301
670 27 303
676 26 298
675 27 298
678 33 289
684 32 284
687 32 281
686 36 278
686 36 278
680 44 276
666 54 280
663 48 289
657 52 291
650 55 295
643 59 298
642 51 307
636 52 312
634 49 317
632 50 318
631 44 325
628 50 322
625 49 326
620 57 323
623 57 320
621 53 326
620 47 333
619 48 333
621 50 329
621 49 330
618 49 333
617 45 338
623 38 339
631 36 333
630 36 334
632 33 335
638 30 332
637 32 331
642 30 328
640 31 329
641 33 326
637 39 324
643 37 320
640 39 321
638 35 327
643 34 323
647 33 320
654 31 315
648 35 317
647 32 321
649 30 321
645 30 325
651 30 319
652 26 322
651 30 319
653 30 317
649 30 321
649 32 319
651 29 320
650 32 318
648 30 322
649 29 322
655 23 322
