1000 0 0
1000 0 0
1000 0 0
1000 0 0
999 1 0
999 1 0
995 5 0
989 9 2
983 13 4
978 15 7
972 19 9
959 30 11
941 45 14
920 62 18
903 68 29
882 78 40
858 88 54
836 96 68
820 98 82
794 113 93
768 125 107
739 130 131
718 134 148
697 129 174
678 128 194
658 136 206
645 132 223
637 130 233
620 130 250
612 127 261
588 137 275
574 147 279
567 137 296
562 134 304
548 131 321
536 120 344
528 111 361
527 105 368
528 104 368
523 102 375
518 99 383
511 93 396
511 84 405
507 79 414
506 73 421
511 58 431
516 49 435
526 40 434
527 39 434
529 37 434
534 36 430
537 31 432
541 32 427
544 30 426
549 26 425
554 24 422
564 24 412
566 24 410
573 19 408
575 18 407
582 18 400
585 14 401
587 10 403
592 9 399
597 8 395
603 4 393
607 4 389
617 5 378
623 5 372
625 5 370
629 6 365
630 8 362
631 9 360
633 15 352
635 15 350
640 15 345
644 19 337
645 24 331
644 25 331
647 24 329
649 22 329
656 19 325
659 17 324
663 15 322
662 19 319
663 21 316
664 21 315
664 24 312
661 28 311
660 34 306
648 46 306
648 42 310
646 41 313
647 37 316
644 36 320
645 33 322
647 32 321
645 33 322
647 32 321
646 35 319
648 34 318
646 34 320
645 38 317
642 41 317
638 41 321
638 37 325
639 37 324
636 38 326
636 41 323
638 40 322
630 44 326
628 45 327
620 45 335
618 42 340
616 43 341
612 44 344
618 43 339
614 47 339
615 38 347
620 32 348
619 32 349
616 28 356
612 31 357
615 31 354
619 30 351
622 27 351
623 29 348
624 25 351
624 24 352
628 18 354
631 16 353
632 17 351
636 16 348
641 16 343
649 15 336
653 15 332
655 14 331
656 16 328
661 14 325
659 13 328
667 13 320
670 13 317
671 18 311
675 15 310
674 18 308
677 15 308
682 16 302
684 17 299
689 17 294
695 16 289
695 16 289
695 19 286
695 20 285
692 25 283
693 23 284
694 22 284
692 26 282
688 29 283
688 27 285
693 29 278
692 29 279
692 26 282
692 24 284
693 22 285
695 18 287
700 18 282
702 20 278
701 23 276
707 22 271
710 20 270
712 18 270
712 17 271
717 17 266
719 14 267
722 13 265
729 11 260
734 8 258
738 7 255
742 8 250
744 8 248
746 10 244
752 7 241
749 11 240
755 10 235
762 10 228
764 8 228
771 8 221
775 7 218
778 5 217
788 5 207
790 4 206
793 4 203
793 4 203
796 5 199
799 5 196
798 6 196
801 7 192
806 5 189
809 3 188
813 4 183
815 4 181
820 3 177
819 4 177
818 9 173
815 15 170
808 22 170
801 30 169
795 36 169
794 33 173
775 52 173
764 53 183
758 51 191
750 54 196
740 59 201
730 58 212
728 49 223
725 53 222
722 57 221
723 52 225
721 49 230
720 52 228
719 51 230
717 45 238
713 48 239
711 47 242
711 45 244
708 46 246
703 48 249
695 56 249
693 56 251
687 56 257
680 55 265
670 61 269
669 60 271
674 58 268
675 58 267
662 62 276
659 57 284
654 63 283
651 61 288
648 59 293
644 63 293
632 68 300
631 66 303
624 70 306
625 63 312
628 60 312
626 55 319
622 61 317
617 60 323
619 57 324
618 56 326
622 52 326
625 52 323
622 55 323
623 55 322
620 55 325
616 52 332
619 48 333
622 44 334
620 46 334
617 41 342
619 36 345
622 34 344
622 35 343
626 29 345
631 19 350
632 20 348
635 19 346
639 18 343
637 21 342
644 21 335
652 20 328
656 18 326
655 14 331
661 13 326
668 12 320
672 11 317
675 9 316
676 10 314
676 9 315
678 9 313
680 10 310
682 9 309
684 12 304
683 15 302
687 15 298
689 16 295
692 17 291
691 19 290
690 17 293
690 16 294
700 12 288
705 13 282
707 11 282
709 14 277
714 10 276
716 11 273
721 10 269
721 11 268
721 9 270
724 10 266
730 9 261
732 9 259
731 12 257
729 14 257
732 13 255
726 18 256
721 24 255
717 27 256
714 28 258
709 40 251
702 49 249
693 53 254
689 49 262
683 51 266
684 47 269
689 45 266
687 43 270
685 42 273
675 47 278
674 48 278
673 48 279
667 46 287
663 49 288
660 51 289
659 47 294
655 50 295
656 49 295
653 49 298
645 50 305
644 47 309
641 52 307
635 56 309
635 50 315
634 46 320
625 51 324
623 45 332
624 44 332
624 42 334
619 41 340
619 36 345
615 35 350
616 39 345
621 31 348
625 30 345
625 35 340
623 40 337
627 40 333
625 42 333
620 41 339
616 45 339
614 41 345
619 41 340
617 39 344
621 39 340
626 38 336
628 38 334
622 46 332
620 44 336
625 46 329
622 49 329
620 46 334
620 46 334
617 50 333
617 43 340
617 41 342
611 44 345
613 43 344
616 34 350
615 37 348
616 42 342
616 43 341
609 47 344
606 48 346
605 43 352
608 43 349
614 35 351
613 36 351
608 35 357
609 31 360
605 36 359
609 33 358
607 28 365
615 22 363
613 21 366
619 20 361
619 20 361
621 21 358
623 25 352
623 29 348
627 29 344
623 27 350
619 32 349
619 34 347
622 31 347
620 32 348
620 29 351
625 29 346
626 21 353
631 17 352
629 14 357
629 18 353
634 20 346
638 21 341
638 24 338
643 20 337
643 20 337
651 19 330
653 19 328
659 16 325
661 18 321
665 17 318
670 18 312
674 17 309
670 19 311
672 22 306
674 22 304
674 27 299
672 25 303
669 29 302
669 30 301
661 37 302
655 43 302
655 41 304
653 44 303
654 43 303
657 38 305
655 37 308
652 37 311
650 36 314
652 35 313
653 35 312
653 37 310
649 40 311
645 36 319
647 31 322
641 34 325
637 36 327
633 34 333
634 32 334
639 30 331
642 29 329
641 27 332
643 22 335
648 21 331
650 21 329
649 23 328
651 22 327
654 21 325
653 23 324
652 23 325
652 26 322
652 26 322
658 19 323
654 21 325
650 26 324
654 25 321
655 20 325
662 20 318
669 19 312
668 20 312
671 21 308
673 21 306
675 18 307
673 21 306
670 24 306
677 22 301
679 18 303
680 19 301
684 19 297
684 19 297
682 24 294
681 24 295
687 19 294
691 20 289
692 22 286
697 15 288
700 15 285
700 12 288
700 15 285
698 18 284
698 18 284
702 15 283
706 13 281
712 11 277
716 9 275
717 9 274
722 9 269
729 8 263
727 14 259
726 16 258
729 15 256
734 11 255
739 10 251
742 10 248
747 9 244
750 4 246
755 2 243
758 2 240
764 1 235
767 1 232
772 1 227
775 0 225
779 0 221
787 0 213
789 0 211
792 0 208
792 0 208
796 0 204
800 0 200
803 0 197
807 0 193
810 0 190
814 0 186
818 0 182
820 0 180
823 0 177
827 0 173
830 0 170
832 0 168
833 0 167
838 0 162
838 0 162
841 0 159
842 0 158
849 0 151
850 0 150
852 0 148
854 0 146
858 0 142
861 0 139
862 0 138
865 0 135
869 0 131
871 0 129
874 0 126
876 0 124
878 0 122
881 0 119
883 0 117
885 0 115
886 0 114
886 0 114
888 0 112
889 0 111
889 0 111
889 0 111
891 0 109
894 0 106
895 0 105
896 0 104
897 0 103
899 0 101
900 0 100
902 0 98
904 0 96
906 0 94
906 0 94
910 0 90
911 0 89
911 0 89
911 0 89
911 0 89
913 0 87
914 0 86
916 0 84
916 0 84
917 0 83
919 0 81
920 0 80
922 0 78
923 0 77
924 0 76
926 0 74
929 0 71
930 0 70
931 0 69
931 0 69
933 0 67
933 0 67
935 0 65
937 0 63
938 0 62
938 0 62
938 0 62
939 0 61
939 0 61
941 0 59
943 0 57
944 0 56
945 0 55
946 0 54
946 0 54
947 0 53
950 0 50
950 0 50
951 0 49
952 0 48
953 0 47
954 0 46
958 0 42
958 0 42
958 0 42
959 0 41
959 0 41
960 0 40
961 0 39
962 0 38
963 0 37
963 0 37
964 0 36
964 0 36
966 0 34
966 0 34
967 0 33
967 0 33
967 0 33
967 0 33
967 0 33
968 0 32
968 0 32
968 0 32
968 0 32
968 0 32
969 0 31
970 0 30
971 0 29
971 0 29
971 0 29
971 0 29
971 0 29
972 0 28
972 0 28
972 0 28
973 0 27
973 0 27
973 0 27
973 0 27
974 0 26
974 0 26
975 0 25
975 0 25
976 0 24
977 0 23
978 0 22
978 0 22
978 0 22
978 0 22
979 0 21
979 0 21
980 0 20
980 0 20
981 0 19
981 0 19
982 0 18
982 0 18
984 0 16
984 0 16
984 0 16
984 0 16
984 0 16
984 0 16
984 0 16
985 0 15
986 0 14
986 0 14
986 0 14
986 0 14
986 0 14
986 0 14
987 0 13
987 0 13
987 0 13
987 0 13
987 0 13
987 0 13
987 0 13
987 0 13
987 0 13
987 0 13
987 0 13
987 0 13
987 0 13
988 0 12
988 0 12
989 0 11
989 0 11
989 0 11
989 0 11
989 0 11
989 0 11
989 0 11
989 0 11
989 0 11
989 0 11
989 0 11
989 0 11
990 0 10
990 0 10
990 0 10
991 0 9
991 0 9
991 0 9
991 0 9
992 0 8
992 0 8
992 0 8
992 0 8
993 0 7
993 0 7
993 0 7
993 0 7
993 0 7
993 0 7
993 0 7
993 0 7
993 0 7
993 0 7
994 0 6
994 0 6
994 0 6
994 0 6
994 0 6
994 0 6
994 0 6
994 0 6
994 0 6
994 0 6
994 0 6
995 0 5
995 0 5
995 0 5
995 0 5
995 0 5
995 0 5
995 0 5
995 0 5
995 0 5
995 0 5
995 0 5
995 0 5
995 0 5
995 0 5
995 0 5
995 0 5
995 0 5
995 0 5
995 0 5
995 0 5
995 0 5
995 0 5
995 0 5
995 0 5
995 0 5
995 0 5
995 0 5
995 0 5
995 0 5
995 0 5
995 0 5
995 0 5
995 0 5
995 0 5
995 0 5
995 0 5
995 0 5
995 0 5
995 0 5
995 0 5
995 0 5
995 0 5
995 0 5
995 0 5
995 0 5
995 0 5
995 0 5
995 0 5
995 0 5
995 0 5
995 0 5
995 0 5
995 0 5
995 0 5
995 0 5
995 0 5
995 0 5
995 0 5
995 0 5
995 0 5
995 0 5
995 0 5
995 0 5
995 0 5
995 0 5
995 0 5
995 0 5
995 0 5
995 0 5
995 0 5
995 0 5
995 0 5
995 0 5
995 0 5
995 0 5
995 0 5
995 0 5
996 0 4
996 0 4
996 0 4
996 0 4
996 0 4
996 0 4
996 0 4
996 0 4
996 0 4
996 0 4
996 0 4
996 0 4
996 0 4
996 0 4
996 0 4
996 0 4
996 0 4
996 0 4
996 0 4
996 0 4
996 0 4
996 0 4
996 0 4
996 0 4
996 0 4
996 0 4
996 0 4
996 0 4
996 0 4
996 0 4
996 0 4
996 0 4
996 0 4
996 0 4
996 0 4
996 0 4
996 0 4
996 0 4
996 0 4
996 0 4
996 0 4
996 0 4
996 0 4
997 0 3
998 0 2
998 0 2
998 0 2
998 0 2
998 0 2
998 0 2
998 0 2
998 0 2
998 0 2
998 0 2
998 0 2
998 0 2
998 0 2
998 0 2
998 0 2
998 0 2
998 0 2
998 0 2
998 0 2
998 0 2
998 0 2
998 0 2
998 0 2
998 0 2
998 0 2
998 0 2
998 0 2
998 0 2
998 0 2
998 0 2
998 0 2
998 0 2
998 0 2
998 0 2
998 0 2
998 0 2
998 0 2
998 0 2
998 0 2
998 0 2
998 0 2
998 0 2
998 0 2
998 0 2
998 0 2
998 0 2
998 0 2
998 0 2
998 0 2
998 0 2
998 0 2
998 0 2
998 0 2
998 0 2
998 0 2
998 0 2
998 0 2
998 0 2
998 0 2
998 0 2
998 0 2
998 0 2
998 0 2
998 0 2
998 0 2
998 0 2
998 0 2
998 0 2
998 0 2
998 0 2
998 0 2
998 0 2
998 0 2
998 0 2
998 0 2
998 0 2
998 0 2
998 0 2
998 0 2
998 0 2
998 0 2
998 0 2
998 0 2
998 0 2
998 0 2
998 0 2
998 0 2
998 0 2
998 0 2
998 0 2
998 0 2
998 0 2
998 0 2
998 0 2
998 0 2
998 0 2
998 0 2
998 0 2
998 0 2
998 0 2
998 0 2
998 0 2
998 0 2
998 0 2
998 0 2
998 0 2
998 0 2
998 0 2
998 0 2
998 0 2
998 0 2
998 0 2
998 0 2
998 0 2
998 0 2
998 0 2
998 0 2
998 0 2
998 0 2
998 0 2
998 0 2
998 0 2
998 0 2
998 0 2
998 0 2
998 0 2
998 0 2
998 0 2
998 0 2
998 0 2
998 0 2
998 0 2
998 0 2
998 0 2
998 0 2
998 0 2
998 0 2
998 0 2
998 0 2
998 0 2
998 0 2
998 0 2
998 0 2
998 0 2
998 0 2
998 0 2
998 0 2
998 0 2
998 0 2
998 0 2
