1000 0 0
1000 0 0
999 1 0
999 1 0
999 1 0
999 0 1
999 0 1
999 0 1
999 0 1
999 0 1
997 1 2
996 2 2
994 3 3
990 6 4
984 9 7
981 10 9
977 14 9
968 22 10
958 26 16
938 40 22
910 63 27
882 78 40
852 95 53
819 120 61
782 135 83
749 150 101
713 160 127
682 177 141
665 162 173
643 159 198
621 153 226
602 155 243
586 153 261
574 155 271
563 144 293
545 141 314
541 131 328
534 125 341
526 125 349
515 116 369
510 115 375
504 101 395
509 89 402
511 81 408
508 72 420
505 67 428
508 59 433
510 51 439
513 46 441
513 50 437
514 47 439
515 45 440
512 42 446
516 37 447
522 33 445
530 29 441
534 28 438
540 28 432
546 26 428
549 32 419
556 32 412
559 24 417
561 22 417
561 23 416
565 24 411
573 22 405
578 20 402
581 20 399
587 18 395
591 17 392
600 16 384
600 16 384
604 16 380
610 13 377
614 12 374
617 11 372
621 12 367
627 11 362
632 9 359
638 9 353
646 7 347
646 5 349
652 2 346
656 2 342
661 2 337
669 2 329
676 1 323
685 1 314
688 0 312
698 0 302
701 0 299
710 0 290
712 0 288
716 0 284
720 0 280
725 0 275
730 0 270
735 0 265
746 0 254
749 0 251
755 0 245
757 0 243
763 0 237
764 0 236
771 0 229
776 0 224
780 0 220
783 0 217
781 3 216
787 3 210
790 3 207
791 6 203
789 8 203
789 10 201
788 11 201
789 11 200
792 11 197
795 12 193
791 18 191
790 20 190
788 25 187
784 24 192
787 25 188
776 31 193
756 48 196
746 57 197
740 61 199
720 75 205
705 78 217
684 87 229
667 93 240
652 89 259
639 94 267
630 96 274
620 94 286
605 101 294
593 103 304
575 95 330
563 104 333
561 91 348
560 78 362
557 69 374
555 64 381
557 61 382
553 60 387
554 51 395
552 51 397
546 54 400
547 52 401
552 52 396
550 50 400
553 48 399
555 45 400
562 40 398
568 36 396
573 30 397
579 28 393
584 32 384
591 29 380
597 26 377
601 27 372
604 26 370
610 24 366
611 22 367
617 19 364
625 20 355
622 20 358
630 17 353
640 15 345
644 14 342
646 16 338
650 16 334
657 13 330
657 15 328
662 13 325
662 12 326
668 14 318
670 15 315
674 14 312
678 14 308
683 12 305
690 10 300
690 9 301
695 7 298
699 6 295
704 6 290
709 7 284
715 6 279
720 5 275
727 4 269
731 3 266
735 3 262
738 3 259
744 3 253
748 2 250
750 2 248
756 2 242
760 1 239
765 1 234
767 2 231
769 2 229
771 2 227
774 1 225
782 1 217
785 1 214
788 1 211
792 1 207
796 1 203
798 1 201
801 1 198
803 1 196
806 1 193
808 1 191
813 1 186
816 1 183
818 1 181
821 1 178
823 1 176
824 1 175
828 1 171
832 3 165
834 3 163
837 2 161
837 5 158
837 4 159
834 7 159
837 6 157
840 4 156
843 4 153
845 4 151
845 5 150
846 6 148
847 5 148
846 5 149
844 8 148
843 10 147
846 10 144
849 11 140
855 11 134
856 12 132
857 11 132
859 12 129
863 10 127
858 14 128
857 11 132
858 9 133
861 6 133
861 6 133
861 7 132
858 13 129
853 14 133
854 15 131
855 14 131
852 15 133
846 20 134
838 24 138
834 29 137
827 31 142
816 43 141
805 48 147
798 46 156
796 47 157
780 62 158
765 77 158
746 88 166
735 96 169
717 91 192
708 96 196
695 97 208
680 94 226
678 89 233
679 80 241
667 88 245
660 88 252
658 79 263
654 73 273
651 60 289
645 64 291
642 63 295
636 59 305
638 51 311
640 47 313
640 46 314
639 37 324
643 34 323
650 30 320
653 28 319
650 28 322
654 25 321
657 25 318
661 22 317
662 23 315
663 21 316
665 17 318
665 16 319
673 15 312
677 14 309
683 14 303
685 9 306
687 7 306
693 5 302
699 5 296
707 7 286
711 6 283
715 7 278
721 7 272
726 7 267
726 7 267
731 5 264
733 4 263
738 3 259
740 2 258
745 3 252
748 4 248
754 3 243
756 3 241
759 3 238
761 3 236
765 5 230
773 5 222
774 5 221
776 4 220
777 4 219
780 5 215
782 6 212
781 7 212
783 7 210
785 7 208
787 8 205
790 5 205
788 10 202
789 12 199
790 13 197
792 11 197
792 12 196
790 15 195
790 17 193
790 21 189
790 20 190
791 20 189
794 16 190
794 17 189
791 19 190
790 24 186
787 26 187
786 32 182
776 37 187
760 47 193
752 47 201
747 48 205
743 49 208
734 56 210
726 57 217
717 60 223
717 58 225
714 59 227
709 55 236
704 59 237
701 55 244
694 59 247
689 57 254
684 54 262
681 53 266
677 56 267
673 55 272
656 68 276
638 78 284
636 70 294
623 79 298
608 85 307
591 90 319
579 90 331
575 87 338
575 81 344
574 66 360
569 62 369
571 57 372
571 57 372
576 50 374
577 48 375
581 47 372
585 42 373
586 40 374
588 37 375
587 32 381
586 32 382
590 32 378
586 36 378
578 41 381
575 43 382
579 44 377
582 35 383
585 36 379
586 36 378
591 38 371
597 35 368
609 29 362
610 27 363
614 19 367
620 18 362
624 15 361
622 16 362
625 18 357
625 18 357
626 16 358
629 17 354
628 19 353
628 20 352
630 21 349
631 20 349
637 17 346
647 16 337
649 19 332
651 22 327
659 20 321
661 22 317
666 20 314
666 22 312
666 19 315
668 20 312
670 19 311
672 13 315
673 11 316
677 12 311
674 16 310
677 17 306
680 18 302
678 20 302
681 17 302
684 14 302
687 15 298
685 17 298
685 23 292
682 25 293
679 31 290
674 35 291
667 42 291
665 40 295
664 42 294
662 46 292
662 46 292
659 47 294
657 49 294
650 48 302
649 49 302
650 47 303
648 43 309
647 37 316
650 35 315
651 32 317
651 32 317
654 31 315
655 32 313
652 30 318
657 28 315
660 23 317
660 27 313
667 25 308
665 28 307
658 33 309
658 34 308
659 37 304
658 38 304
654 40 306
652 39 309
652 37 311
653 37 310
648 42 310
650 41 309
659 39 302
660 40 300
659 40 301
663 34 303
663 32 305
657 40 303
661 34 305
664 32 304
664 30 306
667 30 303
672 31 297
672 33 295
673 31 296
674 30 296
679 25 296
681 25 294
678 27 295
679 31 290
677 31 292
679 31 290
678 31 291
678 34 288
675 39 286
670 34 296
669 34 297
671 33 296
668 38 294
671 30 299
677 27 296
676 25 299
679 23 298
677 20 303
680 20 300
681 22 297
686 20 294
689 19 292
696 21 283
700 19 281
706 17 277
710 14 276
707 17 276
706 20 274
705 23 272
704 21 275
705 21 274
701 27 272
694 34 272
690 34 276
684 38 278
677 40 283
669 43 288
668 40 292
673 38 289
675 31 294
679 26 295
679 26 295
681 30 289
685 25 290
688 26 286
689 19 292
693 15 292
700 13 287
707 12 281
707 13 280
712 9 279
713 10 277
718 9 273
718 11 271
726 13 261
723 15 262
717 21 262
715 26 259
713 29 258
704 36 260
697 44 259
687 51 262
685 54 261
678 58 264
659 73 268
646 81 273
631 89 280
623 90 287
617 84 299
615 76 309
604 80 316
599 75 326
598 73 329
592 71 337
595 67 338
597 59 344
597 56 347
593 60 347
597 52 351
602 43 355
607 39 354
607 38 355
607 35 358
610 31 359
613 27 360
616 29 355
618 28 354
615 23 362
619 20 361
621 16 363
622 16 362
626 14 360
632 14 354
636 14 350
638 16 346
640 15 345
643 18 339
645 17 338
648 18 334
645 21 334
645 19 336
640 20 340
643 18 339
643 20 337
646 18 336
647 17 336
656 12 332
665 10 325
669 11 320
672 13 315
675 11 314
681 9 310
686 8 306
686 9 305
686 8 306
691 6 303
696 6 298
701 6 293
710 5 285
717 4 279
726 3 271
729 2 269
731 2 267
733 2 265
735 1 264
740 1 259
745 1 254
750 0 250
755 0 245
759 0 241
760 0 240
763 0 237
766 0 234
769 0 231
773 0 227
775 0 225
779 0 221
787 0 213
791 0 209
793 0 207
793 0 207
796 0 204
799 0 201
802 0 198
805 0 195
808 0 192
811 0 189
813 0 187
814 0 186
815 0 185
821 0 179
824 0 176
828 0 172
829 0 171
834 0 166
834 0 166
838 0 162
840 0 160
847 0 153
850 0 150
853 0 147
856 0 144
858 0 142
860 0 140
863 0 137
868 0 132
868 0 132
870 0 130
872 0 128
876 0 124
877 0 123
879 0 121
880 0 120
882 0 118
883 0 117
890 0 110
892 0 108
897 0 103
899 0 101
900 0 100
905 0 95
906 0 94
908 0 92
911 0 89
912 0 88
912 0 88
916 0 84
916 0 84
917 0 83
917 0 83
917 0 83
918 0 82
918 0 82
919 0 81
919 0 81
919 0 81
921 0 79
923 0 77
925 0 75
926 0 74
927 0 73
927 0 73
928 0 72
929 0 71
929 0 71
931 0 69
933 0 67
934 0 66
936 0 64
937 0 63
941 0 59
941 0 59
941 0 59
941 0 59
941 0 59
942 0 58
943 0 57
946 0 54
949 0 51
950 0 50
951 0 49
952 0 48
952 0 48
952 0 48
952 0 48
952 0 48
952 0 48
953 0 47
954 0 46
954 0 46
956 0 44
956 0 44
957 0 43
958 0 42
958 0 42
958 0 42
960 0 40
962 0 38
962 0 38
963 0 37
964 0 36
964 0 36
964 0 36
964 0 36
965 0 35
965 0 35
965 0 35
966 0 34
967 0 33
967 0 33
967 0 33
967 0 33
969 0 31
970 0 30
971 0 29
972 0 28
972 0 28
972 0 28
972 0 28
973 0 27
973 0 27
973 0 27
973 0 27
973 0 27
973 0 27
973 0 27
973 0 27
974 0 26
974 0 26
974 0 26
974 0 26
975 0 25
975 0 25
975 0 25
975 0 25
977 0 23
977 0 23
977 0 23
977 0 23
978 0 22
979 0 21
980 0 20
980 0 20
980 0 20
980 0 20
980 0 20
980 0 20
980 0 20
980 0 20
981 0 19
981 0 19
981 0 19
982 0 18
982 0 18
982 0 18
986 0 14
986 0 14
986 0 14
986 0 14
986 0 14
987 0 13
988 0 12
988 0 12
988 0 12
988 0 12
989 0 11
989 0 11
989 0 11
989 0 11
990 0 10
990 0 10
990 0 10
990 0 10
990 0 10
990 0 10
991 0 9
991 0 9
991 0 9
991 0 9
991 0 9
991 0 9
991 0 9
991 0 9
992 0 8
992 0 8
992 0 8
992 0 8
992 0 8
992 0 8
992 0 8
992 0 8
992 0 8
992 0 8
992 0 8
992 0 8
992 0 8
992 0 8
992 0 8
992 0 8
992 0 8
992 0 8
993 0 7
993 0 7
993 0 7
993 0 7
993 0 7
993 0 7
994 0 6
995 0 5
996 0 4
996 0 4
996 0 4
996 0 4
996 0 4
996 0 4
996 0 4
996 0 4
996 0 4
997 0 3
997 0 3
997 0 3
997 0 3
997 0 3
997 0 3
997 0 3
997 0 3
997 0 3
997 0 3
997 0 3
997 0 3
997 0 3
997 0 3
997 0 3
997 0 3
997 0 3
997 0 3
997 0 3
997 0 3
997 0 3
997 0 3
997 0 3
997 0 3
997 0 3
997 0 3
997 0 3
997 0 3
997 0 3
997 0 3
997 0 3
997 0 3
997 0 3
997 0 3
997 0 3
997 0 3
997 0 3
998 0 2
998 0 2
998 0 2
998 0 2
998 0 2
998 0 2
998 0 2
998 0 2
998 0 2
998 0 2
998 0 2
998 0 2
998 0 2
998 0 2
998 0 2
999 0 1
999 0 1
999 0 1
999 0 1
999 0 1
999 0 1
999 0 1
999 0 1
999 0 1
999 0 1
999 0 1
999 0 1
999 0 1
999 0 1
999 0 1
999 0 1
999 0 1
999 0 1
999 0 1
999 0 1
999 0 1
999 0 1
999 0 1
999 0 1
999 0 1
999 0 1
999 0 1
999 0 1
1000 0 0
1000 0 0
1000 0 0
1000 0 0
1000 0 0
1000 0 0
1000 0 0
1000 0 0
1000 0 0
1000 0 0
1000 0 0
1000 0 0
1000 0 0
1000 0 0
1000 0 0
1000 0 0
1000 0 0
1000 0 0
1000 0 0
1000 0 0
1000 0 0
1000 0 0
1000 0 0
1000 0 0
1000 0 0
1000 0 0
1000 0 0
1000 0 0
1000 0 0
1000 0 0
1000 0 0
1000 0 0
1000 0 0
1000 0 0
1000 0 0
1000 0 0
1000 0 0
1000 0 0
1000 0 0
1000 0 0
1000 0 0
1000 0 0
1000 0 0
1000 0 0
1000 0 0
1000 0 0
1000 0 0
1000 0 0
1000 0 0
1000 0 0
1000 0 0
1000 0 0
1000 0 0
1000 0 0
1000 0 0
1000 0 0
1000 0 0
1000 0 0
1000 0 0
1000 0 0
1000 0 0
1000 0 0
1000 0 0
1000 0 0
1000 0 0
1000 0 0
1000 0 0
1000 0 0
1000 0 0
1000 0 0
1000 0 0
1000 0 0
1000 0 0
1000 0 0
1000 0 0
1000 0 0
1000 0 0
1000 0 0
1000 0 0
1000 0 0
