1000 0 0
1000 0 0
997 3 0
993 7 0
990 8 2
984 14 2
980 17 3
966 25 9
951 32 17
930 43 27
909 56 35
886 69 45
856 89 55
821 107 72
794 127 79
759 146 95
728 154 118
706 161 133
677 165 158
648 162 190
621 172 207
590 175 235
566 174 260
541 173 286
525 169 306
506 157 337
492 151 357
482 141 377
466 139 395
462 129 409
456 115 429
457 107 436
454 98 448
449 83 468
449 77 474
451 67 482
459 61 480
461 56 483
461 50 489
460 50 490
467 50 483
475 48 477
477 42 481
479 39 482
481 33 486
487 27 486
492 30 478
496 28 476
502 24 474
509 23 468
513 19 468
524 19 457
528 18 454
533 19 448
540 17 443
548 18 434
552 17 431
555 14 431
562 15 423
569 15 416
574 13 413
578 13 409
586 13 401
592 12 396
599 12 389
604 12 384
608 17 375
610 17 373
607 20 373
607 24 369
607 25 368
611 28 361
606 35 359
597 45 358
599 44 357
591 50 359
583 49 368
575 56 369
568 50 382
569 55 376
566 57 377
559 62 379
559 61 380
557 60 383
548 60 392
545 59 396
540 59 401
538 57 405
533 58 409
535 62 403
531 55 414
539 44 417
546 39 415
550 40 410
550 40 410
547 43 410
545 42 413
545 41 414
545 47 408
539 52 409
536 56 408
536 54 410
532 50 418
534 52 414
533 51 416
535 46 419
534 46 420
530 46 424
533 47 420
532 52 416
536 50 414
533 48 419
543 45 412
545 47 408
546 43 411
542 49 409
547 44 409
542 47 411
546 37 417
548 40 412
549 41 410
549 33 418
553 36 411
556 30 414
553 35 412
554 37 409
551 37 412
557 37 406
565 26 409
571 24 405
578 22 400
583 17 400
589 13 398
594 13 393
593 15 392
599 14 387
605 12 383
611 8 381
617 9 374
626 8 366
630 7 363
639 9 352
644 8 348
648 7 345
655 8 337
657 6 337
660 4 336
662 3 335
667 3 330
672 3 325
685 3 312
689 2 309
694 1 305
702 1 297
703 2 295
707 2 291
711 2 287
718 2 280
724 1 275
728 1 271
729 1 270
738 0 262
739 0 261
741 0 259
747 0 253
757 0 243
757 0 243
760 0 240
766 0 234
769 0 231
774 0 226
776 0 224
779 0 221
782 0 218
785 0 215
790 0 210
794 0 206
796 0 204
801 0 199
804 0 196
808 0 192
813 0 187
816 0 184
822 0 178
826 0 174
831 0 169
832 0 168
834 0 166
835 0 165
838 0 162
839 0 161
841 0 159
844 0 156
845 0 155
848 0 152
853 0 147
854 0 146
855 0 145
859 0 141
859 0 141
863 0 137
865 0 135
865 0 135
866 0 134
870 0 130
878 0 122
882 0 118
884 0 116
886 0 114
886 0 114
887 0 113
889 0 111
892 0 108
894 0 106
897 0 103
898 0 102
899 0 101
901 0 99
903 0 97
904 0 96
907 0 93
910 0 90
912 0 88
914 0 86
916 0 84
917 0 83
918 0 82
920 0 80
922 0 78
923 0 77
923 0 77
924 0 76
924 0 76
925 0 75
927 0 73
928 0 72
928 0 72
929 0 71
929 0 71
930 0 70
931 0 69
934 0 66
934 0 66
934 0 66
935 0 65
938 0 62
939 0 61
939 0 61
941 0 59
942 0 58
944 0 56
944 0 56
944 0 56
944 0 56
944 0 56
945 0 55
946 0 54
947 0 53
949 0 51
951 0 49
952 0 48
953 0 47
953 0 47
954 0 46
954 0 46
955 0 45
956 0 44
959 0 41
959 0 41
959 0 41
959 0 41
959 0 41
959 0 41
959 0 41
959 0 41
959 0 41
959 0 41
960 0 40
960 0 40
960 0 40
960 0 40
960 0 40
960 0 40
961 0 39
961 0 39
961 0 39
961 0 39
962 0 38
965 0 35
965 0 35
965 0 35
966 0 34
966 0 34
967 0 33
968 0 32
968 0 32
968 0 32
968 0 32
969 0 31
970 0 30
970 0 30
971 0 29
971 0 29
972 0 28
972 0 28
972 0 28
972 0 28
972 0 28
972 0 28
972 0 28
972 0 28
974 0 26
975 0 25
976 0 24
976 0 24
976 0 24
978 0 22
978 0 22
979 0 21
979 0 21
979 0 21
979 0 21
980 0 20
980 0 20
980 0 20
980 0 20
980 0 20
980 0 20
980 0 20
980 0 20
980 0 20
981 0 19
981 0 19
981 0 19
981 0 19
981 0 19
983 0 17
983 0 17
984 0 16
985 0 15
985 0 15
985 0 15
985 0 15
986 0 14
987 0 13
987 0 13
988 0 12
989 0 11
990 0 10
990 0 10
990 0 10
990 0 10
990 0 10
990 0 10
990 0 10
990 0 10
990 0 10
990 0 10
990 0 10
990 0 10
990 0 10
991 0 9
991 0 9
991 0 9
991 0 9
991 0 9
991 0 9
991 0 9
991 0 9
991 0 9
991 0 9
991 0 9
992 0 8
993 0 7
993 0 7
993 0 7
993 0 7
994 0 6
994 0 6
994 0 6
994 0 6
994 0 6
994 0 6
994 0 6
994 0 6
994 0 6
994 0 6
994 0 6
994 0 6
994 0 6
994 0 6
994 0 6
994 0 6
995 0 5
995 0 5
995 0 5
995 0 5
995 0 5
995 0 5
995 0 5
995 0 5
995 0 5
995 0 5
995 0 5
995 0 5
995 0 5
995 0 5
995 0 5
995 0 5
995 0 5
995 0 5
995 0 5
996 0 4
996 0 4
996 0 4
996 0 4
996 0 4
996 0 4
996 0 4
996 0 4
996 0 4
996 0 4
996 0 4
996 0 4
996 0 4
996 0 4
996 0 4
996 0 4
996 0 4
996 0 4
996 0 4
996 0 4
996 0 4
996 0 4
996 0 4
996 0 4
996 0 4
996 0 4
997 0 3
997 0 3
997 0 3
997 0 3
997 0 3
997 0 3
997 0 3
997 0 3
997 0 3
997 0 3
997 0 3
997 0 3
997 0 3
997 0 3
997 0 3
997 0 3
997 0 3
997 0 3
997 0 3
997 0 3
997 0 3
997 0 3
997 0 3
997 0 3
997 0 3
997 0 3
997 0 3
997 0 3
997 0 3
997 0 3
997 0 3
997 0 3
997 0 3
997 0 3
997 0 3
997 0 3
997 0 3
997 0 3
997 0 3
997 0 3
997 0 3
997 0 3
997 0 3
998 0 2
998 0 2
998 0 2
998 0 2
998 0 2
999 0 1
999 0 1
999 0 1
999 0 1
999 0 1
999 0 1
999 0 1
999 0 1
999 0 1
999 0 1
999 0 1
999 0 1
999 0 1
999 0 1
999 0 1
999 0 1
999 0 1
999 0 1
999 0 1
999 0 1
999 0 1
999 0 1
999 0 1
999 0 1
999 0 1
999 0 1
999 0 1
999 0 1
999 0 1
999 0 1
999 0 1
999 0 1
999 0 1
999 0 1
999 0 1
999 0 1
999 0 1
999 0 1
999 0 1
999 0 1
999 0 1
999 0 1
999 0 1
999 0 1
999 0 1
999 0 1
999 0 1
999 0 1
999 0 1
999 0 1
999 0 1
999 0 1
999 0 1
999 0 1
999 0 1
999 0 1
999 0 1
999 0 1
999 0 1
999 0 1
999 0 1
999 0 1
999 0 1
999 0 1
999 0 1
999 0 1
999 0 1
999 0 1
999 0 1
999 0 1
999 0 1
999 0 1
999 0 1
999 0 1
999 0 1
999 0 1
999 0 1
999 0 1
999 0 1
999 0 1
999 0 1
999 0 1
999 0 1
999 0 1
999 0 1
999 0 1
999 0 1
999 0 1
999 0 1
999 0 1
999 0 1
999 0 1
999 0 1
999 0 1
999 0 1
999 0 1
999 0 1
999 0 1
999 0 1
999 0 1
999 0 1
999 0 1
999 0 1
999 0 1
999 0 1
999 0 1
999 0 1
999 0 1
999 0 1
999 0 1
999 0 1
999 0 1
999 0 1
999 0 1
999 0 1
999 0 1
999 0 1
999 0 1
999 0 1
999 0 1
999 0 1
999 0 1
999 0 1
999 0 1
999 0 1
999 0 1
999 0 1
999 0 1
999 0 1
999 0 1
999 0 1
999 0 1
999 0 1
999 0 1
999 0 1
999 0 1
999 0 1
999 0 1
999 0 1
999 0 1
999 0 1
999 0 1
999 0 1
999 0 1
999 0 1
999 0 1
999 0 1
999 0 1
999 0 1
999 0 1
999 0 1
999 0 1
999 0 1
999 0 1
999 0 1
999 0 1
999 0 1
999 0 1
999 0 1
999 0 1
999 0 1
999 0 1
999 0 1
999 0 1
999 0 1
999 0 1
999 0 1
999 0 1
999 0 1
999 0 1
999 0 1
999 0 1
999 0 1
999 0 1
999 0 1
999 0 1
999 0 1
999 0 1
999 0 1
1000 0 0
1000 0 0
1000 0 0
1000 0 0
1000 0 0
1000 0 0
1000 0 0
1000 0 0
1000 0 0
1000 0 0
1000 0 0
1000 0 0
1000 0 0
1000 0 0
1000 0 0
1000 0 0
1000 0 0
1000 0 0
1000 0 0
1000 0 0
1000 0 0
1000 0 0
1000 0 0
1000 0 0
1000 0 0
1000 0 0
1000 0 0
1000 0 0
1000 0 0
1000 0 0
1000 0 0
1000 0 0
1000 0 0
1000 0 0
1000 0 0
1000 0 0
1000 0 0
1000 0 0
1000 0 0
1000 0 0
1000 0 0
1000 0 0
1000 0 0
1000 0 0
1000 0 0
1000 0 0
1000 0 0
1000 0 0
1000 0 0
1000 0 0
1000 0 0
1000 0 0
1000 0 0
1000 0 0
1000 0 0
1000 0 0
1000 0 0
1000 0 0
1000 0 0
1000 0 0
1000 0 0
1000 0 0
1000 0 0
1000 0 0
1000 0 0
1000 0 0
1000 0 0
1000 0 0
1000 0 0
1000 0 0
1000 0 0
1000 0 0
1000 0 0
1000 0 0
1000 0 0
1000 0 0
1000 0 0
1000 0 0
1000 0 0
1000 0 0
1000 0 0
1000 0 0
1000 0 0
1000 0 0
1000 0 0
1000 0 0
1000 0 0
1000 0 0
1000 0 0
1000 0 0
1000 0 0
1000 0 0
1000 0 0
1000 0 0
1000 0 0
1000 0 0
1000 0 0
1000 0 0
1000 0 0
1000 0 0
1000 0 0
1000 0 0
1000 0 0
1000 0 0
1000 0 0
1000 0 0
1000 0 0
1000 0 0
1000 0 0
1000 0 0
1000 0 0
1000 0 0
1000 0 0
1000 0 0
1000 0 0
1000 0 0
1000 0 0
1000 0 0
1000 0 0
1000 0 0
1000 0 0
1000 0 0
1000 0 0
1000 0 0
1000 0 0
1000 0 0
1000 0 0
1000 0 0
1000 0 0
1000 0 0
1000 0 0
1000 0 0
1000 0 0
1000 0 0
1000 0 0
1000 0 0
1000 0 0
1000 0 0
1000 0 0
1000 0 0
1000 0 0
1000 0 0
1000 0 0
1000 0 0
1000 0 0
1000 0 0
1000 0 0
1000 0 0
1000 0 0
1000 0 0
1000 0 0
1000 0 0
1000 0 0
1000 0 0
1000 0 0
1000 0 0
1000 0 0
1000 0 0
1000 0 0
1000 0 0
1000 0 0
1000 0 0
1000 0 0
1000 0 0
1000 0 0
1000 0 0
1000 0 0
1000 0 0
1000 0 0
1000 0 0
1000 0 0
1000 0 0
1000 0 0
1000 0 0
1000 0 0
1000 0 0
1000 0 0
1000 0 0
1000 0 0
1000 0 0
1000 0 0
1000 0 0
1000 0 0
1000 0 0
1000 0 0
1000 0 0
1000 0 0
1000 0 0
1000 0 0
1000 0 0
1000 0 0
1000 0 0
1000 0 0
1000 0 0
1000 0 0
1000 0 0
1000 0 0
1000 0 0
1000 0 0
1000 0 0
1000 0 0
1000 0 0
1000 0 0
1000 0 0
1000 0 0
1000 0 0
1000 0 0
1000 0 0
1000 0 0
1000 0 0
1000 0 0
1000 0 0
1000 0 0
1000 0 0
1000 0 0
1000 0 0
1000 0 0
1000 0 0
1000 0 0
1000 0 0
1000 0 0
1000 0 0
1000 0 0
1000 0 0
1000 0 0
1000 0 0
1000 0 0
1000 0 0
1000 0 0
1000 0 0
1000 0 0
1000 0 0
1000 0 0
1000 0 0
1000 0 0
1000 0 0
1000 0 0
1000 0 0
1000 0 0
1000 0 0
1000 0 0
1000 0 0
1000 0 0
1000 0 0
1000 0 0
1000 0 0
1000 0 0
1000 0 0
1000 0 0
1000 0 0
1000 0 0
1000 0 0
1000 0 0
1000 0 0
1000 0 0
1000 0 0
1000 0 0
1000 0 0
1000 0 0
1000 0 0
1000 0 0
1000 0 0
1000 0 0
1000 0 0
1000 0 0
1000 0 0
1000 0 0
1000 0 0
1000 0 0
1000 0 0
1000 0 0
1000 0 0
1000 0 0
1000 0 0
1000 0 0
1000 0 0
1000 0 0
1000 0 0
1000 0 0
1000 0 0
1000 0 0
1000 0 0
1000 0 0
1000 0 0
1000 0 0
1000 0 0
1000 0 0
1000 0 0
1000 0 0
1000 0 0
1000 0 0
1000 0 0
1000 0 0
1000 0 0
1000 0 0
1000 0 0
1000 0 0
1000 0 0
1000 0 0
1000 0 0
1000 0 0
1000 0 0
1000 0 0
1000 0 0
1000 0 0
1000 0 0
1000 0 0
1000 0 0
1000 0 0
1000 0 0
1000 0 0
1000 0 0
1000 0 0
1000 0 0
1000 0 0
1000 0 0
1000 0 0
1000 0 0
1000 0 0
1000 0 0
1000 0 0
1000 0 0
1000 0 0
1000 0 0
1000 0 0
1000 0 0
1000 0 0
1000 0 0
1000 0 0
1000 0 0
1000 0 0
1000 0 0
1000 0 0
1000 0 0
1000 0 0
1000 0 0
