997 3 0
997 3 0
996 2 2
996 2 2
996 2 2
991 7 2
980 17 3
966 29 5
937 53 10
888 95 17
842 125 33
799 141 60
764 153 83
729 161 110
694 177 129
662 183 155
638 185 177
617 183 200
592 187 221
558 183 259
539 174 287
521 170 309
507 155 338
500 147 353
496 136 368
484 126 390
470 121 409
465 118 417
465 108 427
458 110 432
460 92 448
460 88 452
460 79 461
467 69 464
470 67 463
473 51 476
478 47 475
489 41 470
495 40 465
503 35 462
508 37 455
515 31 454
522 28 450
526 23 451
532 20 448
538 17 445
536 20 444
540 21 439
551 22 427
557 18 425
568 17 415
571 18 411
565 24 411
574 22 404
573 27 400
574 26 400
570 33 397
565 35 400
561 40 399
559 41 400
560 41 399
565 39 396
568 33 399
569 29 402
574 30 396
576 29 395
579 28 393
580 25 395
581 24 395
585 24 391
592 17 391
596 15 389
600 12 388
608 8 384
614 10 376
616 13 371
620 15 365
622 14 364
623 15 362
624 20 356
617 25 358
617 26 357
613 27 360
613 27 360
619 28 353
623 25 352
623 23 354
628 24 348
633 24 343
637 25 338
641 23 336
645 21 334
651 18 331
658 15 327
656 19 325
662 13 325
663 11 326
670 8 322
673 7 320
679 6 315
687 6 307
693 7 300
696 8 296
696 15 289
700 18 282
701 19 280
701 17 282
701 19 280
701 17 282
698 24 278
699 28 273
700 27 273
693 35 272
690 35 275
691 37 272
682 44 274
682 44 274
678 46 276
672 42 286
669 46 285
666 51 283
659 54 287
650 60 290
643 61 296
642 59 299
637 57 306
629 57 314
623 57 320
628 45 327
624 46 330
622 44 334
623 37 340
619 41 340
618 43 339
607 46 347
609 43 348
608 44 348
608 40 352
608 43 349
609 43 348
609 39 352
608 35 357
605 37 358
607 34 359
604 36 360
599 42 359
599 36 365
597 37 366
597 38 365
599 36 365
604 30 366
608 28 364
615 25 360
619 25 356
626 21 353
624 26 350
627 28 345
633 26 341
630 26 344
625 34 341
614 44 342
609 52 339
604 58 338
598 55 347
595 65 340
588 67 345
583 64 353
588 61 351
584 66 350
581 60 359
570 69 361
564 69 367
563 60 377
558 56 386
561 51 388
558 60 382
560 52 388
565 48 387
569 47 384
560 47 393
558 48 394
561 45 394
554 50 396
559 45 396
556 45 399
557 50 393
556 51 393
553 50 397
554 49 397
552 52 396
554 51 395
552 53 395
553 47 400
560 40 400
559 40 401
558 34 408
566 25 409
569 25 406
575 22 403
578 20 402
581 25 394
587 23 390
594 18 388
604 16 380
604 20 376
606 21 373
605 22 373
608 20 372
614 17 369
614 16 370
625 16 359
626 18 356
627 18 355
627 21 352
628 21 351
621 26 353
626 24 350
623 24 353
629 23 348
633 23 344
634 23 343
632 20 348
633 23 344
640 22 338
640 25 335
639 28 333
638 30 332
638 30 332
639 29 332
640 26 334
636 29 335
634 26 340
633 24 343
634 21 345
631 29 340
636 24 340
638 23 339
633 27 340
625 33 342
622 38 340
621 41 338
613 50 337
608 49 343
600 53 347
593 57 350
587 57 356
579 53 368
583 51 366
577 52 371
583 47 370
581 45 374
585 40 375
588 40 372
593 39 368
596 37 367
606 26 368
612 27 361
614 31 355
612 31 357
609 37 354
614 35 351
613 38 349
605 38 357
606 36 358
615 32 353
615 35 350
616 37 347
622 43 335
623 38 339
624 40 336
626 36 338
632 29 339
638 24 338
641 19 340
649 16 335
648 14 338
651 13 336
651 14 335
650 20 330
653 21 326
654 20 326
657 16 327
657 23 320
659 27 314
656 28 316
655 31 314
654 32 314
661 33 306
660 34 306
651 42 307
633 52 315
643 46 311
633 53 314
623 66 311
617 63 320
613 55 332
613 50 337
615 49 336
612 48 340
603 49 348
601 45 354
594 50 356
597 47 356
591 52 357
592 56 352
587 51 362
579 53 368
575 58 367
574 57 369
572 59 369
576 50 374
570 54 376
559 55 386
556 52 392
553 58 389
546 57 397
553 50 397
557 46 397
552 54 394
547 53 400
546 47 407
541 50 409
543 45 412
546 48 406
548 42 410
550 37 413
562 31 407
561 26 413
563 30 407
564 29 407
562 32 406
555 37 408
564 35 401
564 32 404
569 35 396
573 34 393
577 33 390
580 31 389
585 26 389
588 24 388
596 24 380
604 21 375
603 25 372
599 30 371
596 32 372
587 42 371
594 42 364
593 40 367
592 44 364
589 48 363
597 42 361
587 47 366
583 49 368
570 56 374
574 47 379
577 48 375
575 45 380
576 47 377
567 54 379
563 59 378
549 67 384
545 67 388
542 59 399
539 57 404
536 59 405
527 68 405
522 69 409
524 62 414
522 64 414
520 58 422
529 56 415
533 50 417
536 47 417
539 44 417
531 47 422
528 46 426
531 43 426
536 39 425
549 35 416
555 31 414
555 27 418
555 30 415
559 29 412
561 26 413
567 23 410
574 25 401
578 27 395
573 31 396
578 31 391
578 31 391
579 30 391
582 33 385
583 36 381
582 38 380
586 34 380
586 37 377
577 42 381
580 41 379
572 44 384
577 40 383
576 42 382
575 44 381
580 38 382
589 33 378
590 30 380
584 35 381
585 34 381
579 35 386
580 35 385
578 33 389
586 29 385
592 27 381
592 27 381
590 28 382
589 26 385
594 24 382
599 22 379
603 24 373
601 28 371
606 25 369
612 24 364
616 27 357
619 27 354
625 26 349
626 27 347
632 27 341
633 27 340
639 25 336
632 31 337
628 28 344
626 33 341
615 45 340
606 48 346
609 46 345
614 40 346
618 32 350
616 30 354
616 32 352
618 34 348
619 35 346
623 37 340
618 37 345
624 29 347
627 28 345
632 25 343
637 25 338
636 27 337
636 31 333
641 32 327
645 33 322
642 37 321
637 41 322
637 39 324
635 35 330
639 25 336
640 27 333
641 30 329
639 29 332
641 25 334
645 23 332
652 23 325
662 23 315
663 25 312
664 27 309
663 25 312
660 27 313
650 35 315
651 38 311
651 37 312
645 42 313
641 44 315
638 42 320
638 42 320
640 39 321
636 49 315
623 58 319
609 66 325
600 69 331
601 66 333
596 63 341
607 65 328
603 62 335
603 53 344
610 45 345
613 44 343
618 36 346
618 37 345
615 40 345
611 43 346
607 41 352
601 44 355
592 50 358
591 48 361
591 45 364
593 44 363
596 42 362
600 39 361
598 39 363
584 45 371
587 43 370
583 47 370
578 47 375
583 43 374
573 49 378
575 56 369
567 65 368
562 68 370
560 71 369
566 61 373
572 61 367
575 54 371
581 46 373
582 44 374
583 34 383
587 33 380
587 28 385
588 28 384
588 25 387
592 21 387
594 22 384
601 19 380
610 17 373
615 16 369
618 14 368
618 25 357
618 32 350
618 31 351
618 31 351
611 35 354
614 29 357
618 28 354
621 26 353
624 22 354
625 21 354
634 18 348
637 15 348
640 10 350
645 14 341
645 16 339
642 22 336
641 24 335
641 28 331
641 26 333
642 31 327
644 33 323
642 34 324
645 32 323
649 28 323
651 29 320
650 30 320
658 21 321
659 19 322
662 18 320
661 22 317
660 24 316
661 31 308
656 34 310
656 35 309
653 37 310
654 36 310
652 35 313
654 32 314
653 27 320
655 26 319
651 30 319
648 32 320
644 32 324
645 34 321
638 38 324
642 34 324
645 27 328
647 27 326
649 27 324
652 29 319
660 27 313
661 25 314
667 25 308
668 23 309
671 23 306
673 21 306
676 19 305
684 16 300
687 13 300
689 9 302
693 12 295
688 17 295
682 24 294
685 23 292
683 24 293
682 24 294
683 25 292
684 27 289
680 34 286
674 37 289
673 31 296
678 25 297
674 25 301
673 29 298
671 31 298
677 34 289
681 30 289
677 32 291
680 34 286
683 29 288
680 33 287
684 31 285
684 34 282
684 30 286
691 28 281
690 27 283
694 28 278
695 30 275
691 37 272
693 34 273
696 30 274
699 25 276
704 22 274
707 21 272
707 17 276
707 16 277
703 20 277
698 25 277
693 32 275
696 38 266
683 47 270
669 57 274
662 54 284
660 54 286
655 58 287
642 68 290
632 76 292
617 84 299
614 79 307
610 80 310
602 76 322
589 77 334
590 76 334
587 77 336
576 79 345
575 75 350
574 68 358
566 71 363
567 64 369
560 65 375
564 59 377
564 62 374
569 61 370
571 58 371
567 61 372
568 59 373
572 53 375
570 50 380
567 46 387
575 38 387
578 33 389
577 35 388
580 26 394
583 28 389
587 25 388
591 26 383
598 23 379
602 19 379
604 19 377
610 16 374
614 19 367
616 17 367
618 20 362
622 22 356
626 24 350
630 23 347
629 23 348
629 20 351
632 20 348
636 20 344
644 21 335
647 16 337
650 15 335
651 14 335
653 17 330
648 24 328
645 23 332
645 24 331
644 24 332
640 31 329
634 35 331
638 29 333
639 26 335
643 30 327
645 30 325
639 35 326
635 36 329
631 44 325
634 43 323
629 43 328
623 50 327
623 51 326
623 53 324
621 52 327
619 48 333
622 45 333
626 41 333
622 41 337
626 36 338
629 37 334
633 34 333
626 35 339
631 33 336
633 24 343
643 21 336
642 23 335
650 20 330
650 18 332
654 21 325
660 19 321
665 18 317
668 19 313
664 24 312
665 28 307
665 30 305
662 33 305
658 37 305
648 35 317
642 38 320
633 45 322
629 46 325
625 48 327
622 50 328
616 50 334
620 47 333
622 36 342
623 36 341
621 39 340
620 40 340
617 38 345
613 46 341
605 44 351
603 40 357
608 38 354
610 33 357
614 27 359
617 23 360
617 27 356
609 37 354
601 44 355
590 54 356
577 64 359
565 67 368
564 64 372
556 67 377
546 68 386
552 58 390
550 58 392
542 57 401
544 52 404
536 49 415
539 44 417
536 47 417
538 44 418
542 44 414
543 40 417
547 39 414
549 40 411
543 46 411
546 44 410
545 48 407
542 54 404
541 59 400
550 55 395
544 57 399
546 49 405
543 47 410
538 45 417
541 45 414
537 46 417
541 40 419
550 38 412
549 40 411
557 37 406
561 34 405
562 30 408
570 28 402
579 20 401
581 24 395
576 24 400
575 23 402
586 23 391
595 22 383
600 23 377
602 19 379
595 31 374
603 28 369
606 31 363
610 29 361
617 23 360
617 26 357
612 27 361
615 26 359
620 26 354
622 23 355
629 19 352
633 16 351
636 13 351
639 14 347
643 15 342
648 13 339
652 13 335
654 15 331
658 11 331
663 9 328
673 9 318
674 9 317
679 9 312
679 12 309
679 12 309
682 14 304
689 11 300
695 9 296
696 7 297
702 8 290
704 7 289
708 7 285
711 8 281
709 9 282
714 9 277
720 9 271
721 7 272
727 5 268
727 7 266
732 6 262
737 4 259
743 5 252
749 4 247
755 4 241
759 5 236
764 5 231
769 6 225
772 5 223
774 6 220
778 6 216
783 6 211
786 4 210
797 4 199
801 3 196
805 3 192
811 2 187
817 1 182
821 1 178
818 6 176
819 10 171
816 15 169
815 14 171
817 15 168
818 15 167
816 20 164
816 21 163
811 26 163
800 31 169
785 43 172
759 60 181
729 79 192
719 77 204
706 76 218
692 81 227
672 92 236
656 95 249
640 101 259
636 93 271
620 101 279
607 107 286
594 106 300
587 101 312
579 96 325
570 87 343
567 89 344
564 83 353
548 89 363
543 93 364
541 92 367
538 81 381
534 85 381
533 79 388
531 76 393
520 80 400
517 80 403
515 83 402
511 79 410
513 75 412
512 64 424
518 58 424
517 56 427
525 50 425
528 45 427
529 42 429
529 43 428
532 36 432
532 33 435
542 27 431
545 29 426
550 25 425
555 20 425
563 18 419
566 16 418
573 14 413
580 18 402
586 17 397
589 17 394
596 17 387
604 20 376
603 18 379
605 15 380
606 19 375
612 18 370
616 19 365
617 17 366
626 15 359
630 14 356
632 15 353
641 16 343
639 14 347
645 21 334
641 24 335
638 32 330
639 37 324
636 38 326
626 45 329
628 42 330
632 39 329
625 43 332
625 41 334
618 42 340
607 51 342
601 52 347
589 60 351
586 61 353
578 60 362
570 59 371
562 59 379
562 55 383
559 56 385
555 53 392
555 48 397
557 46 397
553 46 401
555 44 401
552 48 400
558 45 397
563 41 396
567 39 394
570 38 392
563 39 398
572 36 392
576 39 385
572 43 385
575 41 384
574 45 381
577 40 383
577 38 385
575 38 387
573 42 385
577 40 383
566 54 380
556 60 384
549 62 389
544 62 394
549 53 398
550 45 405
549 38 413
556 33 411
556 36 408
563 32 405
571 28 401
567 33 400
565 35 400
565 40 395
566 44 390
565 44 391
568 45 387
569 47 384
566 44 390
570 44 386
571 43 386
574 37 389
571 35 394
573 36 391
577 36 387
581 37 382
578 38 384
589 37 374
593 30 377
582 44 374
585 48 367
581 49 370
582 47 371
579 49 372
577 47 376
581 43 376
587 39 374
579 47 374
580 48 372
580 54 366
573 55 372
