998 2 0
998 2 0
997 3 0
995 4 1
992 6 2
986 10 4
979 12 9
974 14 12
972 14 14
961 20 19
954 23 23
926 45 29
904 63 33
872 87 41
832 114 54
787 132 81
750 143 107
703 156 141
660 169 171
627 184 189
596 184 220
580 173 247
561 171 268
539 170 291
524 160 316
502 164 334
497 149 354
481 149 370
481 130 389
484 112 404
477 107 416
473 101 426
479 90 431
474 89 437
476 85 439
474 82 444
475 81 444
481 74 445
479 75 446
472 79 449
474 62 464
480 58 462
478 59 463
485 53 462
490 46 464
496 45 459
502 42 456
508 40 452
515 40 445
518 43 439
519 39 442
527 36 437
531 27 442
538 24 438
546 21 433
550 23 427
556 22 422
559 19 422
566 20 414
575 19 406
582 17 401
589 18 393
594 15 391
598 16 386
600 18 382
606 16 378
613 18 369
615 19 366
618 17 365
620 16 364
621 14 365
621 19 360
621 18 361
626 13 361
633 12 355
639 10 351
642 9 349
646 8 346
645 11 344
647 13 340
635 23 342
628 31 341
624 37 339
623 39 338
625 38 337
622 32 346
621 33 346
626 33 341
625 31 344
627 28 345
630 28 342
629 27 344
637 25 338
645 20 335
655 15 330
661 17 322
663 19 318
672 16 312
670 17 313
673 15 312
680 14 306
684 10 306
690 7 303
690 8 302
697 11 292
700 10 290
703 10 287
707 9 284
708 11 281
712 11 277
711 14 275
715 9 276
713 14 273
707 18 275
707 22 271
703 26 271
698 25 277
693 33 274
692 35 273
690 36 274
676 45 279
672 46 282
660 52 288
650 61 289
647 61 292
634 69 297
628 69 303
617 72 311
610 77 313
610 74 316
598 79 323
592 75 333
579 81 340
579 75 346
561 83 356
549 83 368
546 77 377
544 72 384
548 71 381
543 70 387
538 73 389
536 70 394
525 70 405
534 65 401
532 68 400
527 66 407
525 68 407
515 67 418
518 62 420
517 63 420
516 62 422
516 58 426
515 55 430
515 56 429
518 53 429
511 53 436
508 56 436
506 54 440
505 49 446
515 49 436
511 47 442
513 44 443
515 40 445
515 42 443
516 39 445
517 35 448
519 27 454
524 30 446
529 24 447
531 25 444
537 24 439
542 23 435
550 24 426
557 21 422
560 17 423
570 12 418
577 12 411
579 16 405
589 16 395
592 13 395
593 17 390
591 21 388
599 21 380
603 19 378
607 20 373
608 21 371
614 19 367
617 18 365
624 20 356
618 27 355
614 26 360
625 22 353
631 19 350
632 17 351
640 16 344
640 17 343
644 14 342
645 12 343
649 9 342
654 9 337
663 7 330
671 7 322
678 5 317
684 7 309
686 6 308
687 11 302
689 11 300
698 9 293
704 10 286
714 5 281
721 2 277
727 1 272
732 1 267
739 2 259
742 1 257
745 2 253
747 2 251
752 2 246
755 2 243
756 2 242
757 5 238
753 12 235
749 22 229
743 22 235
736 26 238
735 28 237
727 30 243
718 38 244
712 45 243
700 51 249
695 51 254
681 60 259
671 67 262
666 71 263
656 74 270
651 66 283
651 58 291
651 58 291
649 58 293
651 51 298
645 58 297
638 63 299
624 70 306
622 70 308
620 63 317
612 66 322
604 75 321
603 71 326
595 77 328
589 71 340
583 68 349
576 70 354
569 67 364
573 63 364
566 62 372
566 55 379
566 48 386
567 43 390
566 37 397
571 36 393
570 36 394
570 35 395
573 32 395
583 33 384
585 35 380
590 31 379
596 24 380
601 21 378
608 22 370
612 23 365
616 22 362
618 20 362
620 19 361
621 19 360
623 19 358
624 18 358
631 15 354
635 13 352
639 15 346
646 14 340
651 12 337
656 13 331
664 11 325
669 10 321
676 11 313
675 12 313
676 17 307
674 23 303
675 24 301
671 26 303
668 26 306
665 27 308
665 31 304
666 33 301
662 37 301
661 39 300
653 46 301
650 48 302
647 49 304
641 51 308
632 53 315
623 56 321
617 48 335
619 50 331
618 55 327
623 58 319
615 58 327
610 54 336
601 58 341
601 56 343
600 58 342
602 55 343
596 53 351
598 48 354
600 48 352
591 55 354
583 54 363
585 53 362
584 47 369
582 47 371
587 44 369
584 48 368
589 40 371
585 42 373
584 38 378
586 39 375
586 35 379
588 35 377
587 32 381
590 31 379
601 24 375
600 26 374
603 25 372
605 24 371
600 30 370
604 28 368
605 30 365
602 26 372
602 28 370
605 19 376
610 15 375
613 14 373
624 13 363
632 12 356
634 13 353
635 14 351
643 10 347
649 9 342
655 8 337
658 7 335
663 6 331
667 8 325
671 9 320
679 7 314
690 6 304
695 6 299
700 5 295
702 5 293
704 5 291
709 3 288
712 2 286
715 2 283
717 2 281
725 2 273
728 3 269
734 2 264
738 3 259
738 6 256
747 6 247
753 5 242
758 4 238
765 3 232
773 3 224
778 3 219
782 3 215
786 3 211
789 4 207
791 4 205
795 3 202
800 2 198
803 1 196
810 1 189
816 1 183
816 1 183
820 1 179
825 1 174
825 1 174
827 1 172
828 1 171
831 1 168
836 1 163
841 1 158
844 0 156
849 0 151
851 0 149
854 0 146
855 0 145
858 0 142
859 0 141
864 0 136
867 0 133
872 0 128
874 0 126
875 0 125
877 0 123
879 0 121
884 0 116
887 0 113
888 0 112
891 0 109
895 0 105
896 0 104
897 0 103
902 0 98
903 0 97
905 0 95
907 0 93
910 0 90
910 0 90
910 0 90
916 0 84
916 0 84
916 0 84
916 0 84
918 0 82
919 0 81
919 0 81
921 0 79
924 0 76
924 0 76
924 0 76
926 0 74
927 0 73
927 0 73
929 0 71
930 0 70
933 0 67
933 0 67
933 0 67
935 0 65
935 0 65
937 0 63
938 0 62
939 0 61
940 0 60
943 0 57
944 0 56
944 0 56
944 0 56
945 0 55
946 0 54
948 0 52
949 0 51
949 0 51
949 0 51
949 0 51
949 0 51
949 0 51
949 0 51
950 0 50
950 0 50
951 0 49
953 0 47
955 0 45
955 0 45
955 0 45
955 0 45
955 0 45
955 0 45
957 0 43
958 0 42
960 0 40
961 0 39
962 0 38
962 0 38
963 0 37
963 0 37
964 0 36
966 0 34
967 0 33
967 0 33
967 0 33
969 0 31
969 0 31
970 0 30
970 0 30
971 0 29
971 0 29
971 0 29
972 0 28
973 0 27
973 0 27
974 0 26
976 0 24
977 0 23
977 0 23
978 0 22
978 0 22
979 0 21
979 0 21
979 0 21
980 0 20
980 0 20
980 0 20
980 0 20
980 0 20
980 0 20
980 0 20
981 0 19
981 0 19
982 0 18
983 0 17
983 0 17
984 0 16
984 0 16
984 0 16
984 0 16
984 0 16
985 0 15
985 0 15
985 0 15
985 0 15
985 0 15
985 0 15
985 0 15
985 0 15
985 0 15
985 0 15
985 0 15
985 0 15
985 0 15
985 0 15
985 0 15
985 0 15
986 0 14
986 0 14
986 0 14
986 0 14
986 0 14
987 0 13
987 0 13
987 0 13
987 0 13
987 0 13
988 0 12
988 0 12
988 0 12
988 0 12
989 0 11
989 0 11
989 0 11
989 0 11
989 0 11
989 0 11
990 0 10
991 0 9
991 0 9
991 0 9
991 0 9
991 0 9
991 0 9
992 0 8
992 0 8
992 0 8
992 0 8
992 0 8
992 0 8
992 0 8
992 0 8
992 0 8
992 0 8
992 0 8
993 0 7
993 0 7
993 0 7
993 0 7
993 0 7
993 0 7
993 0 7
993 0 7
994 0 6
994 0 6
994 0 6
994 0 6
994 0 6
994 0 6
994 0 6
994 0 6
994 0 6
994 0 6
994 0 6
994 0 6
994 0 6
994 0 6
994 0 6
994 0 6
994 0 6
994 0 6
994 0 6
994 0 6
994 0 6
994 0 6
994 0 6
994 0 6
994 0 6
994 0 6
994 0 6
994 0 6
995 0 5
995 0 5
995 0 5
995 0 5
995 0 5
995 0 5
995 0 5
995 0 5
995 0 5
995 0 5
995 0 5
995 0 5
995 0 5
995 0 5
995 0 5
995 0 5
995 0 5
995 0 5
995 0 5
995 0 5
995 0 5
995 0 5
995 0 5
995 0 5
995 0 5
997 0 3
997 0 3
997 0 3
997 0 3
997 0 3
997 0 3
997 0 3
997 0 3
997 0 3
997 0 3
997 0 3
997 0 3
997 0 3
997 0 3
997 0 3
997 0 3
997 0 3
997 0 3
997 0 3
997 0 3
997 0 3
997 0 3
997 0 3
997 0 3
997 0 3
997 0 3
997 0 3
997 0 3
997 0 3
997 0 3
997 0 3
997 0 3
997 0 3
997 0 3
997 0 3
997 0 3
997 0 3
997 0 3
997 0 3
997 0 3
997 0 3
997 0 3
997 0 3
997 0 3
998 0 2
998 0 2
998 0 2
998 0 2
998 0 2
998 0 2
998 0 2
998 0 2
998 0 2
998 0 2
998 0 2
998 0 2
998 0 2
998 0 2
999 0 1
999 0 1
999 0 1
999 0 1
999 0 1
999 0 1
999 0 1
1000 0 0
1000 0 0
1000 0 0
1000 0 0
1000 0 0
1000 0 0
1000 0 0
1000 0 0
1000 0 0
1000 0 0
1000 0 0
1000 0 0
1000 0 0
1000 0 0
1000 0 0
1000 0 0
1000 0 0
1000 0 0
1000 0 0
1000 0 0
1000 0 0
1000 0 0
1000 0 0
1000 0 0
1000 0 0
1000 0 0
1000 0 0
1000 0 0
1000 0 0
1000 0 0
1000 0 0
1000 0 0
1000 0 0
1000 0 0
1000 0 0
1000 0 0
1000 0 0
1000 0 0
1000 0 0
1000 0 0
1000 0 0
1000 0 0
1000 0 0
1000 0 0
1000 0 0
1000 0 0
1000 0 0
1000 0 0
1000 0 0
1000 0 0
1000 0 0
1000 0 0
1000 0 0
1000 0 0
1000 0 0
1000 0 0
1000 0 0
1000 0 0
1000 0 0
1000 0 0
1000 0 0
1000 0 0
1000 0 0
1000 0 0
1000 0 0
1000 0 0
1000 0 0
1000 0 0
1000 0 0
1000 0 0
1000 0 0
1000 0 0
1000 0 0
1000 0 0
1000 0 0
1000 0 0
1000 0 0
1000 0 0
1000 0 0
1000 0 0
1000 0 0
1000 0 0
1000 0 0
1000 0 0
1000 0 0
1000 0 0
1000 0 0
1000 0 0
1000 0 0
1000 0 0
1000 0 0
1000 0 0
1000 0 0
1000 0 0
1000 0 0
1000 0 0
1000 0 0
1000 0 0
1000 0 0
1000 0 0
1000 0 0
1000 0 0
1000 0 0
1000 0 0
1000 0 0
1000 0 0
1000 0 0
1000 0 0
1000 0 0
1000 0 0
1000 0 0
1000 0 0
1000 0 0
1000 0 0
1000 0 0
1000 0 0
1000 0 0
1000 0 0
1000 0 0
1000 0 0
1000 0 0
1000 0 0
1000 0 0
1000 0 0
1000 0 0
1000 0 0
1000 0 0
1000 0 0
1000 0 0
1000 0 0
1000 0 0
1000 0 0
1000 0 0
1000 0 0
1000 0 0
1000 0 0
1000 0 0
1000 0 0
1000 0 0
1000 0 0
1000 0 0
1000 0 0
1000 0 0
1000 0 0
1000 0 0
1000 0 0
1000 0 0
1000 0 0
1000 0 0
1000 0 0
1000 0 0
1000 0 0
1000 0 0
1000 0 0
1000 0 0
1000 0 0
1000 0 0
1000 0 0
1000 0 0
1000 0 0
1000 0 0
1000 0 0
1000 0 0
1000 0 0
1000 0 0
1000 0 0
1000 0 0
1000 0 0
1000 0 0
1000 0 0
1000 0 0
1000 0 0
1000 0 0
1000 0 0
1000 0 0
1000 0 0
1000 0 0
1000 0 0
1000 0 0
1000 0 0
1000 0 0
1000 0 0
1000 0 0
1000 0 0
1000 0 0
1000 0 0
1000 0 0
1000 0 0
1000 0 0
1000 0 0
1000 0 0
1000 0 0
1000 0 0
1000 0 0
1000 0 0
1000 0 0
1000 0 0
1000 0 0
1000 0 0
1000 0 0
1000 0 0
1000 0 0
1000 0 0
1000 0 0
1000 0 0
1000 0 0
1000 0 0
1000 0 0
1000 0 0
1000 0 0
1000 0 0
1000 0 0
1000 0 0
1000 0 0
1000 0 0
1000 0 0
1000 0 0
1000 0 0
1000 0 0
1000 0 0
1000 0 0
1000 0 0
1000 0 0
1000 0 0
1000 0 0
1000 0 0
1000 0 0
1000 0 0
1000 0 0
1000 0 0
1000 0 0
1000 0 0
1000 0 0
1000 0 0
1000 0 0
1000 0 0
1000 0 0
1000 0 0
1000 0 0
1000 0 0
1000 0 0
1000 0 0
1000 0 0
1000 0 0
1000 0 0
1000 0 0
1000 0 0
1000 0 0
1000 0 0
1000 0 0
1000 0 0
1000 0 0
1000 0 0
1000 0 0
1000 0 0
1000 0 0
1000 0 0
1000 0 0
1000 0 0
1000 0 0
1000 0 0
1000 0 0
1000 0 0
1000 0 0
1000 0 0
1000 0 0
1000 0 0
1000 0 0
1000 0 0
1000 0 0
1000 0 0
1000 0 0
1000 0 0
1000 0 0
1000 0 0
1000 0 0
1000 0 0
1000 0 0
1000 0 0
1000 0 0
1000 0 0
1000 0 0
1000 0 0
1000 0 0
1000 0 0
1000 0 0
1000 0 0
1000 0 0
1000 0 0
1000 0 0
1000 0 0
1000 0 0
1000 0 0
1000 0 0
1000 0 0
1000 0 0
1000 0 0
1000 0 0
1000 0 0
1000 0 0
1000 0 0
1000 0 0
1000 0 0
