997 3 0
996 3 1
993 6 1
990 7 3
981 16 3
956 36 8
932 53 15
907 65 28
869 90 41
828 117 55
790 127 83
747 153 100
702 170 128
670 169 161
639 181 180
606 188 206
588 185 227
569 177 254
552 176 272
529 168 303
505 164 331
492 158 350
478 143 379
464 134 402
460 121 419
455 108 437
455 102 443
454 94 452
448 99 453
451 89 460
460 79 461
460 76 464
465 71 464
457 70 473
460 68 472
463 57 480
470 58 472
472 55 473
476 43 481
483 34 483
486 32 482
494 31 475
507 29 464
519 26 455
521 28 451
523 25 452
524 28 448
527 25 448
534 24 442
541 24 435
543 26 431
548 28 424
545 34 421
545 39 416
547 40 413
542 45 413
545 40 415
539 40 421
542 39 419
543 37 420
550 34 416
557 27 416
564 22 414
574 19 407
581 18 401
588 14 398
590 13 397
594 12 394
594 14 392
596 15 389
600 18 382
600 20 380
600 24 376
607 24 369
600 24 376
602 21 377
608 22 370
608 24 368
619 25 356
613 24 363
614 26 360
608 31 361
611 29 360
616 28 356
608 34 358
608 38 354
614 32 354
613 27 360
610 28 362
607 29 364
615 25 360
615 30 355
609 37 354
604 42 354
607 35 358
603 35 362
596 38 366
593 45 362
589 46 365
588 47 365
587 45 368
589 39 372
593 41 366
592 39 369
589 44 367
585 45 370
586 40 374
580 38 382
580 34 386
581 32 387
580 32 388
584 30 386
587 28 385
587 29 384
593 30 377
597 24 379
593 27 380
591 29 380
594 30 376
600 24 376
608 25 367
613 22 365
615 26 359
615 31 354
620 30 350
621 32 347
624 30 346
625 28 347
618 33 349
616 34 350
622 37 341
622 35 343
622 35 343
626 32 342
625 27 348
626 28 346
627 30 343
630 30 340
631 29 340
635 25 340
630 25 345
636 23 341
635 20 345
642 16 342
643 17 340
642 18 340
645 16 339
649 13 338
653 15 332
657 14 329
662 10 328
669 10 321
671 9 320
677 10 313
681 11 308
683 13 304
686 15 299
691 11 298
696 9 295
702 9 289
705 10 285
704 10 286
711 9 280
711 12 277
719 15 266
722 14 264
728 15 257
737 12 251
742 10 248
741 13 246
742 13 245
742 18 240
743 23 234
738 27 235
731 29 240
736 30 234
727 35 238
733 32 235
728 34 238
719 40 241
709 40 251
704 38 258
698 39 263
698 35 267
691 40 269
683 43 274
674 49 277
665 55 280
661 53 286
659 59 282
655 56 289
650 56 294
654 49 297
652 43 305
653 44 303
648 41 311
646 38 316
650 35 315
656 30 314
657 31 312
659 32 309
661 29 310
660 34 306
659 37 304
652 41 307
650 40 310
644 43 313
645 35 320
648 33 319
652 32 316
653 31 316
650 33 317
658 33 309
663 30 307
657 31 312
655 35 310
659 33 308
662 27 311
661 24 315
665 23 312
672 20 308
676 18 306
682 17 301
687 11 302
690 8 302
698 10 292
703 7 290
707 9 284
714 7 279
713 8 279
715 12 273
718 13 269
719 11 270
722 8 270
729 8 263
728 13 259
729 13 258
733 11 256
732 14 254
735 13 252
730 18 252
733 15 252
735 11 254
741 9 250
745 9 246
747 8 245
750 7 243
752 6 242
757 5 238
761 4 235
769 2 229
769 3 228
779 4 217
783 4 213
782 5 213
780 9 211
778 11 211
758 34 208
754 35 211
748 37 215
737 46 217
718 65 217
692 82 226
670 96 234
647 113 240
628 127 245
602 142 256
585 134 281
571 135 294
557 123 320
543 118 339
532 119 349
526 110 364
516 114 370
510 107 383
512 95 393
514 83 403
514 78 408
510 70 420
517 67 416
518 65 417
517 64 419
519 55 426
518 50 432
522 48 430
524 48 428
528 49 423
521 52 427
519 51 430
518 47 435
524 40 436
529 40 431
533 42 425
543 36 421
546 33 421
552 30 418
557 27 416
559 24 417
565 27 408
573 27 400
580 25 395
584 26 390
587 28 385
594 28 378
602 30 368
610 28 362
617 23 360
617 26 357
617 26 357
621 28 351
622 27 351
626 23 351
628 23 349
632 21 347
635 15 350
637 15 348
639 16 345
643 19 338
645 17 338
648 14 338
653 12 335
654 15 331
654 20 326
646 31 323
641 34 325
632 42 326
629 48 323
625 56 319
610 62 328
595 72 333
590 67 343
586 67 347
578 75 347
574 65 361
574 64 362
573 62 365
570 63 367
573 59 368
571 54 375
570 52 378
569 58 373
577 56 367
576 55 369
573 56 371
576 50 374
576 42 382
579 41 380
580 39 381
582 37 381
580 40 380
571 47 382
575 44 381
574 51 375
576 51 373
574 46 380
578 46 376
578 41 381
580 34 386
578 36 386
575 42 383
571 38 391
569 38 393
569 41 390
565 41 394
567 38 395
568 40 392
568 43 389
568 36 396
561 42 397
566 39 395
568 37 395
571 32 397
571 33 396
577 32 391
577 33 390
580 31 389
594 25 381
602 26 372
607 23 370
614 21 365
613 28 359
616 27 357
618 25 357
614 27 359
616 26 358
605 30 365
600 38 362
596 46 358
596 40 364
598 39 363
595 38 367
597 39 364
591 41 368
592 43 365
581 52 367
577 51 372
572 47 381
571 46 383
567 45 388
571 43 386
580 39 381
587 33 380
592 33 375
599 31 370
600 31 369
604 23 373
600 23 377
607 22 371
616 19 365
617 22 361
621 21 358
622 18 360
627 17 356
632 17 351
636 20 344
644 15 341
653 13 334
658 14 328
661 13 326
665 12 323
667 12 321
671 11 318
677 10 313
684 8 308
691 6 303
699 7 294
703 7 290
706 8 286
710 8 282
711 5 284
714 8 278
716 9 275
712 14 274
712 14 274
714 14 272
715 18 267
715 21 264
717 25 258
715 28 257
710 31 259
703 33 264
689 41 270
680 45 275
675 48 277
667 50 283
663 52 285
658 50 292
651 55 294
653 47 300
656 41 303
660 44 296
658 47 295
663 46 291
667 40 293
656 51 293
642 58 300
637 56 307
632 55 313
633 50 317
631 45 324
630 47 323
631 42 327
633 41 326
635 39 326
635 36 329
638 34 328
639 34 327
638 36 326
645 36 319
641 36 323
641 35 324
635 36 329
633 37 330
630 41 329
631 37 332
624 42 334
626 41 333
620 48 332
616 56 328
619 49 332
621 47 332
615 43 342
616 42 342
612 44 344
616 44 340
616 44 340
612 43 345
611 45 344
607 42 351
606 46 348
604 48 348
602 52 346
586 62 352
573 67 360
569 68 363
566 64 370
562 60 378
559 62 379
563 55 382
563 48 389
565 48 387
563 41 396
567 38 395
572 30 398
575 25 400
581 21 398
582 21 397
589 22 389
591 24 385
596 21 383
604 22 374
603 25 372
607 27 366
606 24 370
607 25 368
604 29 367
608 28 364
609 32 359
607 36 357
604 45 351
593 52 355
586 58 356
573 67 360
566 66 368
557 69 374
540 79 381
524 90 386
521 92 387
516 83 401
511 87 402
501 86 413
490 84 426
484 84 432
483 75 442
480 70 450
476 66 458
483 66 451
490 51 459
495 46 459
499 44 457
508 39 453
503 42 455
504 39 457
507 42 451
512 33 455
518 34 448
529 30 441
533 31 436
537 28 435
545 24 431
550 21 429
558 20 422
562 15 423
571 14 415
578 11 411
587 8 405
592 8 400
595 7 398
602 5 393
608 5 387
613 6 381
616 7 377
618 7 375
625 8 367
631 5 364
635 4 361
640 3 357
645 3 352
646 4 350
650 3 347
656 3 341
660 5 335
668 6 326
667 8 325
662 16 322
654 23 323
658 24 318
662 20 318
667 15 318
669 12 319
674 11 315
678 11 311
680 9 311
688 8 304
690 12 298
691 10 299
700 9 291
704 10 286
708 12 280
711 13 276
715 12 273
718 12 270
719 15 266
719 14 267
720 15 265
716 20 264
712 22 266
705 29 266
706 23 271
706 24 270
709 21 270
710 20 270
711 23 266
709 25 266
706 22 272
701 26 273
696 35 269
692 34 274
684 36 280
683 40 277
676 45 279
666 51 283
661 54 285
654 58 288
645 62 293
644 64 292
630 75 295
624 75 301
618 65 317
615 66 319
610 67 323
611 59 330
607 55 338
609 47 344
610 45 345
610 37 353
614 34 352
613 31 356
611 33 356
608 38 354
606 39 355
608 33 359
611 29 360
616 25 359
625 22 353
631 20 349
632 21 347
636 20 344
641 19 340
638 22 340
639 25 336
633 33 334
631 34 335
627 37 336
628 37 335
619 44 337
614 44 342
611 46 343
607 49 344
609 56 335
607 49 344
605 49 346
604 50 346
603 46 351
601 48 351
603 44 353
608 42 350
610 40 350
612 45 343
609 47 344
608 45 347
613 43 344
615 37 348
617 29 354
614 30 356
615 27 358
617 27 356
622 26 352
626 21 353
634 19 347
633 18 349
633 18 349
634 16 350
634 17 349
632 20 348
632 23 345
627 23 350
621 25 354
622 25 353
624 25 351
633 24 343
635 22 343
623 35 342
619 37 344
620 41 339
619 48 333
608 59 333
609 55 336
602 61 337
596 65 339
592 59 349
584 60 356
583 57 360
586 55 359
589 47 364
583 49 368
578 50 372
573 54 373
568 57 375
561 58 381
556 57 387
551 61 388
547 53 400
546 52 402
550 42 408
560 38 402
562 31 407
562 30 408
563 32 405
564 31 405
564 25 411
571 20 409
579 15 406
580 14 406
584 11 405
591 10 399
590 13 397
595 17 388
591 20 389
594 26 380
600 24 376
600 31 369
596 31 373
601 29 370
600 33 367
598 35 367
593 39 368
590 38 372
584 44 372
583 44 373
581 44 375
581 43 376
575 42 383
578 35 387
581 34 385
576 38 386
577 41 382
575 43 382
578 40 382
585 36 379
587 38 375
590 30 380
590 32 378
590 31 379
591 31 378
599 32 369
605 28 367
607 34 359
609 29 362
612 23 365
619 22 359
625 23 352
624 21 355
631 20 349
639 20 341
643 20 337
643 19 338
645 24 331
646 24 330
653 21 326
652 22 326
660 16 324
670 14 316
675 11 314
678 9 313
684 9 307
687 12 301
689 9 302
695 7 298
692 15 293
694 14 292
696 16 288
699 18 283
702 16 282
704 12 284
702 11 287
712 9 279
720 8 272
729 9 262
734 9 257
733 11 256
737 11 252
738 13 249
741 13 246
739 15 246
734 27 239
733 26 241
736 25 239
725 34 241
727 31 242
719 35 246
722 26 252
716 33 251
711 31 258
713 30 257
711 28 261
708 32 260
711 30 259
711 32 257
711 33 256
710 43 247
709 44 247
705 42 253
704 44 252
706 47 247
702 51 247
695 44 261
694 43 263
688 41 271
687 44 269
680 46 274
679 44 277
670 50 280
666 55 279
658 59 283
651 55 294
647 56 297
647 52 301
638 56 306
633 54 313
635 51 314
630 54 316
621 59 320
608 67 325
601 66 333
614 55 331
611 57 332
611 53 336
610 50 340
603 49 348
597 48 355
599 49 352
599 49 352
601 47 352
600 43 357
601 40 359
601 39 360
600 45 355
606 44 350
604 47 349
604 48 348
610 45 345
610 45 345
609 42 349
612 46 342
610 49 341
607 49 344
599 51 350
592 56 352
587 59 354
588 60 352
579 64 357
574 65 361
567 61 372
560 63 377
560 63 377
559 60 381
556 63 381
554 60 386
553 57 390
551 50 399
557 44 399
558 46 396
561 41 398
568 37 395
574 39 387
578 38 384
582 36 382
581 38 381
585 34 381
581 36 383
587 30 383
589 25 386
599 26 375
606 25 369
612 26 362
620 24 356
624 22 354
628 20 352
630 20 350
634 16 350
635 18 347
645 12 343
644 11 345
645 11 344
648 15 337
648 21 331
638 27 335
636 26 338
640 25 335
640 24 336
638 28 334
644 28 328
649 26 325
651 25 324
652 26 322
655 23 322
653 25 322
653 23 324
660 20 320
661 18 321
672 18 310
676 18 306
677 19 304
677 20 303
679 22 299
683 21 296
685 20 295
689 20 291
695 21 284
697 21 282
698 25 277
699 26 275
698 33 269
697 30 273
695 37 268
688 36 276
690 34 276
686 35 279
688 30 282
685 26 289
687 22 291
691 22 287
695 17 288
695 20 285
696 20 284
702 21 277
696 24 280
699 21 280
694 22 284
691 28 281
684 36 280
670 51 279
666 52 282
661 59 280
659 63 278
654 69 277
648 69 283
646 55 299
649 46 305
650 38 312
652 35 313
649 42 309
645 45 310
643 50 307
640 51 309
640 54 306
636 55 309
640 54 306
641 54 305
641 47 312
642 41 317
643 40 317
647 34 319
647 37 316
652 27 321
651 29 320
642 37 321
641 42 317
646 38 316
651 34 315
647 37 316
645 35 320
652 30 318
655 34 311
657 33 310
654 27 319
660 23 317
665 26 309
669 24 307
668 24 308
666 24 310
668 24 308
668 27 305
669 31 300
663 34 303
659 37 304
658 38 304
660 33 307
653 41 306
654 41 305
658 38 304
656 35 309
658 35 307
653 36 311
655 33 312
654 37 309
653 40 307
661 37 302
653 47 300
658 43 299
649 53 298
649 49 302
652 40 308
649 45 306
653 46 301
648 49 303
641 49 310
637 47 316
642 46 312
637 52 311
