251
23
516
201
598
793
369
936
938
421
132
113
126
356
71
415
324
372
594
699
661
430
863
854
831
155
814
493
837
730
565
2
139
775
396
274
562
287
134
892
305
255
105
783
867
997
278
770
209
618
145
693
918
267
427
411
927
771
929
386
250
348
757
445
161
77
561
527
961
635
79
765
96
911
822
246
764
673
684
444
29
237
472
894
955
230
257
575
812
406
934
539
980
981
622
169
320
12
881
73
995
193
347
519
517
790
45
306
996
628
449
456
146
751
865
630
581
707
272
858
195
59
297
928
66
902
897
501
475
426
261
151
658
207
667
288
559
533
712
847
19
310
205
175
656
592
159
651
602
507
93
74
330
604
304
424
35
950
75
157
838
181
568
80
63
603
650
876
733
878
334
402
554
61
587
741
140
322
736
569
373
389
41
164
102
914
841
204
54
10
694
352
999
333
425
135
488
666
727
550
