995 5 0
993 6 1
983 14 3
981 13 6
975 18 7
968 24 8
956 35 9
937 50 13
906 76 18
886 87 27
857 103 40
826 111 63
790 136 74
752 149 99
724 154 122
696 165 139
679 164 157
659 161 180
647 146 207
633 141 226
625 131 244
612 124 264
596 129 275
589 115 296
585 112 303
575 111 314
567 106 327
563 97 340
564 87 349
564 80 356
560 72 368
556 72 372
551 71 378
550 65 385
555 61 384
562 62 376
573 57 370
577 51 372
579 50 371
578 44 378
586 36 378
585 28 387
588 28 384
592 26 382
592 26 382
594 27 379
595 26 379
598 25 377
603 24 373
609 19 372
612 20 368
617 21 362
623 23 354
623 20 357
626 21 353
632 21 347
633 23 344
635 22 343
640 21 339
648 19 333
654 15 331
659 14 327
662 13 325
666 13 321
670 10 320
675 9 316
681 10 309
690 8 302
696 8 296
703 8 289
706 7 287
708 6 286
713 6 281
717 8 275
721 10 269
718 14 268
722 11 267
725 14 261
726 14 260
730 14 256
737 14 249
736 14 250
740 13 247
744 11 245
749 9 242
745 14 241
745 19 236
742 21 237
732 28 240
730 35 235
718 44 238
710 50 240
701 56 243
688 66 246
683 63 254
666 77 257
652 81 267
641 85 274
633 80 287
626 78 296
629 66 305
629 60 311
629 47 324
626 47 327
611 54 335
612 45 343
612 39 349
612 38 350
611 39 350
614 35 351
617 35 348
620 34 346
628 33 339
631 33 336
630 27 343
631 23 346
632 20 348
640 21 339
646 23 331
646 26 328
651 24 325
652 20 328
655 20 325
660 16 324
664 11 325
667 12 321
669 12 319
671 12 317
673 10 317
677 9 314
682 9 309
686 10 304
696 9 295
698 11 291
698 12 290
703 11 286
702 9 289
702 10 288
709 8 283
714 8 278
715 10 275
717 13 270
716 12 272
721 9 270
727 9 264
728 12 260
734 11 255
737 11 252
739 12 249
745 10 245
749 7 244
750 7 243
754 5 241
757 5 238
759 3 238
761 4 235
763 6 231
762 8 230
763 9 228
760 14 226
760 17 223
755 22 223
754 25 221
754 25 221
748 26 226
743 28 229
744 29 227
749 30 221
752 29 219
749 32 219
750 33 217
747 35 218
747 35 218
743 35 222
741 39 220
737 39 224
733 42 225
735 38 227
735 38 227
737 41 222
734 44 222
729 43 228
731 45 224
727 49 224
717 50 233
709 49 242
702 54 244
702 49 249
701 48 251
700 42 258
701 35 264
697 36 267
698 35 267
698 33 269
695 35 270
691 43 266
688 53 259
684 56 260
675 66 259
664 72 264
656 73 271
652 67 281
652 59 289
654 56 290
655 52 293
657 48 295
649 47 304
656 43 301
654 42 304
659 39 302
663 39 298
665 37 298
669 30 301
667 33 300
669 34 297
668 34 298
668 33 299
662 38 300
662 40 298
662 41 297
658 43 299
658 47 295
653 50 297
654 52 294
653 47 300
653 43 304
658 38 304
658 40 302
656 39 305
662 39 299
663 37 300
664 35 301
666 28 306
663 32 305
663 32 305
660 31 309
663 26 311
666 21 313
667 25 308
664 32 304
669 28 303
667 27 306
669 28 303
669 25 306
666 29 305
661 34 305
659 33 308
662 30 308
666 29 305
664 29 307
664 24 312
666 20 314
668 22 310
669 20 311
670 20 310
669 23 308
673 20 307
671 23 306
672 21 307
675 22 303
673 25 302
667 31 302
665 37 298
663 41 296
657 44 299
659 47 294
659 52 289
658 51 291
656 50 294
655 51 294
654 48 298
651 46 303
648 50 302
640 56 304
628 66 306
619 70 311
616 69 315
616 66 318
609 63 328
602 66 332
605 63 332
606 61 333
599 64 337
597 63 340
588 61 351
583 50 367
581 52 367
583 54 363
576 53 371
574 51 375
570 54 376
575 51 374
580 43 377
580 38 382
585 33 382
591 28 381
600 24 376
605 23 372
611 19 370
614 19 367
617 18 365
621 16 363
626 11 363
625 13 362
632 14 354
638 12 350
644 14 342
651 14 335
653 15 332
656 16 328
656 13 331
660 10 330
667 9 324
669 10 321
667 15 318
663 21 316
663 17 320
665 18 317
665 19 316
669 19 312
671 19 310
675 20 305
679 23 298
684 18 298
688 13 299
686 16 298
684 20 296
686 22 292
678 23 299
676 26 298
681 24 295
678 28 294
687 27 286
686 27 287
696 25 279
699 22 279
697 28 275
700 26 274
702 27 271
705 23 272
699 31 270
706 24 270
705 22 273
702 25 273
702 26 272
704 26 270
702 26 272
703 28 269
705 26 269
703 25 272
701 26 273
703 27 270
698 34 268
695 36 269
698 32 270
700 31 269
702 31 267
699 30 271
704 28 268
702 31 267
701 31 268
705 28 267
704 23 273
702 22 276
704 23 273
702 22 276
702 21 277
708 21 271
705 21 274
701 27 272
699 30 271
700 28 272
702 30 268
701 34 265
706 32 262
711 30 259
710 26 264
716 26 258
716 24 260
723 21 256
728 17 255
722 20 258
720 22 258
721 21 258
726 20 254
732 16 252
739 14 247
737 13 250
743 12 245
746 15 239
746 14 240
740 19 241
736 25 239
732 27 241
725 31 244
727 29 244
724 32 244
721 33 246
720 34 246
722 34 244
724 31 245
723 30 247
722 30 248
721 29 250
720 28 252
724 26 250
724 26 250
726 28 246
720 36 244
717 38 245
715 35 250
712 36 252
712 39 249
715 36 249
718 33 249
720 35 245
717 39 244
717 34 249
719 35 246
716 32 252
714 36 250
714 36 250
707 41 252
706 42 252
703 44 253
701 40 259
702 40 258
706 37 257
708 36 256
704 34 262
701 39 260
701 37 262
696 41 263
692 46 262
690 44 266
689 45 266
684 44 272
676 51 273
661 60 279
652 64 284
640 74 286
630 75 295
622 69 309
613 71 316
605 76 319
602 70 328
596 74 330
600 69 331
597 68 335
594 66 340
592 70 338
590 69 341
595 62 343
596 60 344
597 51 352
599 51 350
594 56 350
593 48 359
598 45 357
596 48 356
597 42 361
601 42 357
604 42 354
601 45 354
603 39 358
607 36 357
608 37 355
609 36 355
614 34 352
614 32 354
610 31 359
608 33 359
610 33 357
613 30 357
614 26 360
618 23 359
616 25 359
617 23 360
620 22 358
622 23 355
623 22 355
621 23 356
623 20 357
626 17 357
630 15 355
635 13 352
643 12 345
651 10 339
657 7 336
662 6 332
670 6 324
678 6 316
680 5 315
682 4 314
687 4 309
695 4 301
698 4 298
700 4 296
703 4 293
708 4 288
708 5 287
713 4 283
716 3 281
722 3 275
724 3 273
727 2 271
729 2 269
732 2 266
734 3 263
736 3 261
740 3 257
750 3 247
751 3 246
756 3 241
758 2 240
759 2 239
763 1 236
763 3 234
768 3 229
771 4 225
774 3 223
778 3 219
780 4 216
786 4 210
788 3 209
790 5 205
787 8 205
790 9 201
789 11 200
790 13 197
790 13 197
793 11 196
795 11 194
794 14 192
794 16 190
788 22 190
790 26 184
784 28 188
778 34 188
769 42 189
753 54 193
739 63 198
724 68 208
709 76 215
700 81 219
684 89 227
673 96 231
668 93 239
662 84 254
660 74 266
650 76 274
639 79 282
637 84 279
634 71 295
635 62 303
626 67 307
620 67 313
615 69 316
611 67 322
605 65 330
608 57 335
606 48 346
605 48 347
603 49 348
603 49 348
596 53 351
593 54 353
587 55 358
594 50 356
594 49 357
593 44 363
590 44 366
595 41 364
595 40 365
601 34 365
607 28 365
607 33 360
600 36 364
602 31 367
604 35 361
602 38 360
601 43 356
598 43 359
596 38 366
597 38 365
595 45 360
599 41 360
599 45 356
601 42 357
601 46 353
601 46 353
596 50 354
597 51 352
594 56 350
588 58 354
584 50 366
580 49 371
583 50 367
580 56 364
586 51 363
586 51 363
584 53 363
582 48 370
586 40 374
587 45 368
590 45 365
594 39 367
592 39 369
590 40 370
591 38 371
593 35 372
592 33 375
593 36 371
589 36 375
592 39 369
590 39 371
596 39 365
595 37 368
600 33 367
607 31 362
610 27 363
611 18 371
618 17 365
630 11 359
635 11 354
638 12 350
639 12 349
639 11 350
640 9 351
643 11 346
643 13 344
640 17 343
638 17 345
640 16 344
645 17 338
648 16 336
649 15 336
651 18 331
654 19 327
656 15 329
662 15 323
663 15 322
668 12 320
671 13 316
675 12 313
677 12 311
684 12 304
687 11 302
687 10 303
696 10 294
698 9 293
707 8 285
716 7 277
725 7 268
725 7 268
726 7 267
725 10 265
725 14 261
724 18 258
727 19 254
720 25 255
720 27 253
719 31 250
719 28 253
714 32 254
716 29 255
714 29 257
714 30 256
717 31 252
716 30 254
715 29 256
709 29 262
707 32 261
702 35 263
705 29 266
705 25 270
713 21 266
718 21 261
716 24 260
719 25 256
717 26 257
720 25 255
722 23 255
724 20 256
725 20 255
725 23 252
723 24 253
719 27 254
717 29 254
712 31 257
711 32 257
711 33 256
714 31 255
715 26 259
716 26 258
716 32 252
719 31 250
719 30 251
720 30 250
719 33 248
723 25 252
719 28 253
717 30 253
717 26 257
713 26 261
714 29 257
719 28 253
724 26 250
724 23 253
729 21 250
724 27 249
725 31 244
716 35 249
715 34 251
708 43 249
708 45 247
706 45 249
700 43 257
699 41 260
704 41 255
701 43 256
695 45 260
692 44 264
685 48 267
680 51 269
676 50 274
673 50 277
667 48 285
671 38 291
676 31 293
679 29 292
679 28 293
681 22 297
683 21 296
685 20 295
688 19 293
688 22 290
690 22 288
692 28 280
689 27 284
682 32 286
675 39 286
674 41 285
667 50 283
659 56 285
649 59 292
640 65 295
639 59 302
633 60 307
634 54 312
629 54 317
624 54 322
621 52 327
615 56 329
608 62 330
606 60 334
609 59 332
611 60 329
611 55 334
603 58 339
601 61 338
601 58 341
607 54 339
604 55 341
602 55 343
604 52 344
599 51 350
601 47 352
608 43 349
609 38 353
610 37 353
613 35 352
615 33 352
618 27 355
624 30 346
625 31 344
626 32 342
629 32 339
622 33 345
626 31 343
629 25 346
635 25 340
638 24 338
643 23 334
645 22 333
647 19 334
650 19 331
657 17 326
659 15 326
666 13 321
672 13 315
672 17 311
673 21 306
680 23 297
678 25 297
680 30 290
680 29 291
681 24 295
688 23 289
687 22 291
689 18 293
696 18 286
703 17 280
710 13 277
711 15 274
716 16 268
718 15 267
718 16 266
719 14 267
723 13 264
729 10 261
730 8 262
734 5 261
738 5 257
743 4 253
745 3 252
750 1 249
752 1 247
754 3 243
752 7 241
748 11 241
747 15 238
744 20 236
742 21 237
742 22 236
745 21 234
743 27 230
742 30 228
737 27 236
735 26 239
743 18 239
750 18 232
754 22 224
754 22 224
758 20 222
759 17 224
760 18 222
764 16 220
766 14 220
768 13 219
769 12 219
771 14 215
771 14 215
773 13 214
778 11 211
781 11 208
784 9 207
785 8 207
790 7 203
797 7 196
797 7 196
797 7 196
797 7 196
798 4 198
800 5 195
798 6 196
808 5 187
812 4 184
815 3 182
818 3 179
820 2 178
824 3 173
826 1 173
828 1 171
833 1 166
836 1 163
836 1 163
843 1 156
849 1 150
852 2 146
854 2 144
852 5 143
851 6 143
854 4 142
856 4 140
857 4 139
860 4 136
861 4 135
863 5 132
861 5 134
857 8 135
860 7 133
856 11 133
855 12 133
854 15 131
848 18 134
845 18 137
848 15 137
843 17 140
843 17 140
843 14 143
839 20 141
841 18 141
841 18 141
842 16 142
842 15 143
834 21 145
829 21 150
829 21 150
825 24 151
821 29 150
817 30 153
814 27 159
813 25 162
814 24 162
812 21 167
811 22 167
813 20 167
813 19 168
814 17 169
816 15 169
818 13 169
819 13 168
817 16 167
819 18 163
816 19 165
805 23 172
806 19 175
802 24 174
798 22 180
799 22 179
794 21 185
792 20 188
786 27 187
781 30 189
777 29 194
774 33 193
772 33 195
772 37 191
768 39 193
766 44 190
756 42 202
750 47 203
742 51 207
734 50 216
734 48 218
729 46 225
728 47 225
727 43 230
725 39 236
717 46 237
717 44 239
712 47 241
707 48 245
703 51 246
700 53 247
691 56 253
691 52 257
684 54 262
675 55 270
668 58 274
671 55 274
673 51 276
673 48 279
670 47 283
667 49 284
663 50 287
661 43 296
664 41 295
659 44 297
658 39 303
662 37 301
665 33 302
669 29 302
670 27 303
670 25 305
672 25 303
675 25 300
674 26 300
673 20 307
674 23 303
674 20 306
680 14 306
682 13 305
687 12 301
693 12 295
695 12 293
696 10 294
701 11 288
708 11 281
708 13 279
712 13 275
715 12 273
719 12 269
721 13 266
721 12 267
728 9 263
732 8 260
731 9 260
734 8 258
735 9 256
739 8 253
739 8 253
738 9 253
739 10 251
745 9 246
749 7 244
750 7 243
753 5 242
758 6 236
759 7 234
