995 5 0
995 2 3
995 2 3
995 2 3
993 3 4
991 4 5
989 5 6
982 12 6
981 13 6
977 17 6
972 20 8
964 24 12
955 27 18
953 24 23
945 31 24
939 27 34
934 29 37
922 35 43
911 44 45
892 62 46
867 74 59
833 95 72
808 102 90
789 110 101
776 107 117
765 110 125
750 106 144
737 107 156
727 100 173
716 104 180
710 98 192
695 102 203
685 105 210
680 102 218
662 111 227
645 115 240
628 120 252
612 119 269
594 118 288
582 116 302
569 117 314
557 121 322
553 111 336
543 107 350
530 105 365
531 93 376
525 92 383
519 96 385
516 91 393
513 83 404
512 75 413
507 69 424
508 60 432
509 52 439
517 44 439
526 43 431
525 43 432
522 44 434
527 46 427
519 45 436
514 51 435
510 57 433
510 56 434
509 51 440
514 49 437
520 42 438
524 38 438
529 34 437
536 28 436
536 27 437
543 27 430
548 23 429
553 19 428
553 16 431
553 18 429
563 17 420
573 18 409
579 21 400
582 18 400
586 14 400
588 17 395
588 16 396
592 19 389
595 20 385
600 20 380
609 16 375
608 18 374
611 18 371
613 17 370
618 18 364
620 16 364
624 16 360
633 15 352
639 15 346
640 16 344
637 18 345
633 22 345
635 16 349
636 17 347
642 18 340
642 19 339
643 23 334
643 22 335
648 17 335
652 18 330
651 21 328
652 23 325
653 20 327
655 20 325
660 19 321
667 15 318
670 14 316
675 13 312
678 11 311
684 11 305
684 12 304
688 9 303
694 10 296
701 9 290
704 8 288
711 6 283
717 6 277
722 7 271
726 9 265
729 7 264
735 8 257
738 7 255
741 7 252
745 6 249
748 4 248
752 4 244
753 5 242
754 6 240
750 11 239
750 11 239
753 10 237
753 7 240
755 6 239
756 8 236
759 6 235
763 4 233
765 4 231
768 3 229
773 4 223
777 5 218
780 5 215
783 5 212
787 5 208
791 6 203
791 8 201
797 9 194
799 8 193
800 8 192
798 11 191
799 12 189
796 15 189
796 14 190
785 24 191
781 25 194
775 33 192
772 34 194
771 39 190
763 41 196
764 37 199
754 42 204
751 42 207
749 46 205
746 45 209
743 48 209
732 56 212
719 65 216
713 69 218
703 68 229
704 66 230
695 65 240
686 72 242
671 89 240
659 92 249
643 97 260
630 100 270
612 106 282
592 108 300
579 117 304
572 120 308
559 120 321
558 114 328
553 112 335
548 104 348
540 99 361
537 89 374
534 87 379
532 77 391
532 71 397
535 67 398
538 65 397
536 55 409
541 51 408
543 44 413
543 39 418
543 38 419
545 35 420
546 31 423
547 34 419
549 30 421
553 30 417
558 24 418
564 22 414
567 18 415
567 18 415
577 15 408
587 16 397
595 13 392
599 13 388
610 10 380
617 9 374
624 12 364
631 12 357
638 10 352
642 8 350
644 8 348
650 7 343
654 8 338
654 7 339
656 9 335
657 14 329
658 13 329
656 16 328
660 15 325
653 25 322
652 32 316
654 26 320
654 27 319
653 30 317
653 33 314
657 31 312
659 31 310
651 41 308
646 42 312
643 39 318
645 39 316
649 38 313
653 39 308
648 39 313
641 46 313
630 52 318
624 57 319
616 63 321
610 70 320
595 76 329
586 81 333
581 83 336
581 71 348
571 76 353
562 79 359
555 77 368
554 68 378
549 70 381
545 74 381
543 72 385
541 73 386
538 75 387
536 70 394
542 59 399
544 58 398
545 60 395
547 55 398
543 55 402
545 57 398
542 57 401
540 58 402
540 53 407
541 51 408
544 47 409
548 42 410
550 41 409
548 39 413
555 36 409
563 32 405
569 27 404
572 28 400
577 23 400
580 22 398
585 22 393
587 18 395
584 22 394
592 19 389
595 20 385
598 23 379
604 22 374
607 18 375
612 19 369
619 16 365
618 17 365
623 17 360
624 18 358
624 17 359
627 18 355
631 18 351
642 18 340
644 16 340
645 16 339
652 16 332
658 17 325
659 18 323
662 21 317
662 23 315
668 20 312
669 19 312
673 18 309
676 17 307
679 18 303
679 12 309
680 14 306
685 13 302
688 13 299
689 15 296
692 19 289
692 16 292
693 15 292
695 15 290
696 14 290
701 11 288
703 9 288
705 9 286
713 9 278
715 10 275
716 12 272
714 14 272
713 17 270
714 20 266
711 23 266
711 22 267
712 18 270
715 17 268
718 18 264
723 17 260
725 19 256
725 20 255
723 22 255
723 26 251
722 25 253
720 26 254
714 33 253
700 46 254
692 50 258
686 53 261
682 56 262
674 60 266
673 57 270
665 59 276
655 65 280
655 56 289
647 60 293
639 64 297
641 60 299
638 62 300
629 63 308
627 63 310
625 59 316
619 59 322
608 70 322
608 69 323
602 69 329
597 66 337
596 62 342
596 58 346
598 56 346
594 56 350
602 55 343
595 60 345
597 56 347
600 47 353
598 44 358
594 47 359
597 46 357
595 45 360
590 48 362
583 49 368
582 47 371
580 53 367
580 55 365
581 51 368
578 52 370
583 53 364
582 54 364
585 47 368
587 44 369
593 46 361
588 51 361
588 51 361
580 54 366
574 57 369
579 52 369
581 43 376
582 42 376
587 37 376
588 30 382
588 33 379
596 35 369
603 32 365
606 31 363
613 31 356
616 27 357
620 24 356
619 20 361
625 17 358
623 19 358
628 16 356
635 13 352
644 11 345
647 10 343
652 10 338
654 9 337
659 8 333
665 7 328
674 6 320
677 6 317
684 6 310
688 7 305
688 8 304
690 9 301
691 10 299
695 9 296
699 10 291
700 9 291
699 11 290
700 13 287
705 15 280
705 18 277
706 18 276
703 20 277
706 17 277
706 18 276
713 20 267
713 21 266
708 22 270
709 22 269
710 24 266
707 27 266
704 25 271
701 31 268
697 32 271
691 31 278
695 27 278
695 25 280
700 21 279
699 20 281
696 19 285
701 21 278
707 18 275
705 20 275
703 22 275
705 24 271
709 25 266
708 24 268
712 22 266
717 18 265
720 17 263
722 18 260
725 17 258
721 23 256
714 30 256
717 30 253
710 35 255
706 37 257
705 40 255
703 39 258
702 37 261
699 40 261
690 46 264
683 49 268
679 45 276
679 47 274
670 50 280
673 47 280
666 47 287
658 49 293
660 50 290
657 43 300
660 42 298
660 41 299
653 47 300
645 48 307
638 52 310
639 47 314
640 43 317
641 50 309
646 46 308
649 43 308
658 41 301
659 39 302
655 34 311
655 35 310
657 36 307
662 37 301
660 40 300
656 42 302
646 46 308
646 46 308
645 46 309
642 45 313
645 46 309
644 44 312
646 40 314
651 40 309
647 42 311
650 39 311
651 38 311
655 34 311
659 30 311
658 27 315
662 27 311
670 24 306
671 24 305
680 22 298
683 19 298
682 21 297
685 20 295
686 21 293
684 22 294
688 23 289
687 28 285
685 27 288
686 21 293
686 22 292
689 21 290
693 20 287
698 18 284
705 21 274
701 23 276
702 28 270
707 29 264
698 34 268
696 38 266
692 41 267
686 46 268
678 51 271
676 45 279
665 50 285
654 52 294
646 60 294
636 61 303
628 66 306
617 73 310
604 81 315
597 86 317
578 93 329
572 91 337
568 90 342
555 97 348
540 106 354
529 102 369
527 99 374
527 87 386
519 79 402
507 84 409
508 82 410
511 69 420
517 60 423
512 67 421
519 60 421
524 56 420
522 53 425
523 55 422
528 46 426
535 41 424
538 44 418
538 43 419
545 40 415
548 37 415
543 39 418
547 34 419
547 35 418
546 35 419
554 27 419
560 22 418
566 23 411
564 22 414
570 15 415
572 16 412
576 12 412
575 18 407
581 16 403
588 14 398
589 16 395
592 14 394
595 10 395
597 9 394
601 10 389
606 8 386
613 7 380
618 5 377
623 4 373
629 3 368
632 1 367
638 0 362
644 1 355
648 2 350
652 1 347
657 0 343
661 0 339
662 0 338
669 0 331
674 0 326
680 0 320
686 0 314
693 0 307
696 0 304
700 0 300
708 0 292
714 0 286
715 0 285
721 0 279
724 0 276
727 0 273
733 0 267
736 0 264
742 0 258
753 0 247
756 0 244
758 0 242
761 0 239
763 0 237
770 0 230
770 3 227
772 2 226
773 1 226
777 1 222
778 1 221
783 0 217
786 0 214
790 0 210
788 4 208
796 4 200
797 4 199
800 3 197
803 3 194
806 2 192
809 2 189
809 3 188
815 3 182
816 4 180
815 3 182
815 3 182
816 5 179
818 6 176
817 8 175
819 9 172
816 11 173
816 11 173
815 13 172
809 20 171
805 21 174
804 20 176
802 21 177
801 24 175
794 30 176
790 33 177
784 35 181
771 42 187
764 46 190
744 62 194
735 63 202
732 59 209
723 60 217
721 58 221
713 58 229
704 59 237
701 58 241
703 53 244
701 46 253
696 48 256
698 47 255
701 42 257
701 36 263
707 35 258
710 29 261
704 29 267
706 27 267
707 29 264
702 33 265
706 32 262
705 32 263
706 28 266
712 25 263
714 23 263
716 23 261
720 21 259
722 18 260
725 16 259
728 16 256
723 23 254
720 26 254
719 32 249
722 33 245
721 32 247
718 39 243
717 37 246
715 36 249
710 38 252
708 34 258
704 35 261
705 31 264
705 33 262
698 37 265
700 32 268
699 33 268
696 36 268
691 37 272
693 34 273
696 32 272
693 37 270
696 30 274
698 28 274
698 25 277
697 26 277
694 28 278
693 31 276
689 30 281
695 28 277
695 27 278
694 28 278
692 34 274
696 30 274
697 28 275
698 24 278
700 21 279
708 15 277
712 11 277
717 10 273
726 10 264
731 9 260
735 8 257
738 9 253
741 9 250
743 10 247
750 10 240
753 9 238
757 8 235
757 12 231
759 13 228
760 12 228
765 10 225
768 8 224
773 8 219
774 6 220
777 6 217
779 7 214
784 9 207
784 9 207
785 7 208
787 7 206
789 6 205
791 6 203
794 4 202
800 4 196
802 3 195
805 3 192
805 3 192
807 2 191
813 1 186
815 0 185
816 0 184
819 0 181
820 0 180
820 0 180
821 0 179
825 0 175
827 0 173
829 0 171
829 0 171
830 0 170
832 0 168
835 0 165
837 0 163
840 0 160
841 0 159
846 0 154
848 0 152
851 0 149
853 0 147
857 0 143
858 0 142
860 0 140
864 0 136
865 0 135
866 0 134
869 0 131
871 0 129
871 0 129
871 0 129
872 0 128
874 0 126
878 0 122
878 0 122
882 0 118
883 0 117
883 0 117
885 0 115
887 0 113
890 0 110
891 0 109
892 0 108
896 0 104
899 0 101
900 0 100
900 0 100
902 0 98
902 0 98
904 0 96
905 0 95
905 0 95
905 0 95
905 0 95
906 0 94
908 0 92
909 0 91
912 0 88
912 0 88
913 0 87
917 0 83
919 0 81
922 0 78
924 0 76
925 0 75
927 0 73
928 0 72
928 0 72
929 0 71
931 0 69
933 0 67
933 0 67
934 0 66
934 0 66
935 0 65
936 0 64
939 0 61
940 0 60
940 0 60
941 0 59
943 0 57
946 0 54
947 0 53
947 0 53
947 0 53
948 0 52
948 0 52
948 0 52
949 0 51
950 0 50
951 0 49
953 0 47
954 0 46
956 0 44
957 0 43
958 0 42
958 0 42
958 0 42
958 0 42
958 0 42
962 0 38
963 0 37
964 0 36
966 0 34
966 0 34
967 0 33
967 0 33
967 0 33
967 0 33
967 0 33
967 0 33
967 0 33
967 0 33
968 0 32
969 0 31
969 0 31
969 0 31
969 0 31
970 0 30
970 0 30
970 0 30
970 0 30
970 0 30
972 0 28
972 0 28
974 0 26
976 0 24
976 0 24
976 0 24
977 0 23
977 0 23
977 0 23
978 0 22
978 0 22
979 0 21
979 0 21
979 0 21
979 0 21
980 0 20
980 0 20
981 0 19
981 0 19
981 0 19
982 0 18
983 0 17
983 0 17
983 0 17
983 0 17
983 0 17
983 0 17
984 0 16
984 0 16
984 0 16
984 0 16
984 0 16
984 0 16
984 0 16
984 0 16
985 0 15
985 0 15
985 0 15
986 0 14
986 0 14
987 0 13
987 0 13
987 0 13
987 0 13
988 0 12
988 0 12
988 0 12
989 0 11
989 0 11
989 0 11
989 0 11
989 0 11
989 0 11
990 0 10
990 0 10
990 0 10
990 0 10
990 0 10
990 0 10
990 0 10
990 0 10
990 0 10
990 0 10
990 0 10
990 0 10
990 0 10
991 0 9
991 0 9
991 0 9
991 0 9
991 0 9
991 0 9
991 0 9
991 0 9
991 0 9
991 0 9
991 0 9
991 0 9
991 0 9
991 0 9
991 0 9
991 0 9
991 0 9
991 0 9
991 0 9
991 0 9
991 0 9
992 0 8
992 0 8
992 0 8
993 0 7
993 0 7
993 0 7
993 0 7
993 0 7
993 0 7
993 0 7
993 0 7
993 0 7
993 0 7
993 0 7
993 0 7
993 0 7
993 0 7
993 0 7
993 0 7
993 0 7
993 0 7
993 0 7
993 0 7
993 0 7
994 0 6
994 0 6
994 0 6
994 0 6
994 0 6
994 0 6
994 0 6
