995 5 0
994 5 1
990 7 3
987 9 4
980 14 6
976 16 8
967 24 9
954 32 14
942 39 19
923 58 19
902 69 29
870 85 45
839 108 53
805 127 68
761 151 88
730 166 104
699 170 131
671 174 155
638 190 172
617 191 192
596 194 210
578 185 237
560 172 268
536 169 295
522 165 313
502 166 332
490 150 360
484 129 387
479 119 402
473 110 417
470 105 425
464 100 436
465 91 444
469 85 446
470 74 456
476 62 462
482 50 468
488 49 463
491 47 462
494 43 463
495 41 464
499 38 463
500 35 465
509 28 463
513 27 460
525 27 448
529 23 448
531 19 450
533 19 448
540 17 443
543 17 440
549 16 435
558 13 429
559 12 429
568 9 423
571 10 419
573 11 416
578 9 413
585 7 408
589 8 403
596 7 397
602 7 391
608 7 385
612 7 381
611 9 380
619 11 370
627 9 364
634 9 357
640 7 353
647 6 347
650 7 343
652 6 342
658 6 336
659 6 335
666 6 328
669 5 326
673 5 322
676 6 318
684 6 310
685 7 308
689 9 302
693 9 298
695 12 293
706 13 281
706 14 280
710 13 277
713 13 274
715 13 272
714 13 273
712 16 272
714 17 269
716 17 267
714 20 266
716 17 267
721 16 263
718 16 266
722 18 260
721 25 254
714 27 259
708 35 257
708 37 255
706 36 258
706 36 258
701 37 262
694 43 263
691 44 265
689 44 267
686 43 271
686 44 270
684 47 269
682 45 273
677 43 280
675 38 287
675 38 287
673 39 288
679 37 284
678 34 288
672 35 293
671 35 294
669 32 299
662 35 303
653 36 311
648 39 313
644 39 317
641 41 318
642 37 321
644 35 321
646 38 316
647 37 316
643 37 320
640 37 323
640 37 323
639 33 328
640 33 327
642 28 330
643 26 331
641 30 329
642 31 327
642 29 329
641 25 334
645 27 328
652 29 319
645 33 322
639 41 320
627 46 327
625 46 329
623 43 334
619 45 336
620 42 338
621 41 338
620 43 337
621 44 335
625 37 338
626 34 340
624 31 345
623 35 342
624 34 342
625 31 344
628 30 342
633 28 339
632 25 343
633 25 342
634 22 344
638 24 338
642 22 336
641 22 337
649 15 336
655 13 332
657 13 330
659 11 330
660 11 329
666 9 325
671 8 321
677 7 316
683 7 310
690 6 304
694 5 301
701 4 295
703 3 294
707 3 290
710 3 287
715 2 283
718 2 280
721 2 277
728 0 272
734 0 266
739 0 261
744 0 256
749 0 251
751 0 249
753 0 247
756 0 244
761 0 239
763 0 237
768 0 232
770 0 230
772 0 228
777 0 223
784 0 216
789 0 211
795 0 205
799 0 201
803 0 197
807 0 193
810 0 190
812 0 188
819 0 181
822 0 178
826 0 174
829 0 171
832 0 168
837 0 163
842 0 158
844 0 156
849 0 151
852 0 148
854 0 146
856 0 144
856 0 144
858 0 142
862 0 138
862 0 138
865 0 135
866 0 134
867 0 133
867 0 133
868 0 132
869 0 131
872 0 128
874 0 126
876 0 124
879 0 121
880 0 120
881 0 119
885 0 115
888 0 112
890 0 110
892 0 108
893 0 107
894 0 106
897 0 103
897 0 103
897 0 103
898 0 102
901 0 99
904 0 96
904 0 96
907 0 93
908 0 92
908 0 92
910 0 90
913 0 87
915 0 85
917 0 83
918 0 82
920 0 80
920 0 80
921 0 79
921 0 79
921 0 79
921 0 79
923 0 77
923 0 77
923 0 77
923 0 77
926 0 74
928 0 72
928 0 72
929 0 71
930 0 70
933 0 67
933 0 67
935 0 65
937 0 63
939 0 61
939 0 61
941 0 59
943 0 57
944 0 56
944 0 56
944 0 56
946 0 54
947 0 53
949 0 51
950 0 50
951 0 49
953 0 47
953 0 47
953 0 47
953 0 47
953 0 47
953 0 47
953 0 47
954 0 46
955 0 45
958 0 42
958 0 42
958 0 42
960 0 40
960 0 40
961 0 39
961 0 39
962 0 38
963 0 37
963 0 37
964 0 36
964 0 36
964 0 36
964 0 36
964 0 36
965 0 35
966 0 34
966 0 34
967 0 33
968 0 32
969 0 31
969 0 31
969 0 31
969 0 31
970 0 30
970 0 30
971 0 29
971 0 29
971 0 29
971 0 29
973 0 27
973 0 27
975 0 25
976 0 24
976 0 24
977 0 23
977 0 23
977 0 23
977 0 23
977 0 23
977 0 23
977 0 23
977 0 23
977 0 23
977 0 23
979 0 21
979 0 21
979 0 21
980 0 20
980 0 20
980 0 20
980 0 20
980 0 20
980 0 20
981 0 19
981 0 19
981 0 19
981 0 19
981 0 19
981 0 19
981 0 19
981 0 19
981 0 19
981 0 19
982 0 18
982 0 18
982 0 18
984 0 16
984 0 16
984 0 16
984 0 16
985 0 15
986 0 14
986 0 14
986 0 14
986 0 14
987 0 13
988 0 12
988 0 12
989 0 11
989 0 11
989 0 11
990 0 10
990 0 10
990 0 10
992 0 8
992 0 8
992 0 8
992 0 8
992 0 8
992 0 8
992 0 8
992 0 8
992 0 8
992 0 8
992 0 8
992 0 8
992 0 8
993 0 7
993 0 7
993 0 7
994 0 6
994 0 6
994 0 6
994 0 6
994 0 6
994 0 6
994 0 6
994 0 6
994 0 6
995 0 5
996 0 4
996 0 4
996 0 4
996 0 4
996 0 4
996 0 4
996 0 4
996 0 4
996 0 4
996 0 4
996 0 4
996 0 4
996 0 4
996 0 4
996 0 4
996 0 4
996 0 4
996 0 4
996 0 4
996 0 4
996 0 4
997 0 3
997 0 3
997 0 3
997 0 3
997 0 3
998 0 2
998 0 2
998 0 2
998 0 2
998 0 2
998 0 2
998 0 2
998 0 2
998 0 2
998 0 2
998 0 2
998 0 2
998 0 2
998 0 2
998 0 2
998 0 2
998 0 2
998 0 2
998 0 2
998 0 2
998 0 2
998 0 2
998 0 2
998 0 2
998 0 2
998 0 2
998 0 2
999 0 1
999 0 1
999 0 1
999 0 1
999 0 1
999 0 1
999 0 1
999 0 1
999 0 1
999 0 1
999 0 1
999 0 1
999 0 1
999 0 1
999 0 1
999 0 1
999 0 1
999 0 1
999 0 1
999 0 1
999 0 1
999 0 1
999 0 1
999 0 1
999 0 1
999 0 1
999 0 1
999 0 1
999 0 1
999 0 1
999 0 1
999 0 1
999 0 1
999 0 1
999 0 1
999 0 1
999 0 1
999 0 1
999 0 1
999 0 1
999 0 1
1000 0 0
1000 0 0
1000 0 0
1000 0 0
1000 0 0
1000 0 0
1000 0 0
1000 0 0
1000 0 0
1000 0 0
1000 0 0
1000 0 0
1000 0 0
1000 0 0
1000 0 0
1000 0 0
1000 0 0
1000 0 0
1000 0 0
1000 0 0
1000 0 0
1000 0 0
1000 0 0
1000 0 0
1000 0 0
1000 0 0
1000 0 0
1000 0 0
1000 0 0
1000 0 0
1000 0 0
1000 0 0
1000 0 0
1000 0 0
1000 0 0
1000 0 0
1000 0 0
1000 0 0
1000 0 0
1000 0 0
1000 0 0
1000 0 0
1000 0 0
1000 0 0
1000 0 0
1000 0 0
1000 0 0
1000 0 0
1000 0 0
1000 0 0
1000 0 0
1000 0 0
1000 0 0
1000 0 0
1000 0 0
1000 0 0
1000 0 0
1000 0 0
1000 0 0
1000 0 0
1000 0 0
1000 0 0
1000 0 0
1000 0 0
1000 0 0
1000 0 0
1000 0 0
1000 0 0
1000 0 0
1000 0 0
1000 0 0
1000 0 0
1000 0 0
1000 0 0
1000 0 0
1000 0 0
1000 0 0
1000 0 0
1000 0 0
1000 0 0
1000 0 0
1000 0 0
1000 0 0
1000 0 0
1000 0 0
1000 0 0
1000 0 0
1000 0 0
1000 0 0
1000 0 0
1000 0 0
1000 0 0
1000 0 0
1000 0 0
1000 0 0
1000 0 0
1000 0 0
1000 0 0
1000 0 0
1000 0 0
1000 0 0
1000 0 0
1000 0 0
1000 0 0
1000 0 0
1000 0 0
1000 0 0
1000 0 0
1000 0 0
1000 0 0
1000 0 0
1000 0 0
1000 0 0
1000 0 0
1000 0 0
1000 0 0
1000 0 0
1000 0 0
1000 0 0
1000 0 0
1000 0 0
1000 0 0
1000 0 0
1000 0 0
1000 0 0
1000 0 0
1000 0 0
1000 0 0
1000 0 0
1000 0 0
1000 0 0
1000 0 0
1000 0 0
1000 0 0
1000 0 0
1000 0 0
1000 0 0
1000 0 0
1000 0 0
1000 0 0
1000 0 0
1000 0 0
1000 0 0
1000 0 0
1000 0 0
1000 0 0
1000 0 0
1000 0 0
1000 0 0
1000 0 0
1000 0 0
1000 0 0
1000 0 0
1000 0 0
1000 0 0
1000 0 0
1000 0 0
1000 0 0
1000 0 0
1000 0 0
1000 0 0
1000 0 0
1000 0 0
1000 0 0
1000 0 0
1000 0 0
1000 0 0
1000 0 0
1000 0 0
1000 0 0
1000 0 0
1000 0 0
1000 0 0
1000 0 0
1000 0 0
1000 0 0
1000 0 0
1000 0 0
1000 0 0
1000 0 0
1000 0 0
1000 0 0
1000 0 0
1000 0 0
1000 0 0
1000 0 0
1000 0 0
1000 0 0
1000 0 0
1000 0 0
1000 0 0
1000 0 0
1000 0 0
1000 0 0
1000 0 0
1000 0 0
1000 0 0
1000 0 0
1000 0 0
1000 0 0
1000 0 0
1000 0 0
1000 0 0
1000 0 0
1000 0 0
1000 0 0
1000 0 0
1000 0 0
1000 0 0
1000 0 0
1000 0 0
1000 0 0
1000 0 0
1000 0 0
1000 0 0
1000 0 0
1000 0 0
1000 0 0
1000 0 0
1000 0 0
1000 0 0
1000 0 0
1000 0 0
1000 0 0
1000 0 0
1000 0 0
1000 0 0
1000 0 0
1000 0 0
1000 0 0
1000 0 0
1000 0 0
1000 0 0
1000 0 0
1000 0 0
1000 0 0
1000 0 0
1000 0 0
1000 0 0
1000 0 0
1000 0 0
1000 0 0
1000 0 0
1000 0 0
1000 0 0
1000 0 0
1000 0 0
1000 0 0
1000 0 0
1000 0 0
1000 0 0
1000 0 0
1000 0 0
1000 0 0
1000 0 0
1000 0 0
1000 0 0
1000 0 0
1000 0 0
1000 0 0
1000 0 0
1000 0 0
1000 0 0
1000 0 0
1000 0 0
1000 0 0
1000 0 0
1000 0 0
1000 0 0
1000 0 0
1000 0 0
1000 0 0
1000 0 0
1000 0 0
1000 0 0
1000 0 0
1000 0 0
1000 0 0
1000 0 0
1000 0 0
1000 0 0
1000 0 0
1000 0 0
1000 0 0
1000 0 0
1000 0 0
1000 0 0
1000 0 0
1000 0 0
1000 0 0
1000 0 0
1000 0 0
1000 0 0
1000 0 0
1000 0 0
1000 0 0
1000 0 0
1000 0 0
1000 0 0
1000 0 0
1000 0 0
1000 0 0
1000 0 0
1000 0 0
1000 0 0
1000 0 0
1000 0 0
1000 0 0
1000 0 0
1000 0 0
1000 0 0
1000 0 0
1000 0 0
1000 0 0
1000 0 0
1000 0 0
1000 0 0
1000 0 0
1000 0 0
1000 0 0
1000 0 0
1000 0 0
1000 0 0
1000 0 0
1000 0 0
1000 0 0
1000 0 0
1000 0 0
1000 0 0
1000 0 0
1000 0 0
1000 0 0
1000 0 0
1000 0 0
1000 0 0
1000 0 0
1000 0 0
1000 0 0
1000 0 0
1000 0 0
1000 0 0
1000 0 0
1000 0 0
1000 0 0
1000 0 0
1000 0 0
1000 0 0
1000 0 0
1000 0 0
1000 0 0
1000 0 0
1000 0 0
1000 0 0
1000 0 0
1000 0 0
1000 0 0
1000 0 0
1000 0 0
1000 0 0
1000 0 0
1000 0 0
1000 0 0
1000 0 0
1000 0 0
1000 0 0
1000 0 0
1000 0 0
1000 0 0
1000 0 0
1000 0 0
1000 0 0
1000 0 0
1000 0 0
1000 0 0
1000 0 0
1000 0 0
1000 0 0
1000 0 0
1000 0 0
1000 0 0
1000 0 0
1000 0 0
1000 0 0
1000 0 0
1000 0 0
1000 0 0
1000 0 0
1000 0 0
1000 0 0
1000 0 0
1000 0 0
1000 0 0
1000 0 0
1000 0 0
1000 0 0
1000 0 0
1000 0 0
1000 0 0
1000 0 0
1000 0 0
1000 0 0
1000 0 0
1000 0 0
1000 0 0
1000 0 0
1000 0 0
1000 0 0
1000 0 0
1000 0 0
1000 0 0
1000 0 0
1000 0 0
1000 0 0
1000 0 0
1000 0 0
1000 0 0
1000 0 0
1000 0 0
1000 0 0
1000 0 0
1000 0 0
1000 0 0
1000 0 0
1000 0 0
1000 0 0
1000 0 0
1000 0 0
1000 0 0
1000 0 0
1000 0 0
1000 0 0
1000 0 0
1000 0 0
1000 0 0
1000 0 0
1000 0 0
1000 0 0
1000 0 0
1000 0 0
1000 0 0
1000 0 0
1000 0 0
1000 0 0
1000 0 0
1000 0 0
1000 0 0
1000 0 0
1000 0 0
1000 0 0
1000 0 0
1000 0 0
1000 0 0
1000 0 0
1000 0 0
1000 0 0
1000 0 0
1000 0 0
1000 0 0
1000 0 0
1000 0 0
1000 0 0
1000 0 0
1000 0 0
1000 0 0
1000 0 0
1000 0 0
1000 0 0
1000 0 0
1000 0 0
1000 0 0
1000 0 0
1000 0 0
1000 0 0
1000 0 0
1000 0 0
1000 0 0
1000 0 0
1000 0 0
1000 0 0
1000 0 0
1000 0 0
1000 0 0
1000 0 0
1000 0 0
1000 0 0
1000 0 0
1000 0 0
1000 0 0
1000 0 0
1000 0 0
1000 0 0
1000 0 0
1000 0 0
1000 0 0
1000 0 0
1000 0 0
1000 0 0
1000 0 0
1000 0 0
1000 0 0
1000 0 0
