995 5 0
995 3 2
994 4 2
990 9 1
984 15 1
978 20 2
968 28 4
951 38 11
927 57 16
895 77 28
865 98 37
839 105 56
822 104 74
794 122 84
770 123 107
751 127 122
732 122 146
713 128 159
691 137 172
668 141 191
654 134 212
641 135 224
623 129 248
614 120 266
606 118 276
590 119 291
580 116 304
567 121 312
557 111 332
551 105 344
544 94 362
541 89 370
536 93 371
537 89 374
541 80 379
537 83 380
537 82 381
534 77 389
533 73 394
527 72 401
528 66 406
533 62 405
535 57 408
534 58 408
530 63 407
530 64 406
527 63 410
526 61 413
524 60 416
531 50 419
534 48 418
541 43 416
540 42 418
535 45 420
539 44 417
535 48 417
538 43 419
547 33 420
551 34 415
558 32 410
563 28 409
569 27 404
575 27 398
582 30 388
583 27 390
578 31 391
576 29 395
578 25 397
577 25 398
583 26 391
585 26 389
584 26 390
586 24 390
593 22 385
598 20 382
606 18 376
607 20 373
606 21 373
609 20 371
610 21 369
615 20 365
622 20 358
626 21 353
637 18 345
646 18 336
646 19 335
648 18 334
651 18 331
660 17 323
662 18 320
662 18 320
660 18 322
665 16 319
659 19 322
660 21 319
657 24 319
663 23 314
670 20 310
673 20 307
677 21 302
678 25 297
679 25 296
682 22 296
685 22 293
690 23 287
691 19 290
689 19 292
695 18 287
699 18 283
704 16 280
704 16 280
705 16 279
711 15 274
717 14 269
721 15 264
726 14 260
726 15 259
729 14 257
729 13 258
734 10 256
741 10 249
742 8 250
746 8 246
749 9 242
754 7 239
756 9 235
761 8 231
764 8 228
767 7 226
774 7 219
778 6 216
782 4 214
785 2 213
787 1 212
790 1 209
792 0 208
794 0 206
794 0 206
796 0 204
800 0 200
804 0 196
804 1 195
808 1 191
809 1 190
810 3 187
810 5 185
813 3 184
819 2 179
822 2 176
823 2 175
829 0 171
832 0 168
834 0 166
836 1 163
836 1 163
838 1 161
842 0 158
842 0 158
845 0 155
849 0 151
851 0 149
853 0 147
854 0 146
856 0 144
859 0 141
860 0 140
863 0 137
865 0 135
869 0 131
872 0 128
875 0 125
875 0 125
877 0 123
882 0 118
884 0 116
885 0 115
886 0 114
890 0 110
890 3 107
891 3 106
893 2 105
894 2 104
894 2 104
895 1 104
896 1 103
897 1 102
897 2 101
902 2 96
901 3 96
903 2 95
905 2 93
907 2 91
908 2 90
909 2 89
911 2 87
914 2 84
918 2 80
917 3 80
918 3 79
922 3 75
922 2 76
922 3 75
921 3 76
924 2 74
925 3 72
920 9 71
913 18 69
901 27 72
893 31 76
877 46 77
860 56 84
847 66 87
834 74 92
829 72 99
815 68 117
808 69 123
792 74 134
780 74 146
770 75 155
754 81 165
749 78 173
737 85 178
731 84 185
723 79 198
716 74 210
713 69 218
712 63 225
709 62 229
706 61 233
696 61 243
689 67 244
685 66 249
682 63 255
677 62 261
669 60 271
663 56 281
655 64 281
651 62 287
644 70 286
645 58 297
639 56 305
638 58 304
633 52 315
626 48 326
625 40 335
623 46 331
615 51 334
612 50 338
608 51 341
614 50 336
608 51 341
603 49 348
600 46 354
597 43 360
597 43 360
597 41 362
593 43 364
598 40 362
597 36 367
598 40 362
596 38 366
601 39 360
603 37 360
606 35 359
612 36 352
613 34 353
612 35 353
613 32 355
611 29 360
609 32 359
614 32 354
622 29 349
622 29 349
622 33 345
620 34 346
622 36 342
627 33 340
630 33 337
635 32 333
634 31 335
636 28 336
636 25 339
638 29 333
642 25 333
642 23 335
646 21 333
652 19 329
655 17 328
664 16 320
666 12 322
670 12 318
677 12 311
685 13 302
686 8 306
695 6 299
697 7 296
697 9 294
702 9 289
708 12 280
713 10 277
711 13 276
716 11 273
720 11 269
724 8 268
728 7 265
728 9 263
735 9 256
741 9 250
744 8 248
749 6 245
747 7 246
747 7 246
752 7 241
754 7 239
753 8 239
754 10 236
753 17 230
753 20 227
755 21 224
751 27 222
743 35 222
725 49 226
721 45 234
716 48 236
718 43 239
716 46 238
713 44 243
712 45 243
708 45 247
700 52 248
696 53 251
690 54 256
687 48 265
683 51 266
680 53 267
680 52 268
673 56 271
670 52 278
670 49 281
664 54 282
665 45 290
665 43 292
663 42 295
662 42 296
662 41 297
663 39 298
667 35 298
667 32 301
665 32 303
662 27 311
668 26 306
663 34 303
667 30 303
669 30 301
668 37 295
668 32 300
668 36 296
672 33 295
674 31 295
680 30 290
681 31 288
682 30 288
683 31 286
683 28 289
678 36 286
674 40 286
671 41 288
671 38 291
672 33 295
671 31 298
669 30 301
656 38 306
656 35 309
651 39 310
649 42 309
648 36 316
647 38 315
643 35 322
636 41 323
639 37 324
640 35 325
641 31 328
643 31 326
644 30 326
648 24 328
647 26 327
648 29 323
648 25 327
648 27 325
645 31 324
642 35 323
638 37 325
632 40 328
630 38 332
633 40 327
635 38 327
633 38 329
632 34 334
638 34 328
639 39 322
640 35 325
638 36 326
637 33 330
637 34 329
632 37 331
630 35 335
634 33 333
638 32 330
640 27 333
643 25 332
644 25 331
648 24 328
651 23 326
653 19 328
658 15 327
661 11 328
668 11 321
670 12 318
670 13 317
673 13 314
672 15 313
676 15 309
674 13 313
673 12 315
674 17 309
670 22 308
671 24 305
667 26 307
660 30 310
653 35 312
647 36 317
652 31 317
654 30 316
660 24 316
662 25 313
664 27 309
662 27 311
669 25 306
674 23 303
673 25 302
674 24 302
670 28 302
672 27 301
668 30 302
667 34 299
663 38 299
667 40 293
668 38 294
671 41 288
670 40 290
674 41 285
664 52 284
661 56 283
655 60 285
648 63 289
640 69 291
623 79 298
614 82 304
611 78 311
600 83 317
590 89 321
586 84 330
581 78 341
576 72 352
579 71 350
576 75 349
580 65 355
578 64 358
582 60 358
589 54 357
586 54 360
592 53 355
589 50 361
581 49 370
585 40 375
585 43 372
587 42 371
588 37 375
591 31 378
594 30 376
595 33 372
597 31 372
596 35 369
597 38 365
602 37 361
607 37 356
609 35 356
611 30 359
616 28 356
619 27 354
619 28 353
625 29 346
624 32 344
626 31 343
624 37 339
625 31 344
627 27 346
631 26 343
628 34 338
626 33 341
621 34 345
621 40 339
619 41 340
618 38 344
614 44 342
614 43 343
613 44 343
615 42 343
614 45 341
614 41 345
611 44 345
610 44 346
608 41 351
607 42 351
610 40 350
608 41 351
612 38 350
617 32 351
615 34 351
615 33 352
617 35 348
620 33 347
623 30 347
625 28 347
630 26 344
638 22 340
644 19 337
648 19 333
649 21 330
649 20 331
656 17 327
656 20 324
657 18 325
663 17 320
661 20 319
665 20 315
666 16 318
669 18 313
670 17 313
670 14 316
674 11 315
677 10 313
682 9 309
682 10 308
682 11 307
685 11 304
689 10 301
692 11 297
696 10 294
698 9 293
702 10 288
708 11 281
710 9 281
712 8 280
711 10 279
710 13 277
714 10 276
713 14 273
718 12 270
721 16 263
721 14 265
724 12 264
726 11 263
732 8 260
736 8 256
739 9 252
738 12 250
741 13 246
744 11 245
748 13 239
749 12 239
748 15 237
746 16 238
749 18 233
747 23 230
742 28 230
739 33 228
734 36 230
732 36 232
731 36 233
733 32 235
738 30 232
738 24 238
734 28 238
734 21 245
739 19 242
743 15 242
750 13 237
752 13 235
754 15 231
754 17 229
759 14 227
764 12 224
761 15 224
762 14 224
763 12 225
768 10 222
772 10 218
773 11 216
775 12 213
773 14 213
773 18 209
773 18 209
770 21 209
770 24 206
766 29 205
761 34 205
753 36 211
753 36 211
755 36 209
757 37 206
754 36 210
751 40 209
747 42 211
745 42 213
738 45 217
736 44 220
727 46 227
714 59 227
703 63 234
703 63 234
697 62 241
695 60 245
692 58 250
687 53 260
684 50 266
682 47 271
678 46 276
678 44 278
681 40 279
675 44 281
676 39 285
679 37 284
678 35 287
677 34 289
676 32 292
672 34 294
674 35 291
675 34 291
679 30 291
682 28 290
682 25 293
685 26 289
685 25 290
689 22 289
688 20 292
695 17 288
693 16 291
696 20 284
694 22 284
695 18 287
696 18 286
700 18 282
702 17 281
710 13 277
713 11 276
720 9 271
722 9 269
729 9 262
732 10 258
738 8 254
741 7 252
744 9 247
746 7 247
748 5 247
751 5 244
754 6 240
754 7 239
757 6 237
760 6 234
761 7 232
761 7 232
764 6 230
766 7 227
768 8 224
770 9 221
770 11 219
772 11 217
770 18 212
765 21 214
763 28 209
749 41 210
742 41 217
739 48 213
728 60 212
719 62 219
712 67 221
706 67 227
698 64 238
694 64 242
689 58 253
681 58 261
677 66 257
663 65 272
658 68 274
654 67 279
657 65 278
654 63 283
650 59 291
654 50 296
657 47 296
662 45 293
666 40 294
669 35 296
671 28 301
674 26 300
680 25 295
682 26 292
687 25 288
686 26 288
686 25 289
689 25 286
693 21 286
695 20 285
693 18 289
696 14 290
700 14 286
703 16 281
702 18 280
702 15 283
706 14 280
711 15 274
711 18 271
714 22 264
717 20 263
719 19 262
720 19 261
726 16 258
727 18 255
731 16 253
731 15 254
735 12 253
740 13 247
741 14 245
747 10 243
747 14 239
747 13 240
747 15 238
747 16 237
749 13 238
751 10 239
753 5 242
754 6 240
754 9 237
749 15 236
751 12 237
748 16 236
739 27 234
739 30 231
739 30 231
733 35 232
727 34 239
720 39 241
713 44 243
704 48 248
703 50 247
710 48 242
711 44 245
710 45 245
704 47 249
700 40 260
701 37 262
694 40 266
690 46 264
683 48 269
683 43 274
682 41 277
680 31 289
682 32 286
682 33 285
681 35 284
680 33 287
676 33 291
674 33 293
679 26 295
681 25 294
684 25 291
692 21 287
695 19 286
693 21 286
695 24 281
694 27 279
694 26 280
696 24 280
701 19 280
700 21 279
700 21 279
699 21 280
700 22 278
704 20 276
706 19 275
707 20 273
711 22 267
714 17 269
717 19 264
721 19 260
723 16 261
728 13 259
730 15 255
732 15 253
736 14 250
740 10 250
744 9 247
746 7 247
746 7 247
748 8 244
748 8 244
753 7 240
756 8 236
755 11 234
758 11 231
763 9 228
766 8 226
770 6 224
772 7 221
778 7 215
782 6 212
785 4 211
789 4 207
794 3 203
795 4 201
799 4 197
800 5 195
802 2 196
806 2 192
806 3 191
809 2 189
811 1 188
815 0 185
818 0 182
822 1 177
825 1 174
825 1 174
827 2 171
830 1 169
833 1 166
838 0 162
842 0 158
846 0 154
847 0 153
849 0 151
851 0 149
852 0 148
853 0 147
854 0 146
856 0 144
859 0 141
860 0 140
863 0 137
865 0 135
869 0 131
867 3 130
861 11 128
861 13 126
859 18 123
857 20 123
852 28 120
848 30 122
833 42 125
814 55 131
796 64 140
784 67 149
762 82 156
743 94 163
733 93 174
722 93 185
708 97 195
692 98 210
681 103 216
670 98 232
655 98 247
646 100 254
638 91 271
635 85 280
626 78 296
611 88 301
607 83 310
600 84 316
590 84 326
586 76 338
578 68 354
578 66 356
579 63 358
582 59 359
580 53 367
581 45 374
584 43 373
582 40 378
584 38 378
585 37 378
591 30 379
596 26 378
594 28 378
596 26 378
601 25 374
607 26 367
615 24 361
624 22 354
625 21 354
629 22 349
632 19 349
639 19 342
642 16 342
650 18 332
652 17 331
654 18 328
655 16 329
659 16 325
658 15 327
663 16 321
665 18 317
666 17 317
664 19 317
667 20 313
675 21 304
677 19 304
680 19 301
679 22 299
679 21 300
674 28 298
667 35 298
670 33 297
674 33 293
669 37 294
670 34 296
677 29 294
679 28 293
680 27 293
680 25 295
684 24 292
692 20 288
694 21 285
700 19 281
706 15 279
707 17 276
716 15 269
720 14 266
723 14 263
726 11 263
733 11 256
734 14 252
736 15 249
738 12 250
738 11 251
740 13 247
746 13 241
744 19 237
744 20 236
744 21 235
745 21 234
745 22 233
743 24 233
740 28 232
738 27 235
732 34 234
732 34 234
730 38 232
729 38 233
722 40 238
718 43 239
714 40 246
709 46 245
704 49 247
700 49 251
696 44 260
694 38 268
689 42 269
686 44 270
688 45 267
689 40 271
691 37 272
689 40 271
688 46 266
691 41 268
690 38 272
685 38 277
684 37 279
684 34 282
685 31 284
692 26 282
693 25 282
697 25 278
695 30 275
695 26 279
695 27 278
698 27 275
698 28 274
701 24 275
706 24 270
707 24 269
702 27 271
699 31 270
703 29 268
701 30 269
700 31 269
702 30 268
707 24 269
705 24 271
707 20 273
707 20 273
708 17 275
