995 5 0
994 4 2
994 4 2
994 4 2
994 4 2
994 3 3
994 3 3
993 3 4
992 2 6
989 5 6
987 7 6
982 12 6
978 14 8
977 11 12
970 19 11
959 27 14
949 32 19
940 35 25
929 42 29
916 47 37
892 64 44
873 73 54
854 86 60
836 95 69
807 108 85
792 112 96
769 119 112
745 130 125
722 127 151
713 120 167
694 118 188
682 112 206
673 112 215
659 112 229
644 113 243
628 116 256
605 119 276
599 114 287
586 118 296
580 117 303
576 110 314
576 97 327
573 84 343
570 78 352
567 75 358
570 63 367
573 58 369
571 57 372
572 46 382
571 46 383
572 43 385
578 41 381
584 34 382
586 31 383
589 29 382
588 27 385
587 31 382
588 32 380
592 31 377
591 34 375
594 31 375
596 34 370
600 31 369
604 31 365
602 31 367
603 29 368
605 27 368
605 28 367
604 28 368
605 29 366
610 27 363
612 28 360
616 29 355
614 25 361
617 25 358
619 24 357
629 23 348
632 22 346
636 20 344
640 16 344
643 18 339
646 17 337
651 18 331
652 18 330
656 17 327
656 19 325
658 17 325
660 17 323
660 18 322
667 15 318
672 14 314
672 17 311
675 19 306
683 13 304
688 10 302
690 10 300
692 9 299
696 10 294
700 12 288
701 14 285
702 14 284
704 15 281
705 16 279
706 17 277
707 20 273
708 17 275
707 18 275
704 21 275
702 24 274
704 21 275
698 29 273
697 32 271
694 35 271
690 36 274
694 36 270
693 33 274
691 32 277
692 34 274
692 38 270
696 34 270
701 27 272
701 26 273
701 26 273
705 23 272
710 26 264
714 24 262
709 24 267
715 24 261
715 26 259
711 30 259
705 32 263
702 36 262
695 38 267
694 39 267
694 33 273
694 32 274
691 36 273
689 34 277
693 32 275
694 32 274
692 33 275
696 30 274
697 31 272
697 34 269
700 27 273
699 26 275
701 28 271
701 26 273
703 24 273
708 23 269
711 22 267
713 21 266
715 21 264
715 21 264
715 18 267
718 20 262
717 23 260
722 25 253
723 23 254
724 22 254
727 22 251
734 17 249
736 17 247
741 14 245
742 14 244
740 17 243
741 13 246
742 13 245
740 16 244
739 21 240
738 22 240
736 25 239
735 26 239
730 28 242
731 24 245
734 23 243
737 21 242
735 20 245
737 21 242
739 20 241
739 20 241
744 21 235
747 20 233
748 20 232
748 21 231
750 21 229
748 27 225
743 32 225
737 37 226
734 35 231
734 33 233
736 28 236
737 27 236
735 28 237
736 24 240
738 19 243
736 20 244
733 24 243
728 25 247
726 29 245
724 32 244
722 32 246
723 33 244
724 34 242
725 31 244
722 33 245
727 28 245
726 27 247
728 22 250
727 20 253
726 21 253
725 18 257
728 18 254
728 20 252
731 17 252
734 16 250
735 19 246
740 17 243
740 18 242
738 22 240
735 18 247
737 13 250
737 13 250
742 12 246
745 11 244
744 14 242
746 14 240
745 18 237
745 21 234
741 24 235
738 24 238
737 25 238
741 26 233
744 26 230
744 26 230
742 26 232
745 21 234
744 21 235
742 24 234
741 22 237
742 17 241
739 20 241
733 24 243
730 27 243
727 29 244
726 31 243
728 28 244
730 28 242
732 23 245
732 24 244
732 23 245
728 29 243
719 36 245
719 36 245
712 37 251
706 43 251
702 40 258
698 39 263
695 42 263
691 48 261
688 52 260
686 54 260
683 46 271
681 42 277
682 41 277
681 39 280
681 36 283
680 32 288
685 31 284
685 30 285
683 31 286
681 32 287
683 31 286
680 30 290
682 31 287
680 34 286
681 32 287
683 31 286
686 29 285
685 31 284
687 34 279
687 31 282
686 29 285
688 31 281
685 30 285
682 32 286
677 33 290
678 36 286
674 37 289
672 40 288
666 46 288
663 47 290
662 49 289
662 43 295
655 53 292
646 58 296
643 64 293
633 69 298
630 68 302
620 73 307
613 78 309
609 81 310
609 79 312
612 69 319
612 67 321
604 71 325
600 63 337
605 55 340
605 47 348
605 48 347
602 45 353
605 41 354
606 41 353
607 39 354
612 35 353
614 31 355
617 31 352
619 33 348
616 35 349
620 34 346
624 35 341
630 34 336
637 32 331
634 38 328
634 37 329
626 44 330
625 43 332
630 39 331
630 39 331
631 36 333
628 39 333
631 39 330
629 38 333
627 41 332
626 37 337
628 36 336
629 39 332
627 43 330
624 39 337
625 35 340
629 32 339
631 29 340
638 24 338
647 20 333
649 22 329
649 23 328
656 21 323
660 22 318
665 19 316
661 21 318
663 16 321
665 15 320
670 16 314
673 16 311
680 14 306
684 12 304
690 9 301
693 7 300
700 6 294
705 6 289
709 6 285
720 5 275
721 6 273
726 7 267
730 10 260
727 16 257
720 23 257
715 26 259
710 33 257
703 35 262
697 40 263
690 42 268
693 41 266
696 38 266
697 39 264
698 39 263
694 37 269
690 39 271
686 39 275
680 42 278
681 39 280
682 41 277
681 41 278
679 39 282
679 39 282
675 40 285
675 42 283
675 40 285
673 42 285
676 40 284
677 34 289
678 34 288
681 34 285
683 33 284
684 35 281
684 31 285
686 30 284
682 38 280
668 47 285
670 45 285
657 50 293
655 50 295
658 52 290
656 47 297
657 44 299
659 44 297
658 44 298
651 47 302
650 40 310
654 36 310
654 36 310
660 34 306
657 33 310
658 29 313
658 25 317
662 24 314
664 20 316
669 19 312
674 18 308
679 16 305
678 17 305
680 17 303
678 25 297
682 28 290
682 31 287
678 35 287
675 38 287
671 40 289
670 41 289
661 49 290
653 58 289
648 61 291
647 55 298
636 62 302
629 63 308
623 59 318
613 62 325
610 62 328
602 64 334
602 53 345
601 53 346
601 49 350
597 50 353
598 52 350
594 52 354
593 54 353
588 53 359
589 49 362
590 47 363
589 49 362
581 52 367
582 50 368
579 51 370
583 48 369
583 46 371
591 44 365
586 43 371
589 40 371
595 36 369
593 41 366
599 39 362
605 35 360
604 39 357
607 41 352
611 37 352
616 34 350
617 32 351
621 31 348
622 30 348
616 32 352
618 28 354
623 26 351
626 27 347
629 27 344
624 32 344
627 33 340
627 34 339
624 34 342
625 36 339
632 34 334
636 28 336
636 30 334
633 36 331
631 37 332
641 34 325
630 42 328
628 41 331
629 36 335
634 36 330
630 35 335
630 33 337
633 39 328
628 42 330
624 42 334
624 42 334
628 37 335
624 36 340
621 35 344
624 37 339
624 40 336
627 40 333
626 44 330
624 38 338
627 36 337
625 37 338
631 34 335
631 35 334
632 31 337
630 31 339
630 34 336
626 41 333
626 37 337
626 37 337
626 38 336
629 37 334
630 37 333
635 38 327
639 34 327
639 37 324
639 33 328
643 31 326
643 27 330
644 18 338
648 17 335
649 17 334
653 14 333
659 16 325
661 18 321
671 15 314
677 15 308
681 14 305
684 13 303
688 11 301
693 11 296
699 11 290
700 12 288
705 8 287
709 7 284
708 9 283
709 11 280
710 9 281
712 10 278
715 10 275
716 13 271
718 11 271
717 11 272
724 9 267
727 8 265
728 6 266
732 6 262
732 12 256
734 13 253
734 17 249
734 20 246
731 21 248
725 26 249
728 26 246
727 28 245
728 29 243
727 24 249
729 24 247
734 24 242
737 21 242
728 28 244
719 41 240
711 48 241
705 50 245
701 54 245
692 56 252
678 64 258
669 67 264
666 68 266
655 67 278
644 63 293
639 62 299
630 65 305
622 65 313
620 69 311
608 72 320
602 69 329
604 63 333
604 62 334
606 65 329
603 61 336
597 64 339
593 65 342
593 61 346
598 52 350
595 56 349
600 47 353
599 46 355
602 44 354
600 45 355
597 44 359
596 45 359
596 40 364
593 42 365
590 48 362
590 49 361
587 52 361
588 49 363
590 52 358
585 48 367
584 52 364
586 52 362
576 59 365
567 60 373
568 53 379
568 52 380
569 50 381
567 53 380
566 52 382
570 47 383
571 43 386
579 41 380
586 40 374
587 37 376
580 45 375
575 48 377
582 44 374
578 47 375
580 45 375
583 42 375
588 44 368
586 46 368
591 44 365
596 43 361
594 40 366
595 36 369
597 34 369
602 31 367
609 28 363
611 27 362
616 22 362
625 20 355
629 16 355
636 12 352
640 11 349
647 9 344
650 7 343
654 5 341
659 5 336
665 5 330
670 4 326
677 3 320
684 3 313
691 2 307
694 2 304
696 1 303
700 1 299
708 0 292
712 0 288
714 0 286
719 0 281
726 0 274
731 0 269
735 0 265
741 0 259
750 0 250
754 0 246
762 0 238
763 0 237
769 0 231
771 1 228
772 0 228
779 0 221
781 0 219
783 0 217
787 0 213
787 0 213
790 0 210
792 0 208
797 0 203
798 0 202
799 1 200
801 2 197
804 3 193
807 1 192
808 1 191
812 0 188
813 0 187
819 0 181
822 0 178
823 0 177
823 0 177
824 1 175
826 1 173
828 1 171
834 0 166
839 0 161
846 0 154
847 1 152
850 1 149
851 0 149
853 0 147
855 0 145
859 0 141
860 2 138
862 2 136
863 2 135
862 3 135
864 3 133
868 3 129
871 2 127
875 2 123
877 2 121
879 2 119
881 2 117
881 2 117
883 2 115
887 1 112
888 1 111
892 1 107
894 1 105
895 1 104
897 1 102
901 1 98
901 1 98
903 1 96
904 1 95
905 1 94
908 0 92
909 0 91
910 0 90
913 0 87
914 0 86
915 0 85
917 0 83
918 0 82
918 0 82
920 0 80
921 0 79
923 0 77
924 0 76
925 0 75
927 0 73
930 0 70
932 0 68
930 2 68
926 6 68
927 5 68
925 6 69
923 10 67
923 11 66
922 11 67
922 10 68
920 14 66
913 21 66
904 31 65
887 46 67
864 63 73
837 84 79
811 102 87
795 112 93
769 125 106
736 143 121
708 159 133
678 170 152
646 177 177
622 175 203
592 181 227
578 170 252
561 166 273
547 149 304
537 136 327
529 129 342
518 123 359
516 112 372
510 107 383
508 96 396
505 88 407
504 84 412
510 77 413
514 73 413
511 74 415
506 74 420
508 67 425
514 59 427
521 60 419
520 63 417
527 59 414
532 60 408
531 55 414
539 47 414
544 43 413
549 41 410
550 43 407
546 42 412
550 37 413
555 37 408
554 38 408
555 37 408
558 34 408
560 34 406
564 36 400
566 33 401
568 30 402
571 26 403
570 28 402
569 27 404
573 32 395
574 36 390
575 38 387
577 39 384
579 40 381
582 40 378
579 44 377
577 45 378
580 37 383
581 33 386
583 25 392
584 20 396
588 17 395
591 14 395
594 13 393
596 14 390
600 12 388
608 11 381
611 11 378
613 11 376
619 10 371
623 8 369
628 7 365
632 6 362
640 7 353
645 6 349
651 4 345
656 4 340
662 3 335
669 2 329
673 2 325
676 2 322
679 2 319
685 2 313
686 2 312
689 1 310
692 1 307
696 1 303
698 1 301
703 1 296
715 1 284
717 1 282
718 2 280
727 2 271
733 2 265
735 1 264
742 0 258
745 0 255
750 0 250
751 0 249
756 0 244
763 0 237
770 0 230
772 0 228
775 0 225
779 0 221
784 0 216
789 0 211
794 0 206
797 0 203
799 0 201
801 0 199
802 0 198
804 0 196
806 0 194
812 0 188
812 0 188
818 0 182
821 0 179
826 0 174
831 0 169
835 0 165
836 0 164
842 0 158
842 0 158
844 0 156
846 0 154
847 0 153
849 0 151
850 0 150
851 0 149
856 0 144
858 0 142
862 0 138
865 0 135
866 0 134
867 0 133
871 0 129
873 0 127
875 0 125
877 0 123
880 0 120
884 0 116
885 0 115
887 0 113
888 0 112
890 0 110
892 0 108
894 0 106
896 0 104
899 0 101
904 0 96
906 0 94
907 0 93
908 0 92
909 0 91
909 0 91
909 0 91
911 0 89
911 0 89
912 0 88
913 0 87
914 0 86
915 0 85
917 0 83
919 0 81
922 0 78
925 0 75
925 0 75
925 0 75
928 0 72
928 0 72
930 0 70
932 0 68
932 0 68
932 0 68
932 0 68
933 0 67
933 0 67
934 0 66
934 0 66
935 0 65
935 0 65
935 0 65
936 0 64
936 0 64
936 0 64
936 0 64
937 0 63
937 0 63
937 0 63
937 0 63
937 0 63
939 0 61
941 0 59
941 0 59
942 0 58
943 0 57
943 0 57
943 0 57
944 0 56
944 0 56
945 0 55
945 0 55
946 0 54
946 0 54
946 0 54
948 0 52
948 0 52
950 0 50
950 0 50
950 0 50
951 0 49
951 0 49
951 0 49
953 0 47
953 0 47
953 0 47
954 0 46
954 0 46
954 0 46
955 0 45
955 0 45
956 0 44
956 0 44
956 0 44
956 0 44
956 0 44
956 0 44
956 0 44
957 0 43
957 0 43
957 0 43
958 0 42
959 0 41
959 0 41
960 0 40
961 0 39
963 0 37
963 0 37
963 0 37
964 0 36
964 0 36
964 0 36
965 0 35
966 0 34
966 0 34
966 0 34
967 0 33
967 0 33
969 0 31
