1000 0 0
1000 0 0
1000 0 0
1000 0 0
1000 0 0
1000 0 0
1000 0 0
1000 0 0
1000 0 0
1000 0 0
998 1 1
995 4 1
988 9 3
983 13 4
975 16 9
970 17 13
963 20 17
956 22 22
952 26 22
944 30 26
939 28 33
935 31 34
928 35 37
912 45 43
906 51 43
902 49 49
892 53 55
886 55 59
871 61 68
853 66 81
842 67 91
826 74 100
806 78 116
803 75 122
793 75 132
788 72 140
773 79 148
761 83 156
747 85 168
738 82 180
733 80 187
723 85 192
722 81 197
713 76 211
712 67 221
715 62 223
711 66 223
707 68 225
699 73 228
692 71 237
684 72 244
675 69 256
668 68 264
662 70 268
664 67 269
658 64 278
648 74 278
642 68 290
639 65 296
630 71 299
627 72 301
620 71 309
617 70 313
610 72 318
601 72 327
594 69 337
592 67 341
586 68 346
577 71 352
570 70 360
573 66 361
572 65 363
573 61 366
567 62 371
565 62 373
559 63 378
560 52 388
562 50 388
557 47 396
554 48 398
553 45 402
558 44 398
565 41 394
570 40 390
566 44 390
570 41 389
570 41 389
573 38 389
580 37 383
580 36 384
577 35 388
582 30 388
589 27 384
596 21 383
600 19 381
607 17 376
613 20 367
616 20 364
619 19 362
626 16 358
634 15 351
636 14 350
635 17 348
633 20 347
637 21 342
643 19 338
644 22 334
649 20 331
655 19 326
661 18 321
663 19 318
663 19 318
667 20 313
666 24 310
670 25 305
669 23 308
669 21 310
665 19 316
667 21 312
669 20 311
670 16 314
676 17 307
679 17 304
685 15 300
686 16 298
687 14 299
687 14 299
686 14 300
689 12 299
694 12 294
698 12 290
701 13 286
703 13 284
705 13 282
708 12 280
709 13 278
707 15 278
707 18 275
708 22 270
707 25 268
709 24 267
711 24 265
712 24 264
714 22 264
715 21 264
724 20 256
726 17 257
732 14 254
737 16 247
742 17 241
744 17 239
744 16 240
741 21 238
742 19 239
742 19 239
741 19 240
743 18 239
742 18 240
745 14 241
748 15 237
749 15 236
749 11 240
746 17 237
743 15 242
744 11 245
744 11 245
745 13 242
750 12 238
748 13 239
750 12 238
752 12 236
756 12 232
758 12 230
758 15 227
757 17 226
757 18 225
755 20 225
755 18 227
757 17 226
758 17 225
757 19 224
757 19 224
757 21 222
762 16 222
764 20 216
766 16 218
764 18 218
759 22 219
754 27 219
756 27 217
754 27 219
758 27 215
754 23 223
755 27 218
759 26 215
760 29 211
760 28 212
759 27 214
760 30 210
755 34 211
753 32 215
755 34 211
750 37 213
749 36 215
749 37 214
747 35 218
746 37 217
742 41 217
739 43 218
735 46 219
730 51 219
721 53 226
718 52 230
717 52 231
716 57 227
709 55 236
703 58 239
703 48 249
709 40 251
705 42 253
703 38 259
693 36 271
692 33 275
692 36 272
692 36 272
691 37 272
686 37 277
681 40 279
680 37 283
680 40 280
682 34 284
683 36 281
680 33 287
682 35 283
683 34 283
686 35 279
681 41 278
683 35 282
682 38 280
683 35 282
685 35 280
680 38 282
685 37 278
683 34 283
687 33 280
689 32 279
690 27 283
688 26 286
688 27 285
686 28 286
689 27 284
691 25 284
692 26 282
697 25 278
698 27 275
699 23 278
698 21 281
697 23 280
698 23 279
698 21 281
702 19 279
707 18 275
707 18 275
709 19 272
710 18 272
713 21 266
713 20 267
720 21 259
716 25 259
714 23 263
719 23 258
715 25 260
719 22 259
719 22 259
723 24 253
716 28 256
722 28 250
719 29 252
713 36 251
709 35 256
706 37 257
706 37 257
704 39 257
704 35 261
701 37 262
700 39 261
697 42 261
701 38 261
700 31 269
701 32 267
704 31 265
704 30 266
702 32 266
701 31 268
701 31 268
702 27 271
708 28 264
710 26 264
711 23 266
713 17 270
714 19 267
717 17 266
723 20 257
722 22 256
714 26 260
715 26 259
714 26 260
717 27 256
723 24 253
724 21 255
723 23 254
724 24 252
726 24 250
726 24 250
728 22 250
725 26 249
725 25 250
721 26 253
722 26 252
724 27 249
722 30 248
720 33 247
721 34 245
723 36 241
719 40 241
718 44 238
717 38 245
718 32 250
719 31 250
720 31 249
716 36 248
714 40 246
708 38 254
710 35 255
707 30 263
708 28 264
711 29 260
705 36 259
701 41 258
699 43 258
700 45 255
695 40 265
695 37 268
693 39 268
692 38 270
686 42 272
683 41 276
687 39 274
692 40 268
688 44 268
681 48 271
681 50 269
678 52 270
674 53 273
674 51 275
675 50 275
677 44 279
678 44 278
680 41 279
679 40 281
684 35 281
682 34 284
682 34 284
686 33 281
685 34 281
685 35 280
683 37 280
682 32 286
688 30 282
694 26 280
695 25 280
692 24 284
692 26 282
696 22 282
700 24 276
704 22 274
709 22 269
716 20 264
717 15 268
718 15 267
719 11 270
721 8 271
727 8 265
730 7 263
735 10 255
741 10 249
744 7 249
747 7 246
750 7 243
756 6 238
759 7 234
758 8 234
766 6 228
767 7 226
769 7 224
776 6 218
781 7 212
783 4 213
784 5 211
786 3 211
789 3 208
792 3 205
796 3 201
798 3 199
803 3 194
803 2 195
806 2 192
809 3 188
813 1 186
817 1 182
818 0 182
820 0 180
823 0 177
827 0 173
828 0 172
832 0 168
833 0 167
835 0 165
836 0 164
843 0 157
846 0 154
846 0 154
848 0 152
851 0 149
853 0 147
854 0 146
859 0 141
859 0 141
862 0 138
867 0 133
869 0 131
870 0 130
871 0 129
871 0 129
874 0 126
876 0 124
877 0 123
878 0 122
878 0 122
880 0 120
881 0 119
883 0 117
886 0 114
889 0 111
892 0 108
896 0 104
897 0 103
899 0 101
901 0 99
902 0 98
907 0 93
908 0 92
910 0 90
910 0 90
910 0 90
912 0 88
915 0 85
916 0 84
917 0 83
919 0 81
920 0 80
920 0 80
923 0 77
924 0 76
925 0 75
926 0 74
926 0 74
930 0 70
931 0 69
932 0 68
933 0 67
933 0 67
937 0 63
939 0 61
940 0 60
942 0 58
943 0 57
943 0 57
945 0 55
947 0 53
949 0 51
950 0 50
952 0 48
952 0 48
954 0 46
954 0 46
955 0 45
956 0 44
956 0 44
956 0 44
958 0 42
958 0 42
958 0 42
958 0 42
959 0 41
959 0 41
961 0 39
963 0 37
965 0 35
967 0 33
967 0 33
968 0 32
968 0 32
968 0 32
971 0 29
971 0 29
971 0 29
972 0 28
973 0 27
974 0 26
974 0 26
975 0 25
976 0 24
976 0 24
976 0 24
976 0 24
976 0 24
976 0 24
976 0 24
976 0 24
977 0 23
978 0 22
978 0 22
979 0 21
979 0 21
980 0 20
980 0 20
980 0 20
980 0 20
980 0 20
982 0 18
983 0 17
983 0 17
984 0 16
984 0 16
984 0 16
985 0 15
985 0 15
985 0 15
985 0 15
985 0 15
985 0 15
985 0 15
985 0 15
986 0 14
988 0 12
988 0 12
988 0 12
988 0 12
988 0 12
988 0 12
989 0 11
989 0 11
989 0 11
989 0 11
990 0 10
991 0 9
991 0 9
992 0 8
992 0 8
992 0 8
992 0 8
992 0 8
992 0 8
992 0 8
993 0 7
993 0 7
993 0 7
993 0 7
993 0 7
993 0 7
993 0 7
993 0 7
993 0 7
993 0 7
993 0 7
993 0 7
993 0 7
993 0 7
993 0 7
993 0 7
993 0 7
993 0 7
993 0 7
993 0 7
993 0 7
993 0 7
993 0 7
993 0 7
993 0 7
993 0 7
993 0 7
994 0 6
994 0 6
994 0 6
994 0 6
994 0 6
995 0 5
995 0 5
995 0 5
995 0 5
995 0 5
995 0 5
995 0 5
995 0 5
995 0 5
995 0 5
995 0 5
995 0 5
995 0 5
996 0 4
996 0 4
996 0 4
996 0 4
996 0 4
996 0 4
996 0 4
996 0 4
996 0 4
996 0 4
996 0 4
996 0 4
996 0 4
996 0 4
996 0 4
996 0 4
996 0 4
996 0 4
996 0 4
996 0 4
996 0 4
996 0 4
996 0 4
996 0 4
996 0 4
996 0 4
996 0 4
996 0 4
996 0 4
996 0 4
996 0 4
996 0 4
997 0 3
997 0 3
997 0 3
997 0 3
997 0 3
997 0 3
997 0 3
997 0 3
998 0 2
998 0 2
998 0 2
998 0 2
998 0 2
998 0 2
998 0 2
998 0 2
998 0 2
998 0 2
998 0 2
999 0 1
999 0 1
999 0 1
999 0 1
999 0 1
999 0 1
999 0 1
999 0 1
999 0 1
999 0 1
999 0 1
999 0 1
999 0 1
1000 0 0
1000 0 0
1000 0 0
1000 0 0
1000 0 0
1000 0 0
1000 0 0
1000 0 0
1000 0 0
1000 0 0
1000 0 0
1000 0 0
1000 0 0
1000 0 0
1000 0 0
1000 0 0
1000 0 0
1000 0 0
1000 0 0
1000 0 0
1000 0 0
1000 0 0
1000 0 0
1000 0 0
1000 0 0
1000 0 0
1000 0 0
1000 0 0
1000 0 0
1000 0 0
1000 0 0
1000 0 0
1000 0 0
1000 0 0
1000 0 0
1000 0 0
1000 0 0
1000 0 0
1000 0 0
1000 0 0
1000 0 0
1000 0 0
1000 0 0
1000 0 0
1000 0 0
1000 0 0
1000 0 0
1000 0 0
1000 0 0
1000 0 0
1000 0 0
1000 0 0
1000 0 0
1000 0 0
1000 0 0
1000 0 0
1000 0 0
1000 0 0
1000 0 0
1000 0 0
1000 0 0
1000 0 0
1000 0 0
1000 0 0
1000 0 0
1000 0 0
1000 0 0
1000 0 0
1000 0 0
1000 0 0
1000 0 0
1000 0 0
1000 0 0
1000 0 0
1000 0 0
1000 0 0
1000 0 0
1000 0 0
1000 0 0
1000 0 0
1000 0 0
1000 0 0
1000 0 0
1000 0 0
1000 0 0
1000 0 0
1000 0 0
1000 0 0
1000 0 0
1000 0 0
1000 0 0
1000 0 0
1000 0 0
1000 0 0
1000 0 0
1000 0 0
1000 0 0
1000 0 0
1000 0 0
1000 0 0
1000 0 0
1000 0 0
1000 0 0
1000 0 0
1000 0 0
1000 0 0
1000 0 0
1000 0 0
1000 0 0
1000 0 0
1000 0 0
1000 0 0
1000 0 0
1000 0 0
1000 0 0
1000 0 0
1000 0 0
1000 0 0
1000 0 0
1000 0 0
1000 0 0
1000 0 0
1000 0 0
1000 0 0
1000 0 0
1000 0 0
1000 0 0
1000 0 0
1000 0 0
1000 0 0
1000 0 0
1000 0 0
1000 0 0
1000 0 0
1000 0 0
1000 0 0
1000 0 0
1000 0 0
1000 0 0
1000 0 0
1000 0 0
1000 0 0
1000 0 0
1000 0 0
1000 0 0
1000 0 0
1000 0 0
1000 0 0
1000 0 0
1000 0 0
1000 0 0
1000 0 0
1000 0 0
1000 0 0
1000 0 0
1000 0 0
1000 0 0
1000 0 0
1000 0 0
1000 0 0
1000 0 0
1000 0 0
1000 0 0
1000 0 0
1000 0 0
1000 0 0
1000 0 0
1000 0 0
1000 0 0
1000 0 0
1000 0 0
1000 0 0
1000 0 0
1000 0 0
1000 0 0
1000 0 0
1000 0 0
1000 0 0
1000 0 0
1000 0 0
1000 0 0
1000 0 0
1000 0 0
1000 0 0
1000 0 0
1000 0 0
1000 0 0
1000 0 0
1000 0 0
1000 0 0
1000 0 0
1000 0 0
1000 0 0
1000 0 0
1000 0 0
1000 0 0
1000 0 0
1000 0 0
1000 0 0
1000 0 0
1000 0 0
1000 0 0
1000 0 0
1000 0 0
1000 0 0
1000 0 0
1000 0 0
1000 0 0
1000 0 0
1000 0 0
1000 0 0
1000 0 0
1000 0 0
1000 0 0
1000 0 0
1000 0 0
1000 0 0
1000 0 0
1000 0 0
1000 0 0
1000 0 0
1000 0 0
1000 0 0
1000 0 0
1000 0 0
1000 0 0
1000 0 0
1000 0 0
1000 0 0
1000 0 0
1000 0 0
1000 0 0
1000 0 0
1000 0 0
1000 0 0
1000 0 0
1000 0 0
1000 0 0
1000 0 0
1000 0 0
1000 0 0
1000 0 0
1000 0 0
1000 0 0
1000 0 0
1000 0 0
1000 0 0
1000 0 0
1000 0 0
1000 0 0
1000 0 0
1000 0 0
1000 0 0
1000 0 0
1000 0 0
1000 0 0
1000 0 0
1000 0 0
1000 0 0
1000 0 0
1000 0 0
1000 0 0
1000 0 0
1000 0 0
1000 0 0
1000 0 0
1000 0 0
1000 0 0
1000 0 0
1000 0 0
1000 0 0
1000 0 0
1000 0 0
1000 0 0
1000 0 0
1000 0 0
1000 0 0
1000 0 0
1000 0 0
1000 0 0
1000 0 0
1000 0 0
1000 0 0
1000 0 0
1000 0 0
1000 0 0
1000 0 0
1000 0 0
1000 0 0
1000 0 0
1000 0 0
1000 0 0
1000 0 0
1000 0 0
1000 0 0
1000 0 0
1000 0 0
1000 0 0
1000 0 0
1000 0 0
1000 0 0
1000 0 0
1000 0 0
1000 0 0
1000 0 0
1000 0 0
1000 0 0
1000 0 0
1000 0 0
1000 0 0
1000 0 0
1000 0 0
1000 0 0
1000 0 0
1000 0 0
1000 0 0
1000 0 0
1000 0 0
1000 0 0
1000 0 0
1000 0 0
1000 0 0
1000 0 0
1000 0 0
1000 0 0
1000 0 0
1000 0 0
