995 5 0
994 6 0
992 7 1
983 15 2
973 22 5
968 20 12
962 24 14
944 38 18
925 51 24
904 65 31
873 83 44
850 94 56
815 113 72
789 118 93
764 124 112
742 128 130
722 133 145
703 141 156
684 144 172
665 145 190
645 143 212
630 135 235
619 127 254
608 118 274
589 115 296
579 116 305
573 105 322
562 103 335
553 109 338
537 115 348
529 105 366
527 99 374
526 89 385
529 83 388
531 77 392
525 78 397
523 74 403
523 73 404
528 66 406
530 62 408
523 54 423
529 52 419
532 50 418
534 45 421
535 42 423
539 41 420
541 41 418
549 38 413
551 38 411
549 44 407
551 44 405
548 43 409
550 40 410
547 42 411
541 45 414
544 42 414
550 40 410
554 36 410
559 35 406
561 36 403
564 36 400
567 29 404
575 31 394
579 29 392
585 25 390
588 23 389
590 24 386
589 30 381
598 27 375
602 25 373
604 28 368
605 26 369
608 24 368
613 21 366
618 17 365
620 17 363
618 21 361
618 23 359
620 26 354
621 27 352
628 27 345
628 27 345
630 23 347
631 25 344
632 24 344
632 27 341
639 26 335
646 25 329
649 25 326
652 23 325
654 24 322
656 24 320
657 25 318
664 23 313
664 27 309
666 26 308
666 22 312
667 24 309
671 20 309
673 21 306
675 20 305
681 18 301
683 16 301
681 20 299
685 18 297
684 19 297
681 21 298
688 19 293
689 23 288
692 23 285
695 20 285
691 20 289
693 19 288
702 18 280
706 19 275
705 25 270
706 24 270
706 23 271
706 22 272
708 25 267
705 27 268
704 30 266
699 39 262
701 38 261
702 37 261
704 36 260
703 38 259
702 29 269
697 30 273
693 31 276
695 29 276
693 27 280
696 25 279
705 22 273
709 21 270
710 16 274
715 15 270
716 16 268
714 17 269
717 19 264
720 16 264
718 19 263
719 19 262
724 19 257
728 18 254
730 15 255
729 15 256
728 19 253
727 20 253
724 26 250
721 28 251
727 29 244
723 31 246
716 41 243
702 51 247
701 49 250
695 52 253
692 57 251
686 61 253
681 60 259
672 65 263
665 70 265
658 72 270
652 72 276
657 64 279
654 59 287
649 57 294
650 52 298
647 55 298
642 53 305
640 55 305
639 49 312
633 52 315
631 49 320
633 42 325
631 36 333
635 36 329
641 33 326
645 26 329
649 25 326
650 23 327
654 21 325
659 19 322
666 15 319
668 11 321
668 16 316
671 18 311
668 20 312
665 19 316
658 26 316
659 28 313
662 30 308
659 35 306
659 34 307
660 37 303
662 34 304
665 30 305
670 28 302
675 28 297
674 31 295
675 29 296
678 28 294
676 30 294
674 30 296
680 26 294
680 24 296
681 23 296
680 23 297
681 23 296
684 19 297
687 15 298
689 16 295
693 15 292
698 12 290
705 12 283
710 9 281
710 12 278
711 14 275
713 14 273
707 24 269
709 25 266
705 32 263
697 37 266
695 34 271
692 37 271
689 38 273
675 46 279
668 49 283
665 46 289
662 47 291
657 43 300
648 47 305
640 49 311
633 57 310
623 60 317
619 62 319
610 63 327
617 62 321
616 58 326
614 57 329
621 50 329
619 50 331
618 44 338
620 43 337
623 39 338
632 34 334
633 33 334
632 32 336
631 31 338
633 32 335
635 33 332
639 32 329
642 34 324
641 33 326
640 34 326
639 33 328
634 42 324
636 41 323
633 48 319
632 48 320
637 46 317
643 43 314
645 40 315
647 39 314
647 37 316
652 35 313
653 34 313
653 32 315
650 35 315
649 33 318
654 33 313
647 38 315
644 41 315
647 41 312
641 44 315
636 44 320
635 41 324
632 40 328
630 37 333
633 38 329
631 39 330
631 37 332
635 32 333
639 32 329
643 33 324
644 31 325
649 29 322
645 33 322
642 29 329
648 28 324
650 26 324
653 24 323
656 21 323
658 16 326
659 12 329
668 12 320
674 12 314
682 9 309
686 7 307
689 7 304
697 5 298
701 5 294
705 5 290
709 6 285
712 7 281
719 6 275
722 6 272
730 6 264
736 5 259
743 5 252
749 4 247
751 2 247
758 1 241
764 1 235
768 0 232
774 0 226
778 0 222
779 0 221
784 0 216
788 0 212
792 0 208
797 0 203
806 0 194
809 0 191
811 0 189
812 0 188
814 0 186
817 0 183
823 0 177
829 0 171
835 0 165
836 0 164
836 0 164
840 0 160
845 0 155
848 0 152
850 0 150
854 0 146
856 0 144
857 0 143
859 0 141
861 0 139
864 0 136
865 0 135
865 0 135
868 0 132
869 0 131
873 0 127
875 0 125
878 0 122
878 0 122
879 0 121
879 0 121
879 0 121
881 0 119
881 0 119
882 0 118
882 0 118
883 0 117
885 0 115
885 0 115
887 0 113
888 0 112
888 0 112
891 0 109
891 0 109
893 0 107
896 0 104
899 0 101
902 0 98
903 0 97
903 0 97
904 0 96
904 0 96
905 0 95
907 0 93
908 0 92
909 0 91
912 0 88
912 0 88
915 0 85
916 0 84
918 0 82
919 0 81
921 0 79
924 0 76
927 0 73
929 0 71
931 0 69
931 0 69
931 0 69
932 0 68
934 0 66
935 0 65
937 0 63
938 0 62
939 0 61
940 0 60
941 0 59
941 0 59
941 0 59
941 0 59
943 0 57
943 0 57
943 0 57
944 0 56
944 0 56
944 0 56
945 0 55
946 0 54
946 0 54
947 0 53
947 0 53
947 0 53
947 0 53
948 0 52
948 0 52
949 0 51
950 0 50
952 0 48
953 0 47
955 0 45
956 0 44
956 0 44
958 0 42
958 0 42
958 0 42
959 0 41
959 0 41
959 0 41
959 0 41
959 0 41
962 0 38
962 0 38
962 0 38
962 0 38
962 0 38
962 0 38
963 0 37
963 0 37
963 0 37
964 0 36
965 0 35
965 0 35
965 0 35
966 0 34
968 0 32
968 0 32
968 0 32
969 0 31
969 0 31
969 0 31
971 0 29
972 0 28
972 0 28
972 0 28
972 0 28
973 0 27
974 0 26
974 0 26
975 0 25
975 0 25
976 0 24
976 0 24
977 0 23
977 0 23
977 0 23
978 0 22
978 0 22
978 0 22
978 0 22
978 0 22
979 0 21
979 0 21
979 0 21
980 0 20
980 0 20
981 0 19
982 0 18
982 0 18
983 0 17
983 0 17
983 0 17
983 0 17
983 0 17
983 0 17
984 0 16
984 0 16
984 0 16
984 0 16
984 0 16
984 0 16
985 0 15
985 0 15
985 0 15
985 0 15
985 0 15
985 0 15
985 0 15
985 0 15
985 0 15
985 0 15
986 0 14
986 0 14
986 0 14
986 0 14
986 0 14
986 0 14
987 0 13
987 0 13
987 0 13
987 0 13
987 0 13
987 0 13
987 0 13
987 0 13
987 0 13
988 0 12
988 0 12
990 0 10
990 0 10
990 0 10
990 0 10
990 0 10
990 0 10
990 0 10
990 0 10
990 0 10
990 0 10
990 0 10
991 0 9
991 0 9
991 0 9
992 0 8
992 0 8
992 0 8
992 0 8
992 0 8
993 0 7
994 0 6
994 0 6
994 0 6
994 0 6
994 0 6
994 0 6
994 0 6
994 0 6
994 0 6
994 0 6
994 0 6
994 0 6
994 0 6
994 0 6
994 0 6
995 0 5
996 0 4
996 0 4
996 0 4
996 0 4
996 0 4
996 0 4
996 0 4
997 0 3
997 0 3
997 0 3
997 0 3
997 0 3
997 0 3
997 0 3
997 0 3
997 0 3
997 0 3
997 0 3
997 0 3
997 0 3
997 0 3
997 0 3
997 0 3
997 0 3
997 0 3
997 0 3
998 0 2
998 0 2
998 0 2
998 0 2
998 0 2
998 0 2
998 0 2
998 0 2
998 0 2
998 0 2
998 0 2
998 0 2
998 0 2
998 0 2
998 0 2
998 0 2
998 0 2
998 0 2
998 0 2
998 0 2
998 0 2
998 0 2
998 0 2
998 0 2
998 0 2
998 0 2
998 0 2
998 0 2
998 0 2
998 0 2
998 0 2
999 0 1
999 0 1
999 0 1
999 0 1
999 0 1
999 0 1
999 0 1
999 0 1
999 0 1
999 0 1
999 0 1
999 0 1
999 0 1
999 0 1
999 0 1
999 0 1
999 0 1
999 0 1
999 0 1
999 0 1
999 0 1
999 0 1
999 0 1
999 0 1
999 0 1
999 0 1
999 0 1
999 0 1
999 0 1
999 0 1
999 0 1
999 0 1
999 0 1
999 0 1
999 0 1
999 0 1
999 0 1
999 0 1
999 0 1
999 0 1
999 0 1
999 0 1
999 0 1
999 0 1
999 0 1
999 0 1
999 0 1
999 0 1
999 0 1
999 0 1
999 0 1
999 0 1
1000 0 0
1000 0 0
1000 0 0
1000 0 0
1000 0 0
1000 0 0
1000 0 0
1000 0 0
1000 0 0
1000 0 0
1000 0 0
1000 0 0
1000 0 0
1000 0 0
1000 0 0
1000 0 0
1000 0 0
1000 0 0
1000 0 0
1000 0 0
1000 0 0
1000 0 0
1000 0 0
1000 0 0
1000 0 0
1000 0 0
1000 0 0
1000 0 0
1000 0 0
1000 0 0
1000 0 0
1000 0 0
1000 0 0
1000 0 0
1000 0 0
1000 0 0
1000 0 0
1000 0 0
1000 0 0
1000 0 0
1000 0 0
1000 0 0
1000 0 0
1000 0 0
1000 0 0
1000 0 0
1000 0 0
1000 0 0
1000 0 0
1000 0 0
1000 0 0
1000 0 0
1000 0 0
1000 0 0
1000 0 0
1000 0 0
1000 0 0
1000 0 0
1000 0 0
1000 0 0
1000 0 0
1000 0 0
1000 0 0
1000 0 0
1000 0 0
1000 0 0
1000 0 0
1000 0 0
1000 0 0
1000 0 0
1000 0 0
1000 0 0
1000 0 0
1000 0 0
1000 0 0
1000 0 0
1000 0 0
1000 0 0
1000 0 0
1000 0 0
1000 0 0
1000 0 0
1000 0 0
1000 0 0
1000 0 0
1000 0 0
1000 0 0
1000 0 0
1000 0 0
1000 0 0
1000 0 0
1000 0 0
1000 0 0
1000 0 0
1000 0 0
1000 0 0
1000 0 0
1000 0 0
1000 0 0
1000 0 0
1000 0 0
1000 0 0
1000 0 0
1000 0 0
1000 0 0
1000 0 0
1000 0 0
1000 0 0
1000 0 0
1000 0 0
1000 0 0
1000 0 0
1000 0 0
1000 0 0
1000 0 0
1000 0 0
1000 0 0
1000 0 0
1000 0 0
1000 0 0
1000 0 0
1000 0 0
1000 0 0
1000 0 0
1000 0 0
1000 0 0
1000 0 0
1000 0 0
1000 0 0
1000 0 0
1000 0 0
1000 0 0
1000 0 0
1000 0 0
1000 0 0
1000 0 0
1000 0 0
1000 0 0
1000 0 0
1000 0 0
1000 0 0
1000 0 0
1000 0 0
1000 0 0
1000 0 0
1000 0 0
1000 0 0
1000 0 0
1000 0 0
1000 0 0
1000 0 0
1000 0 0
1000 0 0
1000 0 0
1000 0 0
1000 0 0
1000 0 0
1000 0 0
1000 0 0
1000 0 0
1000 0 0
1000 0 0
1000 0 0
1000 0 0
1000 0 0
1000 0 0
1000 0 0
1000 0 0
1000 0 0
1000 0 0
1000 0 0
1000 0 0
1000 0 0
1000 0 0
1000 0 0
1000 0 0
1000 0 0
1000 0 0
1000 0 0
1000 0 0
1000 0 0
1000 0 0
1000 0 0
1000 0 0
1000 0 0
1000 0 0
1000 0 0
1000 0 0
1000 0 0
1000 0 0
1000 0 0
1000 0 0
1000 0 0
1000 0 0
1000 0 0
1000 0 0
1000 0 0
1000 0 0
1000 0 0
1000 0 0
1000 0 0
1000 0 0
1000 0 0
1000 0 0
1000 0 0
1000 0 0
1000 0 0
1000 0 0
1000 0 0
1000 0 0
1000 0 0
1000 0 0
1000 0 0
1000 0 0
1000 0 0
1000 0 0
1000 0 0
1000 0 0
1000 0 0
1000 0 0
1000 0 0
1000 0 0
1000 0 0
1000 0 0
1000 0 0
1000 0 0
1000 0 0
1000 0 0
1000 0 0
1000 0 0
1000 0 0
1000 0 0
1000 0 0
1000 0 0
1000 0 0
1000 0 0
1000 0 0
1000 0 0
1000 0 0
1000 0 0
1000 0 0
1000 0 0
1000 0 0
1000 0 0
1000 0 0
1000 0 0
1000 0 0
1000 0 0
1000 0 0
1000 0 0
1000 0 0
1000 0 0
1000 0 0
1000 0 0
1000 0 0
1000 0 0
1000 0 0
1000 0 0
1000 0 0
1000 0 0
1000 0 0
1000 0 0
1000 0 0
1000 0 0
1000 0 0
1000 0 0
1000 0 0
1000 0 0
1000 0 0
1000 0 0
1000 0 0
1000 0 0
1000 0 0
1000 0 0
1000 0 0
1000 0 0
1000 0 0
1000 0 0
1000 0 0
1000 0 0
1000 0 0
1000 0 0
1000 0 0
1000 0 0
1000 0 0
1000 0 0
1000 0 0
1000 0 0
1000 0 0
1000 0 0
1000 0 0
1000 0 0
1000 0 0
1000 0 0
1000 0 0
1000 0 0
1000 0 0
1000 0 0
1000 0 0
1000 0 0
1000 0 0
1000 0 0
1000 0 0
1000 0 0
1000 0 0
1000 0 0
1000 0 0
1000 0 0
1000 0 0
1000 0 0
1000 0 0
1000 0 0
1000 0 0
1000 0 0
1000 0 0
1000 0 0
1000 0 0
1000 0 0
1000 0 0
1000 0 0
1000 0 0
1000 0 0
1000 0 0
1000 0 0
1000 0 0
1000 0 0
1000 0 0
1000 0 0
1000 0 0
1000 0 0
1000 0 0
1000 0 0
1000 0 0
1000 0 0
1000 0 0
1000 0 0
1000 0 0
