995 5 0
994 6 0
992 8 0
987 12 1
973 26 1
962 34 4
945 47 8
919 65 16
883 90 27
848 106 46
807 125 68
775 132 93
739 145 116
715 150 135
688 153 159
662 170 168
645 171 184
615 166 219
591 168 241
563 176 261
542 170 288
528 164 308
514 163 323
497 156 347
491 149 360
485 137 378
478 123 399
477 110 413
470 104 426
471 97 432
468 91 441
461 90 449
460 82 458
463 69 468
469 60 471
476 54 470
483 51 466
481 52 467
485 48 467
487 47 466
484 49 467
489 44 467
496 37 467
501 30 469
505 30 465
514 25 461
516 26 458
517 26 457
519 25 456
524 23 453
531 17 452
540 18 442
542 16 442
544 17 439
543 18 439
549 17 434
548 18 434
560 18 422
564 20 416
565 23 412
571 23 406
572 22 406
571 24 405
573 20 407
574 17 409
581 15 404
584 17 399
589 16 395
590 19 391
591 19 390
597 17 386
599 17 384
604 17 379
609 17 374
614 17 369
618 14 368
624 14 362
625 16 359
630 14 356
631 13 356
634 14 352
641 12 347
645 12 343
648 10 342
653 10 337
660 8 332
665 8 327
664 10 326
668 10 322
675 9 316
682 4 314
684 3 313
687 2 311
692 2 306
695 3 302
700 3 297
706 3 291
713 2 285
714 3 283
718 2 280
723 2 275
728 2 270
731 2 267
739 2 259
741 2 257
743 2 255
746 2 252
750 1 249
753 1 246
759 1 240
764 1 235
772 1 227
776 1 223
778 1 221
781 1 218
782 1 217
784 1 215
785 1 214
789 1 210
791 1 208
794 1 205
797 1 202
802 1 197
805 1 194
806 1 193
807 2 191
808 2 190
809 2 189
811 2 187
812 2 186
813 3 184
819 4 177
817 8 175
808 17 175
809 19 172
806 26 168
797 33 170
788 37 175
784 36 180
776 42 182
767 47 186
763 46 191
752 55 193
747 60 193
736 63 201
725 66 209
718 66 216
711 66 223
701 71 228
696 78 226
692 73 235
683 75 242
674 81 245
656 83 261
651 83 266
640 87 273
632 83 285
622 86 292
619 89 292
609 90 301
603 88 309
604 84 312
601 76 323
600 73 327
596 71 333
593 71 336
591 64 345
588 62 350
589 62 349
584 66 350
585 56 359
587 53 360
581 53 366
574 55 371
574 54 372
565 61 374
561 58 381
557 56 387
556 49 395
558 50 392
558 51 391
559 53 388
558 55 387
556 52 392
551 57 392
551 55 394
550 50 400
551 51 398
550 50 400
552 50 398
548 44 408
554 41 405
557 37 406
564 36 400
572 32 396
577 28 395
579 30 391
583 32 385
583 28 389
587 26 387
593 22 385
595 19 386
599 16 385
605 13 382
610 13 377
616 12 372
620 15 365
622 18 360
624 16 360
629 17 354
632 20 348
635 20 345
639 20 341
641 23 336
647 26 327
652 24 324
651 25 324
650 27 323
647 29 324
650 28 322
643 36 321
646 35 319
643 35 322
636 41 323
635 43 322
640 46 314
635 51 314
632 52 316
635 43 322
634 46 320
628 47 325
624 46 330
617 47 336
619 50 331
618 50 332
630 39 331
631 35 334
628 37 335
628 38 334
623 39 338
624 37 339
628 33 339
633 28 339
634 27 339
639 23 338
643 19 338
647 19 334
650 15 335
651 15 334
664 12 324
670 10 320
674 7 319
678 5 317
681 5 314
687 3 310
696 3 301
698 3 299
707 3 290
711 4 285
715 5 280
718 2 280
725 2 273
726 2 272
730 3 267
733 3 264
732 6 262
730 9 261
729 12 259
731 13 256
735 13 252
733 15 252
726 22 252
720 29 251
711 34 255
713 36 251
704 40 256
697 48 255
690 52 258
683 56 261
670 61 269
662 69 269
648 83 269
641 86 273
627 87 286
614 88 298
598 93 309
585 101 314
578 95 327
570 94 336
567 92 341
558 92 350
556 85 359
554 77 369
555 65 380
555 64 381
554 63 383
549 63 388
544 71 385
542 67 391
540 71 389
539 73 388
539 70 391
543 64 393
540 64 396
534 64 402
537 58 405
538 47 415
538 40 422
537 34 429
539 33 428
542 30 428
541 29 430
550 24 426
557 22 421
563 18 419
562 20 418
570 19 411
571 19 410
575 21 404
582 20 398
585 21 394
588 19 393
592 19 389
596 16 388
596 21 383
600 22 378
604 22 374
605 23 372
606 20 374
616 19 365
626 16 358
629 15 356
632 16 352
635 13 352
643 12 345
649 10 341
655 8 337
659 9 332
665 7 328
671 7 322
678 6 316
683 5 312
688 5 307
695 3 302
702 1 297
705 2 293
709 3 288
712 2 286
718 1 281
721 3 276
725 3 272
728 4 268
730 3 267
734 2 264
736 1 263
739 1 260
743 1 256
744 1 255
747 1 252
750 1 249
753 1 246
757 1 242
763 1 236
763 0 237
765 0 235
766 0 234
770 0 230
775 0 225
778 0 222
785 0 215
789 0 211
791 0 209
794 0 206
795 0 205
798 0 202
802 0 198
804 0 196
805 0 195
806 0 194
808 0 192
813 0 187
817 0 183
819 0 181
824 0 176
826 0 174
828 0 172
831 0 169
833 0 167
833 0 167
839 0 161
843 0 157
845 0 155
846 0 154
847 0 153
850 0 150
855 0 145
857 0 143
861 0 139
864 0 136
865 0 135
866 0 134
869 0 131
871 0 129
871 0 129
875 0 125
875 0 125
878 0 122
880 0 120
882 0 118
888 0 112
889 0 111
889 0 111
892 0 108
896 0 104
896 0 104
897 0 103
900 0 100
901 0 99
902 0 98
903 0 97
903 0 97
906 0 94
906 0 94
908 0 92
910 0 90
911 0 89
913 0 87
913 0 87
914 0 86
917 0 83
919 0 81
920 0 80
921 0 79
921 0 79
924 0 76
924 0 76
928 0 72
929 0 71
929 0 71
933 0 67
934 0 66
936 0 64
938 0 62
939 0 61
940 0 60
942 0 58
944 0 56
944 0 56
944 0 56
945 0 55
946 0 54
946 0 54
947 0 53
948 0 52
951 0 49
952 0 48
954 0 46
955 0 45
955 0 45
956 0 44
956 0 44
956 0 44
957 0 43
959 0 41
961 0 39
962 0 38
962 0 38
962 0 38
962 0 38
962 0 38
963 0 37
963 0 37
963 0 37
964 0 36
968 0 32
969 0 31
969 0 31
969 0 31
969 0 31
969 0 31
971 0 29
973 0 27
974 0 26
974 0 26
974 0 26
974 0 26
975 0 25
976 0 24
976 0 24
977 0 23
978 0 22
978 0 22
978 0 22
978 0 22
980 0 20
981 0 19
981 0 19
981 0 19
981 0 19
981 0 19
982 0 18
982 0 18
982 0 18
982 0 18
982 0 18
982 0 18
982 0 18
982 0 18
982 0 18
983 0 17
983 0 17
983 0 17
983 0 17
983 0 17
983 0 17
983 0 17
984 0 16
985 0 15
985 0 15
986 0 14
987 0 13
987 0 13
987 0 13
987 0 13
987 0 13
987 0 13
987 0 13
988 0 12
988 0 12
989 0 11
989 0 11
989 0 11
989 0 11
989 0 11
989 0 11
989 0 11
989 0 11
989 0 11
990 0 10
990 0 10
990 0 10
990 0 10
990 0 10
990 0 10
990 0 10
990 0 10
990 0 10
990 0 10
990 0 10
990 0 10
990 0 10
990 0 10
991 0 9
991 0 9
991 0 9
991 0 9
991 0 9
991 0 9
991 0 9
991 0 9
991 0 9
991 0 9
991 0 9
991 0 9
991 0 9
991 0 9
991 0 9
991 0 9
991 0 9
991 0 9
991 0 9
991 0 9
991 0 9
991 0 9
991 0 9
991 0 9
991 0 9
991 0 9
991 0 9
991 0 9
991 0 9
991 0 9
991 0 9
991 0 9
991 0 9
991 0 9
992 0 8
992 0 8
992 0 8
992 0 8
992 0 8
993 0 7
993 0 7
993 0 7
993 0 7
993 0 7
993 0 7
993 0 7
993 0 7
993 0 7
993 0 7
993 0 7
993 0 7
993 0 7
993 0 7
993 0 7
993 0 7
993 0 7
993 0 7
994 0 6
994 0 6
994 0 6
994 0 6
994 0 6
994 0 6
994 0 6
994 0 6
994 0 6
994 0 6
995 0 5
995 0 5
995 0 5
995 0 5
996 0 4
996 0 4
996 0 4
996 0 4
996 0 4
996 0 4
996 0 4
997 0 3
997 0 3
997 0 3
997 0 3
997 0 3
997 0 3
997 0 3
997 0 3
997 0 3
997 0 3
997 0 3
997 0 3
997 0 3
997 0 3
997 0 3
997 0 3
997 0 3
997 0 3
997 0 3
997 0 3
997 0 3
997 0 3
997 0 3
997 0 3
997 0 3
998 0 2
998 0 2
999 0 1
999 0 1
1000 0 0
1000 0 0
1000 0 0
1000 0 0
1000 0 0
1000 0 0
1000 0 0
1000 0 0
1000 0 0
1000 0 0
1000 0 0
1000 0 0
1000 0 0
1000 0 0
1000 0 0
1000 0 0
1000 0 0
1000 0 0
1000 0 0
1000 0 0
1000 0 0
1000 0 0
1000 0 0
1000 0 0
1000 0 0
1000 0 0
1000 0 0
1000 0 0
1000 0 0
1000 0 0
1000 0 0
1000 0 0
1000 0 0
1000 0 0
1000 0 0
1000 0 0
1000 0 0
1000 0 0
1000 0 0
1000 0 0
1000 0 0
1000 0 0
1000 0 0
1000 0 0
1000 0 0
1000 0 0
1000 0 0
1000 0 0
1000 0 0
1000 0 0
1000 0 0
1000 0 0
1000 0 0
1000 0 0
1000 0 0
1000 0 0
1000 0 0
1000 0 0
1000 0 0
1000 0 0
1000 0 0
1000 0 0
1000 0 0
1000 0 0
1000 0 0
1000 0 0
1000 0 0
1000 0 0
1000 0 0
1000 0 0
1000 0 0
1000 0 0
1000 0 0
1000 0 0
1000 0 0
1000 0 0
1000 0 0
1000 0 0
1000 0 0
1000 0 0
1000 0 0
1000 0 0
1000 0 0
1000 0 0
1000 0 0
1000 0 0
1000 0 0
1000 0 0
1000 0 0
1000 0 0
1000 0 0
1000 0 0
1000 0 0
1000 0 0
1000 0 0
1000 0 0
1000 0 0
1000 0 0
1000 0 0
1000 0 0
1000 0 0
1000 0 0
1000 0 0
1000 0 0
1000 0 0
1000 0 0
1000 0 0
1000 0 0
1000 0 0
1000 0 0
1000 0 0
1000 0 0
1000 0 0
1000 0 0
1000 0 0
1000 0 0
1000 0 0
1000 0 0
1000 0 0
1000 0 0
1000 0 0
1000 0 0
1000 0 0
1000 0 0
1000 0 0
1000 0 0
1000 0 0
1000 0 0
1000 0 0
1000 0 0
1000 0 0
1000 0 0
1000 0 0
1000 0 0
1000 0 0
1000 0 0
1000 0 0
1000 0 0
1000 0 0
1000 0 0
1000 0 0
1000 0 0
1000 0 0
1000 0 0
1000 0 0
1000 0 0
1000 0 0
1000 0 0
1000 0 0
1000 0 0
1000 0 0
1000 0 0
1000 0 0
1000 0 0
1000 0 0
1000 0 0
1000 0 0
1000 0 0
1000 0 0
1000 0 0
1000 0 0
1000 0 0
1000 0 0
1000 0 0
1000 0 0
1000 0 0
1000 0 0
1000 0 0
1000 0 0
1000 0 0
1000 0 0
1000 0 0
1000 0 0
1000 0 0
1000 0 0
1000 0 0
1000 0 0
1000 0 0
1000 0 0
1000 0 0
1000 0 0
1000 0 0
1000 0 0
1000 0 0
1000 0 0
1000 0 0
1000 0 0
1000 0 0
1000 0 0
1000 0 0
1000 0 0
1000 0 0
1000 0 0
1000 0 0
1000 0 0
1000 0 0
1000 0 0
1000 0 0
1000 0 0
1000 0 0
1000 0 0
1000 0 0
1000 0 0
1000 0 0
1000 0 0
1000 0 0
1000 0 0
1000 0 0
1000 0 0
1000 0 0
1000 0 0
1000 0 0
1000 0 0
1000 0 0
1000 0 0
1000 0 0
1000 0 0
1000 0 0
1000 0 0
1000 0 0
1000 0 0
1000 0 0
1000 0 0
1000 0 0
1000 0 0
1000 0 0
1000 0 0
1000 0 0
1000 0 0
1000 0 0
1000 0 0
1000 0 0
1000 0 0
1000 0 0
1000 0 0
1000 0 0
1000 0 0
1000 0 0
1000 0 0
1000 0 0
1000 0 0
1000 0 0
1000 0 0
1000 0 0
1000 0 0
1000 0 0
1000 0 0
1000 0 0
1000 0 0
1000 0 0
1000 0 0
1000 0 0
1000 0 0
1000 0 0
1000 0 0
1000 0 0
1000 0 0
1000 0 0
1000 0 0
1000 0 0
1000 0 0
1000 0 0
1000 0 0
1000 0 0
1000 0 0
1000 0 0
1000 0 0
1000 0 0
1000 0 0
1000 0 0
1000 0 0
1000 0 0
1000 0 0
1000 0 0
1000 0 0
1000 0 0
1000 0 0
1000 0 0
1000 0 0
1000 0 0
1000 0 0
1000 0 0
1000 0 0
1000 0 0
1000 0 0
1000 0 0
1000 0 0
1000 0 0
1000 0 0
1000 0 0
1000 0 0
1000 0 0
1000 0 0
1000 0 0
1000 0 0
1000 0 0
1000 0 0
1000 0 0
1000 0 0
1000 0 0
1000 0 0
1000 0 0
1000 0 0
1000 0 0
1000 0 0
1000 0 0
1000 0 0
1000 0 0
1000 0 0
1000 0 0
1000 0 0
1000 0 0
1000 0 0
1000 0 0
1000 0 0
1000 0 0
1000 0 0
1000 0 0
1000 0 0
1000 0 0
1000 0 0
1000 0 0
1000 0 0
1000 0 0
1000 0 0
1000 0 0
1000 0 0
1000 0 0
1000 0 0
1000 0 0
1000 0 0
1000 0 0
1000 0 0
1000 0 0
1000 0 0
1000 0 0
1000 0 0
1000 0 0
1000 0 0
1000 0 0
1000 0 0
1000 0 0
