1000 0 0
1000 0 0
994 6 0
993 6 1
993 6 1
992 5 3
985 9 6
968 23 9
956 33 11
947 38 15
938 44 18
932 47 21
923 48 29
913 49 38
893 61 46
867 80 53
846 92 62
827 91 82
801 101 98
776 116 108
740 140 120
713 145 142
689 144 167
677 136 187
658 144 198
644 140 216
635 126 239
629 114 257
626 99 275
618 104 278
609 97 294
604 93 303
603 95 302
595 93 312
594 90 316
587 88 325
587 82 331
586 77 337
578 78 344
574 77 349
567 82 351
560 79 361
551 80 369
548 74 378
546 75 379
544 68 388
540 71 389
539 70 391
543 65 392
540 68 392
535 71 394
534 65 401
535 57 408
541 46 413
543 43 414
545 41 414
543 40 417
545 42 413
544 37 419
545 39 416
544 39 417
549 36 415
548 34 418
549 35 416
554 31 415
555 31 414
555 36 409
560 31 409
568 30 402
568 31 401
572 29 399
571 33 396
570 33 397
573 29 398
570 37 393
567 34 399
574 30 396
575 33 392
579 31 390
580 31 389
581 28 391
590 24 386
595 27 378
590 32 378
591 33 376
594 31 375
594 29 377
599 24 377
598 24 378
608 21 371
617 18 365
621 19 360
624 19 357
626 19 355
627 16 357
625 17 358
626 18 356
629 17 354
634 16 350
633 16 351
637 18 345
637 18 345
640 18 342
644 19 337
650 18 332
655 14 331
661 14 325
666 12 322
668 10 322
674 9 317
680 6 314
681 7 312
686 7 307
692 8 300
695 8 297
695 9 296
698 10 292
702 10 288
702 12 286
703 14 283
710 14 276
709 19 272
712 20 268
713 19 268
711 23 266
711 21 268
710 24 266
712 22 266
704 29 267
709 30 261
715 26 259
715 25 260
716 26 258
714 31 255
709 31 260
706 32 262
705 37 258
703 39 258
703 33 264
704 30 266
706 29 265
706 30 264
706 32 262
708 33 259
707 35 258
704 37 259
706 37 257
706 38 256
697 43 260
697 39 264
701 34 265
702 32 266
704 32 264
704 30 266
704 30 266
695 38 267
699 40 261
699 42 259
683 53 264
681 48 271
677 46 277
676 43 281
679 43 278
680 38 282
680 30 290
683 28 289
685 27 288
691 27 282
689 28 283
688 32 280
682 37 281
688 35 277
682 40 278
690 31 279
692 27 281
696 25 279
693 29 278
696 30 274
694 33 273
699 29 272
704 33 263
701 35 264
704 31 265
701 35 264
694 45 261
687 47 266
685 48 267
685 44 271
684 40 276
688 39 273
682 44 274
677 43 280
677 44 279
676 44 280
672 46 282
673 45 282
669 46 285
665 44 291
672 45 283
675 36 289
680 32 288
683 32 285
692 27 281
692 31 277
690 32 278
691 33 276
693 33 274
692 35 273
693 33 274
683 38 279
683 36 281
685 33 282
683 33 284
670 40 290
666 46 288
658 54 288
650 60 290
646 60 294
647 60 293
638 58 304
630 56 314
631 56 313
632 51 317
631 45 324
626 46 328
624 42 334
619 40 341
612 43 345
612 45 343
612 40 348
612 43 345
609 44 347
604 44 352
605 37 358
599 39 362
593 40 367
592 34 374
592 38 370
591 38 371
592 39 369
598 33 369
600 35 365
600 40 360
600 43 357
596 40 364
602 34 364
604 33 363
606 30 364
610 28 362
615 27 358
615 28 357
616 26 358
623 23 354
627 21 352
636 20 344
635 21 344
637 22 341
647 19 334
651 18 331
659 15 326
668 15 317
670 16 314
677 15 308
685 12 303
687 12 301
693 11 296
695 11 294
696 13 291
701 12 287
704 12 284
704 13 283
706 11 283
703 14 283
708 13 279
715 12 273
714 15 271
713 18 269
716 18 266
719 17 264
714 21 265
711 26 263
709 27 264
706 27 267
706 27 267
708 27 265
711 25 264
711 24 265
707 21 272
707 17 276
708 16 276
708 15 277
709 16 275
711 14 275
710 15 275
711 17 272
709 22 269
710 26 264
709 26 265
707 27 266
707 24 269
707 25 268
713 24 263
715 23 262
717 20 263
717 21 262
721 17 262
721 18 261
724 16 260
727 14 259
727 13 260
731 14 255
728 18 254
728 23 249
723 28 249
723 29 248
722 32 246
715 36 249
712 41 247
711 40 249
704 44 252
698 48 254
685 56 259
681 54 265
667 60 273
655 69 276
645 73 282
640 71 289
634 65 301
628 63 309
624 64 312
624 55 321
627 56 317
626 53 321
629 51 320
624 52 324
621 52 327
618 53 329
614 53 333
610 55 335
606 53 341
610 55 335
605 60 335
601 57 342
600 55 345
590 60 350
592 52 356
593 45 362
598 39 363
599 32 369
603 33 364
611 28 361
619 24 357
618 23 359
627 19 354
634 17 349
637 14 349
642 13 345
648 10 342
651 9 340
653 9 338
658 8 334
662 7 331
670 5 325
673 5 322
675 5 320
683 4 313
688 4 308
692 4 304
695 4 301
698 4 298
705 4 291
711 3 286
715 3 282
718 3 279
720 2 278
726 2 272
734 1 265
738 1 261
743 1 256
748 1 251
755 1 244
759 0 241
761 0 239
766 0 234
770 0 230
773 0 227
774 0 226
780 0 220
787 0 213
792 0 208
796 0 204
798 0 202
800 0 200
803 0 197
810 0 190
812 0 188
815 0 185
819 0 181
822 0 178
825 0 175
827 0 173
833 0 167
836 0 164
838 0 162
840 0 160
844 0 156
847 0 153
851 0 149
856 0 144
856 0 144
860 0 140
863 0 137
863 0 137
864 0 136
865 0 135
868 0 132
872 0 128
874 0 126
879 0 121
880 0 120
880 0 120
882 0 118
883 0 117
886 0 114
889 0 111
891 0 109
891 0 109
893 0 107
893 0 107
893 0 107
895 0 105
896 0 104
899 0 101
900 0 100
902 0 98
904 0 96
906 0 94
909 0 91
910 0 90
911 0 89
913 0 87
916 0 84
917 0 83
917 0 83
921 0 79
924 0 76
924 0 76
927 0 73
927 0 73
927 0 73
930 0 70
932 0 68
933 0 67
935 0 65
935 0 65
935 0 65
935 0 65
935 0 65
936 0 64
936 0 64
936 0 64
936 0 64
936 0 64
936 0 64
937 0 63
938 0 62
939 0 61
941 0 59
942 0 58
943 0 57
945 0 55
946 0 54
947 0 53
947 0 53
949 0 51
950 0 50
953 0 47
954 0 46
954 0 46
955 0 45
955 0 45
956 0 44
957 0 43
957 0 43
957 0 43
957 0 43
958 0 42
958 0 42
958 0 42
959 0 41
959 0 41
959 0 41
959 0 41
959 0 41
960 0 40
964 0 36
964 0 36
964 0 36
967 0 33
967 0 33
968 0 32
968 0 32
969 0 31
969 0 31
970 0 30
970 0 30
971 0 29
971 0 29
971 0 29
971 0 29
971 0 29
972 0 28
973 0 27
973 0 27
973 0 27
974 0 26
974 0 26
974 0 26
974 0 26
974 0 26
975 0 25
975 0 25
976 0 24
977 0 23
977 0 23
977 0 23
977 0 23
977 0 23
978 0 22
978 0 22
980 0 20
981 0 19
981 0 19
981 0 19
982 0 18
982 0 18
982 0 18
982 0 18
982 0 18
982 0 18
983 0 17
983 0 17
983 0 17
983 0 17
984 0 16
984 0 16
984 0 16
984 0 16
985 0 15
986 0 14
986 0 14
986 0 14
988 0 12
989 0 11
989 0 11
990 0 10
990 0 10
990 0 10
991 0 9
991 0 9
991 0 9
991 0 9
991 0 9
991 0 9
991 0 9
991 0 9
991 0 9
991 0 9
991 0 9
991 0 9
991 0 9
991 0 9
992 0 8
992 0 8
992 0 8
992 0 8
992 0 8
992 0 8
992 0 8
992 0 8
992 0 8
992 0 8
992 0 8
992 0 8
993 0 7
994 0 6
994 0 6
994 0 6
994 0 6
994 0 6
994 0 6
994 0 6
994 0 6
994 0 6
994 0 6
994 0 6
994 0 6
994 0 6
994 0 6
994 0 6
994 0 6
994 0 6
995 0 5
995 0 5
995 0 5
995 0 5
995 0 5
995 0 5
995 0 5
995 0 5
995 0 5
995 0 5
995 0 5
995 0 5
995 0 5
995 0 5
995 0 5
995 0 5
995 0 5
995 0 5
995 0 5
995 0 5
995 0 5
996 0 4
996 0 4
996 0 4
997 0 3
997 0 3
997 0 3
997 0 3
997 0 3
997 0 3
997 0 3
997 0 3
997 0 3
997 0 3
997 0 3
997 0 3
997 0 3
997 0 3
997 0 3
997 0 3
997 0 3
997 0 3
997 0 3
997 0 3
997 0 3
997 0 3
997 0 3
997 0 3
997 0 3
997 0 3
997 0 3
997 0 3
997 0 3
997 0 3
997 0 3
997 0 3
997 0 3
997 0 3
997 0 3
997 0 3
997 0 3
997 0 3
997 0 3
997 0 3
997 0 3
997 0 3
997 0 3
997 0 3
997 0 3
997 0 3
997 0 3
997 0 3
997 0 3
997 0 3
997 0 3
997 0 3
997 0 3
997 0 3
997 0 3
997 0 3
997 0 3
997 0 3
998 0 2
998 0 2
998 0 2
998 0 2
998 0 2
998 0 2
998 0 2
998 0 2
998 0 2
998 0 2
998 0 2
998 0 2
998 0 2
998 0 2
999 0 1
999 0 1
999 0 1
999 0 1
999 0 1
999 0 1
999 0 1
999 0 1
999 0 1
999 0 1
999 0 1
999 0 1
999 0 1
999 0 1
999 0 1
999 0 1
999 0 1
999 0 1
999 0 1
999 0 1
999 0 1
999 0 1
999 0 1
999 0 1
999 0 1
999 0 1
999 0 1
999 0 1
999 0 1
999 0 1
999 0 1
999 0 1
999 0 1
999 0 1
999 0 1
999 0 1
999 0 1
999 0 1
999 0 1
999 0 1
999 0 1
999 0 1
999 0 1
999 0 1
999 0 1
999 0 1
999 0 1
999 0 1
999 0 1
999 0 1
999 0 1
999 0 1
999 0 1
999 0 1
999 0 1
999 0 1
999 0 1
999 0 1
999 0 1
999 0 1
999 0 1
999 0 1
999 0 1
999 0 1
999 0 1
999 0 1
999 0 1
999 0 1
999 0 1
999 0 1
999 0 1
999 0 1
999 0 1
999 0 1
999 0 1
999 0 1
999 0 1
999 0 1
999 0 1
999 0 1
999 0 1
999 0 1
999 0 1
999 0 1
999 0 1
999 0 1
999 0 1
999 0 1
999 0 1
999 0 1
999 0 1
999 0 1
999 0 1
999 0 1
999 0 1
999 0 1
999 0 1
999 0 1
999 0 1
999 0 1
999 0 1
999 0 1
999 0 1
999 0 1
999 0 1
999 0 1
999 0 1
999 0 1
999 0 1
999 0 1
999 0 1
999 0 1
999 0 1
999 0 1
999 0 1
999 0 1
999 0 1
999 0 1
999 0 1
999 0 1
999 0 1
999 0 1
999 0 1
999 0 1
999 0 1
999 0 1
999 0 1
999 0 1
999 0 1
999 0 1
999 0 1
999 0 1
999 0 1
999 0 1
999 0 1
999 0 1
999 0 1
999 0 1
999 0 1
999 0 1
999 0 1
999 0 1
999 0 1
999 0 1
999 0 1
999 0 1
999 0 1
999 0 1
999 0 1
999 0 1
999 0 1
999 0 1
999 0 1
999 0 1
999 0 1
999 0 1
999 0 1
999 0 1
999 0 1
999 0 1
999 0 1
999 0 1
999 0 1
999 0 1
999 0 1
999 0 1
999 0 1
999 0 1
999 0 1
999 0 1
999 0 1
999 0 1
999 0 1
999 0 1
999 0 1
999 0 1
999 0 1
999 0 1
999 0 1
999 0 1
999 0 1
999 0 1
999 0 1
999 0 1
999 0 1
999 0 1
999 0 1
999 0 1
999 0 1
999 0 1
999 0 1
999 0 1
999 0 1
999 0 1
999 0 1
999 0 1
999 0 1
999 0 1
999 0 1
999 0 1
999 0 1
999 0 1
1000 0 0
1000 0 0
1000 0 0
1000 0 0
1000 0 0
1000 0 0
1000 0 0
1000 0 0
1000 0 0
1000 0 0
1000 0 0
1000 0 0
1000 0 0
1000 0 0
1000 0 0
1000 0 0
1000 0 0
1000 0 0
1000 0 0
1000 0 0
1000 0 0
1000 0 0
1000 0 0
1000 0 0
1000 0 0
1000 0 0
1000 0 0
1000 0 0
1000 0 0
1000 0 0
1000 0 0
1000 0 0
1000 0 0
1000 0 0
1000 0 0
1000 0 0
1000 0 0
1000 0 0
1000 0 0
1000 0 0
1000 0 0
1000 0 0
1000 0 0
1000 0 0
1000 0 0
1000 0 0
1000 0 0
1000 0 0
1000 0 0
1000 0 0
1000 0 0
1000 0 0
1000 0 0
1000 0 0
1000 0 0
1000 0 0
1000 0 0
1000 0 0
1000 0 0
1000 0 0
1000 0 0
1000 0 0
1000 0 0
1000 0 0
1000 0 0
1000 0 0
1000 0 0
1000 0 0
1000 0 0
1000 0 0
1000 0 0
1000 0 0
1000 0 0
1000 0 0
1000 0 0
1000 0 0
1000 0 0
1000 0 0
1000 0 0
1000 0 0
1000 0 0
1000 0 0
1000 0 0
1000 0 0
1000 0 0
1000 0 0
1000 0 0
1000 0 0
1000 0 0
1000 0 0
1000 0 0
1000 0 0
1000 0 0
1000 0 0
1000 0 0
1000 0 0
1000 0 0
1000 0 0
1000 0 0
1000 0 0
1000 0 0
