995 5 0
993 5 2
990 7 3
985 11 4
979 14 7
975 16 9
961 25 14
947 34 19
936 40 24
908 65 27
879 81 40
855 96 49
810 120 70
778 134 88
751 140 109
733 132 135
713 121 166
692 128 180
674 128 198
658 130 212
656 118 226
645 111 244
637 106 257
630 96 274
623 92 285
621 84 295
614 80 306
611 75 314
607 77 316
599 74 327
591 73 336
590 66 344
586 66 348
588 58 354
587 54 359
590 45 365
598 40 362
604 39 357
611 32 357
619 29 352
622 25 353
632 26 342
634 26 340
638 21 341
637 21 342
642 18 340
650 14 336
650 15 335
654 13 333
656 11 333
656 13 331
661 13 326
666 16 318
670 12 318
673 11 316
680 11 309
682 10 308
685 12 303
690 13 297
696 10 294
700 13 287
702 12 286
703 16 281
706 15 279
708 16 276
707 20 273
701 23 276
702 23 275
703 25 272
708 25 267
708 28 264
709 28 263
713 29 258
714 32 254
717 32 251
719 30 251
718 28 254
711 29 260
710 30 260
706 34 260
699 38 263
699 42 259
695 39 266
699 36 265
696 39 265
695 40 265
695 37 268
692 34 274
692 30 278
695 27 278
699 27 274
696 28 276
696 27 277
698 27 275
702 30 268
699 34 267
698 37 265
696 39 265
691 42 267
688 41 271
686 42 272
687 39 274
683 37 280
679 36 285
680 35 285
679 37 284
672 44 284
671 40 289
667 44 289
665 45 290
667 41 292
670 44 286
670 41 289
671 36 293
673 27 300
677 26 297
677 24 299
675 27 298
679 27 294
685 28 287
691 28 281
686 29 285
687 32 281
689 30 281
690 32 278
689 32 279
687 36 277
685 40 275
678 39 283
678 39 283
674 42 284
671 42 287
669 37 294
663 44 293
663 43 294
663 42 295
655 46 299
650 46 304
647 41 312
644 38 318
643 40 317
644 38 318
640 41 319
636 42 322
639 33 328
639 35 326
644 31 325
646 25 329
650 26 324
653 20 327
660 16 324
665 16 319
667 16 317
671 15 314
675 17 308
677 17 306
676 15 309
679 15 306
680 16 304
687 16 297
685 16 299
689 15 296
690 17 293
694 15 291
697 18 285
699 14 287
702 11 287
703 11 286
707 9 284
712 8 280
715 6 279
720 7 273
728 7 265
735 3 262
739 4 257
738 5 257
740 5 255
747 5 248
749 6 245
751 11 238
755 15 230
752 15 233
741 26 233
739 25 236
734 30 236
728 38 234
719 48 233
715 46 239
706 53 241
699 56 245
694 57 249
682 55 263
675 57 268
664 65 271
655 68 277
649 67 284
638 71 291
630 74 296
625 73 302
619 69 312
615 69 316
605 74 321
611 67 322
605 72 323
601 71 328
604 64 332
607 61 332
606 57 337
603 58 339
604 55 341
609 49 342
611 46 343
613 46 341
619 43 338
622 41 337
618 47 335
612 48 340
607 48 345
601 48 351
599 43 358
600 42 358
603 42 355
609 41 350
608 41 351
616 36 348
617 34 349
618 36 346
616 38 346
615 37 348
614 33 353
611 37 352
619 34 347
621 38 341
606 51 343
600 52 348
593 50 357
594 47 359
598 46 356
595 50 355
589 53 358
586 55 359
592 56 352
589 56 355
587 49 364
590 46 364
589 45 366
589 42 369
583 42 375
583 37 380
583 34 383
590 31 379
595 31 374
597 28 375
595 31 374
597 28 375
605 24 371
609 25 366
609 24 367
606 25 369
604 28 368
608 33 359
607 33 360
609 29 362
608 29 363
612 26 362
615 24 361
618 22 360
620 22 358
628 17 355
631 16 353
635 12 353
644 12 344
650 14 336
651 13 336
656 9 335
663 7 330
665 8 327
670 5 325
674 5 321
676 6 318
680 6 314
685 7 308
695 6 299
695 5 300
698 8 294
702 9 289
708 10 282
708 12 280
704 12 284
703 15 282
702 14 284
704 11 285
705 11 284
707 9 284
715 9 276
718 10 272
721 11 268
723 13 264
725 13 262
728 9 263
731 10 259
730 11 259
731 11 258
732 12 256
739 10 251
743 9 248
745 11 244
746 13 241
751 12 237
749 14 237
753 12 235
753 12 235
758 10 232
760 12 228
759 13 228
763 12 225
765 13 222
761 18 221
759 24 217
760 26 214
759 29 212
758 32 210
760 26 214
759 27 214
756 31 213
757 31 212
755 33 212
755 33 212
756 34 210
756 33 211
749 38 213
744 37 219
740 38 222
741 34 225
742 30 228
740 26 234
742 21 237
739 23 238
736 26 238
737 25 238
731 28 241
732 26 242
727 34 239
723 38 239
720 39 241
720 36 244
715 37 248
715 38 247
714 37 249
717 38 245
715 39 246
716 34 250
714 35 251
712 35 253
712 34 254
710 33 257
706 37 257
710 36 254
710 38 252
708 39 253
707 40 253
707 37 256
705 35 260
703 39 258
697 44 259
691 46 263
684 47 269
680 52 268
674 50 276
675 50 275
674 55 271
669 55 276
666 50 284
664 52 284
659 49 292
653 56 291
650 55 295
644 60 296
640 61 299
639 60 301
640 53 307
640 52 308
634 52 314
632 53 315
626 48 326
628 42 330
636 38 326
637 40 323
640 40 320
638 36 326
639 37 324
643 36 321
642 40 318
643 39 318
644 39 317
641 40 319
636 41 323
634 44 322
630 49 321
622 52 326
613 58 329
610 59 331
607 55 338
604 54 342
602 58 340
597 56 347
596 52 352
591 54 355
582 58 360
577 62 361
574 56 370
571 57 372
568 55 377
570 51 379
573 46 381
576 45 379
578 42 380
581 41 378
584 39 377
582 36 382
585 36 379
586 32 382
585 37 378
583 39 378
581 43 376
584 45 371
583 47 370
589 42 369
593 33 374
598 31 371
604 30 366
610 25 365
611 25 364
609 26 365
614 25 361
622 25 353
623 27 350
624 27 349
626 30 344
625 27 348
626 28 346
632 25 343
635 25 340
637 24 339
633 28 339
633 32 335
624 35 341
626 33 341
628 31 341
629 32 339
631 32 337
631 30 339
635 31 334
639 30 331
648 27 325
646 28 326
643 27 330
645 27 328
645 29 326
641 34 325
642 34 324
635 42 323
622 55 323
616 60 324
612 64 324
607 62 331
609 60 331
605 54 341
608 45 347
607 45 348
608 45 347
610 41 349
612 36 352
616 34 350
622 33 345
620 36 344
620 30 350
623 27 350
623 29 348
621 34 345
623 31 346
627 30 343
628 25 347
628 21 351
631 25 344
638 23 339
637 20 343
639 21 340
639 26 335
641 21 338
642 21 337
644 22 334
645 21 334
647 21 332
650 20 330
653 18 329
660 18 322
665 14 321
669 14 317
671 15 314
678 13 309
679 12 309
683 11 306
683 15 302
689 15 296
693 14 293
700 11 289
703 12 285
707 12 281
710 12 278
714 9 277
714 11 275
714 12 274
719 8 273
722 9 269
727 9 264
729 8 263
731 9 260
738 10 252
734 13 253
735 13 252
736 14 250
739 16 245
738 15 247
742 16 242
746 18 236
742 21 237
742 22 236
739 26 235
738 29 233
733 30 237
732 32 236
734 26 240
729 27 244
732 25 243
728 26 246
726 27 247
726 30 244
724 27 249
715 34 251
709 35 256
702 39 259
698 42 260
693 47 260
690 48 262
687 47 266
679 47 274
687 47 266
683 48 269
686 45 269
680 46 274
676 53 271
676 57 267
666 57 277
658 56 286
653 54 293
649 53 298
647 51 302
639 52 309
645 52 303
641 55 304
638 53 309
633 58 309
629 60 311
633 57 310
634 51 315
630 47 323
624 49 327
622 57 321
618 64 318
613 65 322
604 72 324
597 62 341
593 57 350
597 55 348
602 51 347
597 48 355
599 44 357
599 43 358
600 39 361
595 46 359
593 40 367
595 37 368
605 31 364
608 28 364
609 28 363
615 26 359
616 26 358
620 23 357
625 27 348
628 27 345
631 24 345
637 23 340
643 21 336
643 23 334
647 23 330
652 20 328
651 20 329
656 18 326
663 17 320
663 19 318
666 20 314
666 22 312
668 21 311
666 21 313
661 26 313
660 26 314
658 24 318
658 25 317
660 23 317
663 25 312
669 19 312
670 20 310
672 20 308
677 18 305
680 19 301
681 15 304
687 12 301
695 7 298
700 6 294
703 4 293
707 4 289
712 4 284
717 5 278
718 6 276
725 6 269
726 9 265
728 6 266
731 5 264
733 4 263
735 4 261
739 3 258
743 3 254
748 3 249
751 3 246
758 2 240
761 2 237
765 2 233
772 2 226
774 1 225
779 0 221
784 0 216
788 0 212
791 0 209
795 0 205
796 0 204
806 0 194
811 0 189
813 0 187
817 0 183
821 0 179
823 0 177
831 0 169
834 0 166
835 0 165
838 0 162
839 0 161
843 0 157
847 0 153
851 0 149
855 0 145
857 0 143
861 0 139
865 0 135
866 0 134
866 1 133
868 1 131
870 1 129
870 1 129
875 1 124
877 2 121
877 2 121
877 1 122
879 1 120
881 1 118
882 0 118
884 0 116
886 0 114
887 0 113
890 0 110
893 0 107
896 0 104
897 1 102
902 0 98
904 0 96
905 0 95
904 1 95
904 0 96
907 0 93
908 0 92
912 0 88
913 0 87
912 1 87
913 2 85
912 4 84
909 8 83
908 9 83
905 12 83
904 12 84
904 11 85
902 11 87
899 16 85
895 21 84
895 20 85
889 27 84
879 32 89
869 36 95
862 38 100
856 39 105
841 47 112
821 55 124
810 59 131
793 73 134
773 82 145
761 81 158
742 93 165
730 100 170
714 96 190
694 103 203
685 108 207
675 105 220
664 108 228
651 103 246
645 89 266
638 85 277
634 79 287
627 72 301
627 66 307
629 62 309
624 64 312
622 68 310
623 62 315
623 56 321
625 56 319
621 62 317
616 62 322
609 60 331
606 60 334
610 53 337
609 54 337
607 56 337
605 53 342
604 51 345
600 53 347
604 50 346
606 45 349
603 44 353
610 35 355
613 35 352
623 28 349
625 28 347
631 23 346
631 24 345
637 20 343
638 21 341
641 18 341
644 19 337
647 15 338
651 12 337
660 10 330
666 9 325
671 7 322
677 5 318
683 4 313
687 5 308
693 6 301
695 6 299
699 6 295
704 4 292
708 2 290
715 1 284
721 1 278
730 2 268
733 2 265
741 2 257
742 2 256
744 2 254
746 4 250
746 5 249
749 3 248
754 3 243
763 3 234
768 3 229
770 3 227
774 3 223
778 3 219
782 4 214
782 2 216
790 3 207
795 5 200
799 5 196
805 5 190
809 4 187
814 5 181
813 5 182
814 6 180
817 6 177
816 8 176
817 10 173
819 10 171
818 12 170
811 12 177
809 15 176
805 20 175
798 29 173
795 27 178
787 31 182
783 36 181
778 42 180
768 49 183
763 48 189
754 54 192
742 64 194
740 66 194
726 70 204
716 75 209
711 74 215
702 72 226
689 72 239
678 72 250
669 72 259
663 76 261
658 76 266
651 74 275
649 72 279
647 63 290
646 57 297
646 52 302
652 41 307
653 40 307
654 40 306
656 34 310
663 32 305
665 32 303
666 32 302
667 32 301
672 30 298
667 33 300
667 32 301
667 33 300
670 30 300
660 38 302
656 33 311
656 30 314
659 25 316
656 31 313
656 30 314
659 31 310
662 27 311
667 25 308
669 23 308
667 22 311
670 21 309
670 22 308
670 24 306
672 27 301
671 33 296
668 35 297
668 38 294
665 34 301
670 29 301
670 27 303
667 29 304
668 29 303
669 27 304
673 30 297
674 29 297
675 30 295
675 30 295
677 28 295
675 30 295
679 27 294
685 26 289
688 25 287
685 22 293
683 29 288
683 30 287
681 30 289
681 29 290
684 25 291
686 22 292
687 16 297
695 10 295
702 6 292
705 6 289
712 6 282
715 6 279
718 6 276
724 4 272
726 4 270
732 7 261
738 7 255
741 5 254
744 6 250
753 6 241
755 4 241
761 4 235
765 5 230
768 5 227
769 6 225
773 7 220
776 6 218
778 4 218
782 6 212
786 6 208
786 7 207
789 7 204
791 7 202
792 7 201
794 5 201
797 6 197
799 4 197
800 5 195
800 7 193
803 9 188
807 10 183
809 9 182
809 10 181
810 8 182
814 11 175
818 11 171
820 10 170
818 9 173
819 7 174
821 8 171
821 8 171
827 7 166
823 10 167
826 10 164
828 6 166
830 4 166
829 5 166
832 5 163
832 6 162
832 5 163
832 5 163
836 6 158
838 8 154
840 8 152
839 12 149
843 12 145
832 24 144
830 25 145
827 31 142
817 36 147
806 47 147
793 55 152
776 64 160
761 72 167
745 86 169
732 85 183
723 82 195
712 83 205
693 89 218
680 98 222
669 100 231
656 101 243
643 100 257
627 99 274
620 96 284
617 91 292
610 80 310
610 70 320
612 67 321
616 64 320
613 63 324
616 52 332
610 50 340
605 50 345
604 51 345
609 48 343
610 41 349
615 39 346
615 42 343
621 38 341
627 38 335
630 38 332
639 31 330
643 33 324
645 35 320
648 33 319
648 28 324
648 27 325
651 22 327
654 21 325
658 22 320
655 24 321
657 23 320
659 27 314
661 31 308
660 36 304
654 40 306
652 43 305
640 54 306
635 57 308
626 57 317
621 59 320
625 59 316
619 64 317
609 61 330
608 54 338
