995 5 0
995 3 2
994 2 4
994 2 4
994 3 3
993 4 3
988 9 3
982 12 6
967 21 12
956 30 14
938 43 19
929 47 24
916 54 30
898 64 38
879 74 47
864 78 58
846 80 74
833 76 91
808 84 108
779 96 125
761 97 142
738 111 151
721 113 166
682 134 184
662 138 200
648 135 217
636 136 228
621 136 243
614 123 263
605 114 281
592 111 297
583 109 308
568 108 324
564 109 327
560 100 340
552 94 354
551 86 363
546 86 368
540 87 373
530 89 381
531 78 391
525 78 397
522 82 396
519 77 404
514 73 413
515 79 406
505 83 412
498 79 423
492 76 432
486 69 445
483 68 449
479 75 446
478 65 457
482 68 450
487 61 452
487 61 452
492 55 453
487 60 453
488 53 459
492 49 459
495 50 455
499 45 456
501 40 459
504 43 453
507 42 451
514 41 445
513 38 449
521 35 444
523 34 443
533 29 438
538 23 439
547 21 432
559 20 421
568 14 418
576 14 410
584 15 401
587 14 399
593 14 393
603 13 384
611 12 377
618 11 371
624 9 367
630 8 362
636 6 358
641 6 353
641 7 352
643 8 349
647 7 346
655 6 339
659 7 334
663 8 329
668 8 324
674 9 317
677 10 313
680 8 312
684 7 309
687 5 308
695 3 302
696 2 302
699 1 300
701 1 298
707 1 292
710 1 289
717 1 282
723 1 276
727 1 272
732 1 267
730 6 264
730 6 264
732 7 261
737 6 257
737 6 257
735 9 256
735 9 256
740 11 249
735 16 249
736 18 246
719 33 248
714 35 251
707 37 256
699 35 266
698 31 271
698 31 271
700 31 269
691 34 275
684 41 275
678 42 280
675 40 285
674 42 284
666 46 288
661 47 292
657 51 292
653 54 293
638 64 298
632 64 304
630 64 306
628 59 313
625 57 318
626 57 317
620 56 324
617 54 329
624 49 327
627 41 332
629 41 330
628 39 333
626 28 346
632 21 347
636 18 346
637 15 348
642 18 340
643 18 339
645 17 338
647 14 339
651 15 334
654 13 333
661 14 325
662 15 323
662 14 324
663 18 319
668 17 315
670 18 312
671 18 311
671 15 314
670 17 313
674 16 310
679 18 303
685 18 297
682 21 297
685 19 296
687 19 294
692 18 290
695 15 290
697 17 286
698 18 284
697 20 283
698 21 281
696 24 280
697 23 280
700 24 276
704 22 274
708 21 271
708 20 272
712 20 268
711 21 268
712 18 270
713 17 270
718 11 271
723 10 267
726 9 265
731 9 260
736 10 254
732 15 253
725 22 253
726 19 255
725 15 260
729 12 259
728 13 259
734 13 253
737 6 257
745 8 247
746 10 244
750 12 238
755 13 232
750 18 232
748 18 234
746 19 235
747 22 231
748 21 231
745 22 233
740 29 231
738 30 232
736 32 232
734 31 235
734 35 231
733 41 226
732 42 226
731 40 229
728 39 233
718 45 237
712 50 238
710 46 244
709 38 253
713 33 254
713 35 252
716 39 245
715 39 246
713 40 247
707 45 248
705 43 252
707 37 256
710 36 254
702 40 258
699 43 258
689 52 259
689 46 265
683 47 270
680 45 275
673 48 279
665 50 285
658 52 290
657 50 293
655 47 298
657 42 301
655 37 308
651 44 305
649 44 307
645 48 307
645 47 308
646 45 309
645 42 313
650 36 314
646 45 309
645 45 310
640 43 317
637 45 318
636 47 317
632 43 325
632 40 328
637 30 333
638 34 328
641 32 327
646 31 323
649 28 323
649 29 322
652 26 322
656 25 319
656 28 316
654 31 315
650 38 312
644 41 315
648 45 307
648 43 309
649 37 314
648 40 312
644 42 314
643 41 316
640 42 318
637 45 318
636 41 323
630 40 330
631 42 327
632 42 326
636 33 331
643 30 327
647 28 325
651 25 324
653 23 324
661 24 315
666 20 314
669 19 312
671 22 307
670 26 304
677 24 299
680 24 296
682 26 292
684 24 292
683 30 287
680 36 284
675 40 285
674 40 286
672 38 290
667 37 296
660 38 302
657 36 307
651 40 309
655 39 306
649 47 304
644 47 309
642 46 312
643 46 311
641 42 317
639 37 324
636 38 326
633 35 332
634 38 328
636 37 327
637 37 326
639 35 326
640 26 334
639 27 334
646 24 330
646 23 331
645 27 328
648 28 324
645 28 327
649 27 324
650 27 323
652 29 319
660 25 315
659 26 315
668 22 310
673 23 304
675 23 302
675 27 298
676 28 296
677 27 296
680 26 294
682 23 295
684 20 296
687 16 297
691 16 293
691 16 293
692 11 297
699 9 292
704 10 286
709 13 278
711 13 276
716 11 273
721 11 268
721 11 268
724 9 267
721 15 264
725 19 256
722 21 257
729 21 250
730 19 251
732 18 250
733 19 248
736 19 245
739 18 243
737 20 243
738 20 242
740 22 238
742 22 236
739 28 233
738 27 235
738 26 236
739 26 235
737 31 232
734 30 236
732 27 241
732 28 240
734 24 242
733 26 241
734 23 243
737 22 241
739 21 240
738 18 244
732 26 242
731 26 243
732 23 245
736 21 243
727 27 246
725 27 248
723 29 248
721 33 246
717 33 250
715 35 250
716 35 249
723 29 248
725 28 247
732 27 241
729 32 239
726 38 236
722 39 239
718 47 235
715 48 237
714 46 240
707 46 247
704 42 254
701 45 254
697 52 251
695 51 254
692 48 260
688 48 264
682 55 263
673 62 265
660 63 277
656 62 282
654 59 287
649 61 290
641 62 297
636 63 301
636 65 299
629 59 312
625 63 312
621 63 316
607 73 320
606 71 323
600 80 320
588 84 328
587 84 329
584 80 336
574 80 346
567 77 356
562 75 363
561 65 374
560 61 379
565 57 378
562 56 382
563 52 385
561 55 384
561 58 381
558 57 385
561 55 384
566 46 388
564 41 395
566 38 396
572 34 394
576 32 392
576 30 394
581 31 388
586 24 390
589 25 386
592 23 385
596 23 381
605 23 372
604 27 369
600 32 368
602 30 368
607 26 367
614 22 364
614 20 366
618 20 362
621 19 360
626 18 356
628 19 353
633 16 351
635 17 348
640 18 342
639 16 345
641 17 342
645 16 339
649 14 337
656 10 334
655 9 336
659 8 333
660 10 330
663 13 324
666 11 323
670 12 318
673 13 314
672 16 312
672 22 306
673 21 306
664 30 306
659 29 312
655 34 311
659 34 307
652 42 306
650 45 305
650 48 302
646 50 304
645 50 305
645 52 303
636 60 304
622 67 311
609 72 319
597 76 327
593 79 328
591 77 332
592 71 337
594 68 338
589 62 349
585 57 358
586 57 357
586 55 359
589 54 357
587 55 358
582 55 363
586 48 366
585 40 375
589 38 373
592 31 377
594 30 376
594 31 375
602 25 373
609 20 371
608 19 373
610 19 371
613 18 369
620 15 365
622 16 362
624 15 361
627 13 360
630 13 357
636 13 351
641 11 348
641 9 350
645 10 345
654 10 336
657 8 335
663 6 331
666 6 328
672 7 321
679 8 313
681 6 313
689 5 306
693 5 302
697 3 300
703 3 294
713 2 285
717 5 278
722 3 275
727 3 270
731 3 266
738 2 260
743 2 255
747 1 252
753 1 246
756 1 243
758 0 242
761 1 238
762 1 237
763 2 235
766 2 232
767 2 231
770 2 228
770 6 224
773 6 221
777 8 215
778 6 216
782 4 214
786 4 210
789 3 208
792 3 205
793 3 204
791 5 204
793 6 201
794 7 199
794 8 198
799 8 193
800 7 193
800 7 193
805 5 190
808 6 186
805 10 185
805 13 182
805 14 181
804 16 180
804 18 178
803 18 179
802 17 181
800 16 184
801 13 186
805 12 183
805 15 180
794 25 181
788 32 180
784 31 185
781 31 188
779 35 186
776 39 185
774 42 184
769 38 193
763 45 192
758 45 197
746 47 207
742 50 208
731 60 209
719 67 214
707 76 217
691 84 225
682 88 230
674 90 236
664 93 243
657 90 253
652 90 258
644 84 272
640 81 279
633 74 293
633 65 302
634 57 309
631 57 312
627 59 314
618 60 322
615 56 329
610 50 340
615 52 333
604 57 339
600 59 341
599 55 346
595 55 350
589 50 361
588 47 365
584 45 371
591 43 366
594 33 373
593 31 376
599 29 372
600 25 375
606 22 372
612 20 368
614 21 365
618 20 362
622 18 360
628 16 356
629 14 357
625 18 357
630 17 353
631 18 351
638 16 346
646 18 336
648 12 340
654 11 335
656 13 331
653 16 331
656 18 326
656 21 323
654 22 324
657 24 319
657 28 315
660 28 312
656 31 313
655 30 315
650 33 317
649 29 322
649 30 321
645 34 321
648 28 324
646 28 326
646 29 325
649 26 325
651 20 329
657 18 325
665 20 315
665 18 317
668 14 318
672 12 316
675 12 313
681 13 306
685 13 302
689 12 299
692 13 295
696 13 291
700 13 287
702 10 288
707 8 285
713 7 280
717 6 277
719 7 274
722 8 270
725 8 267
724 11 265
728 10 262
731 11 258
737 6 257
741 7 252
745 5 250
749 5 246
755 5 240
755 7 238
755 6 239
755 7 238
757 8 235
763 6 231
765 7 228
766 4 230
771 4 225
776 3 221
781 3 216
784 5 211
785 8 207
785 12 203
785 14 201
786 13 201
783 16 201
782 21 197
776 23 201
773 21 206
776 22 202
773 16 211
769 19 212
769 18 213
767 20 213
764 21 215
758 30 212
755 33 212
754 32 214
750 36 214
742 45 213
739 47 214
735 45 220
732 46 222
721 52 227
709 61 230
703 62 235
699 64 237
694 54 252
694 52 254
686 54 260
686 50 264
685 42 273
686 41 273
687 43 270
682 49 269
680 52 268
674 52 274
667 53 280
664 52 284
662 49 289
662 49 289
658 49 293
654 53 293
653 51 296
643 57 300
642 53 305
642 47 311
641 46 313
647 45 308
646 47 307
647 39 314
646 37 317
645 32 323
639 31 330
640 32 328
645 31 324
638 38 324
644 34 322
649 28 323
654 26 320
661 21 318
662 16 322
670 16 314
672 16 312
673 17 310
673 19 308
675 24 301
680 19 301
686 15 299
688 19 293
692 21 287
690 20 290
690 21 289
693 22 285
695 20 285
694 21 285
695 19 286
709 19 272
709 16 275
711 12 277
716 11 273
719 9 272
724 10 266
731 9 260
731 12 257
734 15 251
738 14 248
736 14 250
738 15 247
738 13 249
741 8 251
745 8 247
745 9 246
755 8 237
757 9 234
759 7 234
761 7 232
764 7 229
770 9 221
770 11 219
767 16 217
770 19 211
769 21 210
767 24 209
767 28 205
757 37 206
756 38 206
743 50 207
729 64 207
717 72 211
700 75 225
681 91 228
672 93 235
657 102 241
635 110 255
621 113 266
609 117 274
597 117 286
590 111 299
576 105 319
574 91 335
563 102 335
565 91 344
568 84 348
562 79 359
560 69 371
553 63 384
553 61 386
557 54 389
559 51 390
558 49 393
561 50 389
564 45 391
567 47 386
568 46 386
564 48 388
568 44 388
579 42 379
579 37 384
588 31 381
588 31 381
591 33 376
589 30 381
598 27 375
599 26 375
599 23 378
599 21 380
601 20 379
611 17 372
611 18 371
619 20 361
621 19 360
621 20 359
625 19 356
630 20 350
636 17 347
639 18 343
638 22 340
639 24 337
630 31 339
629 32 339
628 30 342
634 26 340
640 23 337
641 23 336
641 24 335
650 23 327
653 21 326
660 19 321
666 16 318
670 16 314
666 19 315
663 21 316
666 22 312
667 21 312
668 21 311
674 20 306
671 21 308
675 17 308
679 15 306
685 12 303
689 13 298
697 15 288
695 16 289
697 17 286
697 20 283
697 21 282
693 24 283
694 30 276
694 34 272
694 30 276
692 29 279
691 29 280
696 26 278
695 25 280
696 23 281
703 18 279
703 16 281
705 17 278
712 16 272
713 15 272
713 15 272
714 14 272
722 11 267
726 9 265
729 10 261
731 12 257
734 12 254
737 9 254
737 10 253
741 10 249
742 10 248
743 11 246
745 13 242
745 14 241
746 17 237
744 18 238
745 17 238
744 16 240
748 17 235
749 20 231
748 21 231
745 22 233
741 23 236
740 26 234
739 25 236
739 23 238
740 22 238
741 24 235
745 23 232
747 22 231
749 19 232
745 22 233
744 22 234
742 22 236
741 21 238
742 22 236
742 19 239
740 18 242
743 15 242
748 11 241
749 9 242
749 10 241
748 11 241
751 11 238
755 7 238
757 8 235
761 5 234
761 4 235
768 4 228
771 4 225
772 3 225
774 3 223
778 4 218
776 4 220
779 5 216
781 3 216
781 4 215
783 4 213
786 3 211
788 6 206
788 8 204
788 7 205
783 13 204
782 11 207
777 16 207
775 17 208
773 22 205
775 20 205
777 15 208
777 15 208
774 20 206
767 31 202
763 36 201
758 36 206
753 37 210
742 44 214
732 52 216
729 59 212
720 61 219
714 61 225
699 74 227
687 77 236
678 83 239
661 94 245
646 95 259
636 89 275
631 96 273
623 95 282
619 89 292
614 79 307
614 74 312
609 70 321
605 72 323
602 72 326
600 70 330
600 62 338
602 63 335
607 53 340
608 53 339
605 58 337
600 61 339
602 55 343
601 58 341
599 52 349
601 44 355
605 37 358
605 35 360
606 38 356
607 37 356
