1000 0 0
1000 0 0
1000 0 0
1000 0 0
1000 0 0
1000 0 0
999 1 0
996 4 0
991 7 2
985 12 3
982 12 6
974 16 10
962 28 10
943 40 17
925 53 22
906 64 30
882 81 37
851 99 50
817 114 69
794 116 90
768 125 107
742 142 116
721 148 131
704 152 144
675 158 167
638 168 194
617 165 218
600 156 244
580 158 262
570 150 280
556 145 299
546 134 320
540 120 340
528 122 350
525 116 359
522 103 375
526 87 387
521 88 391
521 77 402
522 68 410
525 69 406
528 66 406
534 59 407
532 56 412
537 53 410
541 50 409
545 52 403
546 50 404
546 47 407
548 46 406
548 50 402
543 47 410
544 39 417
543 34 423
543 31 426
544 31 425
552 28 420
556 29 415
561 26 413
565 27 408
570 26 404
573 26 401
572 25 403
572 23 405
579 22 399
582 24 394
585 17 398
584 17 399
599 16 385
602 16 382
606 10 384
609 10 381
612 9 379
618 7 375
624 5 371
632 5 363
635 5 360
642 5 353
647 4 349
653 4 343
656 3 341
660 3 337
665 2 333
672 1 327
680 1 319
682 1 317
685 1 314
690 1 309
701 1 298
710 1 289
714 0 286
716 0 284
719 0 281
725 2 273
732 1 267
737 2 261
733 8 259
731 14 255
726 20 254
717 27 256
713 24 263
711 28 261
709 27 264
713 22 265
718 22 260
719 21 260
720 23 257
718 19 263
720 19 261
719 21 260
720 20 260
726 17 257
725 19 256
728 16 256
738 11 251
739 10 251
741 9 250
743 9 248
747 11 242
741 16 243
741 18 241
744 18 238
745 18 237
749 17 234
746 15 239
744 18 238
749 19 232
751 17 232
756 14 230
759 14 227
753 21 226
747 21 232
744 26 230
740 28 232
731 30 239
732 27 241
731 30 239
728 31 241
726 34 240
725 36 239
723 37 240
722 34 244
717 37 246
705 38 257
701 39 260
697 37 266
694 42 264
695 40 265
688 42 270
684 40 276
676 46 278
673 49 278
674 48 278
660 60 280
654 63 283
649 65 286
652 62 286
649 63 288
641 65 294
631 69 300
627 67 306
624 64 312
618 64 318
620 56 324
618 58 324
621 55 324
618 54 328
610 59 331
603 64 333
597 61 342
593 57 350
586 47 367
580 48 372
583 46 371
581 39 380
585 41 374
590 45 365
587 45 368
580 52 368
583 47 370
588 49 363
595 46 359
599 45 356
606 40 354
606 41 353
606 36 358
606 33 361
609 30 361
605 30 365
608 29 363
611 28 361
612 27 361
613 23 364
610 19 371
613 20 367
616 17 367
619 19 362
618 26 356
623 28 349
623 33 344
632 26 342
628 24 348
634 19 347
636 16 348
636 15 349
638 15 347
640 16 344
643 15 342
644 14 342
645 14 341
646 18 336
643 18 339
647 13 340
659 12 329
664 13 323
664 12 324
663 16 321
668 15 317
672 12 316
675 12 313
675 14 311
676 12 312
681 13 306
683 14 303
683 12 305
686 10 304
687 10 303
693 10 297
698 10 292
707 10 283
709 7 284
707 9 284
706 9 285
710 11 279
717 10 273
717 12 271
721 12 267
716 18 266
715 21 264
717 19 264
712 27 261
712 25 263
709 27 264
702 33 265
692 43 265
686 44 270
689 47 264
682 50 268
674 52 274
669 54 277
659 58 283
653 59 288
649 61 290
641 62 297
631 63 306
626 63 311
626 62 312
626 58 316
616 64 320
614 65 321
614 59 327
619 54 327
615 55 330
613 61 326
610 59 331
612 57 331
608 58 334
603 60 337
597 65 338
594 55 351
597 49 354
589 49 362
585 47 368
587 45 368
583 46 371
580 47 373
581 39 380
579 40 381
581 41 378
577 43 380
578 47 375
578 45 377
578 40 382
581 39 380
579 37 384
587 36 377
589 32 379
588 32 380
591 27 382
596 26 378
604 29 367
611 28 361
613 21 366
622 15 363
636 15 349
644 12 344
648 8 344
652 9 339
653 9 338
656 10 334
659 10 331
660 11 329
665 10 325
671 9 320
677 8 315
684 8 308
691 10 299
693 8 299
700 6 294
709 6 285
716 7 277
722 7 271
724 7 269
726 8 266
730 8 262
730 10 260
731 11 258
733 13 254
735 15 250
735 16 249
732 22 246
730 21 249
731 20 249
733 20 247
736 19 245
732 24 244
727 30 243
724 35 241
720 41 239
716 45 239
706 51 243
703 51 246
701 53 246
698 52 250
698 54 248
690 64 246
677 70 253
670 71 259
661 69 270
651 75 274
642 70 288
634 74 292
630 68 302
624 64 312
627 63 310
623 63 314
622 66 312
615 66 319
608 65 327
601 68 331
600 62 338
603 52 345
604 53 343
600 52 348
602 51 347
599 49 352
597 44 359
604 42 354
604 41 355
605 36 359
604 35 361
607 37 356
609 33 358
611 33 356
610 34 356
615 33 352
616 29 355
620 23 357
625 24 351
628 24 348
632 24 344
634 22 344
631 23 346
625 26 349
621 29 350
620 35 345
620 36 344
626 33 341
632 28 340
634 27 339
637 28 335
637 28 335
635 26 339
634 32 334
632 29 339
628 33 339
630 34 336
632 37 331
626 41 333
627 39 334
621 42 337
616 49 335
618 47 335
612 55 333
616 51 333
620 51 329
620 46 334
623 46 331
622 46 332
624 50 326
624 51 325
619 47 334
616 52 332
612 50 338
610 50 340
607 45 348
606 46 348
609 43 348
615 43 342
619 44 337
611 45 344
602 47 351
597 50 353
594 41 365
589 41 370
592 34 374
597 31 372
599 29 372
600 31 369
603 33 364
605 30 365
606 32 362
608 28 364
614 28 358
617 25 358
621 24 355
630 23 347
633 21 346
633 20 347
633 20 347
640 19 341
645 17 338
647 18 335
646 24 330
648 22 330
650 21 329
651 24 325
652 26 322
654 25 321
654 24 322
653 23 324
659 21 320
661 20 319
660 22 318
664 16 320
670 14 316
673 12 315
679 11 310
682 10 308
688 9 303
693 9 298
692 11 297
697 11 292
704 10 286
709 12 279
712 12 276
719 9 272
718 11 271
721 11 268
722 14 264
726 11 263
723 15 262
728 17 255
731 20 249
729 25 246
730 23 247
730 21 249
731 25 244
729 27 244
730 31 239
732 32 236
728 34 238
727 37 236
723 41 236
716 43 241
716 42 242
717 40 243
714 42 244
713 39 248
712 34 254
718 30 252
718 27 255
717 24 259
715 26 259
719 28 253
724 25 251
726 22 252
725 23 252
718 28 254
706 39 255
700 47 253
693 53 254
682 59 259
670 64 266
654 78 268
646 75 279
638 76 286
627 76 297
617 82 301
613 76 311
611 66 323
610 58 332
614 52 334
612 47 341
611 40 349
611 36 353
613 34 353
615 33 352
619 30 351
618 33 349
625 29 346
627 26 347
628 26 346
629 25 346
624 34 342
629 32 339
633 27 340
636 25 339
633 29 338
631 30 339
626 32 342
630 32 338
631 29 340
629 31 340
632 24 344
633 28 339
630 32 338
628 33 339
628 36 336
627 33 340
630 31 339
631 26 343
635 21 344
641 18 341
648 18 334
651 16 333
652 19 329
650 21 329
655 21 324
651 25 324
650 29 321
648 33 319
645 36 319
638 37 325
635 37 328
628 44 328
621 48 331
618 49 333
608 55 337
602 51 347
597 47 356
593 55 352
590 59 351
580 67 353
569 68 363
570 55 375
568 45 387
569 44 387
569 43 388
567 43 390
565 43 392
568 41 391
572 41 387
573 43 384
575 40 385
574 40 386
579 35 386
583 34 383
583 35 382
587 28 385
598 25 377
598 25 377
603 24 373
601 29 370
595 28 377
592 31 377
592 32 376
596 32 372
599 31 370
600 30 370
603 30 367
598 36 366
604 34 362
602 33 365
607 34 359
610 34 356
612 37 351
611 39 350
609 37 354
611 31 358
614 30 356
615 28 357
617 28 355
621 27 352
615 35 350
617 28 355
618 22 360
625 20 355
631 20 349
635 22 343
637 18 345
650 19 331
648 24 328
644 31 325
637 37 326
629 45 326
635 44 321
630 45 325
631 40 329
635 37 328
640 33 327
642 27 331
644 25 331
646 23 331
645 25 330
643 32 325
635 40 325
637 41 322
635 43 322
627 51 322
619 55 326
614 53 333
601 60 339
592 68 340
586 67 347
582 67 351
574 62 364
573 59 368
569 55 376
577 44 379
583 42 375
585 41 374
590 39 371
593 35 372
598 29 373
601 26 373
606 25 369
613 26 361
618 28 354
616 29 355
618 28 354
624 24 352
626 25 349
630 23 347
635 19 346
636 19 345
636 18 346
641 16 343
645 16 339
645 20 335
650 18 332
657 18 325
659 20 321
666 20 314
674 20 306
675 20 305
673 24 303
671 27 302
667 33 300
664 34 302
662 41 297
662 36 302
658 38 304
659 41 300
659 40 301
655 43 302
651 41 308
651 36 313
648 46 306
639 52 309
630 57 313
620 65 315
613 72 315
615 64 321
609 61 330
611 58 331
608 51 341
612 48 340
610 48 342
609 51 340
612 49 339
615 45 340
612 44 344
612 42 346
608 44 348
612 39 349
615 37 348
618 33 349
626 28 346
624 29 347
623 27 350
625 23 352
621 26 353
625 22 353
633 22 345
634 18 348
633 18 349
634 16 350
640 13 347
646 13 341
650 13 337
656 12 332
663 12 325
672 11 317
680 9 311
685 8 307
691 6 303
693 9 298
699 9 292
700 9 291
702 9 289
704 10 286
709 11 280
713 11 276
712 16 272
716 16 268
717 17 266
716 19 265
720 20 260
716 26 258
712 27 261
714 22 264
716 26 258
707 36 257
698 43 259
690 48 262
686 47 267
683 44 273
675 47 278
672 44 284
663 52 285
648 63 289
643 60 297
639 61 300
630 57 313
623 54 323
625 51 324
617 56 327
615 56 329
613 47 340
616 44 340
617 42 341
616 42 342
618 39 343
623 42 335
621 43 336
617 43 340
616 46 338
616 46 338
619 39 342
624 40 336
629 34 337
638 32 330
639 34 327
639 36 325
642 35 323
643 32 325
647 30 323
651 29 320
654 26 320
656 28 316
656 27 317
655 27 318
662 25 313
664 31 305
659 33 308
654 37 309
656 38 306
651 40 309
653 40 307
652 38 310
651 41 308
651 39 310
650 33 317
654 30 316
664 24 312
666 24 310
664 27 309
661 29 310
662 29 309
665 30 305
664 30 306
659 38 303
659 35 306
661 34 305
659 39 302
657 40 303
652 38 310
651 41 308
649 32 319
653 28 319
655 28 317
661 29 310
665 27 308
666 28 306
666 29 305
668 29 303
667 28 305
668 28 304
670 24 306
673 20 307
673 18 309
675 21 304
676 24 300
675 24 301
677 22 301
682 26 292
679 28 293
684 27 289
683 27 290
683 24 293
679 29 292
680 26 294
683 24 293
681 28 291
677 29 294
675 38 287
673 39 288
675 34 291
670 34 296
663 42 295
666 39 295
661 42 297
653 48 299
653 49 298
655 44 301
650 47 303
647 50 303
643 48 309
642 47 311
640 49 311
642 49 309
642 45 313
641 44 315
644 42 314
647 39 314
651 36 313
653 38 309
647 44 309
647 46 307
651 41 308
650 43 307
648 38 314
644 33 323
642 35 323
644 34 322
644 37 319
640 38 322
638 36 326
645 30 325
649 25 326
652 20 328
658 17 325
660 16 324
664 15 321
664 15 321
662 23 315
659 28 313
660 28 312
664 27 309
668 24 308
671 22 307
674 23 303
682 18 300
684 16 300
687 17 296
689 14 297
690 14 296
694 14 292
697 12 291
697 13 290
699 15 286
703 15 282
706 16 278
711 18 271
712 19 269
714 16 270
717 16 267
721 15 264
724 14 262
726 15 259
729 14 257
726 14 260
724 18 258
722 20 258
724 22 254
716 26 258
711 28 261
711 29 260
712 27 261
712 27 261
704 31 265
704 26 270
708 24 268
706 22 272
703 24 273
705 25 270
706 25 269
702 31 267
702 30 268
702 32 266
708 33 259
703 37 260
701 42 257
692 50 258
688 47 265
683 48 269
677 56 267
670 59 271
664 61 275
656 66 278
655 59 286
656 52 292
655 49 296
653 46 301
649 45 306
649 44 307
647 42 311
648 42 310
648 39 313
651 35 314
644 37 319
644 36 320
649 34 317
653 31 316
655 33 312
656 28 316
653 32 315
649 37 314
648 36 316
649 33 318
647 27 326
651 28 321
656 26 318
654 26 320
655 27 318
656 26 318
658 26 316
654 26 320
656 25 319
654 29 317
649 31 320
653 27 320
658 26 316
662 24 314
661 25 314
659 29 312
663 22 315
667 18 315
665 21 314
669 18 313
668 16 316
671 18 311
672 24 304
673 25 302
675 24 301
679 22 299
679 21 300
686 22 292
687 23 290
692 26 282
686 30 284
678 37 285
675 35 290
678 34 288
677 26 297
674 26 300
671 25 304
667 30 303
669 28 303
665 31 304
666 34 300
665 37 298
664 42 294
662 42 296
658 39 303
652 46 302
648 51 301
644 52 304
642 52 306
631 57 312
623 63 314
616 62 322
607 65 328
605 62 333
600 58 342
596 53 351
597 51 352
600 49 351
602 50 348
606 44 350
604 39 357
605 31 364
603 32 365
606 29 365
610 30 360
612 30 358
614 30 356
619 29 352
623 26 351
627 23 350
