995 5 0
995 4 1
994 5 1
993 5 2
990 7 3
985 11 4
974 22 4
968 26 6
955 37 8
934 52 14
922 56 22
893 75 32
870 88 42
832 113 55
802 130 68
770 147 83
732 161 107
700 176 124
660 186 154
619 200 181
592 202 206
567 197 236
543 197 260
521 195 284
507 191 302
493 186 321
491 168 341
474 163 363
468 150 382
465 135 400
461 123 416
460 108 432
460 101 439
458 92 450
454 87 459
460 74 466
463 66 471
466 60 474
469 61 470
477 56 467
486 45 469
482 47 471
487 44 469
489 46 465
498 40 462
497 43 460
504 44 452
512 41 447
511 41 448
512 35 453
512 32 456
518 29 453
521 31 448
525 28 447
536 26 438
542 20 438
547 25 428
551 21 428
553 20 427
556 17 427
556 18 426
560 19 421
567 17 416
572 16 412
581 16 403
587 19 394
588 20 392
594 17 389
596 16 388
597 14 389
600 14 386
599 19 382
601 21 378
603 20 377
604 20 376
608 19 373
608 17 375
614 15 371
621 14 365
630 13 357
633 10 357
637 8 355
642 8 350
650 5 345
658 2 340
669 1 330
676 2 322
682 5 313
684 7 309
687 5 308
690 6 304
693 6 301
695 7 298
698 7 295
700 7 293
703 6 291
711 6 283
715 6 279
719 6 275
728 5 267
728 6 266
729 5 266
731 5 264
735 7 258
740 5 255
741 6 253
744 7 249
747 9 244
746 10 244
751 9 240
753 9 238
759 8 233
758 9 233
754 12 234
754 13 233
754 14 232
756 13 231
758 12 230
758 13 229
759 12 229
763 12 225
761 11 228
762 12 226
763 14 223
761 16 223
759 19 222
756 21 223
753 24 223
752 27 221
741 40 219
736 45 219
722 58 220
713 55 232
710 56 234
709 52 239
700 60 240
692 64 244
680 68 252
672 69 259
668 73 259
659 76 265
651 82 267
644 77 279
639 78 283
625 84 291
622 77 301
618 77 305
613 74 313
612 67 321
615 57 328
613 55 332
615 49 336
615 47 338
618 44 338
622 42 336
625 41 334
626 39 335
627 37 336
627 30 343
628 31 341
632 28 340
635 25 340
639 21 340
638 24 338
638 27 335
643 28 329
647 26 327
645 29 326
640 33 327
633 43 324
631 41 328
623 48 329
614 55 331
609 54 337
613 49 338
610 48 342
608 44 348
611 44 345
618 39 343
619 37 344
622 33 345
621 31 348
622 26 352
622 27 351
627 24 349
630 24 346
635 22 343
637 20 343
640 17 343
645 17 338
649 16 335
653 17 330
658 14 328
659 13 328
666 14 320
668 16 316
665 18 317
666 16 318
664 17 319
670 18 312
669 19 312
668 19 313
672 18 310
673 17 310
678 20 302
677 23 300
675 22 303
668 30 302
663 39 298
662 39 299
659 36 305
652 41 307
650 50 300
646 54 300
639 64 297
637 63 300
634 65 301
621 70 309
615 73 312
613 72 315
610 73 317
609 70 321
600 74 326
599 62 339
598 55 347
597 52 351
600 46 354
604 42 354
605 41 354
602 42 356
606 38 356
608 40 352
613 37 350
614 32 354
615 30 355
614 25 361
615 23 362
615 25 360
614 25 361
622 17 361
623 19 358
622 18 360
625 16 359
628 18 354
629 18 353
632 16 352
637 13 350
640 14 346
642 13 345
646 14 340
648 14 338
650 12 338
654 11 335
661 9 330
664 10 326
665 13 322
664 12 324
667 12 321
668 13 319
669 15 316
670 19 311
674 20 306
674 16 310
676 17 307
683 19 298
682 17 301
681 17 302
676 20 304
680 19 301
678 20 302
680 21 299
682 21 297
680 24 296
681 30 289
678 30 292
676 32 292
676 32 292
674 37 289
675 37 288
679 35 286
689 32 279
697 26 277
696 26 278
698 24 278
696 23 281
701 20 279
703 22 275
706 21 273
702 21 277
703 20 277
704 22 274
703 25 272
700 30 270
699 30 271
696 29 275
695 33 272
690 34 276
686 38 276
678 42 280
674 43 283
674 45 281
674 43 283
675 43 282
667 48 285
664 43 293
663 48 289
664 43 293
667 39 294
670 31 299
671 28 301
676 27 297
679 26 295
681 27 292
681 26 293
686 25 289
687 28 285
688 31 281
682 39 279
677 47 276
670 47 283
662 47 291
662 46 292
660 44 296
661 44 295
661 42 297
661 48 291
661 46 293
655 46 299
653 47 300
651 47 302
654 44 302
649 50 301
644 49 307
646 53 301
643 54 303
639 55 306
636 58 306
624 60 316
623 61 316
625 52 323
627 52 321
627 50 323
624 53 323
626 45 329
624 46 330
624 47 329
630 43 327
629 42 329
624 43 333
621 37 342
618 37 345
613 42 345
609 48 343
605 43 352
605 40 355
606 40 354
610 41 349
613 40 347
615 35 350
618 37 345
614 33 353
614 33 353
607 34 359
609 27 364
605 27 368
610 25 365
612 27 361
614 24 362
618 23 359
618 20 362
624 19 357
630 14 356
634 13 353
638 13 349
641 10 349
647 9 344
648 7 345
654 8 338
660 9 331
670 9 321
670 14 316
672 16 312
674 21 305
681 19 300
684 18 298
682 18 300
686 17 297
691 17 292
695 15 290
704 14 282
708 14 278
716 15 269
715 13 272
718 15 267
727 15 258
729 12 259
728 14 258
729 16 255
726 20 254
727 23 250
728 21 251
727 26 247
724 27 249
725 31 244
721 34 245
719 40 241
710 46 244
704 47 249
699 48 253
699 45 256
689 53 258
681 57 262
677 58 265
670 58 272
665 60 275
660 66 274
650 75 275
645 75 280
627 88 285
617 85 298
613 85 302
609 86 305
605 75 320
600 69 331
603 64 333
605 53 342
606 45 349
608 36 356
615 36 349
617 35 348
617 32 351
624 29 347
624 29 347
632 26 342
634 22 344
636 25 339
640 27 333
644 22 334
654 19 327
658 16 326
658 16 326
664 15 321
667 14 319
673 14 313
676 12 312
678 14 308
686 14 300
690 14 296
694 14 292
695 17 288
696 19 285
695 24 281
694 28 278
690 33 277
688 31 281
693 28 279
693 27 280
693 27 280
695 23 282
698 22 280
703 20 277
705 20 275
707 18 275
709 19 272
713 18 269
712 18 270
713 18 269
721 18 261
722 20 258
726 15 259
730 13 257
736 11 253
740 13 247
741 13 246
740 14 246
746 14 240
746 14 240
744 17 239
744 22 234
738 28 234
732 30 238
733 33 234
726 38 236
724 35 241
727 36 237
721 40 239
716 42 242
708 45 247
695 57 248
692 58 250
686 58 256
687 56 257
680 57 263
674 63 263
669 58 273
662 59 279
661 55 284
658 57 285
656 53 291
649 57 294
642 58 300
636 59 305
631 58 311
632 54 314
633 57 310
629 52 319
626 52 322
626 46 328
631 42 327
636 39 325
634 40 326
634 45 321
626 48 326
626 45 329
624 46 330
621 42 337
621 41 338
623 41 336
618 44 338
616 41 343
613 40 347
612 40 348
613 40 347
611 37 352
605 38 357
610 34 356
610 36 354
602 42 356
599 43 358
598 42 360
595 44 361
599 40 361
591 48 361
591 50 359
585 49 366
583 49 368
582 48 370
585 49 366
590 44 366
596 42 362
599 35 366
597 36 367
603 33 364
603 37 360
605 34 361
608 32 360
612 30 358
619 28 353
612 36 352
615 35 350
615 37 348
615 38 347
619 40 341
618 41 341
612 43 345
608 53 339
596 61 343
594 54 352
601 47 352
599 47 354
599 49 352
598 48 354
603 48 349
599 54 347
591 58 351
588 58 354
588 58 354
586 60 354
577 63 360
572 62 366
569 58 373
565 64 371
566 61 373
564 61 375
567 54 379
565 49 386
564 51 385
560 46 394
561 46 393
559 46 395
558 48 394
560 46 394
563 43 394
560 37 403
563 38 399
566 36 398
570 32 398
574 28 398
575 28 397
576 31 393
579 26 395
581 23 396
584 23 393
590 19 391
597 14 389
609 12 379
614 13 373
619 12 369
623 12 365
626 12 362
633 13 354
636 14 350
639 11 350
642 11 347
647 11 342
652 10 338
653 10 337
657 7 336
664 8 328
664 8 328
670 6 324
679 4 317
684 6 310
688 5 307
696 6 298
698 7 295
702 6 292
702 7 291
707 8 285
711 9 280
714 13 273
718 12 270
726 10 264
725 11 264
727 9 264
728 13 259
730 11 259
733 13 254
732 16 252
729 19 252
731 16 253
732 16 252
736 15 249
733 19 248
737 21 242
738 21 241
735 23 242
730 30 240
729 33 238
729 34 237
718 43 239
716 47 237
711 51 238
706 54 240
700 58 242
690 63 247
686 64 250
684 56 260
680 53 267
671 56 273
671 55 274
664 54 282
658 51 291
648 57 295
646 57 297
641 60 299
638 62 300
635 59 306
627 63 310
623 68 309
626 65 309
621 68 311
615 71 314
609 76 315
603 79 318
592 85 323
592 76 332
591 79 330
582 80 338
577 75 348
576 67 357
579 65 356
581 60 359
574 63 363
571 62 367
572 53 375
570 54 376
570 53 377
562 57 381
555 60 385
555 60 385
559 56 385
556 54 390
560 52 388
564 53 383
569 48 383
572 44 384
576 38 386
577 36 387
584 30 386
584 30 386
587 29 384
585 27 388
588 26 386
591 24 385
596 24 380
598 26 376
596 25 379
603 23 374
608 26 366
614 28 358
617 30 353
621 30 349
626 24 350
629 25 346
632 26 342
639 28 333
638 30 332
642 25 333
646 25 329
648 26 326
652 24 324
653 26 321
657 25 318
654 30 316
654 27 319
646 31 323
649 28 323
653 29 318
653 26 321
656 26 318
658 27 315
659 28 313
663 30 307
660 32 308
651 30 319
652 30 318
643 35 322
637 38 325
637 35 328
631 36 333
621 46 333
612 51 337
606 54 340
601 59 340
602 50 348
603 44 353
602 44 354
607 34 359
612 28 360
618 26 356
622 26 352
617 25 358
621 21 358
624 20 356
624 21 355
625 20 355
626 16 358
630 14 356
632 14 354
632 16 352
634 13 353
639 12 349
642 15 343
648 16 336
649 15 336
652 14 334
652 18 330
654 17 329
655 16 329
655 15 330
659 14 327
666 13 321
670 12 318
674 11 315
671 13 316
675 10 315
681 7 312
682 9 309
683 12 305
683 14 303
685 13 302
690 12 298
692 13 295
693 11 296
696 10 294
699 12 289
700 14 286
700 16 284
700 22 278
701 23 276
707 22 271
709 23 268
710 24 266
709 26 265
710 27 263
707 29 264
697 41 262
691 46 263
687 46 267
680 52 268
671 54 275
662 63 275
658 63 279
656 63 281
640 69 291
626 76 298
622 78 300
618 77 305
613 69 318
604 75 321
596 81 323
603 71 326
598 71 331
600 72 328
601 65 334
601 63 336
596 64 340
595 63 342
598 63 339
594 66 340
593 55 352
598 52 350
598 50 352
598 44 358
600 43 357
596 45 359
593 47 360
591 47 362
589 48 363
588 49 363
585 48 367
582 50 368
583 51 366
587 46 367
584 41 375
588 37 375
590 36 374
597 35 368
595 35 370
599 34 367
603 36 361
602 37 361
600 39 361
597 41 362
596 44 360
598 42 360
600 36 364
600 31 369
604 26 370
611 27 362
616 23 361
618 19 363
622 19 359
620 18 362
627 18 355
625 16 359
627 15 358
630 18 352
631 21 348
632 20 348
629 23 348
633 19 348
637 19 344
638 16 346
640 18 342
643 15 342
647 16 337
650 15 335
650 13 337
653 13 334
658 11 331
667 10 323
673 11 316
681 9 310
686 9 305
693 9 298
697 7 296
701 6 293
707 6 287
706 10 284
702 15 283
696 22 282
702 19 279
708 20 272
705 25 270
703 27 270
702 34 264
704 33 263
702 31 267
690 36 274
682 41 277
679 44 277
684 42 274
687 42 271
685 40 275
684 37 279
683 37 280
687 39 274
689 42 269
687 35 278
685 36 279
685 34 281
688 33 279
687 34 279
692 34 274
693 35 272
694 38 268
696 38 266
695 34 271
696 32 272
698 31 271
695 34 271
686 45 269
683 46 271
671 51 278
666 55 279
663 51 286
661 44 295
660 45 295
658 46 296
658 44 298
660 46 294
662 41 297
656 39 305
659 38 303
655 35 310
654 33 313
654 32 314
655 32 313
659 30 311
662 30 308
659 31 310
658 31 311
655 31 314
653 32 315
656 33 311
653 29 318
654 31 315
659 25 316
657 25 318
656 27 317
657 25 318
662 23 315
665 20 315
665 22 313
666 23 311
667 25 308
670 26 304
669 28 303
664 32 304
665 32 303
668 31 301
673 27 300
673 29 298
675 23 302
681 21 298
684 21 295
688 15 297
689 15 296
691 15 294
692 16 292
694 17 289
695 13 292
701 11 288
706 11 283
706 13 281
704 14 282
700 16 284
701 17 282
698 22 280
696 23 281
693 24 283
689 26 285
685 31 284
688 31 281
692 28 280
700 25 275
702 24 274
704 25 271
708 24 268
709 21 270
711 21 268
712 22 266
716 20 264
718 15 267
720 16 264
715 22 263
711 23 266
711 23 266
716 20 264
721 18 261
723 16 261
725 16 259
729 11 260
730 13 257
730 13 257
733 11 256
729 16 255
726 21 253
725 26 249
725 24 251
719 30 251
723 30 247
726 28 246
727 29 244
721 32 247
722 30 248
714 35 251
711 33 256
711 35 254
