995 5 0
993 6 1
990 9 1
987 11 2
985 11 4
983 10 7
977 14 9
965 24 11
951 33 16
938 40 22
923 48 29
902 59 39
879 75 46
849 94 57
820 116 64
788 127 85
757 140 103
722 156 122
695 154 151
678 150 172
658 151 191
631 156 213
610 160 230
583 163 254
568 153 279
555 152 293
539 153 308
530 141 329
525 130 345
516 128 356
516 111 373
523 99 378
526 93 381
529 84 387
528 85 387
531 78 391
527 74 399
535 67 398
538 62 400
540 56 404
541 51 408
543 47 410
543 47 410
547 41 412
550 42 408
555 39 406
560 37 403
562 39 399
564 33 403
564 34 402
568 33 399
578 30 392
582 26 392
590 23 387
593 23 384
602 24 374
608 19 373
615 18 367
623 16 361
625 18 357
627 19 354
628 19 353
630 20 350
633 17 350
634 18 348
644 18 338
648 17 335
651 17 332
654 15 331
654 18 328
652 22 326
657 21 322
663 17 320
665 19 316
665 20 315
676 15 309
678 17 305
680 14 306
679 17 304
683 14 303
678 21 301
680 20 300
682 23 295
681 29 290
683 26 291
672 34 294
667 35 298
670 31 299
677 25 298
675 33 292
677 27 296
679 26 295
677 27 296
673 23 304
669 30 301
669 32 299
666 35 299
663 35 302
657 36 307
650 41 309
641 49 310
631 54 315
619 59 322
610 59 331
612 54 334
603 61 336
591 66 343
582 73 345
579 66 355
575 67 358
573 65 362
562 65 373
552 69 379
545 71 384
545 63 392
546 58 396
548 51 401
550 44 406
546 43 411
545 39 416
548 41 411
549 43 408
549 41 410
542 40 418
552 39 409
555 34 411
553 36 411
554 35 411
566 31 403
572 28 400
572 25 403
580 18 402
588 16 396
594 17 389
596 19 385
597 21 382
600 20 380
603 22 375
606 23 371
615 21 364
615 21 364
618 21 361
620 18 362
626 19 355
627 18 355
625 19 356
626 18 356
628 20 352
632 19 349
632 20 348
632 20 348
632 18 350
637 18 345
634 21 345
634 23 343
636 25 339
639 27 334
633 34 333
633 34 333
633 33 334
635 26 339
637 22 341
643 18 339
642 18 340
648 19 333
654 19 327
653 21 326
655 22 323
658 24 318
663 23 314
665 22 313
665 25 310
665 22 313
668 19 313
672 18 310
678 17 305
680 17 303
677 24 299
682 22 296
687 21 292
690 19 291
696 19 285
702 16 282
708 14 278
709 11 280
714 10 276
719 7 274
725 11 264
728 13 259
732 14 254
735 14 251
733 17 250
734 17 249
732 21 247
732 20 248
729 20 251
720 24 256
719 29 252
713 32 255
708 34 258
704 36 260
701 43 256
695 48 257
687 52 261
684 53 263
677 54 269
671 58 271
659 68 273
657 65 278
648 58 294
647 51 302
650 48 302
646 48 306
644 47 309
648 39 313
645 45 310
641 44 315
635 42 323
627 47 326
619 44 337
615 50 335
611 49 340
602 52 346
595 46 359
597 45 358
596 42 362
597 40 363
600 41 359
606 38 356
607 41 352
606 41 353
603 44 353
605 41 354
601 42 357
604 43 353
609 43 348
609 41 350
613 38 349
615 37 348
614 37 349
619 31 350
616 34 350
620 36 344
620 29 351
623 25 352
634 25 341
642 23 335
644 23 333
644 27 329
649 25 326
650 24 326
653 24 323
659 23 318
657 23 320
661 21 318
663 20 317
664 17 319
666 16 318
674 14 312
680 13 307
683 14 303
690 13 297
692 13 295
694 13 293
692 17 291
695 19 286
696 17 287
699 15 286
701 14 285
702 14 284
705 15 280
711 13 276
712 13 275
713 12 275
718 13 269
724 12 264
727 15 258
734 12 254
735 14 251
734 12 254
733 14 253
732 18 250
736 15 249
735 13 252
733 15 252
736 13 251
737 12 251
739 10 251
746 12 242
745 13 242
747 15 238
749 15 236
754 14 232
758 11 231
761 12 227
766 9 225
768 11 221
775 11 214
770 15 215
767 14 219
767 17 216
764 19 217
764 17 219
766 14 220
763 18 219
760 21 219
757 25 218
752 25 223
757 23 220
757 21 222
761 18 221
760 19 221
758 22 220
747 28 225
750 27 223
750 30 220
748 32 220
740 40 220
726 52 222
714 59 227
707 65 228
692 69 239
678 75 247
665 81 254
652 89 259
639 92 269
634 83 283
626 73 301
621 70 309
616 72 312
610 74 316
606 73 321
608 68 324
603 66 331
592 77 331
584 74 342
584 67 349
582 65 353
582 61 357
578 62 360
573 57 370
571 59 370
569 61 370
560 64 376
553 67 380
552 62 386
554 61 385
554 59 387
555 52 393
557 42 401
559 40 401
565 38 397
565 40 395
564 39 397
560 44 396
557 43 400
568 43 389
568 40 392
573 38 389
581 36 383
587 30 383
591 30 379
599 25 376
601 27 372
601 28 371
605 30 365
606 31 363
608 30 362
614 29 357
618 28 354
613 28 359
619 30 351
612 35 353
611 39 350
609 40 351
607 38 355
605 40 355
610 33 357
610 36 354
616 31 353
615 28 357
619 29 352
623 27 350
626 23 351
630 24 346
633 25 342
634 26 340
633 26 341
639 26 335
640 25 335
641 23 336
641 21 338
644 19 337
656 17 327
656 21 323
666 19 315
671 17 312
676 15 309
679 16 305
683 16 301
689 12 299
692 10 298
693 14 293
699 10 291
702 9 289
706 10 284
713 8 279
716 7 277
714 9 277
716 11 273
722 11 267
724 10 266
731 10 259
733 9 258
736 8 256
739 8 253
743 8 249
750 8 242
753 10 237
755 10 235
755 13 232
752 17 231
748 21 231
738 28 234
736 27 237
735 28 237
728 33 239
723 36 241
722 41 237
716 42 242
712 44 244
707 44 249
706 42 252
704 43 253
704 44 252
705 40 255
705 41 254
699 40 261
705 33 262
710 29 261
710 23 267
711 19 270
712 17 271
715 15 270
716 15 269
724 15 261
723 15 262
723 14 263
727 15 258
728 12 260
730 10 260
734 9 257
738 12 250
741 11 248
749 11 240
753 11 236
753 9 238
755 9 236
756 13 231
757 20 223
757 25 218
758 23 219
754 24 222
745 30 225
748 31 221
746 33 221
741 37 222
729 45 226
722 48 230
712 55 233
705 51 244
705 45 250
700 51 249
700 52 248
699 56 245
695 50 255
692 48 260
696 43 261
694 43 263
696 38 266
692 37 271
692 34 274
697 32 271
697 36 267
697 34 269
690 37 273
686 43 271
680 43 277
678 39 283
677 44 279
675 44 281
665 50 285
657 52 291
653 55 292
647 55 298
646 55 299
640 56 304
635 66 299
626 69 305
624 72 304
615 73 312
613 65 322
614 59 327
605 64 331
600 60 340
599 50 351
599 49 352
596 50 354
595 48 357
594 45 361
587 49 364
586 46 368
584 46 370
584 46 370
583 45 372
585 41 374
590 45 365
586 49 365
584 52 364
577 58 365
576 53 371
573 47 380
570 43 387
574 44 382
574 43 383
579 38 383
583 33 384
583 34 383
587 27 386
592 27 381
594 29 377
596 30 374
601 27 372
607 23 370
613 18 369
616 13 371
618 14 368
625 10 365
637 10 353
643 12 345
650 12 338
654 11 335
660 10 330
664 9 327
668 8 324
672 8 320
672 12 316
675 14 311
680 15 305
685 17 298
690 20 290
691 20 289
693 17 290
697 13 290
706 12 282
709 10 281
712 9 279
717 8 275
719 10 271
721 10 269
722 11 267
727 10 263
731 10 259
738 10 252
744 9 247
746 10 244
747 9 244
748 8 244
749 5 246
749 5 246
751 4 245
758 3 239
763 4 233
763 7 230
768 6 226
769 8 223
774 7 219
778 6 216
780 8 212
781 8 211
778 11 211
779 15 206
777 17 206
772 19 209
770 17 213
775 15 210
774 15 211
778 14 208
778 13 209
779 10 211
783 13 204
788 12 200
787 11 202
790 10 200
793 8 199
793 9 198
793 8 199
794 7 199
800 6 194
805 6 189
806 5 189
809 5 186
809 4 187
811 5 184
813 4 183
816 4 180
818 4 178
821 4 175
824 5 171
827 3 170
830 5 165
833 5 162
839 3 158
842 5 153
842 6 152
842 7 151
842 6 152
841 5 154
837 10 153
834 11 155
833 17 150
828 22 150
827 23 150
820 28 152
814 36 150
815 32 153
810 32 158
810 28 162
808 27 165
808 24 168
808 23 169
807 27 166
804 30 166
797 33 170
792 34 174
787 36 177
783 40 177
776 42 182
768 45 187
762 41 197
759 36 205
756 32 212
752 35 213
747 36 217
743 39 218
738 38 224
735 40 225
736 38 226
738 37 225
730 42 228
727 41 232
728 34 238
726 33 241
721 31 248
723 30 247
725 24 251
724 25 251
728 26 246
729 24 247
730 30 240
728 30 242
727 34 239
723 39 238
717 46 237
707 47 246
704 45 251
704 40 256
703 38 259
697 45 258
689 48 263
687 47 266
690 46 264
694 43 263
689 44 267
687 38 275
690 36 274
688 39 273
689 37 274
686 37 277
685 38 277
687 36 277
689 38 273
685 39 276
677 46 277
674 45 281
668 47 285
664 46 290
661 48 291
659 41 300
660 42 298
665 39 296
666 38 296
667 30 303
666 31 303
666 34 300
665 33 302
665 35 300
669 33 298
666 35 299
670 36 294
678 31 291
673 35 292
672 34 294
673 30 297
675 31 294
676 30 294
676 31 293
679 29 292
681 32 287
684 28 288
688 26 286
689 28 283
690 25 285
690 29 281
695 28 277
693 31 276
693 35 272
692 41 267
690 43 267
686 44 270
679 49 272
669 54 277
658 56 286
653 52 295
654 48 298
653 48 299
649 47 304
647 49 304
649 43 308
647 42 311
646 43 311
647 42 311
642 51 307
636 59 305
633 57 310
634 61 305
633 60 307
631 58 311
626 56 318
624 54 322
615 57 328
616 57 327
605 59 336
612 58 330
610 55 335
604 54 342
595 59 346
588 61 351
584 63 353
588 60 352
582 65 353
578 62 360
581 59 360
577 62 361
581 59 360
577 54 369
579 55 366
583 55 362
582 55 363
586 51 363
589 50 361
588 45 367
594 40 366
599 34 367
605 32 363
608 29 363
609 27 364
611 24 365
615 21 364
618 21 361
621 22 357
625 23 352
631 19 350
639 17 344
643 16 341
647 15 338
651 17 332
654 18 328
655 16 329
661 11 328
668 11 321
675 11 314
682 10 308
687 9 304
685 16 299
690 15 295
684 23 293
677 33 290
678 30 292
675 33 292
676 35 289
682 34 284
678 40 282
676 42 282
668 49 283
661 45 294
660 46 294
659 50 291
653 48 299
656 45 299
659 46 295
655 50 295
649 50 301
641 53 306
634 53 313
636 49 315
634 48 318
629 53 318
629 52 319
627 50 323
622 49 329
623 46 331
627 42 331
627 42 331
622 43 335
630 40 330
630 36 334
633 34 333
632 31 337
632 27 341
631 26 343
638 23 339
646 19 335
650 19 331
655 13 332
658 13 329
663 13 324
667 11 322
674 10 316
679 12 309
682 13 305
683 14 303
684 15 301
686 14 300
685 14 301
688 16 296
693 15 292
694 15 291
697 12 291
702 9 289
707 7 286
714 6 280
716 7 277
719 8 273
725 9 266
726 13 261
730 11 259
731 11 258
735 14 251
734 15 251
728 20 252
729 21 250
725 23 252
724 23 253
723 27 250
720 30 250
710 35 255
709 41 250
696 47 257
686 52 262
676 65 259
665 68 267
649 80 271
632 84 284
622 86 292
612 85 303
606 83 311
601 85 314
591 81 328
583 77 340
580 76 344
585 76 339
583 66 351
583 63 354
589 57 354
589 53 358
590 46 364
593 42 365
594 40 366
596 33 371
598 28 374
603 22 375
607 19 374
609 16 375
613 15 372
621 13 366
626 13 361
630 12 358
631 12 357
635 10 355
637 11 352
642 10 348
646 10 344
650 10 340
654 11 335
659 10 331
662 8 330
668 6 326
673 7 320
678 6 316
679 5 316
684 5 311
690 8 302
695 7 298
698 9 293
700 9 291
699 13 288
699 12 289
701 16 283
701 20 279
703 18 279
707 13 280
708 13 279
710 14 276
711 13 276
716 13 271
715 15 270
715 16 269
715 18 267
714 24 262
708 22 270
709 23 268
713 21 266
715 20 265
715 22 263
717 22 261
718 23 259
722 20 258
727 16 257
732 13 255
735 12 253
734 13 253
735 15 250
732 20 248
727 20 253
725 24 251
718 25 257
713 30 257
709 32 259
705 33 262
699 37 264
691 43 266
682 45 273
685 39 276
680 40 280
680 40 280
686 30 284
685 31 284
684 29 287
682 31 287
689 28 283
684 30 286
689 24 287
691 19 290
696 20 284
698 20 282
696 17 287
700 17 283
699 18 283
701 19 280
699 21 280
700 21 279
704 21 275
706 17 277
709 16 275
713 14 273
717 15 268
723 8 269
728 8 264
734 7 259
737 6 257
740 5 255
744 4 252
745 4 251
751 4 245
756 6 238
760 8 232
766 7 227
768 9 223
771 11 218
776 6 218
779 4 217
782 4 214
786 3 211
788 2 210
792 2 206
795 2 203
796 2 202
800 2 198
801 1 198
804 1 195
805 3 192
809 2 189
814 2 184
817 2 181
820 3 177
821 5 174
821 8 171
818 9 173
816 14 170
815 13 172
