1000 0 0
1000 0 0
1000 0 0
999 1 0
999 0 1
994 5 1
991 6 3
984 13 3
975 21 4
968 19 13
963 20 17
954 24 22
934 37 29
922 44 34
908 55 37
892 61 47
874 67 59
847 86 67
818 99 83
778 127 95
753 135 112
716 153 131
694 149 157
682 134 184
670 118 212
654 117 229
637 113 250
626 117 257
618 112 270
616 104 280
607 95 298
602 94 304
596 97 307
587 98 315
588 91 321
581 84 335
577 82 341
578 74 348
576 71 353
574 67 359
566 66 368
565 61 374
570 54 376
572 51 377
575 49 376
574 46 380
573 45 382
575 42 383
577 39 384
583 35 382
580 37 383
583 35 382
588 30 382
594 28 378
598 27 375
601 21 378
609 18 373
611 20 369
616 19 365
621 18 361
620 23 357
621 19 360
629 15 356
634 13 353
638 12 350
640 14 346
646 9 345
650 10 340
654 7 339
658 7 335
661 6 333
668 6 326
672 7 321
676 6 318
682 5 313
690 5 305
692 4 304
695 4 301
701 5 294
707 5 288
711 3 286
719 2 279
728 1 271
732 2 266
734 4 262
736 6 258
739 6 255
737 10 253
732 14 254
728 16 256
731 18 251
728 29 243
724 33 243
723 33 244
717 37 246
705 48 247
697 53 250
688 53 259
682 57 261
678 59 263
679 59 262
674 54 272
677 50 273
675 49 276
665 55 280
670 53 277
663 55 282
659 51 290
653 52 295
649 54 297
647 61 292
646 60 294
642 58 300
641 55 304
633 53 314
631 55 314
629 51 320
630 49 321
631 46 323
630 41 329
633 39 328
636 38 326
640 34 326
639 33 328
638 36 326
638 38 324
642 32 326
645 24 331
641 26 333
641 25 334
647 25 328
644 28 328
646 28 326
644 29 327
644 29 327
646 30 324
648 25 327
647 24 329
645 30 325
648 29 323
650 30 320
652 27 321
651 22 327
654 22 324
649 28 323
644 30 326
649 21 330
651 19 330
651 18 331
657 16 327
660 13 327
664 9 327
670 8 322
672 8 320
672 9 319
676 9 315
673 15 312
680 11 309
682 13 305
685 15 300
691 13 296
695 15 290
696 21 283
701 21 278
697 24 279
700 24 276
696 24 280
698 22 280
699 22 279
697 20 283
705 18 277
700 24 276
694 30 276
694 32 274
687 43 270
683 37 280
673 40 287
670 41 289
670 42 288
668 41 291
666 38 296
666 38 296
669 41 290
667 38 295
671 34 295
674 35 291
675 31 294
672 36 292
670 33 297
672 28 300
673 30 297
676 32 292
670 36 294
661 41 298
663 41 296
655 42 303
659 37 304
655 41 304
659 37 304
660 40 300
661 45 294
659 44 297
659 46 295
658 42 300
660 36 304
657 33 310
652 37 311
651 36 313
650 36 314
645 36 319
646 36 318
644 36 320
644 39 317
638 42 320
639 44 317
637 44 319
637 44 319
636 43 321
632 51 317
633 46 321
629 47 324
619 52 329
621 47 332
625 40 335
626 35 339
631 35 334
626 40 334
623 42 335
621 40 339
615 45 340
604 54 342
599 55 346
588 56 356
584 58 358
576 57 367
567 60 373
567 54 379
566 54 380
566 56 378
569 51 380
573 47 380
572 47 381
573 48 379
574 48 378
576 40 384
578 45 377
575 45 380
574 45 381
577 40 383
577 40 383
583 37 380
584 41 375
578 39 383
575 45 380
567 51 382
554 60 386
546 61 393
545 60 395
541 59 400
542 55 403
542 54 404
547 45 408
546 43 411
546 46 408
542 51 407
541 48 411
542 49 409
544 47 409
548 46 406
545 43 412
548 40 412
555 37 408
561 27 412
565 25 410
566 25 409
569 24 407
574 25 401
574 25 401
577 27 396
587 22 391
587 21 392
589 18 393
591 17 392
591 18 391
599 16 385
603 15 382
606 17 377
606 16 378
608 15 377
604 22 374
601 25 374
600 27 373
605 29 366
608 29 363
609 23 368
618 21 361
621 19 360
624 15 361
624 15 361
624 15 361
631 15 354
631 19 350
634 19 347
629 23 348
624 28 348
622 30 348
631 29 340
628 26 346
627 26 347
625 25 350
633 24 343
637 24 339
646 24 330
651 24 325
652 23 325
657 25 318
662 26 312
664 24 312
670 21 309
670 22 308
677 18 305
681 16 303
682 16 302
684 14 302
682 18 300
686 17 297
688 19 293
686 27 287
685 29 286
686 32 282
682 38 280
683 39 278
678 41 281
679 42 279
672 46 282
668 45 287
660 49 291
648 59 293
639 60 301
638 63 299
632 58 310
632 52 316
637 46 317
635 37 328
637 35 328
641 28 331
643 24 333
649 25 326
652 26 322
652 27 321
660 24 316
663 25 312
666 23 311
668 23 309
667 25 308
665 26 309
672 19 309
671 21 308
666 25 309
658 37 305
661 39 300
660 41 299
655 44 301
660 40 300
653 40 307
645 47 308
643 48 309
644 39 317
648 40 312
642 44 314
640 39 321
639 40 321
638 38 324
642 34 324
643 33 324
648 31 321
646 34 320
647 31 322
653 30 317
658 26 316
660 28 312
661 24 315
665 22 313
666 20 314
671 15 314
675 13 312
676 12 312
678 9 313
685 7 308
689 5 306
693 3 304
697 2 301
699 2 299
701 1 298
704 1 295
709 1 290
712 1 287
712 1 287
714 0 286
719 0 281
720 0 280
722 0 278
725 0 275
726 0 274
731 0 269
734 0 266
739 0 261
745 0 255
753 0 247
760 0 240
766 0 234
771 0 229
776 0 224
777 0 223
779 0 221
781 0 219
783 0 217
788 0 212
791 0 209
794 0 206
797 0 203
802 0 198
802 6 192
800 9 191
796 15 189
792 17 191
792 18 190
788 22 190
787 22 191
786 25 189
788 22 190
786 26 188
780 33 187
767 44 189
759 45 196
751 48 201
745 53 202
740 61 199
728 67 205
720 64 216
711 60 229
705 61 234
695 65 240
694 58 248
693 50 257
696 40 264
696 43 261
693 45 262
690 47 263
685 48 267
681 48 271
678 44 278
678 40 282
679 36 285
678 33 289
681 31 288
677 35 288
678 37 285
680 35 285
672 39 289
664 43 293
655 48 297
647 55 298
642 49 309
638 49 313
636 47 317
633 52 315
625 58 317
620 58 322
622 57 321
625 53 322
622 55 323
613 58 329
608 53 339
603 55 342
607 47 346
609 43 348
606 41 353
611 35 354
611 28 361
607 29 364
605 30 365
606 25 369
611 20 369
619 20 361
624 18 358
628 17 355
631 12 357
636 10 354
639 9 352
645 9 346
655 9 336
659 10 331
664 10 326
669 8 323
670 5 325
679 5 316
681 4 315
685 3 312
694 3 303
695 3 302
698 2 300
705 1 294
708 3 289
713 3 284
717 2 281
721 2 277
723 2 275
726 2 272
726 3 271
734 2 264
736 2 262
738 5 257
739 4 257
744 4 252
747 5 248
749 5 246
755 3 242
763 3 234
765 3 232
772 3 225
771 4 225
773 5 222
777 4 219
780 4 216
782 4 214
786 3 211
788 3 209
791 5 204
793 6 201
793 6 201
794 5 201
793 6 201
797 5 198
798 4 198
799 4 197
800 5 195
799 4 197
798 4 198
797 6 197
799 3 198
801 4 195
801 7 192
804 8 188
803 9 188
798 15 187
795 20 185
790 23 187
791 22 187
785 31 184
774 41 185
768 45 187
755 54 191
744 62 194
730 73 197
723 75 202
712 80 208
705 80 215
693 79 228
674 82 244
664 80 256
649 78 273
637 81 282
628 82 290
624 81 295
613 87 300
610 77 313
611 66 323
606 60 334
609 55 336
611 47 342
612 46 342
614 44 342
616 44 340
606 48 346
605 46 349
598 52 350
601 41 358
609 40 351
614 37 349
618 33 349
620 33 347
621 28 351
630 28 342
626 29 345
627 24 349
631 23 346
631 27 342
634 32 334
633 30 337
631 33 336
624 44 332
615 54 331
605 58 337
606 52 342
608 44 348
608 45 347
608 44 348
607 37 356
606 34 360
613 30 357
617 27 356
618 22 360
617 24 359
626 18 356
634 18 348
635 19 346
639 19 342
649 18 333
654 20 326
654 20 326
661 20 319
664 20 316
670 17 313
674 16 310
677 17 306
683 14 303
688 16 296
688 18 294
687 19 294
697 17 286
700 15 285
703 16 281
701 16 283
694 21 285
694 20 286
693 18 289
690 19 291
691 20 289
695 17 288
691 25 284
694 25 281
699 22 279
699 24 277
704 18 278
703 14 283
702 14 284
704 14 282
710 8 282
712 8 280
716 6 278
715 7 278
721 8 271
723 8 269
727 8 265
728 8 264
732 7 261
736 6 258
742 4 254
744 3 253
747 4 249
753 3 244
754 4 242
758 2 240
763 1 236
767 0 233
771 0 229
776 0 224
777 1 222
784 1 215
785 2 213
788 2 210
794 2 204
799 2 199
800 2 198
806 2 192
812 2 186
814 1 185
814 1 185
821 1 178
827 1 172
830 0 170
833 0 167
836 0 164
836 0 164
837 0 163
837 0 163
838 0 162
840 0 160
841 0 159
844 0 156
848 0 152
850 0 150
851 0 149
851 0 149
856 0 144
858 0 142
862 0 138
866 0 134
868 0 132
869 0 131
871 0 129
872 0 128
874 0 126
874 0 126
876 0 124
877 0 123
879 0 121
880 0 120
883 0 117
885 0 115
887 0 113
888 0 112
892 0 108
892 0 108
895 0 105
896 0 104
899 0 101
899 0 101
902 0 98
903 0 97
906 0 94
907 0 93
910 0 90
912 0 88
913 0 87
915 0 85
915 0 85
919 0 81
920 0 80
922 0 78
924 0 76
925 0 75
926 0 74
928 0 72
930 0 70
930 0 70
932 0 68
935 0 65
936 0 64
936 0 64
937 0 63
938 0 62
938 0 62
939 0 61
940 0 60
940 0 60
940 0 60
941 0 59
943 0 57
944 0 56
944 0 56
946 0 54
947 0 53
948 0 52
948 0 52
949 0 51
951 0 49
952 0 48
952 0 48
953 0 47
954 0 46
954 0 46
956 0 44
958 0 42
958 0 42
959 0 41
960 0 40
961 0 39
963 0 37
963 0 37
963 0 37
963 0 37
965 0 35
965 0 35
965 0 35
966 0 34
966 0 34
969 0 31
969 0 31
970 0 30
972 0 28
974 0 26
975 0 25
975 0 25
975 0 25
975 0 25
975 0 25
975 0 25
975 0 25
975 0 25
976 0 24
976 0 24
976 0 24
977 0 23
979 0 21
979 0 21
980 0 20
981 0 19
983 0 17
983 0 17
983 0 17
983 0 17
983 0 17
984 0 16
984 0 16
986 0 14
986 0 14
986 0 14
986 0 14
986 0 14
987 0 13
987 0 13
987 0 13
987 0 13
988 0 12
988 0 12
988 0 12
988 0 12
988 0 12
988 0 12
989 0 11
989 0 11
990 0 10
990 0 10
990 0 10
990 0 10
990 0 10
990 0 10
990 0 10
990 0 10
990 0 10
990 0 10
991 0 9
991 0 9
991 0 9
991 0 9
993 0 7
993 0 7
994 0 6
994 0 6
994 0 6
994 0 6
994 0 6
994 0 6
994 0 6
994 0 6
994 0 6
994 0 6
994 0 6
994 0 6
994 0 6
994 0 6
994 0 6
995 0 5
995 0 5
995 0 5
996 0 4
996 0 4
996 0 4
996 0 4
996 0 4
996 0 4
996 0 4
996 0 4
996 0 4
996 0 4
996 0 4
996 0 4
996 0 4
996 0 4
996 0 4
996 0 4
996 0 4
996 0 4
996 0 4
996 0 4
996 0 4
996 0 4
996 0 4
996 0 4
996 0 4
996 0 4
996 0 4
996 0 4
997 0 3
997 0 3
997 0 3
997 0 3
997 0 3
997 0 3
997 0 3
997 0 3
997 0 3
997 0 3
997 0 3
997 0 3
997 0 3
997 0 3
997 0 3
997 0 3
997 0 3
997 0 3
997 0 3
997 0 3
997 0 3
997 0 3
997 0 3
997 0 3
997 0 3
997 0 3
997 0 3
997 0 3
997 0 3
997 0 3
998 0 2
998 0 2
998 0 2
998 0 2
998 0 2
998 0 2
998 0 2
998 0 2
998 0 2
998 0 2
998 0 2
998 0 2
999 0 1
1000 0 0
1000 0 0
1000 0 0
1000 0 0
1000 0 0
1000 0 0
1000 0 0
1000 0 0
1000 0 0
1000 0 0
1000 0 0
1000 0 0
1000 0 0
1000 0 0
1000 0 0
1000 0 0
1000 0 0
1000 0 0
1000 0 0
1000 0 0
1000 0 0
1000 0 0
1000 0 0
1000 0 0
1000 0 0
1000 0 0
1000 0 0
1000 0 0
1000 0 0
1000 0 0
1000 0 0
1000 0 0
1000 0 0
1000 0 0
1000 0 0
1000 0 0
1000 0 0
1000 0 0
1000 0 0
1000 0 0
1000 0 0
1000 0 0
1000 0 0
1000 0 0
1000 0 0
1000 0 0
1000 0 0
1000 0 0
1000 0 0
1000 0 0
1000 0 0
1000 0 0
1000 0 0
1000 0 0
1000 0 0
1000 0 0
1000 0 0
1000 0 0
1000 0 0
1000 0 0
1000 0 0
1000 0 0
1000 0 0
1000 0 0
1000 0 0
1000 0 0
1000 0 0
1000 0 0
1000 0 0
1000 0 0
1000 0 0
1000 0 0
1000 0 0
1000 0 0
1000 0 0
1000 0 0
1000 0 0
1000 0 0
1000 0 0
1000 0 0
1000 0 0
1000 0 0
1000 0 0
