998 2 0
998 1 1
998 1 1
998 1 1
998 1 1
998 1 1
997 2 1
997 2 1
995 4 1
993 5 2
992 6 2
991 6 3
990 5 5
986 9 5
980 13 7
976 14 10
971 18 11
961 26 13
946 37 17
924 47 29
903 62 35
876 78 46
850 86 64
822 102 76
794 112 94
756 132 112
718 163 119
677 181 142
639 201 160
612 196 192
593 184 223
580 167 253
562 162 276
544 163 293
531 147 322
513 139 348
503 132 365
496 120 384
489 118 393
482 119 399
481 113 406
475 107 418
469 100 431
468 89 443
475 74 451
477 70 453
477 63 460
478 55 467
482 50 468
489 52 459
491 60 449
495 50 455
494 42 464
499 37 464
504 36 460
508 35 457
513 38 449
521 34 445
519 35 446
521 32 447
525 30 445
531 27 442
531 28 441
535 31 434
537 25 438
543 25 432
547 25 428
551 29 420
553 29 418
558 27 415
563 23 414
571 21 408
575 24 401
580 20 400
584 20 396
593 20 387
599 19 382
605 20 375
612 16 372
619 15 366
624 14 362
630 9 361
636 7 357
642 6 352
647 4 349
649 4 347
660 4 336
664 7 329
669 7 324
672 5 323
675 5 320
678 5 317
681 7 312
683 8 309
683 14 303
685 11 304
686 13 301
691 15 294
695 12 293
697 13 290
703 10 287
695 20 285
692 25 283
684 33 283
674 38 288
672 38 290
668 41 291
661 46 293
654 50 296
647 52 301
642 55 303
640 50 310
644 48 308
647 40 313
646 36 318
646 34 320
643 34 323
641 37 322
640 38 322
645 30 325
647 26 327
656 22 322
661 20 319
652 29 319
647 33 320
651 26 323
650 29 321
650 32 318
650 35 315
648 37 315
645 38 317
648 34 318
656 34 310
653 36 311
652 39 309
650 37 313
660 32 308
654 36 310
657 34 309
654 37 309
657 42 301
657 41 302
660 35 305
660 34 306
655 40 305
646 46 308
638 49 313
635 46 319
635 51 314
628 51 321
624 46 330
620 42 338
627 37 336
625 38 337
621 43 336
626 36 338
625 33 342
630 34 336
629 32 339
632 31 337
630 31 339
630 31 339
636 30 334
638 25 337
643 24 333
645 22 333
652 19 329
653 20 327
652 23 325
654 24 322
661 22 317
672 19 309
674 21 305
674 16 310
677 15 308
682 14 304
685 14 301
686 13 301
699 11 290
702 9 289
704 8 288
706 9 285
710 7 283
709 9 282
715 10 275
719 12 269
718 17 265
718 16 266
720 18 262
717 22 261
715 26 259
713 24 263
713 23 264
716 25 259
715 25 260
717 24 259
716 27 257
718 27 255
721 26 253
717 28 255
715 32 253
706 38 256
704 38 258
708 34 258
707 34 259
703 38 259
707 33 260
707 29 264
709 27 264
711 25 264
709 28 263
706 26 268
697 32 271
692 38 270
682 46 272
672 54 274
665 52 283
659 56 285
650 61 289
650 54 296
650 55 295
644 54 302
647 52 301
641 57 302
639 57 304
631 61 308
623 60 317
617 64 319
613 63 324
606 59 335
599 61 340
598 57 345
596 54 350
596 54 350
597 54 349
596 45 359
596 44 360
590 41 369
597 41 362
596 40 364
590 44 366
594 37 369
594 34 372
601 28 371
603 29 368
607 25 368
612 19 369
615 18 367
622 15 363
628 12 360
631 11 358
631 14 355
634 15 351
635 14 351
634 15 351
644 14 342
654 16 330
653 17 330
653 17 330
650 17 333
651 17 332
656 17 327
663 20 317
666 19 315
668 14 318
674 13 313
682 11 307
687 11 302
692 12 296
698 10 292
704 8 288
709 7 284
708 7 285
714 8 278
717 5 278
723 4 273
726 5 269
732 4 264
735 4 261
737 2 261
741 2 257
746 2 252
753 2 245
755 3 242
760 3 237
763 2 235
768 3 229
773 3 224
774 4 222
778 5 217
777 5 218
780 5 215
784 4 212
789 4 207
794 3 203
797 4 199
798 4 198
794 9 197
795 10 195
794 13 193
795 15 190
799 12 189
802 13 185
807 11 182
811 8 181
815 8 177
816 7 177
818 6 176
826 6 168
828 7 165
829 6 165
829 9 162
831 8 161
828 8 164
827 11 162
826 9 165
826 11 163
825 12 163
822 16 162
820 19 161
816 20 164
819 21 160
802 35 163
790 47 163
776 64 160
755 80 165
746 77 177
729 80 191
722 79 199
716 81 203
697 92 211
692 90 218
681 88 231
673 81 246
674 76 250
661 80 259
643 84 273
634 84 282
634 76 290
631 75 294
623 69 308
613 74 313
591 86 323
581 91 328
580 87 333
575 91 334
572 88 340
556 96 348
547 94 359
545 88 367
550 73 377
549 65 386
545 67 388
536 75 389
531 72 397
528 77 395
526 71 403
521 75 404
512 64 424
507 61 432
507 58 435
500 58 442
500 53 447
500 54 446
503 46 451
505 47 448
505 45 450
502 51 447
493 56 451
487 58 455
493 58 449
502 46 452
501 41 458
506 41 453
510 40 450
514 30 456
527 24 449
531 26 443
536 24 440
537 20 443
542 18 440
547 15 438
549 14 437
553 16 431
563 14 423
563 19 418
568 19 413
572 16 412
576 16 408
577 18 405
587 14 399
590 12 398
592 12 396
598 14 388
604 11 385
610 8 382
612 6 382
616 5 379
625 6 369
629 5 366
634 3 363
641 1 358
645 2 353
654 2 344
661 1 338
665 1 334
670 1 329
677 1 322
684 2 314
692 2 306
699 3 298
706 1 293
708 1 291
715 1 284
725 1 274
726 4 270
726 7 267
724 12 264
722 19 259
716 24 260
709 30 261
703 33 264
705 27 268
709 22 269
700 31 269
695 37 268
689 35 276
690 36 274
687 38 275
687 39 274
679 47 274
674 44 282
674 38 288
670 41 289
670 40 290
676 40 284
677 41 282
680 36 284
676 38 286
674 38 288
679 31 290
678 34 288
678 34 288
676 29 295
683 28 289
684 29 287
685 30 285
687 30 283
685 27 288
686 25 289
687 24 289
688 23 289
694 18 288
695 17 288
688 24 288
691 20 289
692 23 285
693 22 285
691 27 282
690 27 283
689 22 289
689 21 290
688 24 288
689 25 286
688 29 283
689 26 285
693 24 283
695 24 281
695 24 281
699 23 278
694 24 282
688 29 283
684 30 286
681 27 292
681 29 290
673 35 292
673 38 289
673 42 285
668 46 286
671 41 288
660 49 291
656 51 293
651 51 298
646 53 301
650 47 303
651 49 300
649 47 304
645 44 311
644 39 317
646 38 316
650 34 316
648 38 314
644 45 311
634 55 311
619 65 316
613 64 323
608 66 326
604 63 333
599 60 341
596 57 347
595 56 349
597 53 350
594 54 352
594 48 358
596 49 355
597 41 362
607 36 357
604 31 365
606 32 362
605 33 362
608 32 360
603 31 366
605 31 364
612 23 365
615 23 362
615 24 361
618 23 359
614 23 363
610 25 365
605 29 366
613 30 357
612 34 354
615 36 349
617 39 344
617 37 346
611 35 354
616 36 348
623 33 344
619 39 342
619 39 342
615 42 343
618 41 341
619 42 339
620 39 341
613 44 343
617 42 341
611 43 346
613 42 345
616 37 347
615 34 351
617 30 353
619 31 350
615 35 350
615 28 357
624 25 351
626 23 351
626 22 352
634 22 344
635 25 340
641 20 339
644 17 339
648 13 339
654 11 335
659 7 334
667 6 327
670 5 325
679 7 314
675 12 313
680 10 310
683 7 310
685 7 308
687 7 306
684 11 305
687 10 303
687 13 300
690 14 296
699 12 289
699 12 289
703 11 286
712 12 276
705 23 272
705 24 271
705 28 267
702 29 269
700 29 271
699 30 271
700 30 270
699 32 269
704 25 271
708 25 267
707 26 267
704 32 264
707 30 263
709 27 264
709 26 265
707 26 267
705 24 271
698 32 270
694 38 268
693 37 270
687 42 271
686 44 270
680 39 281
676 39 285
674 38 288
666 44 290
662 44 294
660 44 296
657 49 294
650 48 302
647 45 308
637 50 313
636 54 310
635 50 315
636 42 322
639 40 321
637 37 326
639 35 326
639 37 324
636 41 323
633 40 327
635 40 325
637 40 323
639 36 325
638 38 324
640 44 316
638 43 319
634 42 324
631 37 332
635 39 326
630 39 331
628 43 329
627 40 333
625 40 335
627 41 332
629 36 335
631 35 334
636 30 334
636 27 337
631 30 339
636 27 337
636 28 336
635 27 338
633 30 337
625 33 342
625 35 340
626 33 341
626 32 342
627 30 343
625 34 341
622 36 342
629 33 338
632 34 334
635 30 335
634 27 339
644 22 334
648 23 329
651 25 324
653 25 322
651 28 321
651 30 319
654 29 317
650 34 316
652 29 319
651 32 317
647 37 316
648 38 314
645 39 316
642 40 318
647 33 320
645 35 320
646 38 316
646 36 318
644 36 320
642 39 319
644 37 319
641 35 324
645 32 323
652 28 320
654 25 321
658 24 318
658 22 320
659 23 318
659 20 321
666 19 315
668 20 312
667 20 313
663 22 315
662 21 317
660 26 314
661 31 308
661 27 312
659 30 311
658 30 312
653 34 313
652 34 314
651 40 309
646 42 312
645 43 312
646 39 315
648 39 313
647 37 316
650 35 315
649 32 319
643 36 321
641 38 321
640 41 319
641 40 319
631 49 320
627 54 319
623 53 324
618 58 324
620 54 326
620 55 325
614 60 326
612 57 331
608 58 334
604 57 339
599 57 344
599 57 344
600 55 345
595 57 348
589 55 356
589 50 361
594 48 358
590 51 359
589 53 358
588 56 356
587 56 357
589 49 362
591 41 368
594 39 367
592 40 368
591 40 369
588 41 371
582 45 373
583 37 380
583 35 382
589 28 383
597 23 380
603 21 376
603 20 377
607 19 374
613 18 369
617 21 362
625 18 357
628 18 354
638 20 342
643 17 340
646 13 341
646 16 338
649 17 334
653 15 332
653 16 331
654 18 328
654 22 324
654 26 320
657 28 315
659 27 314
659 29 312
655 26 319
660 25 315
665 24 311
667 28 305
669 28 303
670 21 309
666 24 310
667 28 305
667 30 303
667 29 304
667 24 309
663 31 306
665 29 306
669 25 306
667 26 307
666 28 306
670 29 301
670 30 300
670 30 300
671 27 302
676 21 303
680 23 297
683 22 295
688 20 292
690 15 295
695 17 288
698 17 285
702 14 284
703 15 282
704 13 283
701 17 282
702 17 281
697 23 280
695 27 278
697 22 281
699 18 283
700 18 282
700 19 281
696 20 284
697 23 280
689 29 282
687 33 280
687 33 280
690 30 280
692 28 280
690 30 280
694 30 276
689 36 275
686 34 280
683 37 280
687 34 279
686 36 278
688 33 279
689 33 278
687 32 281
694 29 277
691 29 280
695 22 283
694 19 287
695 20 285
697 22 281
699 20 281
697 22 281
701 15 284
704 14 282
708 14 278
707 13 280
709 14 277
709 14 277
710 14 276
713 16 271
710 22 268
701 34 265
695 37 268
689 39 272
689 41 270
684 42 274
677 46 277
674 43 283
659 56 285
652 62 286
642 73 285
628 81 291
624 81 295
614 79 307
600 82 318
605 73 322
608 66 326
600 65 335
605 56 339
604 54 342
609 51 340
609 50 341
610 45 345
609 45 346
609 38 353
609 35 356
609 35 356
611 27 362
616 24 360
621 23 356
628 22 350
635 23 342
641 19 340
641 22 337
643 18 339
646 16 338
649 15 336
654 16 330
657 16 327
661 15 324
669 14 317
678 14 308
680 15 305
675 25 300
679 18 303
683 17 300
687 17 296
693 14 293
695 14 291
702 12 286
709 9 282
712 9 279
715 9 276
717 8 275
719 5 276
725 5 270
732 5 263
735 6 259
742 4 254
746 4 250
749 4 247
759 3 238
765 3 232
767 5 228
769 5 226
772 5 223
776 5 219
779 4 217
782 4 214
784 5 211
788 5 207
793 6 201
794 8 198
798 12 190
802 10 188
805 7 188
804 11 185
794 22 184
785 32 183
773 43 184
754 52 194
742 61 197
730 66 204
712 66 222
696 74 230
677 82 241
661 87 252
652 93 255
644 90 266
635 92 273
629 91 280
622 93 285
613 88 299
610 83 307
605 82 313
594 82 324
583 91 326
576 82 342
574 79 347
573 75 352
567 79 354
562 80 358
563 74 363
557 75 368
556 75 369
549 76 375
552 63 385
552 60 388
554 55 391
553 55 392
555 50 395
554 49 397
556 41 403
558 41 401
561 40 399
563 37 400
563 33 404
562 34 404
566 31 403
571 31 398
570 35 395
573 34 393
575 31 394
578 35 387
581 31 388
588 28 384
591 29 380
590 30 380
592 32 376
595 31 374
594 31 375
594 36 370
591 44 365
588 45 367
594 44 362
586 53 361
586 51 363
587 49 364
574 58 368
573 56 371
568 54 378
554 60 386
548 62 390
545 63 392
544 59 397
544 53 403
543 52 405
542 49 409
545 51 404
544 48 408
546 42 412
546 36 418
546 37 417
558 33 409
569 32 399
573 33 394
578 28 394
573 32 395
575 29 396
577 33 390
578 34 388
578 34 388
585 33 382
585 38 377
591 40 369
592 40 368
591 45 364
596 38 366
602 35 363
608 37 355
604 44 352
606 44 350
608 41 351
617 41 342
616 42 342
620 38 342
623 34 343
629 30 341
629 34 337
630 31 339
