1000 0 0
1000 0 0
1000 0 0
1000 0 0
1000 0 0
1000 0 0
1000 0 0
1000 0 0
998 2 0
998 0 2
998 0 2
997 1 2
994 3 3
995 3 2
993 4 3
988 8 4
976 16 8
968 20 12
965 18 17
953 27 20
940 32 28
930 34 36
915 44 41
895 58 47
863 82 55
843 93 64
819 108 73
800 107 93
782 119 99
752 135 113
734 125 141
712 131 157
690 127 183
670 124 206
657 126 217
645 122 233
635 115 250
632 109 259
619 109 272
610 111 279
601 112 287
589 117 294
575 112 313
567 105 328
558 105 337
551 100 349
540 94 366
536 90 374
534 88 378
527 92 381
523 87 390
525 85 390
524 85 391
515 86 399
508 88 404
508 83 409
508 79 413
511 78 411
516 72 412
520 60 420
513 64 423
509 69 422
512 61 427
513 59 428
509 55 436
511 45 444
513 40 447
520 39 441
528 36 436
534 37 429
540 40 420
541 41 418
545 45 410
548 44 408
545 44 411
551 40 409
557 34 409
562 33 405
566 33 401
573 31 396
575 30 395
577 23 400
587 21 392
593 22 385
594 23 383
602 22 376
611 22 367
616 14 370
624 13 363
630 11 359
637 10 353
642 8 350
649 10 341
657 12 331
660 13 327
661 17 322
659 18 323
661 18 321
653 24 323
650 25 325
645 21 334
640 27 333
639 32 329
637 31 332
640 30 330
639 26 335
642 26 332
643 24 333
650 15 335
656 14 330
655 22 323
658 27 315
658 28 314
660 23 317
657 21 322
653 23 324
653 25 322
657 25 318
660 25 315
664 27 309
667 25 308
664 31 305
661 32 307
660 35 305
670 37 293
665 44 291
662 39 299
661 32 307
663 29 308
660 28 312
660 26 314
660 23 317
660 26 314
659 26 315
664 22 314
665 24 311
667 22 311
663 26 311
665 27 308
668 22 310
665 22 313
664 21 315
668 16 316
669 19 312
671 21 308
673 19 308
676 17 307
684 14 302
689 9 302
688 11 301
693 8 299
694 9 297
699 8 293
703 8 289
707 6 287
711 6 283
713 7 280
720 6 274
730 7 263
736 6 258
736 7 257
731 13 256
729 16 255
731 12 257
738 11 251
739 13 248
735 20 245
742 19 239
746 15 239
748 15 237
748 14 238
748 13 239
749 15 236
745 19 236
749 20 231
750 18 232
755 12 233
754 8 238
759 9 232
761 7 232
765 5 230
768 4 228
774 4 222
774 4 222
774 3 223
778 3 219
779 4 217
782 3 215
782 5 213
788 3 209
788 5 207
793 5 202
796 5 199
798 5 197
799 5 196
803 4 193
806 6 188
810 6 184
814 8 178
817 6 177
822 3 175
823 1 176
826 1 173
829 1 170
830 1 169
832 1 167
833 1 166
836 1 163
840 0 160
843 0 157
846 0 154
848 0 152
852 0 148
853 0 147
855 0 145
859 0 141
861 0 139
862 0 138
862 0 138
866 0 134
871 0 129
873 0 127
877 0 123
880 0 120
882 0 118
883 0 117
885 0 115
888 0 112
890 0 110
891 0 109
892 0 108
898 0 102
899 0 101
902 0 98
905 0 95
906 0 94
908 0 92
909 0 91
911 0 89
913 0 87
914 0 86
914 0 86
914 0 86
915 0 85
916 0 84
916 0 84
917 0 83
918 0 82
922 0 78
925 0 75
928 0 72
928 0 72
929 0 71
930 0 70
931 0 69
934 0 66
936 0 64
936 0 64
937 0 63
939 0 61
939 0 61
940 0 60
942 0 58
944 0 56
945 0 55
946 0 54
947 0 53
948 0 52
948 0 52
950 0 50
952 0 48
952 0 48
953 0 47
954 0 46
954 0 46
954 0 46
957 0 43
958 0 42
958 0 42
959 0 41
960 0 40
961 0 39
962 0 38
962 0 38
962 0 38
962 0 38
963 0 37
963 0 37
963 0 37
964 0 36
964 0 36
964 0 36
965 0 35
967 0 33
967 0 33
968 0 32
968 0 32
969 0 31
969 0 31
970 0 30
972 0 28
973 0 27
973 0 27
973 0 27
973 0 27
974 0 26
974 0 26
975 0 25
975 0 25
975 0 25
975 0 25
975 0 25
975 0 25
975 0 25
975 0 25
975 0 25
976 0 24
976 0 24
976 0 24
976 0 24
978 0 22
978 0 22
978 0 22
978 0 22
978 0 22
978 0 22
978 0 22
978 0 22
978 0 22
978 0 22
978 0 22
978 0 22
978 0 22
978 0 22
978 0 22
979 0 21
979 0 21
979 0 21
979 0 21
979 0 21
979 0 21
979 0 21
979 0 21
979 0 21
979 0 21
979 0 21
979 0 21
980 0 20
981 0 19
981 0 19
981 0 19
982 0 18
982 0 18
982 0 18
985 0 15
985 0 15
985 0 15
985 0 15
985 0 15
986 0 14
986 0 14
986 0 14
986 0 14
986 0 14
986 0 14
986 0 14
987 0 13
987 0 13
987 0 13
987 0 13
987 0 13
987 0 13
987 0 13
987 0 13
987 0 13
988 0 12
988 0 12
988 0 12
988 0 12
988 0 12
990 0 10
990 0 10
990 0 10
990 0 10
990 0 10
990 0 10
990 0 10
990 0 10
990 0 10
991 0 9
991 0 9
991 0 9
991 0 9
991 0 9
991 0 9
991 0 9
992 0 8
992 0 8
992 0 8
992 0 8
992 0 8
992 0 8
993 0 7
993 0 7
994 0 6
994 0 6
994 0 6
994 0 6
994 0 6
994 0 6
994 0 6
994 0 6
994 0 6
994 0 6
994 0 6
995 0 5
995 0 5
995 0 5
995 0 5
995 0 5
996 0 4
996 0 4
996 0 4
996 0 4
996 0 4
996 0 4
996 0 4
996 0 4
996 0 4
996 0 4
996 0 4
996 0 4
996 0 4
996 0 4
996 0 4
997 0 3
997 0 3
997 0 3
997 0 3
997 0 3
997 0 3
997 0 3
997 0 3
997 0 3
997 0 3
997 0 3
997 0 3
997 0 3
997 0 3
997 0 3
997 0 3
997 0 3
997 0 3
997 0 3
997 0 3
997 0 3
997 0 3
997 0 3
997 0 3
997 0 3
997 0 3
997 0 3
997 0 3
997 0 3
997 0 3
997 0 3
997 0 3
997 0 3
997 0 3
997 0 3
998 0 2
998 0 2
998 0 2
998 0 2
998 0 2
998 0 2
998 0 2
998 0 2
998 0 2
998 0 2
998 0 2
998 0 2
998 0 2
998 0 2
998 0 2
998 0 2
998 0 2
998 0 2
998 0 2
998 0 2
998 0 2
998 0 2
998 0 2
998 0 2
998 0 2
998 0 2
998 0 2
998 0 2
998 0 2
998 0 2
998 0 2
998 0 2
999 0 1
999 0 1
999 0 1
999 0 1
999 0 1
999 0 1
999 0 1
999 0 1
999 0 1
999 0 1
999 0 1
999 0 1
999 0 1
999 0 1
999 0 1
999 0 1
999 0 1
999 0 1
999 0 1
999 0 1
999 0 1
999 0 1
999 0 1
999 0 1
999 0 1
999 0 1
999 0 1
999 0 1
999 0 1
999 0 1
999 0 1
999 0 1
999 0 1
999 0 1
999 0 1
999 0 1
999 0 1
999 0 1
999 0 1
999 0 1
999 0 1
999 0 1
999 0 1
999 0 1
999 0 1
999 0 1
999 0 1
999 0 1
999 0 1
999 0 1
999 0 1
999 0 1
999 0 1
999 0 1
999 0 1
999 0 1
999 0 1
999 0 1
999 0 1
999 0 1
999 0 1
999 0 1
999 0 1
999 0 1
999 0 1
999 0 1
999 0 1
999 0 1
999 0 1
999 0 1
999 0 1
999 0 1
999 0 1
999 0 1
999 0 1
999 0 1
999 0 1
999 0 1
999 0 1
999 0 1
999 0 1
999 0 1
999 0 1
999 0 1
999 0 1
999 0 1
999 0 1
999 0 1
999 0 1
999 0 1
999 0 1
999 0 1
999 0 1
999 0 1
999 0 1
999 0 1
999 0 1
999 0 1
999 0 1
999 0 1
999 0 1
999 0 1
999 0 1
999 0 1
999 0 1
999 0 1
999 0 1
999 0 1
999 0 1
999 0 1
999 0 1
999 0 1
999 0 1
999 0 1
999 0 1
999 0 1
999 0 1
999 0 1
999 0 1
999 0 1
999 0 1
999 0 1
999 0 1
999 0 1
999 0 1
999 0 1
999 0 1
999 0 1
999 0 1
999 0 1
999 0 1
999 0 1
999 0 1
999 0 1
999 0 1
999 0 1
999 0 1
999 0 1
999 0 1
999 0 1
999 0 1
999 0 1
999 0 1
999 0 1
999 0 1
999 0 1
999 0 1
999 0 1
999 0 1
999 0 1
999 0 1
999 0 1
999 0 1
999 0 1
999 0 1
999 0 1
999 0 1
999 0 1
999 0 1
999 0 1
999 0 1
999 0 1
999 0 1
999 0 1
999 0 1
999 0 1
999 0 1
999 0 1
999 0 1
999 0 1
999 0 1
999 0 1
999 0 1
999 0 1
999 0 1
999 0 1
999 0 1
999 0 1
999 0 1
999 0 1
999 0 1
999 0 1
999 0 1
999 0 1
999 0 1
999 0 1
999 0 1
999 0 1
999 0 1
999 0 1
999 0 1
999 0 1
999 0 1
999 0 1
999 0 1
999 0 1
999 0 1
999 0 1
999 0 1
999 0 1
999 0 1
999 0 1
999 0 1
999 0 1
999 0 1
999 0 1
999 0 1
999 0 1
999 0 1
999 0 1
999 0 1
999 0 1
999 0 1
999 0 1
999 0 1
999 0 1
999 0 1
999 0 1
999 0 1
999 0 1
999 0 1
999 0 1
999 0 1
999 0 1
999 0 1
999 0 1
999 0 1
999 0 1
999 0 1
999 0 1
999 0 1
999 0 1
999 0 1
999 0 1
999 0 1
999 0 1
999 0 1
999 0 1
999 0 1
999 0 1
999 0 1
999 0 1
999 0 1
999 0 1
999 0 1
999 0 1
999 0 1
999 0 1
999 0 1
999 0 1
999 0 1
999 0 1
999 0 1
999 0 1
999 0 1
999 0 1
999 0 1
999 0 1
999 0 1
999 0 1
999 0 1
999 0 1
999 0 1
999 0 1
999 0 1
999 0 1
999 0 1
999 0 1
999 0 1
999 0 1
999 0 1
999 0 1
999 0 1
999 0 1
999 0 1
999 0 1
999 0 1
999 0 1
999 0 1
999 0 1
999 0 1
999 0 1
999 0 1
999 0 1
999 0 1
999 0 1
999 0 1
999 0 1
999 0 1
999 0 1
999 0 1
999 0 1
999 0 1
999 0 1
999 0 1
999 0 1
999 0 1
999 0 1
999 0 1
999 0 1
999 0 1
999 0 1
999 0 1
999 0 1
999 0 1
999 0 1
999 0 1
999 0 1
999 0 1
999 0 1
999 0 1
999 0 1
999 0 1
999 0 1
999 0 1
999 0 1
999 0 1
999 0 1
999 0 1
999 0 1
999 0 1
999 0 1
999 0 1
999 0 1
999 0 1
999 0 1
999 0 1
999 0 1
999 0 1
999 0 1
999 0 1
999 0 1
999 0 1
999 0 1
999 0 1
999 0 1
999 0 1
999 0 1
999 0 1
999 0 1
1000 0 0
1000 0 0
1000 0 0
1000 0 0
1000 0 0
1000 0 0
1000 0 0
1000 0 0
1000 0 0
1000 0 0
1000 0 0
1000 0 0
1000 0 0
1000 0 0
1000 0 0
1000 0 0
1000 0 0
1000 0 0
1000 0 0
1000 0 0
1000 0 0
1000 0 0
1000 0 0
1000 0 0
1000 0 0
1000 0 0
1000 0 0
1000 0 0
1000 0 0
1000 0 0
1000 0 0
1000 0 0
1000 0 0
1000 0 0
1000 0 0
1000 0 0
1000 0 0
1000 0 0
1000 0 0
1000 0 0
1000 0 0
1000 0 0
1000 0 0
1000 0 0
1000 0 0
1000 0 0
1000 0 0
1000 0 0
1000 0 0
1000 0 0
1000 0 0
1000 0 0
1000 0 0
1000 0 0
1000 0 0
1000 0 0
1000 0 0
1000 0 0
1000 0 0
1000 0 0
1000 0 0
1000 0 0
1000 0 0
1000 0 0
1000 0 0
1000 0 0
1000 0 0
1000 0 0
1000 0 0
1000 0 0
1000 0 0
1000 0 0
1000 0 0
1000 0 0
1000 0 0
1000 0 0
1000 0 0
1000 0 0
1000 0 0
1000 0 0
1000 0 0
1000 0 0
1000 0 0
1000 0 0
1000 0 0
1000 0 0
1000 0 0
1000 0 0
1000 0 0
1000 0 0
1000 0 0
1000 0 0
1000 0 0
1000 0 0
1000 0 0
1000 0 0
1000 0 0
1000 0 0
1000 0 0
1000 0 0
1000 0 0
1000 0 0
1000 0 0
1000 0 0
1000 0 0
1000 0 0
1000 0 0
1000 0 0
1000 0 0
1000 0 0
1000 0 0
1000 0 0
1000 0 0
1000 0 0
1000 0 0
1000 0 0
1000 0 0
1000 0 0
1000 0 0
1000 0 0
1000 0 0
1000 0 0
1000 0 0
1000 0 0
1000 0 0
1000 0 0
1000 0 0
1000 0 0
1000 0 0
1000 0 0
1000 0 0
1000 0 0
1000 0 0
1000 0 0
1000 0 0
1000 0 0
1000 0 0
1000 0 0
1000 0 0
1000 0 0
1000 0 0
1000 0 0
1000 0 0
1000 0 0
1000 0 0
1000 0 0
1000 0 0
1000 0 0
1000 0 0
1000 0 0
1000 0 0
1000 0 0
1000 0 0
1000 0 0
1000 0 0
1000 0 0
1000 0 0
1000 0 0
1000 0 0
