1000 0 0
1000 0 0
1000 0 0
1000 0 0
1000 0 0
999 1 0
993 4 3
989 8 3
980 15 5
960 32 8
945 43 12
928 51 21
911 59 30
888 69 43
863 86 51
824 112 64
793 123 84
776 122 102
746 136 118
720 143 137
703 140 157
686 135 179
662 140 198
653 135 212
635 129 236
618 135 247
599 137 264
589 132 279
577 134 289
570 126 304
556 127 317
550 111 339
540 109 351
534 98 368
526 100 374
516 103 381
513 95 392
506 100 394
501 91 408
495 96 409
490 95 415
489 87 424
485 93 422
482 94 424
487 88 425
486 84 430
496 75 429
492 73 435
487 69 444
486 66 448
490 62 448
490 55 455
494 52 454
494 53 453
501 42 457
503 40 457
511 35 454
513 36 451
514 38 448
513 39 448
518 41 441
515 45 440
519 40 441
522 37 441
524 35 441
533 34 433
533 39 428
529 42 429
533 36 431
536 32 432
542 25 433
553 20 427
561 20 419
559 20 421
566 15 419
569 13 418
576 14 410
584 11 405
593 13 394
601 8 391
608 6 386
612 6 382
619 6 375
625 8 367
628 11 361
631 14 355
637 14 349
639 16 345
635 23 342
634 21 345
638 19 343
639 20 341
640 20 340
642 23 335
645 23 332
650 22 328
651 21 328
657 17 326
659 16 325
665 15 320
671 18 311
675 17 308
672 18 310
673 17 310
677 17 306
679 15 306
682 16 302
681 17 302
684 14 302
688 16 296
690 15 295
692 17 291
691 21 288
697 20 283
696 20 284
696 23 281
699 23 278
698 25 277
700 24 276
703 22 275
699 26 275
695 24 281
694 32 274
693 35 272
695 32 273
693 36 271
692 30 278
690 33 277
684 37 279
686 34 280
685 32 283
679 37 284
674 39 287
676 34 290
675 33 292
678 32 290
679 36 285
680 33 287
682 33 285
685 35 280
681 38 281
677 38 285
680 36 284
672 44 284
670 43 287
665 46 289
660 52 288
653 53 294
645 57 298
644 54 302
639 60 301
639 55 306
628 61 311
633 57 310
630 58 312
625 59 316
622 54 324
622 53 325
619 54 327
615 57 328
611 60 329
606 56 338
603 51 346
603 56 341
598 59 343
600 53 347
600 48 352
598 47 355
598 44 358
601 43 356
600 44 356
598 43 359
603 39 358
607 35 358
607 37 356
613 40 347
619 42 339
617 42 341
615 42 343
618 40 342
617 36 347
617 36 347
621 32 347
628 28 344
634 23 343
639 23 338
645 22 333
648 18 334
661 15 324
663 13 324
672 12 316
677 11 312
681 9 310
683 12 305
689 10 301
691 11 298
697 10 293
704 12 284
709 10 281
713 11 276
713 14 273
716 13 271
717 15 268
717 19 264
713 23 264
716 23 261
711 25 264
705 25 270
703 26 271
700 28 272
697 29 274
704 30 266
696 36 268
687 42 271
680 46 274
677 46 277
671 50 279
665 53 282
664 56 280
653 67 280
648 61 291
641 67 292
639 63 298
637 60 303
634 59 307
633 58 309
629 61 310
625 59 316
626 57 317
620 59 321
611 62 327
610 62 328
606 61 333
598 65 337
598 63 339
594 58 348
597 51 352
590 54 356
585 51 364
585 52 363
580 55 365
581 55 364
581 52 367
585 48 367
589 39 372
591 40 369
590 42 368
593 38 369
602 35 363
607 37 356
607 37 356
609 32 359
609 35 356
614 33 353
616 36 348
616 39 345
616 38 346
614 32 354
614 34 352
609 33 358
613 34 353
617 33 350
617 36 347
620 30 350
624 31 345
624 29 347
621 25 354
622 24 354
624 26 350
632 24 344
635 22 343
637 18 345
640 15 345
649 16 335
653 15 332
658 12 330
664 12 324
669 12 319
669 13 318
678 13 309
681 15 304
684 14 302
688 12 300
694 10 296
699 8 293
701 9 290
701 9 290
704 10 286
709 12 279
712 9 279
712 11 277
716 11 273
720 10 270
728 12 260
728 14 258
733 13 254
737 13 250
731 19 250
730 21 249
731 22 247
734 24 242
734 21 245
734 19 247
736 17 247
735 14 251
738 13 249
741 12 247
744 14 242
741 14 245
746 11 243
745 12 243
751 12 237
753 11 236
755 12 233
755 15 230
756 15 229
762 16 222
762 13 225
764 15 221
763 14 223
767 14 219
767 13 220
771 14 215
770 16 214
770 16 214
772 15 213
772 14 214
773 15 212
771 19 210
773 15 212
772 16 212
775 16 209
771 18 211
774 16 210
774 15 211
775 17 208
777 15 208
781 16 203
781 19 200
780 24 196
775 25 200
763 38 199
753 43 204
747 43 210
740 41 219
735 43 222
722 47 231
712 49 239
703 54 243
695 58 247
689 59 252
685 59 256
678 57 265
671 61 268
670 58 272
663 60 277
663 52 285
657 54 289
651 51 298
650 53 297
650 55 295
642 62 296
644 60 296
647 54 299
643 58 299
642 58 300
644 54 302
644 57 299
632 59 309
627 56 317
628 52 320
629 52 319
628 52 320
622 55 323
624 53 323
621 44 335
620 41 339
620 44 336
622 39 339
630 38 332
631 35 334
632 36 332
635 39 326
642 29 329
641 26 333
646 26 328
649 25 326
650 28 322
656 24 320
656 28 316
653 30 317
655 29 316
651 31 318
651 31 318
655 31 314
661 22 317
668 21 311
675 17 308
677 19 304
676 18 306
680 16 304
683 17 300
687 18 295
687 17 296
692 19 289
695 20 285
697 16 287
701 15 284
702 16 282
702 17 281
708 17 275
707 19 274
707 20 273
712 17 271
709 20 271
710 21 269
708 27 265
705 26 269
706 26 268
703 26 271
707 23 270
709 20 271
713 21 266
707 26 267
717 24 259
721 23 256
717 29 254
716 31 253
713 31 256
713 31 256
712 28 260
712 28 260
713 26 261
713 26 261
715 27 258
720 27 253
718 29 253
720 28 252
723 27 250
725 25 250
723 26 251
725 27 248
727 29 244
721 34 245
715 34 251
718 27 255
715 27 258
714 27 259
716 26 258
717 24 259
713 25 262
707 31 262
707 28 265
708 23 269
708 24 268
708 25 267
707 22 271
711 23 266
713 21 266
715 22 263
716 19 265
715 23 262
715 26 259
715 27 258
714 27 259
713 27 260
713 27 260
720 23 257
724 21 255
720 24 256
720 26 254
720 28 252
723 25 252
722 26 252
720 30 250
721 30 249
719 31 250
719 29 252
715 28 257
714 32 254
714 30 256
713 30 257
719 30 251
720 29 251
716 34 250
716 30 254
718 31 251
719 31 250
713 35 252
711 34 255
710 28 262
716 25 259
719 25 256
718 27 255
718 29 253
720 27 253
719 28 253
726 24 250
725 26 249
725 26 249
725 22 253
726 20 254
725 21 254
728 24 248
731 22 247
724 27 249
724 30 246
724 34 242
719 33 248
718 33 249
717 29 254
715 25 260
715 27 258
721 24 255
716 27 257
715 27 258
715 29 256
715 28 257
711 27 262
712 26 262
704 32 264
701 35 264
701 31 268
696 32 272
701 32 267
699 36 265
695 41 264
689 47 264
688 47 265
682 47 271
678 45 277
676 47 277
669 52 279
667 52 281
661 50 289
653 53 294
648 52 300
646 53 301
643 51 306
647 45 308
639 50 311
630 50 320
630 45 325
628 43 329
621 43 336
624 41 335
617 47 336
621 42 337
611 48 341
597 54 349
596 58 346
594 56 350
602 52 346
598 48 354
595 50 355
595 51 354
596 46 358
600 43 357
603 42 355
607 42 351
607 32 361
607 30 363
608 27 365
615 23 362
620 20 360
622 18 360
629 18 353
636 17 347
638 14 348
641 17 342
644 19 337
649 20 331
653 21 326
655 22 323
654 22 324
657 19 324
656 21 323
655 17 328
654 18 328
657 19 324
656 21 323
662 17 321
672 13 315
678 12 310
682 11 307
683 10 307
684 10 306
685 7 308
691 10 299
693 13 294
693 15 292
698 14 288
699 13 288
700 10 290
703 9 288
705 12 283
702 14 284
701 14 285
706 14 280
712 14 274
713 18 269
713 19 268
715 17 268
718 18 264
718 17 265
717 22 261
718 25 257
718 21 261
722 23 255
720 23 257
715 26 259
714 28 258
709 32 259
702 35 263
701 37 262
698 37 265
693 39 268
690 41 269
685 33 282
683 43 274
680 45 275
677 45 278
673 42 285
669 41 290
664 45 291
659 47 294
658 45 297
657 48 295
659 44 297
658 38 304
655 38 307
657 37 306
659 36 305
662 33 305
659 33 308
661 31 308
666 24 310
670 26 304
674 27 299
672 31 297
672 29 299
670 27 303
670 28 302
671 27 302
673 23 304
683 22 295
682 20 298
686 19 295
691 18 291
692 17 291
697 14 289
703 12 285
704 16 280
707 13 280
705 15 280
710 13 277
714 16 270
716 13 271
717 15 268
719 14 267
723 15 262
724 15 261
722 14 264
729 12 259
729 15 256
730 19 251
732 18 250
736 19 245
735 22 243
729 23 248
730 24 246
728 26 246
731 24 245
734 23 243
737 22 241
742 21 237
742 23 235
738 22 240
739 24 237
741 19 240
735 24 241
730 25 245
730 25 245
733 25 242
733 18 249
729 21 250
734 19 247
735 21 244
734 20 246
737 19 244
738 20 242
740 21 239
738 23 239
738 28 234
737 26 237
728 33 239
722 32 246
720 30 250
719 30 251
720 29 251
715 35 250
715 36 249
710 35 255
702 39 259
694 44 262
695 42 263
693 43 264
688 45 267
688 44 268
685 45 270
676 45 279
673 49 278
672 51 277
664 57 279
661 55 284
659 64 277
651 65 284
640 71 289
635 72 293
635 70 295
633 72 295
619 74 307
607 78 315
607 70 323
605 74 321
592 78 330
585 77 338
587 76 337
585 82 333
580 80 340
576 76 348
575 78 347
571 78 351
564 71 365
562 69 369
560 67 373
556 63 381
558 59 383
553 60 387
552 54 394
543 63 394
536 67 397
537 66 397
535 66 399
538 67 395
543 68 389
548 70 382
538 73 389
537 67 396
530 71 399
530 70 400
532 66 402
532 59 409
532 56 412
534 54 412
534 53 413
542 51 407
547 49 404
547 44 409
547 47 406
546 43 411
551 40 409
557 41 402
557 34 409
564 32 404
568 31 401
576 30 394
582 31 387
586 29 385
586 27 387
586 29 385
587 30 383
599 24 377
607 23 370
614 20 366
609 23 368
611 18 371
622 18 360
627 16 357
630 16 354
630 16 354
635 15 350
645 13 342
641 16 343
638 17 345
641 16 343
648 18 334
655 14 331
663 11 326
666 10 324
668 8 324
671 7 322
675 7 318
678 5 317
678 4 318
684 4 312
692 4 304
702 4 294
709 2 289
716 0 284
721 0 279
726 0 274
729 0 271
734 0 266
736 0 264
738 0 262
746 0 254
751 0 249
754 0 246
764 0 236
768 0 232
772 0 228
773 0 227
774 0 226
776 0 224
778 0 222
782 0 218
788 0 212
791 0 209
792 0 208
793 0 207
796 0 204
796 0 204
799 0 201
802 0 198
802 0 198
804 0 196
813 0 187
818 0 182
822 0 178
828 0 172
834 0 166
841 0 159
843 0 157
845 0 155
846 0 154
850 0 150
851 0 149
853 0 147
854 0 146
854 0 146
854 0 146
857 0 143
857 0 143
860 0 140
860 0 140
861 0 139
861 0 139
863 0 137
864 0 136
865 0 135
866 0 134
869 0 131
871 0 129
873 0 127
873 0 127
874 0 126
877 0 123
877 0 123
880 0 120
881 0 119
885 0 115
888 0 112
891 0 109
894 0 106
898 0 102
901 0 99
904 0 96
904 0 96
905 0 95
908 0 92
909 0 91
910 0 90
910 0 90
912 0 88
913 0 87
916 0 84
917 0 83
918 0 82
922 0 78
924 0 76
924 0 76
925 0 75
925 0 75
925 0 75
927 0 73
928 0 72
930 0 70
935 0 65
936 0 64
938 0 62
938 0 62
938 0 62
942 0 58
942 0 58
944 0 56
946 0 54
946 0 54
947 0 53
947 0 53
950 0 50
952 0 48
952 0 48
953 0 47
956 0 44
956 0 44
956 0 44
956 0 44
958 0 42
958 0 42
960 0 40
960 0 40
960 0 40
961 0 39
961 0 39
963 0 37
964 0 36
966 0 34
966 0 34
967 0 33
969 0 31
970 0 30
970 0 30
971 0 29
971 0 29
971 0 29
972 0 28
972 0 28
972 0 28
972 0 28
972 0 28
974 0 26
974 0 26
974 0 26
975 0 25
975 0 25
976 0 24
977 0 23
977 0 23
977 0 23
977 0 23
977 0 23
978 0 22
978 0 22
979 0 21
979 0 21
979 0 21
979 0 21
979 0 21
980 0 20
980 0 20
982 0 18
982 0 18
982 0 18
982 0 18
984 0 16
985 0 15
985 0 15
985 0 15
985 0 15
986 0 14
986 0 14
987 0 13
987 0 13
988 0 12
989 0 11
989 0 11
989 0 11
989 0 11
989 0 11
989 0 11
989 0 11
989 0 11
989 0 11
989 0 11
989 0 11
989 0 11
989 0 11
989 0 11
990 0 10
990 0 10
990 0 10
990 0 10
990 0 10
990 0 10
990 0 10
990 0 10
990 0 10
990 0 10
990 0 10
990 0 10
990 0 10
991 0 9
991 0 9
991 0 9
991 0 9
991 0 9
991 0 9
992 0 8
992 0 8
992 0 8
