995 5 0
993 7 0
990 7 3
987 10 3
984 11 5
982 12 6
975 17 8
962 28 10
945 39 16
918 59 23
899 71 30
870 91 39
839 110 51
804 130 66
761 151 88
734 162 104
706 167 127
674 173 153
657 162 181
631 166 203
605 175 220
583 163 254
568 161 271
550 156 294
533 151 316
525 135 340
508 125 367
504 115 381
497 117 386
492 106 402
494 87 419
494 80 426
494 69 437
500 58 442
507 46 447
508 42 450
510 38 452
512 38 450
515 33 452
521 34 445
522 29 449
528 26 446
533 22 445
543 17 440
552 16 432
557 17 426
558 19 423
560 19 421
567 16 417
576 18 406
576 20 404
583 21 396
585 19 396
592 17 391
598 16 386
603 19 378
602 19 379
605 15 380
615 16 369
615 17 368
624 13 363
630 9 361
638 10 352
642 11 347
646 12 342
655 8 337
662 6 332
669 3 328
671 4 325
675 5 320
681 4 315
691 3 306
693 4 303
699 4 297
702 4 294
705 6 289
710 6 284
713 6 281
713 7 280
717 7 276
718 7 275
723 9 268
723 11 266
719 16 265
723 14 263
723 16 261
724 17 259
724 16 260
723 17 260
715 21 264
709 26 265
706 27 267
709 29 262
701 37 262
692 45 263
687 51 262
675 57 268
664 58 278
655 61 284
650 67 283
637 73 290
624 81 295
612 83 305
600 96 304
595 97 308
582 107 311
578 96 326
566 95 339
564 90 346
562 81 357
561 76 363
550 80 370
545 82 373
542 81 377
541 76 383
542 78 380
543 69 388
539 69 392
536 69 395
533 68 399
530 64 406
536 59 405
547 52 401
553 46 401
560 37 403
570 34 396
577 32 391
588 28 384
594 23 383
602 18 380
602 16 382
608 15 377
615 11 374
616 13 371
616 15 369
614 22 364
616 26 358
621 28 351
628 23 349
630 23 347
632 22 346
640 20 340
636 26 338
642 23 335
642 19 339
644 23 333
651 21 328
651 26 323
640 33 327
638 38 324
644 33 323
644 32 324
643 28 329
645 28 327
650 32 318
648 37 315
649 38 313
643 38 319
642 38 320
640 40 320
643 38 319
646 33 321
650 28 322
652 26 322
657 26 317
660 25 315
659 27 314
667 28 305
669 26 305
675 20 305
678 21 301
677 21 302
679 21 300
679 23 298
678 22 300
679 20 301
687 17 296
696 17 287
700 16 284
704 14 282
709 13 278
709 16 275
711 17 272
716 16 268
718 12 270
720 14 266
722 14 264
724 13 263
727 12 261
729 10 261
731 10 259
729 13 258
727 13 260
721 20 259
716 28 256
709 30 261
709 31 260
710 28 262
708 30 262
713 30 257
716 28 256
715 27 258
721 26 253
722 29 249
719 27 254
717 28 255
719 26 255
722 26 252
723 28 249
724 33 243
729 31 240
732 28 240
729 28 243
724 32 244
719 31 250
717 35 248
714 37 249
714 32 254
705 38 257
703 36 261
708 31 261
702 33 265
697 35 268
694 39 267
692 37 271
687 35 278
687 33 280
684 32 284
687 31 282
690 31 279
692 31 277
689 28 283
687 31 282
686 30 284
683 31 286
677 38 285
674 37 289
669 44 287
659 51 290
656 56 288
654 57 289
653 53 294
654 52 294
656 49 295
658 47 295
656 45 299
656 42 302
653 41 306
651 38 311
653 33 314
656 30 314
654 28 318
652 31 317
658 29 313
661 32 307
663 36 301
664 33 303
668 31 301
661 32 307
665 31 304
666 36 298
662 38 300
661 41 298
656 42 302
658 43 299
660 41 299
662 38 300
672 37 291
675 30 295
679 29 292
680 27 293
682 23 295
684 22 294
688 18 294
689 17 294
695 16 289
695 21 284
695 21 284
696 26 278
696 24 280
698 22 280
705 20 275
710 20 270
708 24 268
711 23 266
713 22 265
713 23 264
714 28 258
708 30 262
702 33 265
698 36 266
695 33 272
694 33 273
697 35 268
700 32 268
702 31 267
701 28 271
704 24 272
709 19 272
713 20 267
718 20 262
716 21 263
720 20 260
719 21 260
724 19 257
725 16 259
729 14 257
736 13 251
738 12 250
740 10 250
743 7 250
750 8 242
752 11 237
751 13 236
756 10 234
759 5 236
762 6 232
764 5 231
770 3 227
772 3 225
777 1 222
784 1 215
787 1 212
789 1 210
792 1 207
796 1 203
798 1 201
803 1 196
806 1 193
815 0 185
821 0 179
824 0 176
828 0 172
829 0 171
831 0 169
836 0 164
836 1 163
841 1 158
847 1 152
853 1 146
855 0 145
855 0 145
856 0 144
859 0 141
860 0 140
864 0 136
871 0 129
872 0 128
873 1 126
878 1 121
880 2 118
879 2 119
883 2 115
887 1 112
890 1 109
893 0 107
895 0 105
896 0 104
897 0 103
898 0 102
901 0 99
903 0 97
904 0 96
906 0 94
908 0 92
911 0 89
911 1 88
912 1 87
912 1 87
912 0 88
914 0 86
914 0 86
914 0 86
911 4 85
906 9 85
901 12 87
891 20 89
883 28 89
877 28 95
874 26 100
869 29 102
864 32 104
863 29 108
857 30 113
851 33 116
850 32 118
845 39 116
842 37 121
832 44 124
823 44 133
805 54 141
787 67 146
776 73 151
762 71 167
754 70 176
742 72 186
726 77 197
716 80 204
708 73 219
690 82 228
674 89 237
665 84 251
653 82 265
657 70 273
656 67 277
659 63 278
651 67 282
642 72 286
645 66 289
642 62 296
632 65 303
625 65 310
616 73 311
615 71 314
609 70 321
601 69 330
602 64 334
601 63 336
598 69 333
596 63 341
590 67 343
580 72 348
570 79 351
560 83 357
553 82 365
546 74 380
541 74 385
541 70 389
542 59 399
551 52 397
551 49 400
557 44 399
558 39 403
562 36 402
567 35 398
575 32 393
586 28 386
590 27 383
592 28 380
594 27 379
600 24 376
601 22 377
613 19 368
617 18 365
620 17 363
624 16 360
632 16 352
636 16 348
638 22 340
638 24 338
633 31 336
638 30 332
645 27 328
652 25 323
655 26 319
663 20 317
669 15 316
676 16 308
682 16 302
686 15 299
687 16 297
692 16 292
697 16 287
699 18 283
697 18 285
701 19 280
699 23 278
692 26 282
696 27 277
688 30 282
684 33 283
685 32 283
680 35 285
672 45 283
670 40 290
667 44 289
664 46 290
656 51 293
651 48 301
645 50 305
631 61 308
625 62 313
617 71 312
607 73 320
592 82 326
574 86 340
575 77 348
571 76 353
569 69 362
570 60 370
570 57 373
574 53 373
574 49 377
573 48 379
568 45 387
565 48 387
562 52 386
563 49 388
573 46 381
577 42 381
578 39 383
582 39 379
583 41 376
582 44 374
583 42 375
586 37 377
595 36 369
604 36 360
605 33 362
606 36 358
610 36 354
613 39 348
612 41 347
607 47 346
610 45 345
605 43 352
601 43 356
603 35 362
604 34 362
607 30 363
608 27 365
611 29 360
616 24 360
618 23 359
623 22 355
629 18 353
629 19 352
631 22 347
638 24 338
642 25 333
646 28 326
651 25 324
655 23 322
654 20 326
648 27 325
655 20 325
656 14 330
663 14 323
662 15 323
660 17 323
663 16 321
665 16 319
662 21 317
667 21 312
671 21 308
678 18 304
677 19 304
684 21 295
684 19 297
684 18 298
689 16 295
693 16 291
696 17 287
698 14 288
697 16 287
697 19 284
699 15 286
704 10 286
703 16 281
704 17 279
706 18 276
704 21 275
704 21 275
704 22 274
703 27 270
690 38 272
686 44 270
670 54 276
665 49 286
651 53 296
645 54 301
645 54 301
645 49 306
642 51 307
635 56 309
635 47 318
633 47 320
631 46 323
636 42 322
634 41 325
637 38 325
638 36 326
646 31 323
646 30 324
649 24 327
653 22 325
648 24 328
647 31 322
651 27 322
642 35 323
644 28 328
648 26 326
649 21 330
656 18 326
658 16 326
656 15 329
660 15 325
664 20 316
662 26 312
667 28 305
658 38 304
656 38 306
654 40 306
653 41 306
648 42 310
652 44 304
652 39 309
645 42 313
644 43 313
640 44 316
638 46 316
639 47 314
639 43 318
637 43 320
637 42 321
642 40 318
636 44 320
629 44 327
636 37 327
636 37 327
641 33 326
645 35 320
649 28 323
643 31 326
647 31 322
647 29 324
647 33 320
651 27 322
644 28 328
644 26 330
651 26 323
654 23 323
662 23 315
665 21 314
662 26 312
664 27 309
665 30 305
665 28 307
665 32 303
673 27 300
674 30 296
671 32 297
673 32 295
677 28 295
673 31 296
672 32 296
666 35 299
664 35 301
656 42 302
651 50 299
651 52 297
653 48 299
651 43 306
653 37 310
656 33 311
652 35 313
662 35 303
662 33 305
666 34 300
665 36 299
665 30 305
663 27 310
664 29 307
665 30 305
668 26 306
673 23 304
676 25 299
675 27 298
677 27 296
679 28 293
673 35 292
669 42 289
665 48 287
668 41 291
667 41 292
663 44 293
662 44 294
662 45 293
660 50 290
653 53 294
650 53 297
644 52 304
636 60 304
635 53 312
624 63 313
620 65 315
617 66 317
610 65 325
613 62 325
609 62 329
605 61 334
605 58 337
605 52 343
605 46 349
608 45 347
609 40 351
608 43 349
613 41 346
612 35 353
611 34 355
614 33 353
619 31 350
625 25 350
631 29 340
638 25 337
639 25 336
642 23 335
648 23 329
655 21 324
656 22 322
658 16 326
661 13 326
667 12 321
668 14 318
670 18 312
673 20 307
678 19 303
678 15 307
677 18 305
680 18 302
681 20 299
683 22 295
682 23 295
684 21 295
683 22 295
685 19 296
688 19 293
689 22 289
693 19 288
693 19 288
696 16 288
700 15 285
704 13 283
702 13 285
703 14 283
708 13 279
713 13 274
713 17 270
716 18 266
718 17 265
720 19 261
721 18 261
717 21 262
723 17 260
720 22 258
723 21 256
726 15 259
725 16 259
720 23 257
720 25 255
723 20 257
722 18 260
721 19 260
718 21 261
716 23 261
718 23 259
717 27 256
715 28 257
711 31 258
713 32 255
712 32 256
708 33 259
712 30 258
716 28 256
721 25 254
718 27 255
720 29 251
720 30 250
724 32 244
718 37 245
718 36 246
712 41 247
709 33 258
702 36 262
699 37 264
695 41 264
694 46 260
688 46 266
687 40 273
685 36 279
684 34 282
685 32 283
684 34 282
682 36 282
680 33 287
679 37 284
683 32 285
686 31 283
689 26 285
692 26 282
694 25 281
701 23 276
701 26 273
698 25 277
697 27 276
696 23 281
696 22 282
698 20 282
702 18 280
706 18 276
706 17 277
704 19 277
710 15 275
713 19 268
713 19 268
710 21 269
715 19 266
720 19 261
727 18 255
728 19 253
731 15 254
727 20 253
730 21 249
726 26 248
720 29 251
719 28 253
713 31 256
714 29 257
715 30 255
709 34 257
703 37 260
691 43 266
684 46 270
682 44 274
683 45 272
678 44 278
679 43 278
680 40 280
680 42 278
681 39 280
683 41 276
678 41 281
667 51 282
666 50 284
660 48 292
656 50 294
652 47 301
652 49 299
648 48 304
649 48 303
643 53 304
636 59 305
640 54 306
628 64 308
628 59 313
622 62 316
624 58 318
624 55 321
624 44 332
617 49 334
619 46 335
623 44 333
620 42 338
620 42 338
624 36 340
626 31 343
628 30 342
633 20 347
634 20 346
638 22 340
643 23 334
651 17 332
651 16 333
653 20 327
659 20 321
665 19 316
672 18 310
676 18 306
678 19 303
679 19 302
685 22 293
691 22 287
694 19 287
697 16 287
698 11 291
698 9 293
696 10 294
699 10 291
700 12 288
701 13 286
704 15 281
702 17 281
700 23 277
701 25 274
697 28 275
697 26 277
696 25 279
701 22 277
703 21 276
703 18 279
709 16 275
709 20 271
699 26 275
699 28 273
696 34 270
697 36 267
695 32 273
695 34 271
694 36 270
692 35 273
688 40 272
683 41 276
684 38 278
685 36 279
683 40 277
683 35 282
681 37 282
681 36 283
679 38 283
670 49 281
660 57 283
661 53 286
663 46 291
657 46 297
653 44 303
652 43 305
655 39 306
658 36 306
658 35 307
664 32 304
666 26 308
670 27 303
669 29 302
669 28 303
671 24 305
669 28 303
669 26 305
667 28 305
669 28 303
669 27 304
675 23 302
677 23 300
679 23 298
678 25 297
682 22 296
685 22 293
688 22 290
692 24 284
691 26 283
693 23 284
698 17 285
697 17 286
695 18 287
695 19 286
690 27 283
691 28 281
691 28 281
690 27 283
689 31 280
686 34 280
691 30 279
681 38 281
679 37 284
671 52 277
667 51 282
665 55 280
662 52 286
655 53 292
656 48 296
653 48 299
643 54 303
638 52 310
641 49 310
642 44 314
647 43 310
648 45 307
650 42 308
647 42 311
649 37 314
655 32 313
660 29 311
656 34 310
664 31 305
660 29 311
662 28 310
665 30 305
662 31 307
661 35 304
658 33 309
662 29 309
665 29 306
667 34 299
669 31 300
669 31 300
669 28 303
668 31 301
665 30 305
659 35 306
653 37 310
646 45 309
644 45 311
644 43 313
646 35 319
651 33 316
654 30 316
660 27 313
662 25 313
665 21 314
665 17 318
670 11 319
676 14 310
