1000 0 0
998 2 0
997 2 1
995 3 2
995 2 3
992 4 4
988 7 5
983 12 5
975 18 7
969 23 8
966 23 11
956 26 18
947 31 22
937 35 28
925 36 39
910 45 45
899 44 57
886 52 62
864 68 68
848 72 80
826 84 90
807 94 99
786 100 114
768 102 130
751 104 145
725 122 153
701 123 176
674 129 197
658 127 215
643 119 238
616 126 258
604 121 275
596 113 291
585 114 301
574 114 312
565 113 322
551 116 333
544 106 350
538 103 359
529 104 367
529 97 374
530 86 384
528 88 384
521 88 391
515 84 401
518 79 403
525 65 410
527 62 411
527 65 408
527 58 415
527 52 421
529 50 421
531 47 422
529 49 422
529 44 427
531 34 435
529 31 440
534 31 435
543 28 429
550 26 424
560 25 415
561 26 413
567 24 409
576 18 406
577 18 405
579 18 403
583 17 400
589 16 395
593 14 393
598 13 389
603 12 385
611 11 378
611 11 378
612 11 377
620 12 368
629 11 360
631 15 354
637 18 345
640 19 341
634 24 342
640 27 333
636 30 334
638 27 335
637 26 337
638 27 335
643 26 331
644 29 327
645 27 328
648 25 327
649 25 326
656 20 324
652 22 326
655 19 326
658 18 324
663 17 320
661 19 320
668 18 314
674 17 309
674 17 309
675 18 307
680 14 306
681 14 305
688 16 296
691 17 292
691 14 295
693 17 290
699 14 287
700 14 286
711 8 281
716 5 279
719 7 274
718 8 274
719 9 272
718 14 268
721 16 263
725 11 264
727 10 263
733 8 259
736 7 257
738 9 253
739 7 254
740 6 254
744 6 250
745 9 246
746 9 245
755 7 238
760 6 234
762 8 230
767 7 226
766 7 227
767 8 225
769 10 221
771 10 219
773 8 219
776 9 215
776 10 214
777 15 208
783 15 202
784 14 202
782 13 205
785 12 203
790 11 199
786 17 197
784 14 202
786 13 201
784 13 203
781 17 202
781 19 200
783 17 200
786 16 198
786 18 196
780 25 195
781 18 201
782 17 201
787 15 198
788 15 197
789 13 198
785 17 198
779 22 199
778 24 198
775 23 202
779 20 201
775 26 199
769 25 206
765 25 210
767 26 207
766 28 206
764 29 207
766 28 206
762 31 207
760 30 210
754 35 211
753 37 210
748 40 212
745 41 214
743 41 216
742 35 223
736 35 229
735 37 228
737 34 229
736 31 233
737 26 237
731 31 238
726 37 237
726 35 239
722 39 239
718 42 240
721 39 240
721 38 241
704 53 243
699 50 251
691 54 255
686 54 260
682 60 258
679 51 270
674 48 278
678 44 278
679 48 273
678 45 277
672 52 276
670 52 278
662 60 278
663 54 283
654 66 280
649 65 286
648 65 287
642 65 293
638 60 302
634 66 300
633 61 306
627 59 314
622 51 327
618 56 326
616 53 331
618 47 335
613 50 337
612 49 339
605 52 343
606 54 340
605 52 343
600 52 348
599 46 355
600 42 358
597 42 361
590 42 368
593 40 367
594 35 371
593 38 369
599 33 368
602 35 363
603 34 363
607 34 359
601 39 360
603 41 356
604 38 358
607 35 358
613 34 353
613 35 352
612 38 350
616 39 345
617 37 346
617 35 348
624 32 344
622 32 346
623 33 344
623 33 344
625 32 343
627 29 344
624 30 346
621 35 344
630 32 338
632 25 343
636 23 341
632 25 343
636 22 342
632 24 344
640 24 336
638 27 335
634 32 334
635 29 336
633 29 338
634 33 333
637 33 330
635 33 332
635 33 332
632 37 331
627 33 340
627 32 341
628 31 341
628 28 344
629 23 348
633 20 347
635 19 346
631 24 345
634 24 342
631 24 345
631 24 345
632 24 344
633 21 346
640 18 342
643 18 339
647 20 333
653 20 327
660 15 325
661 13 326
662 10 328
671 10 319
672 8 320
672 8 320
673 9 318
673 10 317
676 13 311
676 11 313
683 10 307
690 9 301
697 7 296
695 8 297
696 12 292
698 14 288
692 17 291
690 15 295
691 16 293
693 18 289
695 19 286
692 21 287
700 19 281
705 17 278
708 18 274
709 18 273
713 18 269
714 19 267
716 20 264
715 21 264
719 21 260
719 19 262
717 23 260
717 27 256
719 23 258
719 22 259
719 22 259
714 28 258
714 30 256
709 32 259
709 29 262
704 29 267
705 31 264
704 33 263
702 37 261
702 36 262
702 37 261
703 39 258
700 36 264
705 32 263
703 35 262
696 40 264
695 39 266
695 37 268
688 42 270
686 42 272
681 42 277
673 48 279
677 52 271
673 47 280
669 46 285
668 46 286
663 51 286
661 56 283
660 55 285
657 57 286
652 63 285
651 64 285
645 68 287
640 66 294
643 59 298
641 58 301
637 59 304
632 59 309
621 62 317
610 63 327
606 63 331
603 62 335
604 52 344
597 50 353
601 50 349
593 52 355
597 49 354
597 49 354
592 49 359
592 54 354
591 50 359
584 58 358
585 48 367
582 46 372
584 43 373
590 42 368
586 43 371
587 47 366
588 44 368
586 36 378
584 38 378
581 46 373
581 45 374
583 41 376
578 41 381
577 38 385
583 37 380
585 31 384
590 27 383
589 28 383
590 29 381
593 28 379
593 32 375
592 31 377
602 23 375
604 22 374
597 27 376
593 25 382
599 23 378
606 16 378
611 15 374
616 14 370
623 14 363
630 15 355
629 21 350
630 22 348
635 21 344
636 22 342
640 18 342
646 18 336
646 22 332
646 21 333
651 21 328
650 20 330
653 22 325
655 23 322
654 22 324
655 22 323
658 17 325
660 13 327
662 18 320
661 20 319
666 23 311
673 23 304
677 23 300
676 24 300
676 22 302
669 28 303
670 31 299
668 33 299
665 30 305
664 30 306
665 31 304
663 35 302
662 37 301
659 41 300
659 37 304
654 39 307
653 39 308
651 42 307
648 38 314
650 35 315
646 36 318
643 35 322
649 30 321
649 29 322
654 24 322
655 24 321
656 20 324
656 21 323
660 19 321
660 19 321
665 18 317
664 17 319
669 13 318
672 14 314
671 18 311
674 19 307
677 18 305
677 19 304
680 20 300
677 23 300
677 29 294
679 29 292
683 24 293
686 26 288
689 24 287
696 22 282
693 20 287
696 21 283
697 16 287
699 18 283
700 16 284
698 18 284
700 20 280
702 19 279
696 25 279
692 26 282
694 25 281
688 31 281
686 33 281
690 34 276
691 34 275
693 35 272
695 31 274
695 31 274
689 35 276
682 40 278
682 38 280
674 43 283
673 38 289
674 30 296
670 36 294
669 37 294
670 34 296
667 38 295
675 34 291
681 35 284
682 37 281
683 39 278
678 38 284
678 42 280
671 46 283
664 51 285
665 44 291
672 34 294
673 35 292
671 38 291
670 40 290
665 38 297
663 36 301
658 35 307
652 38 310
650 34 316
655 31 314
652 33 315
655 31 314
658 31 311
659 33 308
655 35 310
651 38 311
643 44 313
651 37 312
649 37 314
648 39 313
652 35 313
650 35 315
655 36 309
649 42 309
647 42 311
644 46 310
642 47 311
641 50 309
638 50 312
628 59 313
625 60 315
622 63 315
620 51 329
616 50 334
626 46 328
623 44 333
625 46 329
621 43 336
623 44 333
620 46 334
621 42 337
624 42 334
623 40 337
622 35 343
622 35 343
626 39 335
630 39 331
629 40 331
628 38 334
630 38 332
629 39 332
628 42 330
626 40 334
630 38 332
634 39 327
639 34 327
639 33 328
638 37 325
637 33 330
642 31 327
642 32 326
648 29 323
646 26 328
648 29 323
647 31 322
648 32 320
645 29 326
652 23 325
659 23 318
663 16 321
668 19 313
674 15 311
671 18 311
673 17 310
676 17 307
677 18 305
679 19 302
684 28 288
681 26 293
684 21 295
684 25 291
687 25 288
684 23 293
684 27 289
683 24 293
681 25 294
682 21 297
688 22 290
687 28 285
688 29 283
687 34 279
676 39 285
672 40 288
671 37 292
672 37 291
674 36 290
678 33 289
680 35 285
676 34 290
677 38 285
672 43 285
670 40 290
660 48 292
660 45 295
661 43 296
660 41 299
661 36 303
660 36 304
659 36 305
660 36 304
661 36 303
657 39 304
657 36 307
653 40 307
650 42 308
649 44 307
645 43 312
644 48 308
647 46 307
651 32 317
653 33 314
655 31 314
657 31 312
651 37 312
657 38 305
655 40 305
654 35 311
654 33 313
654 35 311
659 35 306
654 33 313
654 37 309
660 36 304
664 32 304
665 33 302
661 34 305
662 31 307
654 35 311
656 32 312
652 41 307
646 49 305
643 47 310
644 50 306
641 46 313
639 52 309
632 56 312
630 51 319
628 47 325
623 51 326
615 56 329
616 45 339
618 41 341
622 42 336
625 42 333
628 40 332
628 42 330
630 38 332
632 35 333
638 35 327
637 37 326
630 37 333
630 35 335
628 36 336
630 36 334
631 35 334
627 38 335
630 39 331
625 46 329
622 41 337
624 41 335
620 33 347
620 26 354
619 23 358
621 24 355
622 22 356
623 21 356
617 29 354
618 28 354
621 26 353
623 29 348
622 31 347
626 33 341
630 38 332
627 40 333
624 43 333
621 40 339
624 36 340
623 33 344
624 34 342
627 29 344
631 27 342
633 32 335
635 34 331
643 30 327
641 35 324
638 31 331
640 30 330
643 32 325
642 35 323
645 32 323
648 34 318
653 33 314
655 33 312
653 36 311
655 33 312
655 35 310
655 36 309
660 35 305
658 37 305
660 32 308
665 28 307
670 25 305
667 33 300
673 30 297
676 29 295
674 29 297
674 30 296
674 26 300
674 21 305
671 23 306
671 23 306
670 24 306
670 25 305
670 30 300
666 29 305
663 27 310
666 27 307
667 28 305
670 25 305
672 24 304
678 24 298
682 23 295
683 24 293
680 24 296
685 20 295
689 16 295
694 14 292
693 15 292
693 14 293
703 17 280
700 21 279
703 22 275
700 23 277
699 27 274
698 30 272
692 29 279
697 27 276
699 26 275
700 25 275
699 27 274
699 25 276
700 26 274
702 24 274
706 21 273
708 20 272
705 20 275
709 17 274
711 15 274
711 16 273
712 18 270
715 15 270
717 15 268
719 17 264
712 22 266
715 21 264
717 19 264
718 21 261
718 23 259
719 23 258
720 22 258
721 26 253
720 27 253
710 33 257
710 36 254
710 34 256
706 34 260
707 32 261
710 34 256
708 37 255
705 36 259
705 34 261
701 31 268
696 31 273
695 30 275
699 22 279
699 20 281
701 22 277
699 25 276
701 25 274
700 26 274
699 21 280
702 21 277
705 21 274
705 25 270
706 23 271
702 26 272
700 27 273
702 31 267
706 31 263
711 24 265
712 20 268
715 18 267
720 18 262
728 18 254
730 16 254
733 14 253
737 15 248
742 12 246
743 16 241
744 15 241
744 17 239
745 19 236
744 23 233
743 23 234
744 19 237
740 20 240
738 24 238
731 32 237
732 31 237
731 30 239
731 26 243
729 23 248
732 25 243
733 23 244
732 25 243
727 25 248
730 23 247
728 23 249
730 20 250
726 23 251
723 25 252
723 24 253
718 26 256
715 24 261
718 27 255
714 32 254
710 42 248
709 42 249
702 45 253
695 49 256
688 58 254
678 60 262
670 60 270
662 60 278
657 61 282
648 62 290
646 60 294
641 56 303
641 53 306
644 44 312
643 47 310
645 47 308
643 44 313
641 47 312
640 46 314
636 46 318
635 40 325
635 42 323
631 42 327
630 44 326
630 45 325
628 47 325
617 47 336
615 45 340
611 49 340
613 47 340
619 42 339
622 36 342
619 40 341
617 43 340
616 35 349
621 36 343
613 42 345
618 34 348
615 34 351
616 33 351
616 31 353
616 30 354
618 27 355
626 26 348
631 27 342
637 26 337
639 24 337
649 21 330
649 23 328
651 19 330
657 19 324
667 15 318
669 16 315
673 13 314
677 10 313
677 15 308
683 14 303
681 17 302
683 14 303
686 15 299
687 17 296
688 18 294
686 18 296
678 24 298
681 26 293
676 30 294
673 32 295
675 31 294
670 37 293
670 40 290
665 40 295
665 44 291
666 49 285
665 53 282
667 54 279
660 60 280
656 53 291
652 59 289
649 58 293
642 64 294
634 68 298
626 71 303
621 73 306
611 79 310
605 77 318
606 60 334
611 54 335
609 56 335
612 49 339
611 53 336
613 49 338
615 49 336
616 47 337
618 47 335
613 52 335
612 48 340
612 43 345
605 48 347
609 46 345
613 46 341
614 43 343
617 40 343
613 39 348
614 35 351
615 32 353
616 31 353
616 30 354
622 31 347
627 27 346
628 28 344
629 29 342
628 30 342
639 26 335
647 23 330
650 24 326
651 24 325
651 28 321
648 31 321
654 30 316
654 32 314
660 30 310
665 25 310
665 26 309
673 21 306
674 22 304
674 25 301
680 22 298
680 23 297
676 23 301
680 23 297
687 22 291
688 20 292
688 17 295
692 17 291
696 15 289
698 12 290
702 11 287
709 13 278
712 11 277
715 13 272
715 10 275
718 10 272
719 10 271
723 11 266
720 14 266
718 15 267
716 19 265
715 19 266
711 23 266
704 28 268
701 24 275
704 24 272
700 30 270
698 28 274
698 23 279
706 18 276
709 21 270
715 22 263
720 24 256
719 20 261
717 21 262
