1000 0 0
1000 0 0
1000 0 0
1000 0 0
1000 0 0
1000 0 0
1000 0 0
1000 0 0
1000 0 0
1000 0 0
1000 0 0
999 1 0
998 1 1
997 2 1
997 2 1
997 2 1
995 4 1
993 6 1
984 14 2
976 19 5
971 21 8
962 29 9
953 30 17
944 34 22
936 30 34
922 41 37
912 46 42
904 47 49
891 54 55
877 59 64
855 66 79
849 65 86
834 69 97
818 74 108
805 77 118
790 80 130
782 76 142
772 79 149
751 91 158
734 103 163
721 100 179
698 107 195
682 111 207
669 109 222
657 107 236
642 112 246
629 110 261
617 117 266
597 124 279
589 117 294
579 118 303
570 117 313
561 111 328
550 102 348
535 103 362
527 105 368
518 103 379
511 102 387
512 93 395
509 92 399
505 90 405
509 80 411
517 71 412
516 64 420
518 54 428
521 57 422
526 50 424
532 41 427
538 42 420
538 38 424
546 33 421
548 29 423
558 28 414
557 24 419
562 22 416
564 22 414
566 23 411
570 23 407
574 24 402
580 21 399
589 22 389
590 22 388
595 19 386
600 16 384
606 14 380
612 13 375
615 11 374
622 10 368
632 11 357
635 12 353
645 11 344
651 14 335
652 15 333
651 18 331
654 18 328
662 18 320
664 20 316
669 21 310
667 25 308
669 25 306
669 24 307
667 25 308
668 23 309
672 20 308
672 21 307
674 21 305
679 19 302
687 21 292
686 20 294
687 21 292
687 20 293
689 21 290
689 23 288
689 22 289
691 19 290
689 19 292
688 22 290
684 25 291
685 22 293
689 21 290
687 26 287
681 30 289
677 34 289
677 37 286
674 38 288
674 36 290
673 39 288
670 42 288
669 44 287
670 46 284
680 49 271
677 49 274
676 46 278
681 42 277
679 41 280
682 40 278
681 35 284
686 26 288
691 22 287
698 21 281
704 19 277
701 24 275
700 21 279
700 26 274
700 28 272
704 25 271
704 28 268
704 23 273
708 23 269
709 19 272
711 17 272
710 17 273
709 18 273
709 18 273
706 25 269
705 25 270
703 31 266
699 37 264
701 36 263
701 32 267
697 33 270
697 32 271
698 26 276
700 25 275
698 23 279
702 21 277
707 19 274
710 17 273
708 22 270
709 22 269
708 23 269
703 32 265
699 39 262
695 41 264
700 35 265
698 33 269
700 34 266
697 36 267
692 41 267
694 40 266
689 43 268
692 43 265
692 40 268
687 42 271
691 37 272
695 36 269
687 43 270
680 44 276
679 38 283
684 35 281
683 32 285
683 32 285
677 29 294
679 23 298
685 20 295
689 16 295
688 15 297
692 14 294
696 13 291
697 18 285
702 16 282
711 13 276
714 11 275
718 13 269
725 12 263
727 11 262
729 9 262
731 12 257
733 11 256
732 13 255
735 16 249
739 15 246
743 14 243
742 16 242
745 16 239
743 18 239
745 14 241
744 13 243
748 17 235
745 20 235
743 19 238
743 18 239
742 18 240
739 21 240
735 23 242
737 22 241
729 26 245
726 32 242
723 33 244
721 35 244
724 31 245
725 30 245
723 30 247
724 28 248
717 32 251
712 35 253
714 39 247
709 42 249
706 39 255
701 43 256
697 45 258
694 43 263
694 42 264
685 42 273
683 41 276
682 45 273
681 44 275
679 39 282
683 36 281
678 41 281
679 38 283
682 38 280
677 39 284
676 40 284
673 43 284
667 40 293
666 42 292
663 39 298
660 40 300
663 39 298
666 37 297
662 39 299
663 36 301
658 33 309
661 30 309
662 26 312
663 32 305
663 29 308
667 26 307
664 25 311
667 26 307
668 20 312
675 15 310
674 14 312
678 14 308
676 16 308
679 13 308
680 15 305
679 17 304
680 22 298
679 26 295
678 27 295
682 27 291
684 27 289
681 31 288
689 27 284
687 29 284
688 21 291
692 21 287
699 20 281
700 20 280
700 21 279
703 20 277
706 22 272
703 30 267
704 30 266
701 31 268
702 30 268
707 19 274
707 17 276
711 17 272
711 16 273
716 20 264
714 22 264
718 19 263
720 21 259
721 21 258
726 18 256
731 20 249
730 18 252
728 19 253
730 19 251
727 20 253
727 23 250
722 31 247
725 29 246
727 27 246
729 27 244
730 25 245
726 23 251
724 19 257
730 19 251
729 20 251
729 20 251
732 18 250
739 17 244
743 20 237
741 23 236
747 21 232
747 23 230
747 24 229
745 28 227
743 29 228
741 30 229
736 32 232
737 30 233
732 35 233
724 43 233
709 53 238
706 50 244
706 49 245
698 52 250
695 53 252
690 54 256
684 50 266
681 52 267
677 50 273
672 49 279
673 46 281
667 51 282
663 46 291
658 49 293
655 51 294
657 50 293
649 53 298
651 49 300
651 46 303
652 42 306
653 44 303
653 42 305
658 35 307
661 32 307
662 35 303
666 32 302
671 25 304
674 22 304
676 23 301
679 26 295
679 26 295
673 28 299
669 31 300
669 29 302
675 27 298
675 25 300
674 30 296
672 30 298
672 31 297
668 34 298
670 35 295
666 36 298
665 41 294
661 39 300
658 38 304
656 38 306
648 42 310
643 48 309
636 52 312
635 46 319
637 46 317
635 49 316
631 41 328
635 45 320
639 40 321
642 37 321
641 41 318
633 41 326
634 40 326
639 38 323
642 41 317
645 36 319
648 31 321
647 31 322
644 34 322
649 36 315
649 40 311
652 39 309
650 36 314
654 32 314
655 34 311
651 34 315
653 33 314
653 29 318
655 28 317
663 26 311
664 26 310
668 24 308
673 25 302
677 24 299
677 21 302
682 18 300
692 15 293
692 17 291
696 15 289
700 15 285
700 14 286
704 15 281
702 16 282
704 17 279
709 13 278
712 9 279
716 8 276
716 13 271
721 17 262
726 20 254
726 20 254
724 20 256
718 25 257
716 28 256
713 29 258
704 32 264
693 39 268
689 34 277
684 32 284
679 32 289
672 38 290
673 34 293
666 38 296
662 43 295
662 44 294
662 40 298
660 40 300
658 43 299
658 39 303
658 32 310
655 36 309
656 37 307
657 38 305
655 38 307
653 37 310
655 34 311
657 31 312
661 31 308
661 29 310
663 31 306
667 26 307
667 28 305
664 31 305
663 26 311
664 27 309
670 29 301
667 32 301
667 32 301
666 29 305
675 23 302
678 25 297
677 30 293
678 27 295
681 26 293
684 24 292
685 20 295
687 22 291
692 18 290
689 19 292
693 16 291
702 14 284
704 15 281
702 17 281
705 16 279
710 13 277
712 12 276
713 11 276
722 11 267
725 7 268
728 6 266
731 6 263
734 7 259
737 10 253
739 10 251
740 11 249
746 11 243
746 10 244
751 12 237
755 12 233
759 12 229
760 10 230
762 12 226
765 11 224
768 13 219
767 17 216
765 18 217
770 20 210
765 23 212
762 17 221
764 12 224
770 11 219
772 13 215
777 10 213
777 9 214
777 9 214
781 8 211
780 8 212
784 8 208
784 6 210
790 7 203
791 8 201
788 10 202
790 10 200
790 11 199
792 10 198
788 15 197
790 12 198
793 10 197
795 11 194
798 8 194
794 9 197
792 13 195
790 12 198
790 14 196
787 21 192
790 19 191
784 24 192
777 31 192
767 41 192
755 46 199
750 49 201
743 46 211
732 55 213
723 57 220
715 59 226
702 65 233
701 58 241
697 55 248
686 55 259
675 60 265
671 63 266
665 61 274
661 58 281
654 57 289
647 57 296
645 58 297
642 57 301
639 58 303
634 62 304
638 50 312
635 50 315
634 49 317
636 49 315
636 46 318
634 48 318
634 46 320
630 42 328
630 44 326
634 39 327
635 43 322
638 40 322
636 36 328
636 31 333
641 28 331
650 25 325
654 27 319
649 28 323
653 26 321
656 25 319
657 25 318
657 26 317
656 23 321
659 20 321
667 18 315
670 20 310
677 20 303
679 23 298
680 21 299
679 22 299
680 22 298
683 21 296
687 21 292
691 21 288
695 19 286
696 22 282
694 23 283
695 23 282
694 21 285
689 28 283
694 29 277
694 31 275
688 35 277
683 37 280
678 39 283
675 42 283
676 43 281
676 39 285
674 38 288
676 40 284
678 33 289
680 32 288
682 30 288
681 32 287
677 36 287
675 39 286
677 37 286
680 32 288
684 28 288
682 30 288
681 30 289
682 27 291
678 26 296
677 28 295
675 29 296
678 28 294
680 21 299
680 20 300
680 21 299
680 22 298
679 23 298
677 27 296
685 20 295
688 16 296
686 18 296
688 17 295
687 20 293
688 16 296
690 16 294
698 14 288
702 15 283
708 15 277
705 15 280
708 17 275
707 17 276
709 13 278
712 14 274
713 13 274
718 14 268
722 14 264
727 14 259
728 14 258
731 13 256
731 15 254
734 15 251
732 16 252
733 18 249
740 21 239
739 21 240
737 24 239
737 25 238
737 27 236
736 29 235
736 32 232
734 29 237
728 31 241
730 29 241
733 27 240
728 32 240
726 33 241
727 30 243
725 30 245
726 24 250
719 31 250
721 30 249
725 31 244
727 28 245
729 25 246
730 25 245
730 22 248
735 19 246
735 22 243
737 22 241
738 18 244
744 17 239
746 15 239
750 14 236
752 13 235
752 13 235
753 12 235
751 15 234
754 17 229
750 21 229
750 23 227
747 23 230
751 17 232
743 27 230
745 21 234
744 22 234
746 23 231
741 28 231
737 32 231
740 31 229
738 31 231
734 31 235
736 28 236
739 30 231
739 29 232
736 31 233
737 25 238
741 23 236
743 24 233
742 24 234
745 23 232
748 22 230
749 17 234
752 16 232
753 16 231
750 17 233
752 17 231
754 18 228
745 24 231
748 27 225
739 32 229
737 30 233
728 37 235
726 30 244
723 32 245
722 31 247
725 30 245
720 33 247
720 31 249
721 37 242
719 43 238
713 46 241
709 45 246
707 47 246
698 60 242
690 56 254
678 60 262
669 62 269
657 69 274
651 64 285
654 61 285
646 60 294
639 59 302
641 54 305
635 58 307
638 53 309
638 53 309
638 44 318
642 39 319
640 42 318
638 40 322
636 42 322
639 44 317
639 41 320
638 40 322
637 41 322
636 43 321
640 40 320
636 40 324
634 37 329
638 38 324
638 40 322
637 35 328
636 31 333
638 31 331
639 33 328
634 36 330
627 43 330
634 42 324
627 41 332
629 35 336
628 41 331
631 42 327
630 39 331
624 38 338
619 41 340
617 38 345
617 37 346
623 30 347
619 30 351
624 31 345
624 31 345
627 30 343
626 27 347
625 26 349
627 27 346
632 24 344
636 24 340
632 27 341
632 28 340
634 29 337
635 31 334
635 31 334
637 29 334
642 27 331
644 25 331
646 24 330
646 22 332
648 23 329
648 25 327
650 23 327
649 27 324
648 30 322
646 30 324
645 32 323
647 29 324
650 27 323
650 28 322
654 24 322
659 22 319
663 19 318
667 21 312
670 23 307
667 24 309
667 24 309
670 25 305
675 27 298
684 25 291
678 28 294
680 25 295
679 28 293
681 24 295
683 24 293
681 27 292
685 27 288
686 23 291
684 25 291
682 30 288
677 36 287
670 43 287
667 46 287
664 49 287
664 44 292
661 44 295
656 51 293
653 51 296
657 53 290
662 49 289
662 51 287
667 53 280
662 53 285
661 50 289
661 53 286
660 55 285
652 58 290
650 52 298
652 50 298
652 46 302
645 48 307
643 49 308
638 46 316
632 47 321
623 56 321
614 54 332
617 48 335
607 52 341
609 50 341
605 49 346
601 43 356
602 40 358
611 38 351
612 39 349
612 33 355
617 29 354
615 27 358
624 26 350
625 30 345
631 29 340
631 34 335
632 34 334
643 34 323
650 32 318
655 32 313
653 35 312
654 34 312
652 35 313
646 38 316
646 34 320
652 31 317
655 32 313
656 28 316
661 22 317
662 21 317
668 22 310
667 27 306
667 26 307
668 24 308
667 28 305
667 29 304
669 31 300
668 35 297
668 34 298
667 34 299
668 32 300
671 32 297
672 34 294
675 34 291
675 33 292
678 32 290
679 33 288
676 40 284
681 44 275
678 42 280
677 38 285
675 40 285
670 38 292
667 35 298
671 34 295
671 37 292
672 34 294
676 28 296
675 29 296
675 34 291
675 35 290
673 35 292
668 39 293
661 39 300
657 36 307
659 36 305
661 36 303
657 41 302
654 36 310
658 36 306
663 31 306
666 30 304
672 32 296
672 37 291
671 31 298
672 31 297
679 30 291
684 29 287
680 27 293
676 33 291
669 37 294
664 30 306
663 36 301
662 39 299
658 41 301
654 46 300
649 44 307
654 39 307
660 35 305
659 34 307
657 36 307
656 39 305
655 36 309
653 38 309
653 38 309
653 37 310
654 32 314
658 30 312
664 33 303
657 37 306
663 36 301
663 39 298
666 37 297
664 35 301
664 33 303
655 40 305
653 35 312
652 31 317
650 28 322
651 27 322
655 26 319
649 29 322
644 28 328
644 29 327
648 26 326
651 24 325
651 22 327
656 22 322
661 22 317
665 22 313
668 19 313
673 16 311
678 13 309
682 13 305
680 16 304
689 13 298
697 14 289
695 17 288
692 21 287
695 19 286
694 20 286
696 16 288
696 18 286
695 20 285
696 20 284
698 23 279
698 25 277
700 25 275
703 24 273
710 22 268
710 18 272
714 21 265
