995 5 0
995 4 1
993 6 1
992 6 2
990 7 3
990 4 6
989 4 7
989 4 7
985 7 8
977 15 8
961 28 11
937 48 15
922 58 20
900 68 32
877 82 41
849 93 58
814 115 71
776 126 98
746 143 111
722 150 128
703 152 145
682 155 163
663 154 183
646 151 203
616 164 220
593 163 244
585 159 256
566 146 288
557 134 309
552 121 327
540 119 341
528 118 354
523 106 371
522 97 381
521 92 387
514 98 388
514 89 397
510 91 399
510 92 398
500 93 407
492 83 425
491 74 435
483 75 442
485 68 447
487 57 456
489 56 455
492 51 457
498 41 461
503 37 460
509 33 458
516 33 451
522 35 443
524 38 438
534 37 429
540 34 426
541 30 429
544 32 424
544 37 419
543 37 420
543 43 414
544 45 411
547 47 406
552 46 402
554 50 396
563 44 393
563 41 396
568 38 394
574 36 390
579 32 389
583 26 391
591 22 387
597 21 382
604 24 372
606 23 371
610 24 366
611 24 365
614 28 358
616 28 356
614 28 358
615 31 354
625 30 345
629 31 340
633 27 340
637 24 339
639 21 340
641 22 337
644 20 336
649 18 333
652 18 330
655 17 328
658 18 324
659 18 323
666 15 319
669 15 316
677 12 311
675 12 313
682 10 308
682 8 310
686 7 307
688 8 304
690 6 304
695 6 299
700 4 296
705 3 292
709 3 288
713 2 285
716 2 282
716 2 282
722 2 276
722 5 273
724 4 272
719 10 271
711 18 271
708 22 270
710 23 267
711 21 268
711 19 270
714 17 269
720 15 265
719 17 264
720 17 263
722 14 264
722 15 263
725 12 263
731 12 257
734 10 256
737 11 252
740 8 252
741 7 252
746 7 247
748 7 245
751 6 243
756 7 237
761 7 232
762 7 231
768 6 226
774 6 220
780 5 215
784 5 211
786 5 209
787 4 209
790 5 205
795 5 200
797 6 197
800 5 195
804 6 190
805 7 188
804 8 188
807 4 189
810 2 188
819 2 179
822 2 176
822 9 169
823 10 167
821 13 166
819 16 165
814 20 166
811 19 170
811 17 172
807 21 172
802 23 175
791 34 175
781 33 186
778 34 188
774 36 190
776 31 193
776 27 197
777 21 202
779 22 199
783 21 196
780 23 197
777 26 197
772 27 201
767 28 205
766 29 205
767 28 205
762 34 204
760 32 208
759 31 210
750 35 215
750 33 217
751 31 218
746 39 215
735 48 217
730 50 220
720 59 221
707 65 228
699 62 239
694 54 252
693 51 256
686 54 260
689 51 260
688 49 263
687 46 267
685 46 269
678 49 273
674 58 268
663 64 273
658 66 276
651 69 280
633 78 289
620 82 298
618 71 311
614 70 316
610 74 316
606 69 325
604 62 334
601 57 342
599 55 346
598 57 345
595 55 350
595 50 355
595 51 354
597 49 354
600 54 346
602 54 344
603 49 348
604 43 353
602 44 354
599 41 360
601 40 359
600 38 362
601 38 361
598 42 360
605 40 355
600 42 358
596 34 370
606 28 366
612 25 363
618 24 358
619 26 355
625 31 344
628 29 343
632 31 337
629 32 339
624 35 341
625 34 341
621 34 345
616 41 343
607 47 346
603 45 352
600 42 358
595 46 359
594 48 358
593 50 357
582 55 363
581 51 368
578 46 376
587 36 377
584 36 380
583 30 387
584 30 386
590 26 384
599 21 380
602 22 376
599 21 380
602 21 377
602 27 371
601 35 364
597 39 364
595 44 361
592 48 360
592 51 357
595 50 355
597 51 352
606 45 349
603 42 355
610 36 354
612 35 353
615 32 353
615 30 355
619 27 354
616 29 355
621 27 352
621 26 353
630 19 351
637 14 349
647 14 339
648 14 338
653 12 335
660 12 328
666 11 323
669 10 321
671 13 316
675 15 310
677 14 309
679 14 307
680 13 307
684 15 301
686 14 300
693 11 296
696 8 296
696 7 297
699 7 294
705 7 288
710 6 284
715 8 277
718 7 275
722 7 271
722 6 272
723 6 271
726 5 269
728 5 267
731 6 263
733 7 260
737 6 257
738 6 256
741 8 251
745 8 247
750 6 244
752 7 241
754 7 239
757 7 236
757 8 235
761 8 231
768 9 223
768 10 222
768 7 225
770 7 223
765 13 222
761 13 226
759 18 223
762 20 218
759 24 217
761 21 218
766 19 215
767 23 210
763 25 212
761 24 215
759 21 220
757 19 224
762 21 217
765 22 213
760 25 215
760 27 213
762 29 209
758 33 209
763 26 211
763 28 209
763 22 215
762 22 216
766 19 215
764 22 214
755 31 214
749 34 217
743 32 225
743 28 229
743 24 233
741 23 236
743 21 236
744 24 232
750 23 227
749 23 228
747 25 228
745 25 230
741 28 231
732 33 235
733 34 233
728 44 228
724 44 232
721 46 233
714 50 236
710 52 238
709 53 238
700 61 239
693 58 249
690 54 256
691 54 255
683 57 260
681 55 264
675 49 276
664 56 280
662 57 281
658 59 283
651 62 287
647 58 295
642 58 300
634 58 308
624 65 311
618 69 313
615 65 320
609 62 329
605 64 331
602 64 334
601 61 338
594 60 346
585 69 346
583 66 351
575 66 359
572 74 354
565 73 362
561 74 365
558 72 370
554 70 376
556 63 381
556 62 382
559 56 385
562 51 387
569 49 382
565 50 385
573 50 377
573 48 379
573 44 383
573 43 384
576 39 385
576 43 381
575 37 388
579 35 386
581 36 383
586 37 377
589 33 378
594 32 374
596 31 373
600 25 375
606 16 378
611 15 374
616 16 368
626 16 358
631 17 352
634 15 351
631 20 349
641 21 338
639 25 336
639 24 337
648 25 327
651 27 322
652 27 321
654 26 320
655 26 319
661 26 313
660 28 312
666 27 307
662 25 313
665 26 309
664 27 309
667 25 308
669 25 306
670 24 306
676 22 302
682 22 296
681 19 300
680 20 300
680 18 302
684 14 302
686 16 298
693 12 295
696 11 293
700 10 290
694 16 290
685 25 290
688 22 290
689 24 287
689 25 286
687 27 286
686 25 289
688 24 288
687 23 290
692 20 288
698 19 283
700 17 283
707 17 276
706 16 278
711 18 271
709 20 271
706 24 270
705 23 272
709 21 270
704 26 270
702 27 271
700 27 273
698 27 275
697 29 274
694 36 270
692 35 273
694 31 275
696 29 275
694 33 273
688 31 281
691 27 282
692 25 283
695 24 281
699 27 274
699 35 266
682 45 273
672 47 281
666 47 287
667 50 283
666 48 286
660 51 289
657 47 296
654 49 297
643 57 300
643 55 302
640 52 308
644 47 309
644 43 313
644 36 320
645 37 318
646 35 319
649 33 318
653 29 318
660 21 319
664 20 316
659 24 317
656 26 318
657 24 319
665 24 311
667 23 310
667 23 310
670 26 304
671 28 301
666 34 300
664 41 295
660 42 298
661 40 299
657 45 298
652 47 301
651 47 302
650 43 307
643 46 311
636 54 310
627 58 315
623 56 321
623 57 320
620 57 323
610 63 327
609 55 336
602 57 341
603 60 337
600 64 336
584 72 344
577 79 344
575 79 346
573 72 355
572 68 360
567 70 363
575 63 362
582 56 362
580 56 364
575 57 368
572 57 371
567 57 376
567 57 376
566 48 386
569 42 389
568 43 389
573 41 386
573 38 389
576 33 391
571 36 393
568 44 388
570 41 389
574 33 393
581 32 387
591 30 379
590 29 381
589 30 381
588 30 382
589 33 378
591 33 376
598 26 376
604 22 374
607 20 373
612 18 370
619 21 360
622 21 357
626 19 355
632 16 352
635 16 349
638 19 343
639 19 342
638 20 342
642 20 338
642 20 338
646 21 333
651 20 329
655 19 326
653 21 326
655 21 324
656 16 328
659 16 325
658 19 323
655 25 320
661 21 318
661 20 319
662 20 318
662 27 311
663 27 310
662 27 311
658 30 312
658 27 315
663 26 311
665 25 310
663 28 309
660 34 306
662 30 308
650 40 310
645 45 310
635 54 311
632 55 313
629 57 314
622 62 316
616 65 319
606 69 325
598 71 331
588 73 339
579 79 342
565 78 357
562 75 363
563 70 367
565 59 376
566 57 377
565 59 376
564 56 380
567 50 383
571 45 384
567 43 390
572 41 387
579 35 386
583 31 386
582 32 386
580 35 385
583 36 381
583 32 385
589 28 383
595 29 376
603 25 372
607 21 372
610 22 368
609 28 363
614 25 361
619 27 354
620 29 351
622 28 350
624 30 346
623 29 348
627 28 345
628 26 346
623 26 351
629 21 350
630 24 346
629 29 342
630 32 338
634 31 335
637 34 329
642 34 324
641 34 325
644 34 322
634 41 325
637 43 320
634 49 317
639 49 312
632 53 315
635 46 319
635 48 317
636 48 316
631 49 320
632 44 324
630 42 328
629 41 330
635 39 326
632 41 327
628 45 327
631 43 326
630 38 332
631 37 332
629 31 340
635 31 334
635 31 334
633 31 336
636 27 337
634 31 335
635 35 330
630 43 327
631 47 322
630 47 323
622 51 327
618 52 330
617 47 336
609 49 342
612 40 348
623 38 339
619 36 345
618 38 344
624 37 339
625 35 340
628 35 337
631 30 339
635 30 335
641 30 329
636 30 334
637 33 330
637 33 330
636 31 333
641 31 328
640 30 330
645 27 328
643 34 323
635 41 324
635 41 324
638 34 328
641 32 327
634 38 328
632 36 332
635 38 327
636 34 330
636 30 334
638 30 332
640 28 332
645 28 327
645 28 327
650 26 324
652 30 318
655 30 315
650 40 310
651 43 306
652 37 311
652 43 305
648 40 312
651 32 317
657 30 313
659 34 307
661 31 308
665 31 304
668 30 302
671 24 305
674 20 306
671 25 304
671 25 304
671 25 304
674 25 301
683 22 295
683 28 289
678 30 292
670 41 289
665 45 290
664 46 290
668 42 290
669 40 291
667 39 294
667 37 296
671 30 299
667 31 302
664 33 303
666 34 300
665 34 301
672 31 297
670 29 301
672 24 304
675 21 304
675 20 305
678 20 302
679 22 299
681 23 296
684 21 295
685 20 295
681 23 296
681 24 295
687 22 291
690 19 291
691 19 290
696 17 287
690 24 286
689 22 289
688 21 291
692 18 290
697 20 283
701 20 279
708 19 273
710 19 271
712 18 270
712 20 268
708 26 266
709 24 267
704 30 266
700 36 264
701 34 265
703 33 264
704 33 263
699 37 264
701 32 267
704 32 264
706 34 260
711 34 255
709 30 261
709 25 266
708 21 271
713 17 270
713 16 271
714 16 270
717 15 268
717 18 265
719 15 266
720 14 266
724 13 263
726 14 260
726 18 256
724 18 258
728 15 257
727 21 252
732 17 251
733 15 252
735 18 247
744 15 241
744 13 243
749 10 241
752 11 237
756 9 235
758 9 233
761 9 230
765 8 227
765 11 224
763 14 223
765 16 219
768 15 217
768 19 213
768 22 210
770 21 209
771 22 207
772 18 210
772 21 207
764 30 206
760 32 208
759 32 209
759 29 212
759 30 211
758 23 219
751 27 222
753 27 220
751 26 223
755 26 219
753 28 219
755 26 219
752 29 219
747 31 222
732 39 229
727 43 230
723 46 231
722 50 228
715 59 226
707 61 232
701 58 241
696 58 246
691 64 245
691 60 249
689 52 259
681 56 263
684 48 268
674 51 275
668 51 281
671 45 284
670 46 284
665 44 291
666 41 293
665 40 295
666 43 291
662 44 294
660 42 298
650 50 300
644 53 303
646 55 299
647 53 300
638 61 301
625 71 304
611 79 310
592 89 319
573 102 325
566 91 343
565 79 356
558 78 364
554 70 376
556 68 376
555 59 386
553 58 389
557 54 389
557 50 393
558 44 398
562 43 395
564 36 400
572 34 394
576 28 396
583 26 391
586 23 391
588 26 386
589 28 383
584 34 382
583 39 378
583 36 381
587 35 378
591 31 378
594 29 377
604 27 369
606 28 366
609 25 366
606 30 364
610 28 362
616 26 358
617 27 356
616 29 355
616 31 353
614 33 353
606 38 356
612 32 356
611 35 354
609 31 360
611 30 359
615 24 361
614 26 360
616 26 358
621 26 353
621 31 348
618 34 348
617 33 350
620 33 347
620 33 347
623 35 342
629 37 334
627 33 340
629 31 340
628 29 343
631 25 344
636 22 342
639 22 339
639 22 339
639 25 336
645 21 334
649 18 333
654 17 329
652 23 325
652 27 321
655 23 322
655 26 319
657 23 320
650 31 319
647 32 321
648 33 319
647 33 320
651 28 321
647 32 321
654 30 316
651 32 317
653 29 318
657 28 315
666 24 310
659 30 311
660 30 310
660 30 310
660 26 314
663 24 313
663 19 318
668 19 313
670 15 315
673 13 314
677 13 310
682 14 304
680 15 305
686 12 302
686 11 303
694 13 293
695 14 291
701 15 284
708 16 276
711 14 275
700 27 273
698 30 272
700 25 275
702 26 272
707 25 268
708 26 266
706 24 270
707 19 274
704 23 273
703 25 272
704 26 270
706 25 269
703 21 276
703 21 276
703 20 277
708 18 274
711 19 270
712 20 268
712 20 268
713 18 269
712 19 269
710 21 269
708 26 266
709 24 267
706 30 264
703 27 270
706 24 270
707 25 268
708 22 270
712 20 268
715 14 271
721 17 262
725 17 258
728 17 255
730 17 253
727 19 254
728 20 252
726 22 252
