995 5 0
994 5 1
994 5 1
993 6 1
990 8 2
983 14 3
974 20 6
970 21 9
963 22 15
959 22 19
953 25 22
941 34 25
925 43 32
918 46 36
905 52 43
891 57 52
871 64 65
852 75 73
831 84 85
805 97 98
786 102 112
772 98 130
750 105 145
739 100 161
710 112 178
699 106 195
692 95 213
681 95 224
675 86 239
670 88 242
664 84 252
655 82 263
642 88 270
634 84 282
627 79 294
621 68 311
624 62 314
619 61 320
624 53 323
625 54 321
628 52 320
631 48 321
630 43 327
630 42 328
630 42 328
627 46 327
626 41 333
629 38 333
632 42 326
633 39 328
634 35 331
640 30 330
647 25 328
652 22 326
658 19 323
660 16 324
662 15 323
657 19 324
661 16 323
668 13 319
673 12 315
672 13 315
678 11 311
685 8 307
698 7 295
703 7 290
703 7 290
703 4 293
716 5 279
720 6 274
725 6 269
729 6 265
731 5 264
729 6 265
733 7 260
734 9 257
736 9 255
738 10 252
743 10 247
746 10 244
748 10 242
749 10 241
751 8 241
754 7 239
752 9 239
754 12 234
759 10 231
759 9 232
762 9 229
762 12 226
756 14 230
749 18 233
740 29 231
730 36 234
724 42 234
721 38 241
712 48 240
710 47 243
705 49 246
707 43 250
701 49 250
695 55 250
692 51 257
693 45 262
694 42 264
695 39 266
696 34 270
695 30 275
694 28 278
694 28 278
695 28 277
696 27 277
698 24 278
693 28 279
694 23 283
696 22 282
699 22 279
698 21 281
705 18 277
709 16 275
709 12 279
718 12 270
719 15 266
722 16 262
717 23 260
721 20 259
726 19 255
725 23 252
721 25 254
716 31 253
708 38 254
714 33 253
714 33 253
713 32 255
711 34 255
710 33 257
706 34 260
700 34 266
697 35 268
699 32 269
701 30 269
700 30 270
702 20 278
705 21 274
705 25 270
707 26 267
703 27 270
704 27 269
699 28 273
696 22 282
701 18 281
705 18 277
709 17 274
709 18 273
708 17 275
708 20 272
710 19 271
707 25 268
709 24 267
713 21 266
710 18 272
714 16 270
717 16 267
714 19 267
711 22 267
715 19 266
716 20 264
717 18 265
714 18 268
715 17 268
714 21 265
714 20 266
714 22 264
711 23 266
713 20 267
713 19 268
715 16 269
717 16 267
722 12 266
722 9 269
724 9 267
723 10 267
728 8 264
730 10 260
733 14 253
735 11 254
738 10 252
739 10 251
736 11 253
742 12 246
742 15 243
743 14 243
744 21 235
734 31 235
730 33 237
726 37 237
721 35 244
719 36 245
722 31 247
724 29 247
731 27 242
731 27 242
730 30 240
723 33 244
719 37 244
717 36 247
718 28 254
720 26 254
716 30 254
717 32 251
711 36 253
702 49 249
691 53 256
683 54 263
682 50 268
682 50 268
683 49 268
673 45 282
670 46 284
668 46 286
672 44 284
674 35 291
678 33 289
667 44 289
659 41 300
657 41 302
655 46 299
653 52 295
649 57 294
651 54 295
646 51 303
649 42 309
649 41 310
646 38 316
655 35 310
659 34 307
663 28 309
659 27 314
664 23 313
668 21 311
671 24 305
669 28 303
668 30 302
665 28 307
660 31 309
657 36 307
657 31 312
654 36 310
655 38 307
659 36 305
656 35 309
655 34 311
657 29 314
658 29 313
655 29 316
659 24 317
658 24 318
663 21 316
667 22 311
672 22 306
673 21 306
674 20 306
680 22 298
681 17 302
689 17 294
700 14 286
704 14 282
706 14 280
708 17 275
707 21 272
709 18 273
708 21 271
715 18 267
717 18 265
714 21 265
717 20 263
718 22 260
718 21 261
719 18 263
714 25 261
716 27 257
715 30 255
717 28 255
718 28 254
716 26 258
714 27 259
717 22 261
717 18 265
720 22 258
722 20 258
729 17 254
729 20 251
724 26 250
723 28 249
723 28 249
726 24 250
720 28 252
718 28 254
713 30 257
718 29 253
719 26 255
723 27 250
721 27 252
721 32 247
720 28 252
715 32 253
715 30 255
720 26 254
720 26 254
721 27 252
721 25 254
722 26 252
720 29 251
717 31 252
715 31 254
712 34 254
711 34 255
714 33 253
706 35 259
706 36 258
703 37 260
703 39 258
697 42 261
694 42 264
683 47 270
680 44 276
673 45 282
672 42 286
665 43 292
659 48 293
659 53 288
664 48 288
667 42 291
670 32 298
672 24 304
674 25 301
674 24 302
677 24 299
677 25 298
676 23 301
679 21 300
677 24 299
685 22 293
685 24 291
687 22 291
688 20 292
693 16 291
689 20 291
689 15 296
685 21 294
683 20 297
687 19 294
687 22 291
683 24 293
685 27 288
683 28 289
684 30 286
686 27 287
685 25 290
695 23 282
698 22 280
700 23 277
698 22 280
702 19 279
707 16 277
711 17 272
713 16 271
721 13 266
724 12 264
723 11 266
717 16 267
722 17 261
723 12 265
718 19 263
720 19 261
718 20 262
715 24 261
714 25 261
717 26 257
716 29 255
714 32 254
716 30 254
719 27 254
716 32 252
709 28 263
713 27 260
717 27 256
722 19 259
725 19 256
728 14 258
732 10 258
732 12 256
732 14 254
737 12 251
743 13 244
741 16 243
743 16 241
741 22 237
739 28 233
741 29 230
738 32 230
724 41 235
716 46 238
706 52 242
698 55 247
686 62 252
687 62 251
680 57 263
676 48 276
671 50 279
670 52 278
670 46 284
668 42 290
668 49 283
664 51 285
663 43 294
663 46 291
664 45 291
663 43 294
661 42 297
656 46 298
657 42 301
656 42 302
655 44 301
652 41 307
650 40 310
651 39 310
655 33 312
656 31 313
658 29 313
665 26 309
668 24 308
668 22 310
671 20 309
673 19 308
680 15 305
678 20 302
687 16 297
690 15 295
695 14 291
698 17 285
698 15 287
706 14 280
707 12 281
714 12 274
717 9 274
721 6 273
723 6 271
727 8 265
726 11 263
727 11 262
739 9 252
745 11 244
747 12 241
750 11 239
747 15 238
750 12 238
750 11 239
754 12 234
755 11 234
757 15 228
754 16 230
758 16 226
765 17 218
765 17 218
765 19 216
757 24 219
757 23 220
759 21 220
759 24 217
754 22 224
753 23 224
754 20 226
753 23 224
753 20 227
751 26 223
740 34 226
737 41 222
736 38 226
730 39 231
727 37 236
723 41 236
719 44 237
717 43 240
706 50 244
704 50 246
707 43 250
701 41 258
696 43 261
694 47 259
689 50 261
683 57 260
682 52 266
683 43 274
683 38 279
685 35 280
690 31 279
694 25 281
701 25 274
706 25 269
708 24 268
711 21 268
714 20 266
720 24 256
724 27 249
722 26 252
718 29 253
715 31 254
718 26 256
715 28 257
716 30 254
716 31 253
719 31 250
712 38 250
712 35 253
711 36 253
709 34 257
711 29 260
714 28 258
714 25 261
706 30 264
699 35 266
700 37 263
698 38 264
698 35 267
688 39 273
686 42 272
684 38 278
687 34 279
693 33 274
691 34 275
692 32 276
687 37 276
687 35 278
682 40 278
682 33 285
687 26 287
686 24 290
685 23 292
685 22 293
687 22 291
688 20 292
691 17 292
695 17 288
695 17 288
696 19 285
697 19 284
703 20 277
704 18 278
703 15 282
703 18 279
703 19 278
703 20 277
708 19 273
710 21 269
709 23 268
717 18 265
716 18 266
716 16 268
718 18 264
715 21 264
716 19 265
710 26 264
706 24 270
710 25 265
709 25 266
711 26 263
710 26 264
710 28 262
714 30 256
714 27 259
713 25 262
706 34 260
691 43 266
689 47 264
681 57 262
674 65 261
658 78 264
653 74 273
648 76 276
643 74 283
643 68 289
637 69 294
633 64 303
624 70 306
615 72 313
607 74 319
602 70 328
599 67 334
600 61 339
595 65 340
593 62 345
586 67 347
584 61 355
587 56 357
590 53 357
582 56 362
587 50 363
589 50 361
595 45 360
595 45 360
594 45 361
600 38 362
608 35 357
603 36 361
601 41 358
591 50 359
586 47 367
584 42 374
582 45 373
579 47 374
582 42 376
579 46 375
582 40 378
583 35 382
590 35 375
591 34 375
599 27 374
595 30 375
596 31 373
603 29 368
608 30 362
605 30 365
606 28 366
607 28 365
606 29 365
606 31 363
606 31 363
609 28 363
615 26 359
618 25 357
620 25 355
622 30 348
624 34 342
629 32 339
625 35 340
626 34 340
622 37 341
624 36 340
628 33 339
625 35 340
623 39 338
622 38 340
618 40 342
620 37 343
622 36 342
623 33 344
624 30 346
631 27 342
632 29 339
639 25 336
638 24 338
641 23 336
643 20 337
646 14 340
652 11 337
654 12 334
653 14 333
658 15 327
654 19 327
650 25 325
652 22 326
650 25 325
652 23 325
656 19 325
656 20 324
660 18 322
663 16 321
666 15 319
671 15 314
674 14 312
678 14 308
678 16 306
684 17 299
688 22 290
685 28 287
686 23 291
688 22 290
692 21 287
694 21 285
693 21 286
697 24 279
699 22 279
705 23 272
702 24 274
702 21 277
707 21 272
710 20 270
709 23 268
707 24 269
712 21 267
714 20 266
711 23 266
718 18 264
715 23 262
715 23 262
714 27 259
714 27 259
716 27 257
716 25 259
720 24 256
718 21 261
720 25 255
716 34 250
720 31 249
723 27 250
727 26 247
727 25 248
725 26 249
726 21 253
729 13 258
729 13 258
730 14 256
739 12 249
742 14 244
744 17 239
745 16 239
750 14 236
753 16 231
750 20 230
752 21 227
752 21 227
751 17 232
740 27 233
736 29 235
730 33 237
720 41 239
708 58 234
702 60 238
695 64 241
687 71 242
676 71 253
671 73 256
670 78 252
665 72 263
658 75 267
653 66 281
649 67 284
645 55 300
648 51 301
648 53 299
641 54 305
643 53 304
641 46 313
638 40 322
643 35 322
646 32 322
648 25 327
649 24 327
654 21 325
656 20 324
657 21 322
661 18 321
664 17 319
669 15 316
672 16 312
674 16 310
669 24 307
663 32 305
661 39 300
662 34 304
665 33 302
663 37 300
663 37 300
666 32 302
665 29 306
668 28 304
670 29 301
664 37 299
661 39 300
663 37 300
665 35 300
667 29 304
671 26 303
670 26 304
669 26 305
660 31 309
656 33 311
645 39 316
645 40 315
641 41 318
639 41 320
641 44 315
642 40 318
645 34 321
652 33 315
652 31 317
658 30 312
654 33 313
651 36 313
649 35 316
651 30 319
654 28 318
654 30 316
651 28 321
648 29 323
652 25 323
654 27 319
653 27 320
658 24 318
661 22 317
662 26 312
665 22 313
665 25 310
664 27 309
665 24 311
664 26 310
666 29 305
669 30 301
669 33 298
666 28 306
669 27 304
671 29 300
669 29 302
669 30 301
673 29 298
672 35 293
668 37 295
669 38 293
671 37 292
668 39 293
669 36 295
667 37 296
671 36 293
676 35 289
677 30 293
677 32 291
676 28 296
677 24 299
678 21 301
679 23 298
682 22 296
683 24 293
684 26 290
682 30 288
691 27 282
688 30 282
692 31 277
690 30 280
691 26 283
690 32 278
689 32 279
688 29 283
687 27 286
694 25 281
700 24 276
693 27 280
698 22 280
697 23 280
694 25 281
697 24 279
695 29 276
700 30 270
700 28 272
695 32 273
694 33 273
687 36 277
688 36 276
681 40 279
681 43 276
678 48 274
668 55 277
663 53 284
661 54 285
654 54 292
646 55 299
637 59 304
638 57 305
628 65 307
625 61 314
616 58 326
611 51 338
614 39 347
614 41 345
616 40 344
617 37 346
618 38 344
620 42 338
623 41 336
623 39 338
627 37 336
630 32 338
631 31 338
634 33 333
639 31 330
643 29 328
647 21 332
648 19 333
648 19 333
651 19 330
655 19 326
662 19 319
665 18 317
667 18 315
669 19 312
675 24 301
676 24 300
664 36 300
660 41 299
652 48 300
644 56 300
635 60 305
633 54 313
633 51 316
635 46 319
638 41 321
637 41 322
629 48 323
629 46 325
626 53 321
622 53 325
621 52 327
618 57 325
613 56 331
615 51 334
618 50 332
619 49 332
624 44 332
624 40 336
631 32 337
632 33 335
633 32 335
633 26 341
638 24 338
639 22 339
638 24 338
644 19 337
648 17 335
652 17 331
658 15 327
666 14 320
673 11 316
676 11 313
677 11 312
679 10 311
685 8 307
691 6 303
696 3 301
699 3 298
703 4 293
710 3 287
716 3 281
720 3 277
724 3 273
730 3 267
733 2 265
737 1 262
740 0 260
742 0 258
748 0 252
754 0 246
759 0 241
761 0 239
768 0 232
772 0 228
777 0 223
784 0 216
788 0 212
790 0 210
794 1 205
798 1 201
808 1 191
810 3 187
810 3 187
813 2 185
818 3 179
822 3 175
821 6 173
825 4 171
827 4 169
829 4 167
831 4 165
834 4 162
837 4 159
839 7 154
840 5 155
843 5 152
849 2 149
851 2 147
851 2 147
858 2 140
858 2 140
861 3 136
866 3 131
869 3 128
870 4 126
871 4 125
872 4 124
873 6 121
869 8 123
870 9 121
867 15 118
861 18 121
854 26 120
844 34 122
838 33 129
831 37 132
823 41 136
819 46 135
811 51 138
801 53 146
