1000 0 0
1000 0 0
1000 0 0
1000 0 0
1000 0 0
1000 0 0
999 1 0
997 3 0
990 7 3
984 13 3
974 22 4
965 27 8
954 35 11
947 31 22
935 35 30
917 50 33
897 60 43
877 71 52
847 89 64
824 96 80
788 114 98
760 127 113
732 133 135
706 133 161
691 128 181
672 127 201
652 115 233
640 101 259
633 98 269
629 83 288
619 89 292
615 79 306
599 89 312
594 89 317
579 87 334
573 86 341
572 78 350
565 82 353
558 88 354
553 91 356
544 95 361
540 90 370
524 95 381
522 86 392
525 87 388
521 87 392
518 84 398
513 84 403
504 87 409
498 93 409
498 81 421
495 77 428
498 69 433
495 68 437
495 66 439
493 61 446
497 52 451
494 47 459
497 46 457
500 45 455
502 49 449
507 37 456
513 41 446
515 36 449
521 34 445
522 35 443
518 40 442
520 43 437
522 42 436
526 36 438
528 36 436
527 38 435
533 41 426
538 40 422
544 35 421
545 36 419
547 34 419
550 31 419
553 32 415
558 32 410
562 30 408
564 29 407
570 23 407
576 21 403
580 21 399
586 23 391
588 24 388
593 24 383
597 29 374
597 28 375
600 30 370
603 30 367
602 29 369
595 35 370
594 34 372
594 32 374
592 35 373
588 40 372
582 37 381
585 35 380
580 42 378
575 51 374
572 54 374
578 51 371
579 51 370
572 50 378
577 44 379
578 40 382
579 39 382
580 38 382
584 34 382
587 36 377
585 38 377
587 36 377
589 39 372
584 38 378
588 39 373
586 35 379
587 37 376
590 37 373
595 33 372
598 34 368
604 36 360
604 38 358
600 40 360
605 41 354
609 36 355
612 33 355
609 30 361
614 24 362
617 21 362
626 18 356
629 15 356
641 12 347
646 10 344
651 9 340
659 9 332
661 11 328
671 9 320
676 10 314
681 9 310
689 8 303
691 9 300
694 6 300
700 6 294
707 6 287
710 5 285
716 4 280
719 4 277
726 3 271
728 3 269
732 2 266
736 2 262
741 2 257
746 2 252
754 2 244
757 2 241
764 2 234
767 1 232
772 1 227
775 1 224
778 1 221
782 1 217
785 1 214
788 1 211
792 1 207
795 1 204
796 1 203
802 1 197
807 1 192
809 1 190
811 1 188
813 1 186
816 1 183
817 1 182
818 1 181
821 1 178
826 1 173
828 1 171
829 1 170
830 1 169
832 1 167
833 1 166
837 1 162
842 1 157
843 1 156
846 2 152
845 4 151
846 3 151
848 4 148
849 3 148
852 4 144
856 4 140
860 7 133
862 7 131
862 7 131
862 9 129
862 8 130
859 11 130
854 13 133
848 20 132
839 29 132
828 35 137
825 36 139
822 43 135
814 48 138
807 54 139
796 54 150
786 53 161
771 60 169
764 59 177
754 69 177
747 62 191
741 65 194
731 61 208
722 66 212
712 70 218
708 70 222
692 80 228
680 80 240
665 85 250
652 90 258
648 77 275
650 71 279
644 74 282
645 66 289
636 70 294
624 76 300
625 75 300
629 71 300
628 67 305
628 63 309
629 56 315
630 55 315
636 49 315
642 45 313
646 43 311
647 42 311
651 37 312
649 36 315
651 28 321
654 23 323
655 20 325
656 19 325
662 17 321
668 17 315
671 15 314
673 16 311
671 19 310
677 16 307
680 17 303
684 16 300
691 11 298
697 10 293
701 10 289
702 10 288
700 13 287
702 13 285
707 11 282
712 8 280
718 8 274
720 9 271
728 7 265
732 7 261
734 7 259
737 6 257
733 8 259
735 6 259
735 6 259
735 5 260
742 6 252
743 9 248
745 8 247
745 10 245
750 10 240
752 9 239
751 10 239
751 14 235
755 16 229
756 20 224
759 21 220
758 25 217
756 26 218
758 23 219
758 28 214
760 25 215
755 30 215
748 36 216
748 29 223
742 36 222
735 41 224
731 37 232
730 35 235
724 42 234
720 39 241
714 45 241
714 40 246
713 45 242
710 44 246
707 36 257
707 40 253
702 44 254
698 48 254
692 54 254
685 59 256
679 61 260
677 60 263
671 65 264
659 66 275
649 67 284
641 67 292
639 62 299
637 61 302
633 57 310
630 57 313
619 63 318
617 61 322
612 66 322
609 61 330
596 71 333
596 61 343
594 60 346
589 62 349
591 54 355
593 47 360
593 49 358
593 49 358
586 51 363
584 52 364
578 54 368
582 55 363
581 53 366
582 47 371
585 40 375
584 41 375
585 40 375
584 41 375
590 36 374
594 37 369
598 31 371
598 31 371
601 34 365
605 29 366
605 27 368
607 26 367
608 27 365
611 29 360
612 29 359
617 33 350
617 35 348
617 37 346
619 38 343
621 41 338
622 35 343
631 32 337
637 29 334
636 32 332
637 34 329
636 38 326
635 37 328
631 38 331
629 43 328
627 41 332
628 40 332
635 38 327
630 39 331
630 37 333
628 38 334
630 34 336
632 31 337
630 32 338
628 36 336
633 33 334
636 30 334
641 28 331
639 31 330
635 32 333
638 33 329
635 41 324
636 39 325
636 41 323
638 37 325
643 32 325
643 30 327
641 32 327
644 35 321
641 32 327
644 28 328
649 28 323
651 29 320
651 29 320
653 22 325
652 22 326
659 22 319
658 24 318
662 23 315
665 23 312
663 21 316
666 20 314
675 18 307
676 17 307
675 17 308
670 21 309
672 19 309
676 19 305
681 15 304
685 15 300
686 14 300
690 14 296
691 16 293
693 18 289
694 15 291
692 17 291
690 18 292
696 17 287
699 16 285
700 18 282
701 17 282
703 13 284
709 14 277
714 17 269
714 16 270
721 14 265
724 13 263
727 12 261
728 14 258
730 17 253
731 16 253
734 16 250
736 18 246
737 20 243
739 22 239
737 27 236
734 35 231
735 35 230
736 37 227
732 36 232
722 40 238
719 32 249
718 30 252
720 26 254
722 24 254
721 24 255
723 25 252
727 24 249
726 28 246
725 32 243
726 33 241
727 32 241
726 36 238
723 34 243
723 35 242
715 41 244
708 47 245
705 46 249
703 51 246
702 50 248
702 48 250
696 49 255
698 48 254
695 52 253
696 41 263
695 38 267
695 39 266
699 38 263
699 39 262
699 37 264
695 35 270
693 38 269
693 33 274
693 36 271
693 32 275
694 34 272
689 37 274
683 39 278
682 44 274
672 49 279
671 48 281
668 45 287
662 46 292
659 46 295
654 50 296
652 46 302
643 55 302
637 55 308
632 54 314
633 55 312
629 51 320
631 47 322
619 57 324
619 48 333
620 48 332
612 55 333
605 60 335
599 59 342
593 64 343
592 55 353
593 58 349
593 59 348
594 63 343
583 66 351
585 59 356
588 55 357
586 51 363
586 49 365
586 49 365
589 44 367
597 38 365
599 35 366
605 29 366
602 28 370
607 19 374
608 18 374
615 18 367
617 18 365
618 20 362
625 13 362
628 12 360
635 11 354
641 12 347
650 11 339
654 13 333
658 11 331
661 13 326
658 16 326
660 13 327
663 16 321
664 16 320
663 18 319
667 16 317
677 13 310
680 19 301
679 25 296
679 25 296
673 25 302
676 26 298
675 24 301
675 24 301
668 28 304
672 28 300
671 30 299
675 24 301
675 20 305
675 21 304
674 22 304
676 21 303
672 25 303
675 23 302
677 23 300
681 18 301
682 19 299
679 19 302
685 18 297
684 20 296
689 19 292
686 22 292
684 25 291
685 27 288
686 28 286
685 34 281
684 34 282
687 28 285
689 28 283
690 28 282
685 32 283
682 32 286
687 31 282
681 31 288
679 32 289
682 27 291
682 29 289
684 28 288
683 30 287
683 24 293
682 23 295
685 15 300
684 17 299
684 16 300
690 13 297
696 15 289
697 15 288
698 15 287
700 14 286
700 15 285
703 17 280
703 20 277
704 18 278
704 22 274
703 24 273
702 23 275
706 21 273
704 23 273
702 26 272
703 25 272
703 28 269
701 27 272
698 31 271
697 36 267
698 33 269
701 26 273
697 24 279
695 29 276
694 26 280
699 21 280
702 22 276
703 26 271
708 26 266
704 34 262
707 26 267
704 29 267
705 26 269
704 26 270
705 22 273
704 24 272
705 26 269
710 25 265
715 21 264
720 19 261
722 18 260
724 18 258
722 22 256
718 23 259
713 28 259
711 26 263
707 30 263
710 23 267
710 23 267
713 20 267
713 22 265
712 25 263
713 27 260
705 32 263
701 35 264
697 42 261
694 45 261
689 43 268
681 48 271
681 46 273
680 44 276
675 47 278
670 48 282
665 52 283
659 59 282
659 62 279
658 58 284
650 56 294
646 54 300
639 57 304
636 53 311
636 55 309
633 51 316
630 48 322
622 52 326
622 52 326
622 48 330
616 50 334
609 55 336
616 45 339
612 44 344
609 44 347
606 48 346
602 45 353
599 46 355
605 39 356
602 44 354
596 46 358
594 46 360
590 46 364
593 35 372
598 37 365
602 34 364
606 32 362
610 28 362
612 27 361
612 28 360
610 22 368
613 20 367
617 20 363
621 22 357
626 22 352
622 27 351
623 32 345
620 32 348
622 26 352
626 26 348
628 29 343
623 33 344
626 33 341
622 36 342
623 34 343
625 39 336
627 40 333
626 40 334
625 38 337
632 33 335
630 33 337
634 33 333
634 33 333
629 36 335
632 33 335
628 33 339
629 27 344
634 28 338
636 25 339
637 26 337
639 31 330
640 25 335
639 28 333
638 31 331
649 25 326
649 31 320
659 27 314
658 25 317
659 26 315
656 32 312
656 34 310
664 30 306
672 28 300
662 34 304
661 36 303
655 36 309
653 44 303
651 43 306
651 40 309
645 44 311
638 46 316
642 43 315
643 43 314
647 42 311
644 46 310
643 47 310
647 41 312
647 44 309
646 42 312
645 40 315
646 39 315
639 38 323
632 39 329
627 42 331
627 43 330
622 47 331
615 47 338
613 44 343
607 48 345
607 48 345
608 45 347
610 41 349
609 46 345
605 45 350
611 44 345
607 44 349
612 38 350
615 40 345
619 33 348
617 33 350
625 26 349
625 29 346
626 32 342
628 30 342
628 33 339
632 27 341
636 25 339
641 26 333
645 22 333
649 20 331
655 18 327
654 18 328
657 21 322
661 19 320
663 14 323
668 13 319
673 12 315
677 11 312
680 11 309
682 12 306
689 10 301
694 8 298
692 12 296
694 12 294
697 15 288
697 15 288
693 19 288
691 22 287
695 24 281
693 28 279
691 27 282
690 29 281
694 24 282
692 27 281
694 28 278
694 26 280
700 23 277
703 26 271
707 27 266
714 21 265
715 23 262
718 21 261
717 26 257
717 25 258
716 24 260
718 25 257
718 28 254
718 27 255
717 30 253
716 30 254
716 35 249
715 32 253
717 34 249
715 33 252
712 35 253
707 32 261
709 28 263
707 31 262
703 31 266
701 30 269
692 40 268
691 38 271
691 36 273
687 38 275
686 41 273
684 37 279
686 38 276
679 40 281
675 44 281
668 48 284
667 42 291
667 45 288
665 46 289
664 42 294
668 41 291
667 44 289
663 51 286
659 57 284
648 64 288
642 71 287
637 72 291
633 63 304
621 71 308
619 74 307
619 70 311
609 71 320
602 69 329
600 67 333
601 62 337
600 59 341
592 61 347
594 57 349
598 55 347
599 49 352
600 52 348
600 48 352
601 51 348
604 45 351
608 42 350
602 44 354
603 44 353
598 41 361
595 38 367
591 39 370
592 30 378
586 38 376
588 37 375
583 41 376
585 37 378
590 38 372
591 39 370
586 40 374
588 36 376
592 34 374
594 34 372
595 31 374
602 27 371
603 28 369
606 28 366
610 32 358
610 35 355
608 36 356
609 37 354
605 43 352
601 43 356
603 39 358
607 34 359
606 34 360
607 32 361
612 32 356
609 37 354
613 34 353
612 33 355
616 30 354
621 27 352
623 24 353
628 23 349
632 24 344
636 21 343
642 22 336
645 20 335
650 16 334
655 13 332
660 13 327
661 14 325
665 13 322
666 15 319
666 17 317
664 20 316
665 15 320
668 13 319
671 7 322
682 7 311
685 10 305
686 10 304
689 11 300
688 12 300
691 14 295
693 14 293
704 13 283
710 11 279
710 12 278
706 15 279
706 15 279
709 14 277
706 15 279
706 16 278
707 16 277
706 20 274
704 25 271
697 29 274
692 33 275
688 38 274
690 33 277
688 34 278
680 39 281
679 36 285
674 36 290
673 31 296
674 32 294
674 28 298
672 27 301
676 23 301
677 22 301
676 20 304
684 20 296
684 23 293
684 24 292
689 20 291
682 28 290
682 27 291
684 29 287
681 30 289
686 25 289
686 26 288
694 25 281
700 24 276
702 26 272
704 26 270
699 27 274
697 27 276
693 31 276
690 34 276
684 39 277
686 36 278
688 38 274
688 36 276
684 39 277
681 34 285
682 31 287
676 34 290
674 35 291
670 38 292
674 36 290
674 33 293
675 30 295
670 30 300
672 29 299
672 30 298
663 35 302
667 38 295
664 42 294
664 41 295
660 43 297
658 45 297
656 40 304
664 37 299
671 37 292
667 39 294
670 44 286
666 44 290
668 41 291
670 40 290
665 40 295
663 40 297
665 37 298
668 31 301
662 34 304
653 41 306
650 43 307
650 43 307
654 38 308
654 36 310
650 38 312
651 34 315
644 41 315
