1000 0 0
999 0 1
999 0 1
999 0 1
998 1 1
996 3 1
996 3 1
996 2 2
997 1 2
996 2 2
994 4 2
993 3 4
991 5 4
985 11 4
980 15 5
972 20 8
957 32 11
946 39 15
932 45 23
919 53 28
903 48 49
893 44 63
881 46 73
867 52 81
855 52 93
842 61 97
825 70 105
807 74 119
795 80 125
777 90 133
759 99 142
741 92 167
726 96 178
708 99 193
695 98 207
687 94 219
670 100 230
669 95 236
657 96 247
644 102 254
631 101 268
624 95 281
618 90 292
612 89 299
601 92 307
592 87 321
587 83 330
585 77 338
581 80 339
572 82 346
564 86 350
561 90 349
558 87 355
557 82 361
551 83 366
551 78 371
549 77 374
550 71 379
548 76 376
549 71 380
551 65 384
555 61 384
558 51 391
562 48 390
564 45 391
570 35 395
576 33 391
581 27 392
586 24 390
591 24 385
586 27 387
589 28 383
596 29 375
605 25 370
613 25 362
621 20 359
628 18 354
633 14 353
637 11 352
641 10 349
644 12 344
648 14 338
651 17 332
653 14 333
661 11 328
666 9 325
665 12 323
669 11 320
673 8 319
675 10 315
677 11 312
680 9 311
681 9 310
691 9 300
700 9 291
706 8 286
705 9 286
707 11 282
709 12 279
713 11 276
714 12 274
718 11 271
720 9 271
723 9 268
727 9 264
730 7 263
731 7 262
733 7 260
734 6 260
738 4 258
741 4 255
746 4 250
744 9 247
744 12 244
740 16 244
742 18 240
738 17 245
739 20 241
741 22 237
739 22 239
738 23 239
737 27 236
732 31 237
731 32 237
724 35 241
722 36 242
721 35 244
716 39 245
717 40 243
711 43 246
707 43 250
701 41 258
709 32 259
707 28 265
706 31 263
710 31 259
704 38 258
695 43 262
693 42 265
689 39 272
686 32 282
687 33 280
686 36 278
684 37 279
685 35 280
685 37 278
688 30 282
685 33 282
683 33 284
686 28 286
689 23 288
688 26 286
689 29 282
686 30 284
690 29 281
685 33 282
690 33 277
694 26 280
695 27 278
694 28 278
689 33 278
690 34 276
691 30 279
696 34 270
695 38 267
691 38 271
686 41 273
680 41 279
682 41 277
681 41 278
680 41 279
673 45 282
669 49 282
668 45 287
664 43 293
653 52 295
655 42 303
657 37 306
657 35 308
656 33 311
657 32 311
659 33 308
656 38 306
661 35 304
664 36 300
665 38 297
668 36 296
670 36 294
671 36 293
668 35 297
670 38 292
670 36 294
671 33 296
672 32 296
676 31 293
678 29 293
682 31 287
683 29 288
682 30 288
681 27 292
677 29 294
673 29 298
677 30 293
676 35 289
680 31 289
682 35 283
682 31 287
680 34 286
681 35 284
678 37 285
678 30 292
681 34 285
680 31 289
682 32 286
681 33 286
693 29 278
693 28 279
690 33 277
691 31 278
693 31 276
698 26 276
695 30 275
690 31 279
687 31 282
693 29 278
694 34 272
694 31 275
695 31 274
697 28 275
704 27 269
695 34 271
696 36 268
697 38 265
701 40 259
698 42 260
693 50 257
685 50 265
678 49 273
678 40 282
679 38 283
681 35 284
678 38 284
677 34 289
672 36 292
670 37 293
669 34 297
667 32 301
671 32 297
674 26 300
678 24 298
676 25 299
679 24 297
678 26 296
684 25 291
686 27 287
690 24 286
690 24 286
687 24 289
683 28 289
684 26 290
684 23 293
685 22 293
692 18 290
695 21 284
701 19 280
704 18 278
706 22 272
705 22 273
710 18 272
707 19 274
708 21 271
708 23 269
704 25 271
707 22 271
708 24 268
709 22 269
708 20 272
705 21 274
706 23 271
711 19 270
717 17 266
717 16 267
712 20 268
708 26 266
712 25 263
714 22 264
714 24 262
712 25 263
714 23 263
712 24 264
709 26 265
702 32 266
698 37 265
697 34 269
691 39 270
690 38 272
689 41 270
684 47 269
684 43 273
685 41 274
681 44 275
676 49 275
676 50 274
673 49 278
667 47 286
666 41 293
665 37 298
657 43 300
652 50 298
645 54 301
646 51 303
643 51 306
639 54 307
637 56 307
639 53 308
640 52 308
634 52 314
631 57 312
625 55 320
622 51 327
614 52 334
613 54 333
613 47 340
608 51 341
608 54 338
612 52 336
610 57 333
606 57 337
603 59 338
598 63 339
596 61 343
595 56 349
598 54 348
597 53 350
593 56 351
589 57 354
592 51 357
596 48 356
594 49 357
595 51 354
597 49 354
595 44 361
593 45 362
593 43 364
593 47 360
592 41 367
600 33 367
604 30 366
610 29 361
615 29 356
622 27 351
626 24 350
629 21 350
626 22 352
629 21 350
630 24 346
635 25 340
637 18 345
639 19 342
645 16 339
651 13 336
654 9 337
660 11 329
664 9 327
667 9 324
672 8 320
678 9 313
681 13 306
682 16 302
683 18 299
681 23 296
688 19 293
690 22 288
688 23 289
690 17 293
694 19 287
697 24 279
698 27 275
705 22 273
700 21 279
702 19 279
705 19 276
703 21 276
709 24 267
711 25 264
712 27 261
710 28 262
710 28 262
718 21 261
716 20 264
715 22 263
712 26 262
715 29 256
712 25 263
703 35 262
698 31 271
699 29 272
694 28 278
693 27 280
691 33 276
687 39 274
683 39 278
678 38 284
675 34 291
677 32 291
671 39 290
661 52 287
653 54 293
649 55 296
648 56 296
651 48 301
649 42 309
643 48 309
641 46 313
634 46 320
638 46 316
636 49 315
632 56 312
629 51 320
628 54 318
629 50 321
629 50 321
629 47 324
636 39 325
634 45 321
632 37 331
635 34 331
638 32 330
638 34 328
640 33 327
645 25 330
646 26 328
653 28 319
659 28 313
662 31 307
668 31 301
661 39 300
663 34 303
665 29 306
662 29 309
658 30 312
657 28 315
657 27 316
650 29 321
650 27 323
650 24 326
651 27 322
656 26 318
663 23 314
669 17 314
671 16 313
669 17 314
674 15 311
677 13 310
680 13 307
689 13 298
688 16 296
690 20 290
694 19 287
696 18 286
701 15 284
706 17 277
707 17 276
708 15 277
710 15 275
711 13 276
712 13 275
715 10 275
716 9 275
721 10 269
727 7 266
732 8 260
734 7 259
740 7 253
747 4 249
751 4 245
754 5 241
753 6 241
756 8 236
757 10 233
762 12 226
768 12 220
768 10 222
766 11 223
765 11 224
759 17 224
757 21 222
756 22 222
756 19 225
753 16 231
754 18 228
746 23 231
744 26 230
740 30 230
741 26 233
735 27 238
731 31 238
733 29 238
733 29 238
731 29 240
722 35 243
713 36 251
704 43 253
700 40 260
699 44 257
693 42 265
686 41 273
692 32 276
692 31 277
692 29 279
695 25 280
699 26 275
699 22 279
701 23 276
705 19 276
709 23 268
710 24 266
712 19 269
712 19 269
716 16 268
719 13 268
720 15 265
725 14 261
727 12 261
730 11 259
731 12 257
726 13 261
733 13 254
737 14 249
743 14 243
752 10 238
753 11 236
756 10 234
757 10 233
760 12 228
762 11 227
766 13 221
761 17 222
761 16 223
762 18 220
762 23 215
763 22 215
766 21 213
763 23 214
758 24 218
758 22 220
753 19 228
757 16 227
761 14 225
767 16 217
767 10 223
767 12 221
773 12 215
772 14 214
774 13 213
773 16 211
770 15 215
768 17 215
767 18 215
770 18 212
773 18 209
772 19 209
773 14 213
769 16 215
769 19 212
765 24 211
770 24 206
767 26 207
765 28 207
765 24 211
768 23 209
770 23 207
767 24 209
768 23 209
763 26 211
764 27 209
761 20 219
766 19 215
769 18 213
761 24 215
766 22 212
762 26 212
763 29 208
759 31 210
761 31 208
760 28 212
757 27 216
755 30 215
753 35 212
753 41 206
744 46 210
736 48 216
727 48 225
723 45 232
714 46 240
710 43 247
702 50 248
702 50 248
699 52 249
688 60 252
681 63 256
677 57 266
676 56 268
673 51 276
671 45 284
662 42 296
664 39 297
659 46 295
654 48 298
643 51 306
643 46 311
643 47 310
639 47 314
639 39 322
636 42 322
633 46 321
630 47 323
630 42 328
624 42 334
616 41 343
619 33 348
622 34 344
625 36 339
631 32 337
630 34 336
632 35 333
639 35 326
641 38 321
640 40 320
634 36 330
638 34 328
635 29 336
644 22 334
652 20 328
657 15 328
656 18 326
655 21 324
666 23 311
670 22 308
670 21 309
674 18 308
675 16 309
680 14 306
680 18 302
685 15 300
691 16 293
691 17 292
690 19 291
691 17 292
696 14 290
704 11 285
706 10 284
714 7 279
718 7 275
718 11 271
726 8 266
727 10 263
725 9 266
728 7 265
732 11 257
733 16 251
734 14 252
734 16 250
738 16 246
735 16 249
731 22 247
725 25 250
722 30 248
719 29 252
720 29 251
718 32 250
719 32 249
714 30 256
717 30 253
720 26 254
718 29 253
717 31 252
716 34 250
711 32 257
717 28 255
715 29 256
718 27 255
715 27 258
713 30 257
711 28 261
712 25 263
714 21 265
719 23 258
721 24 255
718 27 255
720 27 253
721 27 252
717 30 253
717 27 256
718 26 256
717 23 260
721 19 260
721 23 256
726 18 256
724 20 256
722 22 256
726 22 252
728 22 250
731 24 245
738 21 241
742 22 236
741 21 238
744 17 239
748 17 235
753 18 229
752 17 231
750 17 233
747 21 232
748 19 233
749 18 233
747 16 237
748 19 233
746 21 233
749 20 231
752 18 230
752 19 229
751 16 233
752 15 233
754 15 231
754 19 227
750 20 230
749 18 233
750 18 232
749 18 233
744 24 232
745 22 233
744 22 234
746 20 234
747 18 235
743 24 233
739 25 236
743 28 229
743 28 229
740 24 236
738 27 235
738 24 238
732 29 239
730 30 240
728 26 246
727 30 243
724 32 244
716 37 247
715 36 249
712 36 252
711 39 250
705 45 250
699 45 256
693 52 255
687 54 259
686 52 262
679 52 269
676 47 277
672 50 278
673 46 281
674 46 280
670 44 286
665 54 281
661 54 285
655 54 291
655 55 290
658 42 300
658 37 305
661 31 308
663 33 304
668 34 298
664 36 300
667 34 299
665 34 301
665 35 300
665 34 301
664 34 302
669 30 301
673 31 296
670 32 298
670 33 297
671 29 300
675 30 295
676 29 295
679 28 293
680 28 292
680 25 295
680 28 292
677 28 295
674 25 301
668 30 302
667 33 300
668 28 304
671 29 300
674 26 300
672 23 305
671 29 300
674 26 300
680 27 293
683 27 290
685 23 292
689 24 287
690 26 284
693 22 285
694 23 283
698 22 280
697 22 281
702 20 278
699 22 279
703 26 271
704 27 269
704 29 267
701 28 271
699 30 271
695 29 276
699 25 276
702 23 275
702 23 275
700 20 280
698 23 279
699 25 276
698 23 279
698 19 283
699 14 287
710 14 276
717 13 270
723 13 264
724 15 261
726 13 261
728 14 258
730 16 254
731 18 251
733 18 249
738 17 245
736 19 245
736 21 243
736 20 244
733 19 248
730 23 247
732 20 248
728 22 250
726 23 251
724 25 251
725 30 245
726 33 241
722 38 240
727 40 233
723 46 231
710 51 239
702 53 245
699 57 244
692 57 251
679 64 257
674 60 266
669 59 272
663 59 278
662 50 288
653 53 294
653 45 302
647 42 311
649 38 313
652 32 316
658 28 314
656 31 313
659 34 307
659 30 311
666 28 306
669 20 311
674 20 306
676 20 304
680 18 302
684 17 299
687 17 296
690 15 295
691 13 296
696 12 292
697 12 291
700 13 287
704 12 284
707 11 282
712 13 275
711 15 274
714 12 274
712 13 275
719 13 268
725 14 261
728 15 257
728 19 253
729 20 251
732 21 247
731 25 244
732 23 245
731 19 250
733 19 248
731 19 250
734 17 249
738 16 246
740 16 244
744 17 239
745 16 239
747 14 239
748 15 237
751 14 235
750 16 234
749 18 233
747 25 228
749 24 227
745 29 226
743 34 223
741 33 226
743 34 223
733 40 227
730 37 233
725 41 234
723 41 236
721 40 239
717 38 245
714 37 249
716 35 249
712 36 252
710 39 251
708 35 257
715 35 250
707 34 259
705 34 261
696 44 260
692 41 267
691 41 268
691 41 268
688 45 267
695 46 259
694 43 263
690 43 267
687 43 270
683 43 274
685 43 272
682 41 277
677 41 282
671 46 283
666 49 285
664 47 289
661 49 290
661 35 304
665 34 301
663 33 304
663 34 303
664 32 304
664 35 301
664 38 298
657 40 303
654 38 308
656 37 307
655 38 307
660 38 302
662 34 304
661 37 302
663 35 302
659 34 307
662 32 306
662 30 308
663 27 310
665 27 308
666 30 304
664 33 303
667 34 299
664 36 300
666 34 300
667 36 297
664 36 300
664 38 298
661 43 296
657 39 304
658 38 304
663 36 301
660 40 300
655 43 302
658 38 304
654 41 305
654 39 307
653 45 302
643 50 307
644 47 309
636 47 317
644 43 313
642 48 310
641 47 312
639 40 321
641 37 322
643 38 319
638 41 321
640 41 319
643 38 319
643 37 320
642 41 317
639 42 319
635 48 317
634 39 327
626 46 328
619 53 328
612 57 331
613 54 333
609 55 336
