1000 0 0
999 1 0
996 4 0
994 5 1
992 5 3
991 5 4
990 5 5
985 9 6
984 10 6
977 16 7
974 18 8
972 15 13
964 22 14
950 32 18
934 40 26
926 37 37
921 38 41
912 39 49
904 47 49
895 54 51
872 70 58
845 88 67
819 100 81
785 123 92
754 140 106
727 147 126
712 131 157
697 129 174
686 124 190
666 127 207
648 129 223
629 134 237
603 134 263
587 126 287
578 119 303
565 125 310
546 123 331
543 111 346
524 114 362
509 120 371
509 115 376
503 113 384
505 96 399
504 86 410
497 75 428
490 78 432
492 77 431
488 76 436
494 68 438
492 63 445
497 56 447
498 52 450
499 55 446
496 56 448
501 53 446
500 51 449
501 44 455
502 41 457
508 39 453
507 34 459
514 31 455
521 30 449
525 29 446
528 34 438
527 34 439
532 31 437
537 31 432
541 31 428
541 32 427
542 32 426
547 31 422
554 29 417
560 26 414
559 23 418
560 23 417
565 24 411
572 24 404
578 23 399
584 17 399
584 22 394
587 22 391
593 20 387
596 26 378
602 22 376
603 23 374
604 20 376
612 23 365
617 23 360
624 24 352
624 25 351
624 31 345
627 28 345
629 28 343
626 30 344
630 30 340
632 30 338
635 32 333
632 31 337
633 31 336
634 28 338
640 20 340
645 17 338
648 17 335
652 19 329
656 17 327
655 19 326
657 18 325
660 18 322
661 16 323
672 14 314
680 13 307
683 13 304
683 14 303
688 13 299
688 15 297
690 18 292
690 24 286
695 26 279
694 27 279
696 30 274
697 26 277
700 26 274
700 26 274
698 28 274
701 26 273
696 31 273
697 32 271
695 30 275
698 27 275
696 28 276
695 27 278
700 24 276
704 22 274
704 23 273
708 23 269
708 27 265
711 24 265
712 21 267
713 21 266
716 22 262
714 27 259
717 28 255
718 28 254
715 26 259
721 26 253
717 30 253
717 29 254
717 25 258
721 23 256
721 25 254
723 27 250
724 26 250
728 25 247
735 25 240
741 23 236
744 21 235
741 22 237
738 25 237
740 27 233
738 24 238
736 23 241
731 28 241
725 30 245
725 23 252
719 28 253
718 29 253
718 29 253
719 30 251
712 34 254
710 30 260
707 30 263
705 34 261
706 36 258
706 36 258
704 35 261
703 33 264
699 38 263
700 32 268
694 32 274
697 32 271
698 30 272
696 30 274
695 30 275
696 33 271
690 38 272
688 35 277
684 32 284
685 29 286
684 33 283
680 38 282
673 41 286
672 36 292
669 36 295
668 33 299
672 32 296
667 39 294
662 35 303
666 34 300
664 32 304
670 29 301
671 27 302
670 26 304
673 31 296
675 30 295
674 31 295
669 31 300
672 29 299
671 31 298
673 31 296
675 36 289
674 31 295
673 36 291
669 40 291
661 45 294
657 48 295
655 46 299
656 41 303
655 39 306
648 45 307
643 46 311
641 50 309
641 43 316
642 42 316
638 39 323
638 40 322
636 40 324
636 39 325
635 37 328
636 37 327
635 37 328
637 37 326
632 40 328
626 47 327
623 51 326
620 52 328
619 52 329
617 56 327
612 55 333
611 57 332
613 57 330
611 56 333
611 56 333
606 52 342
603 52 345
611 42 347
607 35 358
606 35 359
605 37 358
600 42 358
595 46 359
598 45 357
605 40 355
603 42 355
605 38 357
604 44 352
606 46 348
612 42 346
615 38 347
618 33 349
614 35 351
615 38 347
617 37 346
611 39 350
614 35 351
606 40 354
603 39 358
603 40 357
603 41 356
607 38 355
607 39 354
612 38 350
612 35 353
615 32 353
618 31 351
615 28 357
616 27 357
618 27 355
620 23 357
621 25 354
622 25 353
630 27 343
635 27 338
643 22 335
645 20 335
651 20 329
651 19 330
656 17 327
657 19 324
661 21 318
666 21 313
669 23 308
668 23 309
669 17 314
674 15 311
686 12 302
690 12 298
688 13 299
693 13 294
691 16 293
691 15 294
691 18 291
700 19 281
699 20 281
707 19 274
710 19 271
711 18 271
714 20 266
717 15 268
717 14 269
721 15 264
728 16 256
730 17 253
734 15 251
736 14 250
745 11 244
746 12 242
754 10 236
758 13 229
758 15 227
759 15 226
754 17 229
755 18 227
757 23 220
758 23 219
757 20 223
755 22 223
758 19 223
762 18 220
766 14 220
769 13 218
775 10 215
775 10 215
772 13 215
767 18 215
774 16 210
776 17 207
775 20 205
772 25 203
770 27 203
766 29 205
762 35 203
753 38 209
755 37 208
755 33 212
746 31 223
744 33 223
740 37 223
739 34 227
735 31 234
733 29 238
737 27 236
729 36 235
714 47 239
711 51 238
705 54 241
698 56 246
698 55 247
693 57 250
680 61 259
678 61 261
667 65 268
665 63 272
657 70 273
646 67 287
634 68 298
627 74 299
622 72 306
610 75 315
603 77 320
594 81 325
587 87 326
582 85 333
572 86 342
566 85 349
566 78 356
561 74 365
554 72 374
561 60 379
559 60 381
555 57 388
552 54 394
549 54 397
547 52 401
539 59 402
543 53 404
544 54 402
549 42 409
552 41 407
550 41 409
552 41 407
545 46 409
547 44 409
549 39 412
553 38 409
556 39 405
551 43 406
551 40 409
554 37 409
558 38 404
560 31 409
567 28 405
571 23 406
577 21 402
581 18 401
576 23 401
576 23 401
581 27 392
588 26 386
591 24 385
596 24 380
595 24 381
597 21 382
599 25 376
606 21 373
611 19 370
615 16 369
623 17 360
627 16 357
633 14 353
634 16 350
633 15 352
640 14 346
645 14 341
649 13 338
658 15 327
663 13 324
660 16 324
664 13 323
664 12 324
671 9 320
667 16 317
670 16 314
679 13 308
682 14 304
683 14 303
690 11 299
683 14 303
690 11 299
690 13 297
694 13 293
697 14 289
692 18 290
695 19 286
697 19 284
700 18 282
700 19 281
697 18 285
690 29 281
692 25 283
686 28 286
692 24 284
691 24 285
696 26 278
692 27 281
688 27 285
688 26 286
688 26 286
691 27 282
693 27 280
697 28 275
696 27 277
696 26 278
695 29 276
701 24 275
706 23 271
703 24 273
702 25 273
704 24 272
706 23 271
706 26 268
705 24 271
701 25 274
701 21 278
696 24 280
697 23 280
694 29 277
688 36 276
690 30 280
690 30 280
689 28 283
689 31 280
692 27 281
689 31 280
688 36 276
683 38 279
681 36 283
679 35 286
679 30 291
675 31 294
679 29 292
683 30 287
683 28 289
681 25 294
679 21 300
686 21 293
686 19 295
684 22 294
681 28 291
680 27 293
677 32 291
669 40 291
667 44 289
664 46 290
659 50 291
661 53 286
655 55 290
655 54 291
652 59 289
649 58 293
647 59 294
647 59 294
641 63 296
637 64 299
634 64 302
636 66 298
635 63 302
633 61 306
625 57 318
626 52 322
622 52 326
623 38 339
625 36 339
633 35 332
639 35 326
640 32 328
643 28 329
646 27 327
647 21 332
651 17 332
653 16 331
658 17 325
657 21 322
660 20 320
662 21 317
665 23 312
662 23 315
660 25 315
658 31 311
655 27 318
656 21 323
653 27 320
654 26 320
653 30 317
653 34 313
654 32 314
651 36 313
657 35 308
659 32 309
656 32 312
655 33 312
652 33 315
648 36 316
649 34 317
650 36 314
656 30 314
654 27 319
661 25 314
664 23 313
670 22 308
671 23 306
676 22 302
681 21 298
683 21 296
685 20 295
690 19 291
690 19 291
688 18 294
688 14 298
693 11 296
697 10 293
695 14 291
705 12 283
707 15 278
705 15 280
707 16 277
708 17 275
709 20 271
707 20 273
706 22 272
706 21 273
708 17 275
710 17 273
710 20 270
710 21 269
712 17 271
709 19 272
711 18 271
710 19 271
709 19 272
708 16 276
710 15 275
713 16 271
717 17 266
718 15 267
719 16 265
718 20 262
719 19 262
718 20 262
717 23 260
712 28 260
714 25 261
716 18 266
722 17 261
722 18 260
724 18 258
726 17 257
736 16 248
743 16 241
741 17 242
742 17 241
746 19 235
744 19 237
745 17 238
742 23 235
739 23 238
738 22 240
742 25 233
742 23 235
744 21 235
743 20 237
748 19 233
751 18 231
752 18 230
752 17 231
753 17 230
750 19 231
750 20 230
751 20 229
749 21 230
750 21 229
748 24 228
745 28 227
740 35 225
737 38 225
731 41 228
731 45 224
728 48 224
726 44 230
724 44 232
718 48 234
714 46 240
709 48 243
708 52 240
690 62 248
679 71 250
664 83 253
656 78 266
642 82 276
638 75 287
637 78 285
639 72 289
630 73 297
628 73 299
627 76 297
623 72 305
619 69 312
617 66 317
602 72 326
598 66 336
591 62 347
583 61 356
580 56 364
578 53 369
573 56 371
577 55 368
575 52 373
575 48 377
575 46 379
570 46 384
572 45 383
571 45 384
564 46 390
561 46 393
560 43 397
565 43 392
571 37 392
573 39 388
578 37 385
579 32 389
580 30 390
584 27 389
583 24 393
588 24 388
593 21 386
598 20 382
604 18 378
612 18 370
614 20 366
621 19 360
620 19 361
624 19 357
635 16 349
639 12 349
642 13 345
642 16 342
645 18 337
643 22 335
650 24 326
648 31 321
647 33 320
644 32 324
649 28 323
649 27 324
653 27 320
652 33 315
651 35 314
646 38 316
650 38 312
644 40 316
641 39 320
640 34 326
642 37 321
645 32 323
650 31 319
651 31 318
651 29 320
653 24 323
658 19 323
660 19 321
664 21 315
669 20 311
673 22 305
674 22 304
677 22 301
676 20 304
679 23 298
684 20 296
689 20 291
695 20 285
690 22 288
688 24 288
689 24 287
686 25 289
684 22 294
683 22 295
688 22 290
694 23 283
695 27 278
696 26 278
701 22 277
702 23 275
706 23 271
706 23 271
702 30 268
702 28 270
702 31 267
699 31 270
696 34 270
696 40 264
696 35 269
697 36 267
697 34 269
693 37 270
690 41 269
683 44 273
684 38 278
683 34 283
686 33 281
684 37 279
676 44 280
668 49 283
663 52 285
660 52 288
657 49 294
656 50 294
656 51 293
659 43 298
657 44 299
654 45 301
653 48 299
646 61 293
643 61 296
641 63 296
636 63 301
629 71 300
625 66 309
621 68 311
611 77 312
603 79 318
603 74 323
599 70 331
598 61 341
596 61 343
594 55 351
596 52 352
603 47 350
602 41 357
603 43 354
607 42 351
601 38 361
603 40 357
599 45 356
596 41 363
597 36 367
595 36 369
599 29 372
607 26 367
610 25 365
610 28 362
612 26 362
620 24 356
620 27 353
616 27 357
615 23 362
616 23 361
615 24 361
622 20 358
622 21 357
629 18 353
633 18 349
636 18 346
636 15 349
643 16 341
645 17 338
647 14 339
654 12 334
658 9 333
662 7 331
664 8 328
667 10 323
671 10 319
677 8 315
680 6 314
681 6 313
686 7 307
688 7 305
690 7 303
692 6 302
692 8 300
701 9 290
705 11 284
701 13 286
703 11 286
704 14 282
703 15 282
705 18 277
706 19 275
710 17 273
713 19 268
724 14 262
726 18 256
727 15 258
733 10 257
736 10 254
738 10 252
737 11 252
740 14 246
744 13 243
743 15 242
751 13 236
747 16 237
744 19 237
743 21 236
744 21 235
744 21 235
745 18 237
743 20 237
738 27 235
740 28 232
740 28 232
743 28 229
736 34 230
732 32 236
729 33 238
733 31 236
734 26 240
734 26 240
731 27 242
732 22 246
737 22 241
730 30 240
726 36 238
727 35 238
726 36 238
721 39 240
718 45 237
717 45 238
721 46 233
721 45 234
713 51 236
711 47 242
709 47 244
706 49 245
703 45 252
698 48 254
695 45 260
690 51 259
680 47 273
677 47 276
664 57 279
652 66 282
645 66 289
641 58 301
643 59 298
639 62 299
623 69 308
616 68 316
618 67 315
615 74 311
609 75 316
612 62 326
609 58 333
605 56 339
610 48 342
611 48 341
600 51 349
587 60 353
584 62 354
577 63 360
574 61 365
578 57 365
575 53 372
572 50 378
572 40 388
578 39 383
582 40 378
587 32 381
590 26 384
592 28 380
591 31 378
595 32 373
597 29 374
598 29 373
606 27 367
608 25 367
609 21 370
609 23 368
613 19 368
615 16 369
620 16 364
630 14 356
632 13 355
630 14 356
630 14 356
633 15 352
641 15 344
648 16 336
652 19 329
657 17 326
656 15 329
658 16 326
659 16 325
662 14 324
665 13 322
666 12 322
670 11 319
675 9 316
682 10 308
683 12 305
682 12 306
686 7 307
695 7 298
698 6 296
698 10 292
702 9 289
706 10 284
706 11 283
708 13 279
711 14 275
711 13 276
714 14 272
717 9 274
718 7 275
724 5 271
734 3 263
739 4 257
745 3 252
746 3 251
746 4 250
749 3 248
753 4 243
757 4 239
759 6 235
760 6 234
762 7 231
768 6 226
772 7 221
770 10 220
771 7 222
776 8 216
778 10 212
779 11 210
782 11 207
784 11 205
779 14 207
781 15 204
787 10 203
792 9 199
798 9 193
796 11 193
800 9 191
801 11 188
806 10 184
808 10 182
809 10 181
811 11 178
806 17 177
801 20 179
799 24 177
788 34 178
786 39 175
