333
618
496
55
57
89
914
977
898
921
77
13
731
494
737
611
687
901
561
171
394
70
639
439
181
508
92
376
369
938
299
531
19
900
581
503
905
899
550
141
783
234
378
432
721
625
709
724
821
653
210
943
484
544
993
874
459
861
40
807
857
655
388
391
982
88
321
941
86
76
613
72
468
624
127
49
558
302
777
698
223
590
50
947
584
7
102
748
813
162
716
359
953
966
189
74
691
124
662
427
903
552
785
478
833
878
627
866
991
608
980
622
175
681
52
444
589
373
887
877
598
116
752
421
176
136
925
553
703
659
16
75
957
140
566
352
240
