599
973
2
943
372
403
255
817
248
244
266
651
394
690
758
905
299
677
570
759
430
903
838
400
210
112
566
398
978
48
790
312
709
563
209
925
930
865
110
240
32
578
975
638
461
379
385
140
914
727
633
730
126
780
802
850
12
605
285
637
953
567
621
636
298
619
352
5
546
124
577
890
856
656
548
805
468
342
117
743
852
541
527
581
879
39
907
252
840
323
717
864
116
325
353
487
948
983
648
498
909
971
93
896
377
173
121
531
506
737
276
214
950
180
264
61
513
557
137
70
580
778
172
510
8
478
428
202
499
631
788
821
647
697
724
891
686
