513
563
187
996
468
874
985
610
652
437
739
274
483
756
572
592
342
780
50
62
505
560
160
426
674
79
238
453
814
224
456
191
900
45
324
516
569
251
350
651
141
531
990
642
254
616
424
361
270
847
624
502
5
351
968
903
979
178
823
182
678
973
460
909
521
409
773
697
565
848
229
452
287
31
332
125
758
302
932
712
792
150
280
854
372
312
239
492
206
298
606
924
708
643
0
307
259
962
310
170
485
202
43
25
960
201
301
789
771
815
408
346
680
586
661
339
611
478
393
944
942
1
295
715
289
354
387
994
713
205
504
905
761
276
157
849
173
