297
810
731
970
920
347
144
343
5
547
985
505
491
767
480
449
955
279
363
541
370
616
881
29
214
905
851
898
856
282
775
215
202
451
463
774
611
874
544
278
702
64
845
990
195
360
468
608
885
95
168
92
822
654
251
884
928
657
224
656
744
248
142
736
131
729
481
732
979
855
792
373
51
980
945
263
465
528
836
247
952
303
730
212
174
362
461
392
749
61
398
252
639
739
203
589
770
578
758
969
508
539
151
622
157
132
707
597
125
169
116
640
270
81
886
130
889
823
760
495
351
48
561
862
435
734
989
385
509
824
966
630
897
367
992
706
963
