700
27
743
694
778
598
277
377
479
342
986
38
729
233
221
335
989
605
592
744
292
408
368
549
323
928
8
580
927
297
72
317
146
644
624
402
389
687
473
399
466
107
831
617
982
745
372
907
858
540
621
429
842
752
505
392
311
497
702
878
916
144
303
638
294
63
881
384
266
639
21
906
547
511
552
569
7
560
648
863
212
725
124
351
324
25
135
257
595
430
442
717
488
205
619
104
490
96
604
860
593
109
349
602
537
76
183
653
405
336
264
404
587
240
730
885
709
230
268
333
562
282
835
1
255
539
398
742
156
909
768
535
701
784
459
78
253
