648
43
396
569
909
541
213
857
397
635
869
93
665
751
111
485
241
845
345
152
490
398
941
316
450
197
335
979
573
106
6
105
537
432
492
700
287
835
461
668
452
98
870
951
847
118
812
611
807
595
36
472
479
313
963
192
697
557
987
588
49
725
506
428
542
141
415
690
660
753
32
602
245
8
695
883
116
236
41
266
649
962
497
216
219
837
517
703
641
117
775
172
382
147
701
901
90
659
637
246
583
527
731
269
91
801
693
556
203
882
821
996
376
0
939
148
168
982
298
881
687
769
381
536
956
283
178
696
551
774
478
814
952
179
121
84
420
