932
383
903
599
738
68
481
231
257
376
737
145
844
803
539
586
691
209
456
978
59
208
464
112
752
650
912
837
397
64
931
958
724
897
415
426
291
901
334
647
754
15
188
955
626
277
784
899
197
788
260
254
988
345
768
185
440
17
36
798
503
8
648
92
902
263
460
310
740
108
799
511
298
956
820
125
497
745
386
907
387
228
685
171
390
83
270
3
553
494
524
943
305
258
959
268
983
725
809
972
793
666
587
111
450
153
370
814
971
504
369
435
718
118
701
681
957
866
791
660
224
615
10
883
482
287
913
928
552
668
143
585
233
117
124
107
230
