342
984
928
173
844
68
122
968
200
118
182
554
309
412
748
823
871
564
112
394
399
754
69
108
737
622
81
95
593
685
657
953
727
680
740
816
314
831
684
583
0
316
865
303
155
947
329
975
546
27
1
143
805
335
196
485
598
596
693
451
103
120
894
177
221
594
297
31
231
640
834
230
205
246
400
658
45
402
749
951
334
868
358
890
853
571
135
344
746
254
315
627
423
874
637
561
41
515
814
253
470
88
464
893
933
603
673
730
424
236
222
63
869
760
194
724
990
379
127
104
115
18
262
965
633
157
809
511
902
867
29
878
187
480
101
478
132
