733
970
722
369
553
441
272
780
971
191
518
194
698
963
839
739
370
544
534
580
356
931
900
836
741
47
702
124
939
399
134
754
788
185
936
135
998
358
650
78
961
642
178
912
281
690
232
171
972
471
161
808
81
422
236
761
973
657
938
89
807
167
704
110
853
94
317
68
67
251
922
605
304
861
176
495
211
249
913
57
461
218
946
329
870
705
584
496
16
893
392
118
476
238
244
412
213
316
549
646
158
803
2
360
640
41
302
655
261
844
63
266
482
571
151
691
547
91
403
960
398
851
529
86
539
520
268
641
113
1
660
115
658
109
797
502
639
