995 5 0
993 5 2
991 7 2
989 7 4
984 11 5
977 17 6
964 29 7
946 43 11
927 49 24
909 60 31
886 78 36
841 109 50
802 129 69
772 126 102
736 138 126
704 149 147
683 143 174
674 133 193
658 132 210
647 128 225
631 127 242
629 119 252
625 111 264
615 102 283
606 93 301
605 83 312
603 81 316
594 81 325
589 79 332
580 88 332
577 78 345
574 77 349
562 78 360
560 77 363
563 73 364
566 62 372
561 52 387
564 52 384
567 49 384
569 50 381
578 44 378
583 38 379
588 32 380
590 31 379
595 29 376
596 25 379
599 22 379
602 23 375
601 23 376
605 21 374
604 22 374
606 24 370
607 27 366
605 28 367
610 28 362
609 26 365
613 28 359
613 28 359
616 27 357
620 24 356
621 24 355
622 22 356
624 23 353
628 19 353
628 22 350
629 22 349
627 24 349
623 30 347
628 21 351
627 22 351
624 26 350
630 24 346
635 24 341
638 26 336
636 29 335
629 32 339
630 32 338
632 29 339
630 25 345
620 31 349
617 39 344
610 39 351
607 44 349
601 42 357
602 40 358
600 40 360
600 43 357
601 40 359
605 37 358
607 34 359
606 34 360
603 37 360
600 42 358
593 48 359
590 47 363
590 49 361
589 49 362
585 44 371
583 42 375
584 39 377
586 38 376
584 44 372
585 48 367
584 44 372
581 47 372
583 47 370
584 47 369
589 44 367
582 50 368
580 53 367
571 54 375
565 55 380
565 47 388
567 41 392
569 41 390
572 35 393
575 29 396
575 28 397
579 25 396
580 19 401
584 21 395
585 25 390
586 30 384
590 25 385
601 22 377
607 17 376
607 13 380
611 15 374
613 18 369
620 16 364
626 16 358
619 21 360
613 29 358
607 28 365
604 35 361
598 38 364
591 36 373
588 42 370
592 45 363
587 42 371
592 39 369
587 42 371
588 42 370
590 44 366
596 38 366
599 34 367
600 29 371
605 31 364
609 27 364
614 29 357
618 27 355
625 24 351
631 23 346
632 23 345
637 22 341
640 22 338
640 26 334
637 25 338
638 21 341
644 19 337
644 19 337
651 17 332
656 13 331
668 13 319
672 12 316
677 14 309
679 14 307
678 21 301
680 19 301
684 18 298
682 23 295
682 20 298
684 23 293
687 22 291
694 26 280
691 26 283
695 27 278
700 25 275
701 24 275
700 28 272
692 36 272
691 33 276
687 37 276
685 42 273
678 45 277
665 57 278
652 60 288
636 71 293
626 72 302
615 77 308
616 74 310
615 65 320
615 58 327
613 55 332
614 45 341
612 46 342
611 38 351
611 44 345
612 44 344
616 42 342
617 39 344
619 35 346
626 33 341
632 32 336
636 26 338
642 23 335
641 21 338
647 18 335
649 18 333
661 15 324
662 16 322
659 19 322
660 22 318
658 20 322
655 24 321
659 23 318
667 24 309
665 26 309
667 29 304
665 36 299
658 44 298
657 52 291
652 47 301
647 49 304
643 51 306
639 58 303
636 58 306
631 61 308
626 66 308
624 61 315
625 53 322
625 51 324
619 58 323
618 49 333
615 50 335
617 44 339
620 36 344
622 33 345
619 32 349
619 33 348
623 36 341
623 34 343
609 41 350
609 43 348
605 45 350
610 45 345
612 44 344
607 44 349
603 44 353
607 37 356
606 37 357
611 31 358
613 34 353
617 29 354
619 26 355
618 27 355
619 29 352
614 30 356
616 33 351
619 28 353
620 30 350
620 26 354
627 24 349
630 22 348
627 25 348
625 29 346
619 39 342
617 39 344
619 44 337
615 49 336
615 51 334
599 58 343
595 60 345
597 58 345
590 59 351
591 60 349
592 63 345
597 60 343
597 53 350
599 51 350
593 51 356
592 47 361
593 43 364
587 43 370
588 46 366
592 45 363
595 40 365
599 36 365
602 33 365
608 26 366
607 32 361
607 29 364
613 28 359
614 26 360
611 29 360
609 34 357
613 33 354
620 31 349
620 31 349
619 29 352
625 25 350
625 21 354
624 19 357
628 23 349
624 28 348
625 33 342
622 33 345
621 36 343
625 38 337
625 37 338
624 36 340
622 39 339
626 35 339
622 39 339
612 43 345
612 39 349
617 36 347
622 30 348
620 29 351
616 37 347
618 31 351
620 27 353
622 26 352
620 26 354
613 30 357
615 29 356
615 33 352
613 33 354
611 41 348
601 46 353
608 37 355
612 36 352
612 35 353
615 29 356
619 28 353
619 25 356
623 21 356
630 21 349
633 21 346
636 16 348
637 18 345
641 14 345
645 11 344
648 17 335
654 15 331
653 21 326
646 31 323
652 28 320
648 29 323
648 30 322
647 32 321
646 31 323
648 32 320
654 32 314
648 35 317
645 35 320
643 36 321
648 34 318
641 33 326
647 32 321
647 31 322
651 30 319
655 28 317
656 27 317
662 23 315
665 18 317
662 21 317
660 24 316
664 19 317
665 16 319
667 19 314
675 16 309
674 16 310
676 14 310
680 13 307
683 14 303
686 16 298
683 17 300
683 18 299
690 20 290
692 20 288
686 24 290
690 22 288
691 20 289
692 20 288
699 16 285
705 14 281
708 15 277
716 14 270
717 18 265
715 25 260
717 21 262
721 19 260
724 18 258
725 19 256
723 21 256
722 19 259
723 22 255
726 21 253
727 20 253
723 24 253
720 27 253
716 31 253
710 40 250
702 52 246
695 51 254
692 51 257
691 51 258
684 57 259
676 57 267
671 58 271
661 67 272
654 69 277
630 77 293
620 87 293
612 84 304
592 94 314
577 98 325
570 95 335
557 93 350
553 89 358
545 87 368
541 73 386
547 64 389
541 64 395
538 60 402
540 57 403
543 57 400
545 56 399
547 53 400
544 49 407
542 47 411
546 45 409
543 46 411
544 38 418
555 35 410
559 30 411
564 28 408
571 26 403
571 28 401
577 25 398
581 26 393
580 29 391
584 26 390
587 26 387
592 29 379
597 30 373
599 27 374
600 24 376
606 24 370
606 20 374
607 21 372
605 24 371
607 26 367
611 23 366
614 21 365
616 20 364
616 20 364
618 17 365
626 15 359
634 13 353
636 12 352
638 12 350
645 7 348
651 4 345
656 5 339
660 6 334
663 8 329
672 8 320
677 10 313
682 10 308
678 16 306
673 22 305
662 26 312
660 30 310
651 36 313
646 44 310
638 49 313
628 51 321
627 51 322
625 49 326
620 46 334
613 47 340
611 47 342
616 43 341
612 40 348
613 38 349
615 32 353
615 33 352
615 32 353
617 29 354
624 27 349
625 25 350
625 22 353
626 20 354
627 20 353
630 20 350
630 20 350
631 17 352
635 18 347
633 22 345
634 26 340
632 32 336
634 36 330
635 36 329
635 38 327
637 39 324
627 47 326
622 54 324
617 58 325
614 53 333
619 48 333
618 45 337
625 37 338
626 33 341
627 28 345
631 24 345
634 24 342
631 29 340
631 29 340
637 21 342
640 20 340
645 19 336
650 19 331
653 20 327
660 21 319
663 19 318
666 21 313
666 21 313
667 20 313
669 22 309
666 30 304
667 30 303
670 26 304
674 26 300
675 27 298
672 32 296
667 38 295
669 38 293
666 39 295
665 44 291
668 40 292
665 44 291
667 36 297
671 36 293
663 44 293
660 41 299
657 39 304
654 38 308
654 36 310
654 34 312
654 33 313
647 39 314
644 45 311
643 47 310
635 53 312
635 54 311
627 56 317
625 57 318
622 53 325
618 53 329
617 49 334
618 49 333
614 52 334
616 50 334
615 44 341
614 43 343
618 39 343
622 38 340
630 33 337
631 32 337
630 28 342
634 28 338
631 31 338
631 27 342
635 24 341
638 23 339
645 25 330
647 24 329
643 28 329
648 29 323
641 40 319
643 41 316
640 43 317
646 41 313
643 38 319
646 38 316
645 42 313
643 47 310
641 41 318
639 38 323
644 32 324
645 29 326
649 30 321
653 28 319
655 33 312
652 35 313
644 41 315
641 36 323
645 31 324
642 30 328
649 28 323
652 25 323
657 24 319
658 21 321
656 23 321
658 22 320
662 20 318
674 16 310
676 17 307
679 13 308
684 16 300
683 19 298
683 23 294
685 26 289
687 24 289
679 30 291
671 35 294
672 32 296
672 33 295
673 32 295
671 35 294
669 34 297
670 32 298
670 28 302
665 33 302
661 35 304
652 39 309
656 40 304
648 44 308
649 47 304
648 45 307
650 40 310
649 41 310
648 38 314
636 46 318
631 48 321
623 51 326
623 45 332
627 39 334
624 44 332
624 40 336
622 41 337
618 38 344
614 38 348
612 41 347
608 44 348
609 42 349
613 43 344
620 35 345
619 38 343
622 32 346
626 26 348
627 24 349
628 26 346
632 29 339
640 26 334
644 31 325
642 32 326
635 38 327
634 39 327
631 35 334
623 41 336
622 44 334
617 43 340
609 48 343
608 43 349
601 49 350
598 48 354
591 54 355
588 50 362
584 48 368
581 50 369
582 49 369
580 49 371
575 46 379
572 48 380
575 45 380
573 44 383
572 43 385
567 45 388
563 46 391
563 47 390
562 46 392
566 44 390
569 41 390
579 35 386
590 31 379
595 32 373
599 27 374
603 24 373
605 26 369
606 24 370
614 22 364
617 19 364
626 20 354
624 26 350
625 25 350
632 26 342
627 27 346
629 23 348
623 29 348
623 24 353
622 28 350
623 34 343
614 44 342
615 44 341
608 51 341
608 52 340
603 51 346
602 52 346
605 53 342
610 55 335
610 53 337
608 53 339
600 54 346
597 56 347
595 56 349
590 58 352
589 55 356
591 47 362
591 45 364
591 44 365
597 39 364
602 37 361
610 34 356
608 37 355
614 37 349
610 39 351
613 46 341
609 51 340
606 51 343
601 55 344
600 55 345
594 56 350
596 52 352
597 51 352
603 46 351
603 42 355
608 36 356
612 30 358
619 27 354
622 29 349
620 31 349
619 30 351
622 27 351
619 34 347
615 34 351
622 31 347
620 34 346
617 32 351
616 35 349
614 39 347
616 41 343
617 37 346
619 34 347
621 33 346
623 31 346
625 25 350
629 22 349
633 22 345
635 23 342
633 29 338
636 26 338
638 25 337
635 28 337
629 31 340
632 27 341
628 27 345
627 30 343
628 30 342
631 31 338
629 27 344
625 33 342
628 32 340
631 30 339
633 36 331
631 38 331
627 38 335
621 42 337
626 35 339
632 26 342
636 26 338
638 23 339
636 28 336
641 30 329
647 26 327
652 23 325
659 21 320
662 19 319
659 25 316
661 25 314
660 25 315
655 25 320
656 25 319
660 25 315
669 26 305
676 21 303
675 24 301
673 27 300
679 27 294
679 26 295
685 23 292
684 24 292
688 24 288
691 17 292
692 16 292
698 14 288
699 14 287
705 12 283
709 12 279
712 11 277
712 13 275
711 16 273
710 19 271
714 18 268
711 23 266
717 22 261
721 22 257
719 22 259
723 20 257
722 25 253
720 29 251
714 29 257
716 28 256
715 32 253
714 30 256
716 30 254
709 33 258
702 41 257
688 54 258
684 55 261
681 56 263
673 60 267
659 68 273
650 77 273
639 75 286
626 80 294
617 79 304
610 81 309
597 82 321
587 80 333
586 76 338
590 72 338
583 72 345
580 66 354
584 62 354
573 69 358
573 63 364
567 60 373
566 60 374
563 63 374
560 59 381
554 56 390
546 59 395
544 63 393
543 60 397
540 56 404
531 59 410
532 56 412
538 54 408
539 45 416
537 50 413
538 48 414
534 51 415
535 52 413
527 54 419
525 48 427
535 48 417
542 46 412
545 43 412
548 41 411
550 38 412
550 42 408
553 40 407
554 42 404
559 40 401
565 42 393
566 36 398
568 36 396
567 41 392
567 40 393
563 42 395
565 45 390
563 38 399
561 43 396
561 40 399
563 34 403
569 31 400
571 35 394
577 30 393
581 28 391
584 26 390
585 27 388
592 24 384
596 24 380
602 23 375
605 19 376
605 18 377
611 15 374
621 14 365
629 13 358
634 13 353
636 15 349
640 16 344
642 21 337
650 15 335
650 16 334
649 19 332
650 18 332
651 17 332
656 19 325
664 20 316
672 18 310
677 19 304
679 16 305
683 17 300
691 15 294
687 19 294
685 21 294
689 20 291
690 20 290
690 20 290
690 19 291
696 17 287
696 17 287
699 16 285
697 20 283
695 21 284
697 20 283
703 19 278
700 19 281
703 18 279
708 18 274
711 20 269
714 19 267
712 17 271
715 20 265
712 21 267
718 23 259
702 36 262
696 41 263
683 51 266
676 56 268
669 60 271
657 60 283
640 68 292
629 72 299
622 75 303
609 84 307
601 81 318
589 82 329
583 80 337
574 84 342
572 80 348
565 76 359
561 73 366
559 68 373
564 61 375
566 60 374
565 69 366
560 72 368
552 68 380
547 67 386
552 59 389
555 53 392
552 51 397
557 49 394
558 48 394
557 49 394
556 45 399
555 46 399
556 46 398
552 46 402
551 41 408
551 39 410
553 37 410
560 33 407
565 25 410
575 22 403
577 18 405
581 16 403
585 15 400
587 17 396
589 18 393
595 17 388
597 16 387
600 19 381
602 21 377
603 24 373
610 23 367
608 25 367
611 24 365
610 27 363
616 25 359
620 26 354
620 26 354
626 23 351
632 20 348
641 22 337
644 24 332
