1000 0 0
1000 0 0
1000 0 0
999 1 0
999 1 0
996 4 0
992 6 2
991 6 3
990 4 6
986 8 6
978 16 6
970 21 9
962 26 12
942 43 15
923 56 21
886 82 32
845 108 47
809 127 64
762 150 88
721 170 109
691 178 131
648 187 165
614 200 186
574 214 212
549 217 234
533 200 267
515 185 300
505 169 326
495 147 358
480 145 375
477 133 390
470 113 417
457 112 431
460 96 444
464 81 455
467 76 457
464 69 467
474 63 463
474 65 461
476 61 463
480 60 460
482 57 461
482 54 464
486 54 460
482 56 462
489 48 463
497 45 458
503 41 456
513 39 448
516 36 448
517 34 449
518 34 448
528 33 439
531 28 441
539 28 433
541 29 430
540 34 426
542 33 425
549 30 421
553 28 419
555 24 421
553 22 425
555 20 425
554 20 426
564 19 417
569 19 412
579 18 403
579 20 401
588 21 391
590 20 390
600 19 381
607 19 374
611 15 374
616 18 366
619 18 363
624 15 361
625 18 357
632 18 350
637 18 345
640 16 344
641 15 344
647 16 337
646 15 339
653 14 333
655 13 332
660 12 328
669 10 321
676 11 313
677 10 313
683 10 307
686 10 304
691 9 300
696 7 297
696 8 296
698 9 293
699 10 291
704 11 285
705 8 287
710 7 283
713 9 278
716 6 278
719 5 276
718 7 275
724 3 273
726 3 271
726 8 266
726 7 267
724 12 264
722 13 265
716 15 269
711 22 267
712 21 267
711 24 265
709 25 266
706 25 269
700 31 269
700 25 275
700 26 274
698 28 274
694 29 277
694 36 270
685 45 270
680 47 273
672 54 274
665 58 277
658 53 289
655 55 290
651 53 296
648 51 301
641 56 303
635 61 304
627 65 308
618 69 313
603 80 317
594 86 320
581 84 335
577 82 341
573 79 348
566 78 356
561 81 358
555 77 368
557 72 371
553 74 373
555 65 380
553 66 381
550 60 390
545 61 394
544 59 397
543 47 410
540 48 412
548 41 411
544 42 414
542 46 412
547 47 406
551 47 402
549 49 402
554 43 403
557 45 398
554 47 399
555 50 395
562 51 387
553 50 397
556 46 398
559 47 394
559 51 390
558 54 388
556 46 398
552 45 403
555 44 401
555 43 402
564 41 395
561 42 397
563 39 398
565 40 395
567 41 392
571 35 394
573 37 390
578 34 388
581 28 391
586 21 393
585 26 389
584 24 392
581 26 393
577 32 391
581 31 388
588 31 381
582 36 382
585 39 376
583 42 375
577 44 379
576 44 380
577 47 376
572 42 386
577 35 388
581 35 384
586 30 384
591 29 380
593 29 378
595 27 378
588 34 378
595 35 370
597 30 373
601 28 371
604 27 369
607 27 366
607 19 374
614 18 368
622 20 358
622 20 358
626 20 354
627 20 353
632 18 350
638 18 344
639 22 339
643 13 344
653 11 336
659 12 329
664 13 323
664 17 319
665 18 317
667 21 312
671 21 308
670 25 305
672 21 307
675 24 301
674 30 296
665 39 296
666 39 295
670 35 295
667 34 299
667 34 299
665 36 299
664 37 299
665 34 301
666 30 304
668 30 302
665 35 300
676 28 296
676 27 297
674 29 297
672 27 301
674 29 297
667 37 296
665 35 300
657 40 303
648 47 305
640 50 310
633 52 315
635 52 313
631 57 312
627 53 320
623 49 328
620 53 327
612 58 330
610 55 335
606 57 337
603 56 341
599 57 344
595 56 349
590 58 352
585 59 356
581 52 367
578 54 368
568 58 374
566 61 373
561 52 387
565 51 384
566 57 377
562 55 383
564 52 384
553 60 387
549 59 392
545 58 397
544 55 401
546 53 401
550 52 398
547 50 403
546 47 407
544 51 405
546 52 402
550 52 398
551 48 401
551 44 405
549 44 407
545 46 409
545 41 414
549 33 418
557 29 414
560 31 409
563 23 414
575 20 405
578 25 397
573 33 394
566 36 398
572 33 395
567 35 398
570 35 395
566 38 396
568 36 396
573 37 390
572 38 390
574 41 385
582 36 382
582 35 383
589 32 379
592 30 378
592 31 377
596 29 375
603 25 372
610 22 368
615 19 366
617 18 365
621 18 361
631 12 357
635 14 351
639 11 350
648 12 340
654 14 332
657 15 328
661 14 325
657 22 321
657 26 317
658 29 313
665 29 306
663 29 308
656 33 311
653 31 316
650 32 318
644 40 316
644 42 314
635 40 325
629 43 328
625 46 329
628 38 334
633 40 327
635 39 326
641 32 327
643 37 320
645 34 321
647 34 319
646 30 324
648 29 323
646 30 324
647 34 319
648 33 319
652 28 320
652 27 321
650 27 323
655 26 319
655 29 316
656 28 316
654 24 322
659 21 320
660 18 322
664 15 321
669 13 318
671 12 317
680 12 308
682 11 307
686 13 301
684 17 299
687 21 292
688 25 287
690 20 290
693 19 288
692 24 284
687 30 283
679 39 282
669 45 286
658 54 288
650 55 295
643 59 298
635 66 299
629 63 308
628 59 313
628 56 316
633 57 310
634 51 315
632 47 321
632 44 324
630 48 322
633 47 320
627 49 324
619 54 327
615 60 325
618 60 322
621 59 320
617 60 323
622 54 324
622 52 326
624 48 328
627 46 327
624 49 327
625 46 329
626 41 333
628 38 334
625 37 338
625 36 339
623 40 337
626 35 339
632 31 337
631 29 340
633 26 341
636 24 340
642 21 337
646 20 334
652 17 331
658 15 327
665 13 322
669 12 319
677 10 313
689 8 303
692 8 300
700 6 294
706 6 288
709 6 285
715 5 280
720 5 275
725 4 271
727 4 269
728 4 268
731 4 265
735 4 261
736 5 259
740 4 256
745 3 252
752 1 247
757 1 242
762 0 238
765 0 235
765 0 235
768 0 232
775 0 225
777 0 223
780 0 220
784 0 216
789 0 211
797 0 203
798 0 202
800 0 200
803 0 197
809 0 191
815 0 185
816 0 184
817 0 183
820 0 180
825 0 175
830 0 170
831 0 169
835 0 165
838 0 162
839 0 161
841 0 159
846 0 154
850 0 150
854 0 146
857 0 143
858 0 142
858 0 142
859 0 141
860 0 140
862 0 138
863 0 137
870 0 130
870 0 130
873 0 127
874 0 126
877 0 123
878 0 122
878 0 122
880 0 120
883 0 117
884 0 116
886 0 114
887 0 113
888 0 112
890 0 110
893 0 107
895 0 105
895 0 105
896 0 104
900 0 100
901 0 99
901 0 99
903 0 97
905 0 95
906 0 94
907 0 93
909 0 91
909 0 91
912 0 88
913 0 87
917 0 83
918 0 82
919 0 81
922 0 78
922 0 78
923 0 77
924 0 76
926 0 74
926 0 74
928 0 72
931 0 69
931 0 69
933 0 67
934 0 66
935 0 65
937 0 63
938 0 62
938 0 62
939 0 61
939 0 61
940 0 60
942 0 58
943 0 57
943 0 57
943 0 57
946 0 54
946 0 54
947 0 53
948 0 52
948 0 52
948 0 52
949 0 51
951 0 49
951 0 49
952 0 48
952 0 48
953 0 47
953 0 47
955 0 45
955 0 45
955 0 45
956 0 44
958 0 42
959 0 41
960 0 40
960 0 40
961 0 39
962 0 38
963 0 37
964 0 36
964 0 36
964 0 36
966 0 34
967 0 33
967 0 33
967 0 33
967 0 33
967 0 33
967 0 33
968 0 32
968 0 32
968 0 32
968 0 32
969 0 31
972 0 28
972 0 28
972 0 28
973 0 27
974 0 26
974 0 26
974 0 26
975 0 25
976 0 24
976 0 24
976 0 24
978 0 22
978 0 22
978 0 22
980 0 20
980 0 20
980 0 20
980 0 20
980 0 20
981 0 19
981 0 19
982 0 18
982 0 18
982 0 18
983 0 17
983 0 17
983 0 17
984 0 16
984 0 16
984 0 16
984 0 16
984 0 16
984 0 16
984 0 16
984 0 16
984 0 16
984 0 16
985 0 15
985 0 15
986 0 14
987 0 13
987 0 13
988 0 12
988 0 12
988 0 12
988 0 12
988 0 12
988 0 12
988 0 12
988 0 12
988 0 12
990 0 10
990 0 10
990 0 10
990 0 10
990 0 10
990 0 10
990 0 10
990 0 10
991 0 9
991 0 9
992 0 8
992 0 8
992 0 8
992 0 8
992 0 8
992 0 8
992 0 8
992 0 8
992 0 8
993 0 7
993 0 7
994 0 6
995 0 5
995 0 5
995 0 5
995 0 5
995 0 5
995 0 5
995 0 5
996 0 4
996 0 4
997 0 3
997 0 3
997 0 3
997 0 3
997 0 3
997 0 3
997 0 3
997 0 3
997 0 3
997 0 3
997 0 3
997 0 3
997 0 3
997 0 3
998 0 2
999 0 1
999 0 1
999 0 1
999 0 1
999 0 1
999 0 1
999 0 1
999 0 1
999 0 1
999 0 1
999 0 1
999 0 1
999 0 1
999 0 1
999 0 1
999 0 1
999 0 1
999 0 1
999 0 1
999 0 1
999 0 1
999 0 1
999 0 1
999 0 1
999 0 1
999 0 1
999 0 1
999 0 1
999 0 1
999 0 1
999 0 1
999 0 1
999 0 1
999 0 1
999 0 1
999 0 1
999 0 1
999 0 1
999 0 1
999 0 1
999 0 1
999 0 1
999 0 1
999 0 1
999 0 1
999 0 1
999 0 1
999 0 1
999 0 1
999 0 1
999 0 1
999 0 1
999 0 1
999 0 1
999 0 1
999 0 1
999 0 1
999 0 1
999 0 1
999 0 1
999 0 1
999 0 1
999 0 1
999 0 1
999 0 1
999 0 1
999 0 1
999 0 1
999 0 1
999 0 1
999 0 1
999 0 1
999 0 1
999 0 1
999 0 1
999 0 1
999 0 1
999 0 1
999 0 1
999 0 1
999 0 1
999 0 1
999 0 1
999 0 1
999 0 1
999 0 1
999 0 1
999 0 1
999 0 1
999 0 1
999 0 1
999 0 1
999 0 1
999 0 1
1000 0 0
1000 0 0
1000 0 0
1000 0 0
1000 0 0
1000 0 0
1000 0 0
1000 0 0
1000 0 0
1000 0 0
1000 0 0
1000 0 0
1000 0 0
1000 0 0
1000 0 0
1000 0 0
1000 0 0
1000 0 0
1000 0 0
1000 0 0
1000 0 0
1000 0 0
1000 0 0
1000 0 0
1000 0 0
1000 0 0
1000 0 0
1000 0 0
1000 0 0
1000 0 0
1000 0 0
1000 0 0
1000 0 0
1000 0 0
1000 0 0
1000 0 0
1000 0 0
1000 0 0
1000 0 0
1000 0 0
1000 0 0
1000 0 0
1000 0 0
1000 0 0
1000 0 0
1000 0 0
1000 0 0
1000 0 0
1000 0 0
1000 0 0
1000 0 0
1000 0 0
1000 0 0
1000 0 0
1000 0 0
1000 0 0
1000 0 0
1000 0 0
1000 0 0
1000 0 0
1000 0 0
1000 0 0
1000 0 0
1000 0 0
1000 0 0
1000 0 0
1000 0 0
1000 0 0
1000 0 0
1000 0 0
1000 0 0
1000 0 0
1000 0 0
1000 0 0
1000 0 0
1000 0 0
1000 0 0
1000 0 0
1000 0 0
1000 0 0
1000 0 0
1000 0 0
1000 0 0
1000 0 0
1000 0 0
1000 0 0
1000 0 0
1000 0 0
1000 0 0
1000 0 0
1000 0 0
1000 0 0
1000 0 0
1000 0 0
1000 0 0
1000 0 0
1000 0 0
1000 0 0
1000 0 0
1000 0 0
1000 0 0
1000 0 0
1000 0 0
1000 0 0
1000 0 0
1000 0 0
1000 0 0
1000 0 0
1000 0 0
1000 0 0
1000 0 0
1000 0 0
1000 0 0
1000 0 0
1000 0 0
1000 0 0
1000 0 0
1000 0 0
1000 0 0
1000 0 0
1000 0 0
1000 0 0
1000 0 0
1000 0 0
1000 0 0
1000 0 0
1000 0 0
1000 0 0
1000 0 0
1000 0 0
1000 0 0
1000 0 0
1000 0 0
1000 0 0
1000 0 0
1000 0 0
1000 0 0
1000 0 0
1000 0 0
1000 0 0
1000 0 0
1000 0 0
1000 0 0
1000 0 0
1000 0 0
1000 0 0
1000 0 0
1000 0 0
1000 0 0
1000 0 0
1000 0 0
1000 0 0
1000 0 0
1000 0 0
1000 0 0
1000 0 0
1000 0 0
1000 0 0
1000 0 0
1000 0 0
1000 0 0
1000 0 0
1000 0 0
1000 0 0
1000 0 0
1000 0 0
1000 0 0
1000 0 0
1000 0 0
1000 0 0
1000 0 0
1000 0 0
1000 0 0
1000 0 0
1000 0 0
1000 0 0
1000 0 0
1000 0 0
1000 0 0
1000 0 0
1000 0 0
1000 0 0
1000 0 0
1000 0 0
1000 0 0
1000 0 0
1000 0 0
1000 0 0
1000 0 0
1000 0 0
1000 0 0
1000 0 0
1000 0 0
1000 0 0
1000 0 0
1000 0 0
1000 0 0
1000 0 0
1000 0 0
1000 0 0
1000 0 0
1000 0 0
1000 0 0
1000 0 0
1000 0 0
1000 0 0
1000 0 0
1000 0 0
1000 0 0
1000 0 0
1000 0 0
1000 0 0
1000 0 0
1000 0 0
1000 0 0
1000 0 0
1000 0 0
1000 0 0
1000 0 0
1000 0 0
1000 0 0
1000 0 0
1000 0 0
1000 0 0
1000 0 0
1000 0 0
1000 0 0
1000 0 0
1000 0 0
1000 0 0
1000 0 0
1000 0 0
1000 0 0
1000 0 0
1000 0 0
1000 0 0
1000 0 0
1000 0 0
1000 0 0
1000 0 0
1000 0 0
1000 0 0
1000 0 0
1000 0 0
1000 0 0
1000 0 0
1000 0 0
1000 0 0
1000 0 0
1000 0 0
1000 0 0
1000 0 0
1000 0 0
1000 0 0
