995 5 0
995 5 0
994 6 0
988 12 0
982 15 3
976 18 6
969 22 9
960 26 14
954 30 16
944 36 20
929 42 29
920 44 36
904 50 46
889 51 60
885 44 71
873 53 74
859 59 82
842 61 97
819 69 112
782 96 122
757 108 135
732 120 148
707 118 175
679 132 189
640 148 212
619 158 223
592 164 244
581 157 262
560 151 289
548 155 297
529 161 310
518 141 341
516 136 348
508 124 368
510 113 377
505 104 391
506 103 391
505 100 395
499 101 400
497 86 417
497 75 428
499 67 434
504 64 432
504 60 436
499 62 439
495 64 441
507 57 436
512 47 441
516 46 438
520 46 434
530 44 426
534 39 427
537 35 428
538 32 430
544 30 426
547 29 424
553 28 419
559 27 414
561 25 414
565 24 411
567 20 413
574 15 411
582 14 404
592 10 398
597 12 391
600 10 390
606 7 387
616 6 378
623 4 373
630 6 364
633 6 361
635 6 359
638 4 358
646 2 352
656 1 343
660 2 338
667 2 331
668 3 329
669 3 328
677 3 320
679 3 318
686 3 311
688 2 310
689 5 306
698 4 298
703 4 293
706 3 291
709 3 288
717 2 281
723 2 275
728 2 270
729 4 267
734 4 262
738 4 258
741 3 256
740 7 253
747 6 247
750 6 244
756 5 239
753 3 244
757 3 240
760 3 237
764 3 233
771 3 226
773 6 221
774 6 220
775 8 217
770 17 213
765 20 215
763 24 213
763 28 209
757 30 213
756 31 213
753 31 216
748 38 214
736 43 221
729 51 220
716 56 228
701 69 230
693 71 236
679 78 243
662 94 244
647 92 261
640 85 275
633 84 283
622 81 297
606 93 301
595 92 313
592 88 320
587 90 323
583 87 330
578 89 333
567 88 345
561 84 355
561 76 363
563 71 366
558 68 374
557 66 377
548 67 385
539 63 398
543 55 402
541 52 407
543 39 418
543 35 422
540 33 427
541 31 428
544 33 423
548 35 417
559 29 412
563 30 407
564 34 402
571 31 398
573 29 398
580 25 395
580 27 393
583 28 389
586 25 389
588 23 389
595 19 386
596 19 385
594 20 386
596 19 385
598 24 378
602 22 376
603 16 381
605 15 380
606 15 379
612 17 371
613 18 369
615 20 365
615 22 363
618 23 359
616 25 359
616 23 361
625 21 354
629 19 352
633 16 351
638 15 347
650 13 337
655 11 334
660 9 331
661 12 327
664 13 323
672 13 315
669 15 316
671 17 312
671 20 309
673 22 305
675 22 303
681 19 300
675 25 300
676 26 298
672 31 297
664 38 298
664 40 296
660 41 299
659 38 303
654 40 306
655 35 310
657 38 305
655 37 308
657 44 299
655 47 298
643 52 305
633 55 312
630 50 320
626 54 320
626 53 321
633 45 322
636 45 319
635 42 323
638 40 322
638 42 320
640 32 328
637 37 326
643 36 321
642 39 319
638 43 319
633 38 329
633 36 331
633 33 334
631 33 336
628 35 337
625 39 336
628 31 341
624 33 343
627 31 342
624 33 343
620 38 342
619 40 341
620 40 340
629 33 338
628 36 336
627 39 334
627 41 332
627 45 328
621 40 339
628 39 333
619 47 334
612 42 346
610 42 348
614 38 348
611 37 352
612 33 355
614 30 356
623 29 348
628 26 346
636 20 344
637 21 342
641 20 339
644 18 338
651 18 331
651 22 327
656 22 322
664 20 316
672 13 315
676 17 307
677 20 303
684 19 297
687 19 294
685 20 295
684 24 292
676 27 297
671 31 298
667 35 298
659 41 300
658 37 305
653 42 305
651 47 302
645 53 302
636 57 307
626 66 308
614 71 315
609 72 319
603 67 330
601 71 328
592 74 334
587 70 343
590 65 345
582 66 352
585 61 354
588 55 357
589 57 354
585 55 360
588 50 362
583 49 368
580 41 379
576 47 377
575 43 382
576 39 385
582 39 379
583 39 378
590 41 369
590 41 369
591 38 371
597 36 367
601 34 365
602 33 365
602 36 362
605 30 365
609 32 359
607 27 366
611 29 360
610 28 362
611 31 358
620 29 351
619 26 355
622 23 355
626 23 351
630 17 353
632 16 352
636 17 347
635 20 345
635 18 347
637 18 345
638 19 343
640 19 341
643 19 338
641 20 339
644 16 340
650 15 335
655 16 329
665 17 318
670 15 315
682 14 304
680 15 305
681 19 300
683 19 298
685 19 296
690 19 291
695 21 284
698 20 282
695 21 284
689 28 283
689 29 282
683 32 285
672 44 284
665 55 280
653 65 282
639 75 286
630 76 294
626 71 303
623 65 312
613 74 313
608 71 321
606 72 322
602 70 328
602 69 329
592 73 335
590 72 338
591 64 345
586 68 346
591 63 346
590 62 348
596 56 348
599 55 346
595 54 351
599 48 353
602 42 356
602 46 352
607 40 353
603 42 355
603 41 356
602 43 355
598 39 363
596 41 363
600 39 361
599 38 363
602 37 361
602 36 362
602 42 356
600 44 356
594 51 355
590 55 355
590 57 353
588 61 351
589 51 360
581 60 359
578 59 363
577 59 364
567 61 372
561 62 377
552 70 378
537 78 385
532 76 392
534 70 396
531 68 401
520 71 409
522 71 407
516 72 412
515 70 415
509 70 421
506 64 430
508 59 433
515 56 429
513 53 434
513 58 429
506 64 430
501 62 437
501 64 435
499 61 440
500 54 446
504 54 442
505 54 441
509 51 440
508 47 445
515 45 440
517 40 443
524 42 434
521 42 437
524 39 437
527 35 438
532 33 435
536 31 433
540 29 431
543 24 433
551 22 427
555 18 427
558 19 423
559 22 419
564 20 416
563 23 414
567 25 408
568 28 404
568 26 406
568 30 402
572 27 401
575 28 397
571 31 398
579 26 395
582 31 387
581 27 392
576 35 389
570 39 391
569 41 390
567 46 387
570 43 387
556 51 393
550 47 403
555 48 397
556 45 399
553 52 395
557 48 395
553 51 396
552 46 402
544 55 401
543 52 405
552 45 403
556 43 401
549 48 403
556 46 398
558 41 401
557 43 400
557 42 401
560 44 396
560 45 395
565 44 391
562 39 399
563 41 396
564 37 399
567 38 395
571 38 391
573 38 389
580 34 386
574 41 385
576 36 388
576 33 391
582 31 387
583 30 387
580 33 387
576 34 390
579 32 389
579 32 389
582 32 386
583 28 389
587 25 388
587 21 392
597 15 388
600 18 382
603 19 378
606 18 376
613 16 371
619 13 368
623 12 365
632 10 358
635 7 358
646 5 349
651 5 344
660 4 336
661 4 335
666 5 329
673 2 325
679 2 319
684 1 315
689 1 310
690 2 308
694 2 304
700 2 298
708 2 290
720 3 277
723 2 275
732 2 266
739 2 259
743 2 255
747 3 250
746 6 248
751 6 243
754 5 241
758 4 238
763 3 234
767 5 228
767 10 223
765 11 224
758 18 224
758 19 223
759 18 223
763 20 217
767 19 214
769 21 210
768 21 211
768 22 210
766 24 210
764 23 213
761 21 218
762 19 219
758 24 218
755 25 220
753 28 219
754 24 222
752 27 221
745 26 229
737 31 232
734 33 233
735 35 230
730 38 232
731 38 231
721 41 238
714 45 241
703 55 242
697 55 248
692 56 252
689 52 259
685 54 261
679 57 264
674 54 272
667 53 280
665 54 281
664 53 283
658 51 291
652 58 290
646 60 294
637 66 297
635 62 303
627 63 310
619 62 319
610 62 328
607 66 327
602 65 333
597 65 338
590 67 343
589 64 347
588 64 348
588 64 348
588 61 351
589 54 357
586 55 359
585 54 361
582 47 371
579 42 379
585 36 379
593 36 371
588 38 374
588 39 373
586 41 373
591 32 377
590 38 372
587 33 380
591 32 377
592 34 374
595 34 371
594 34 372
600 32 368
602 33 365
613 28 359
615 25 360
621 22 357
623 20 357
624 19 357
634 17 349
638 16 346
648 16 336
655 16 329
660 13 327
660 14 326
662 13 325
667 12 321
670 10 320
675 8 317
681 8 311
684 13 303
689 14 297
693 17 290
694 14 292
695 14 291
696 12 292
706 9 285
708 8 284
708 10 282
710 13 277
712 14 274
713 16 271
718 16 266
717 18 265
717 24 259
713 26 261
712 29 259
715 30 255
719 28 253
718 31 251
719 33 248
713 38 249
710 36 254
698 43 259
692 48 260
688 49 263
679 52 269
681 52 267
670 59 271
670 57 273
660 51 289
658 48 294
658 44 298
652 45 303
644 45 311
644 49 307
637 50 313
633 52 315
636 50 314
637 39 324
636 43 321
634 43 323
629 46 325
622 44 334
625 37 338
628 35 337
632 33 335
634 37 329
630 44 326
631 40 329
630 41 329
628 46 326
626 44 330
622 46 332
622 35 343
621 37 342
623 38 339
616 41 343
615 40 345
616 42 342
617 43 340
616 38 346
620 31 349
622 31 347
630 27 343
634 26 340
641 19 340
645 18 337
651 18 331
655 16 329
656 21 323
661 21 318
666 22 312
667 20 313
674 15 311
679 12 309
682 13 305
683 15 302
683 16 301
686 18 296
686 17 297
690 17 293
690 20 290
695 16 289
701 20 279
700 21 279
699 24 277
692 25 283
690 31 279
694 29 277
693 31 276
691 32 277
689 37 274
681 45 274
674 50 276
669 47 284
665 51 284
662 54 284
663 52 285
654 51 295
648 53 299
640 58 302
637 57 306
625 59 316
615 66 319
617 60 323
617 61 322
611 61 328
605 59 336
605 59 336
605 54 341
605 44 351
604 42 354
606 38 356
607 37 356
614 35 351
611 37 352
608 40 352
612 38 350
613 35 352
614 29 357
618 24 358
623 24 353
626 21 353
624 22 354
627 23 350
631 23 346
633 23 344
636 20 344
638 19 343
636 23 341
638 27 335
639 26 335
632 30 338
632 31 337
634 32 334
638 37 325
638 35 327
636 33 331
643 32 325
641 35 324
646 33 321
647 40 313
640 39 321
639 42 319
632 42 326
639 42 319
641 39 320
643 37 320
648 33 319
647 36 317
649 37 314
647 30 323
646 31 323
642 35 323
642 36 322
643 38 319
635 38 327
625 45 330
618 44 338
613 56 331
612 53 335
607 53 340
599 58 343
593 58 349
595 53 352
595 50 355
589 56 355
583 58 359
578 57 365
581 52 367
583 49 368
584 51 365
585 47 368
589 45 366
584 47 369
580 53 367
582 53 365
583 49 368
587 45 368
587 47 366
586 48 366
584 50 366
590 45 365
596 45 359
595 51 354
596 46 358
592 47 361
593 45 362
595 38 367
597 41 362
597 47 356
598 55 347
598 55 347
597 60 343
594 59 347
601 52 347
597 58 345
600 50 350
591 53 356
587 58 355
592 47 361
595 45 360
603 45 352
596 54 350
591 50 359
589 53 358
588 54 358
588 51 361
588 50 362
595 50 355
594 48 358
595 45 360
593 44 363
590 42 368
591 37 372
592 34 374
587 37 376
592 36 372
595 30 375
597 30 373
597 26 377
596 27 377
600 28 372
608 23 369
611 22 367
614 18 368
615 23 362
619 25 356
622 24 354
632 24 344
638 25 337
638 25 337
638 27 335
647 26 327
652 22 326
656 21 323
662 20 318
667 21 312
675 21 304
676 23 301
680 23 297
681 23 296
683 23 294
690 20 290
691 22 287
692 24 284
690 26 284
689 23 288
691 18 291
692 16 292
696 17 287
697 17 286
703 18 279
707 20 273
705 20 275
701 25 274
692 32 276
689 37 274
684 40 276
686 32 282
687 33 280
687 23 290
690 18 292
695 15 290
694 17 289
697 11 292
698 13 289
703 16 281
700 17 283
702 16 282
707 18 275
709 18 273
708 23 269
706 24 270
705 19 276
707 20 273
705 20 275
708 22 270
711 19 270
716 20 264
722 18 260
726 18 256
726 22 252
729 20 251
729 18 253
733 14 253
737 14 249
741 13 246
738 18 244
741 17 242
736 17 247
727 22 251
723 25 252
725 24 251
720 24 256
722 25 253
719 26 255
709 33 258
705 35 260
698 40 262
695 39 266
687 37 276
688 32 280
677 39 284
675 43 282
670 51 279
656 58 286
645 68 287
632 70 298
632 74 294
622 75 303
619 74 307
616 70 314
616 67 317
612 62 326
615 55 330
617 52 331
620 49 331
617 43 340
620 36 344
626 34 340
624 37 339
625 36 339
625 41 334
627 42 331
626 43 331
631 35 334
629 34 337
631 32 337
635 26 339
640 22 338
646 18 336
650 19 331
652 19 329
657 16 327
667 14 319
670 11 319
672 11 317
678 9 313
686 6 308
685 7 308
694 6 300
696 5 299
698 5 297
707 3 290
713 2 285
719 3 278
726 3 271
729 3 268
734 2 264
738 1 261
743 1 256
746 1 253
753 0 247
759 0 241
763 2 235
764 2 234
766 2 232
768 6 226
765 12 223
747 32 221
738 41 221
734 46 220
727 51 222
718 56 226
708 56 236
703 58 239
694 59 247
683 63 254
676 69 255
663 70 267
656 68 276
654 64 282
654 53 293
648 52 300
645 52 303
647 50 303
649 51 300
642 57 301
636 57 307
632 59 309
633 54 313
636 47 317
628 53 319
630 52 318
622 53 325
617 54 329
607 60 333
594 68 338
586 72 342
577 71 352
566 64 370
560 63 377
562 54 384
566 50 384
572 44 384
582 40 378
580 39 381
580 37 383
575 35 390
579 31 390
