1000 0 0
1000 0 0
1000 0 0
1000 0 0
1000 0 0
1000 0 0
1000 0 0
1000 0 0
1000 0 0
1000 0 0
1000 0 0
998 1 1
998 1 1
996 4 0
990 9 1
978 21 1
964 34 2
942 48 10
908 72 20
864 103 33
817 132 51
766 157 77
716 181 103
653 221 126
618 209 173
581 218 201
555 215 230
535 197 268
521 182 297
509 169 322
503 157 340
495 145 360
484 142 374
475 135 390
470 130 400
470 111 419
467 97 436
471 90 439
473 80 447
473 66 461
478 57 465
477 48 475
482 41 477
485 38 477
491 38 471
494 34 472
496 32 472
501 31 468
503 31 466
507 34 459
509 36 455
505 42 453
502 39 459
505 33 462
509 27 464
513 19 468
517 17 466
526 13 461
536 12 452
545 13 442
551 13 436
560 15 425
562 15 423
567 13 420
569 12 419
575 13 412
582 12 406
587 10 403
588 17 395
587 19 394
591 19 390
596 19 385
600 19 381
602 17 381
597 25 378
598 21 381
600 20 380
601 17 382
600 19 381
608 18 374
609 23 368
611 26 363
607 24 369
609 25 366
609 28 363
609 26 365
609 31 360
612 29 359
609 32 359
607 31 362
613 28 359
613 29 358
613 29 358
615 31 354
613 28 359
612 25 363
617 22 361
619 26 355
626 22 352
627 24 349
632 21 347
633 23 344
640 25 335
638 28 334
634 34 332
639 34 327
638 33 329
637 32 331
636 36 328
636 40 324
632 39 329
629 43 328
627 41 332
628 38 334
628 39 333
632 41 327
635 43 322
635 42 323
635 44 321
635 47 318
633 48 319
631 47 322
629 50 321
638 45 317
642 44 314
645 38 317
644 36 320
640 36 324
640 34 326
635 40 325
638 41 321
635 38 327
634 38 328
630 39 331
625 42 333
624 42 334
626 42 332
620 52 328
615 53 332
614 54 332
611 49 340
615 43 342
613 41 346
611 43 346
609 37 354
611 34 355
617 31 352
627 29 344
628 28 344
630 31 339
634 29 337
634 28 338
631 30 339
628 29 343
625 31 344
627 26 347
631 24 345
636 22 342
633 24 343
632 30 338
625 35 340
623 34 343
623 27 350
619 28 353
618 30 352
622 31 347
614 36 350
613 38 349
617 35 348
618 39 343
616 42 342
616 39 345
614 43 343
613 45 342
613 50 337
602 56 342
598 53 349
595 54 351
586 59 355
581 61 358
580 56 364
580 54 366
583 54 363
584 48 368
578 52 370
577 54 369
581 51 368
583 45 372
584 42 374
590 36 374
587 37 376
590 36 374
587 36 377
588 31 381
592 30 378
589 34 377
595 25 380
597 21 382
603 22 375
610 21 369
616 20 364
619 21 360
624 19 357
630 18 352
633 14 353
640 13 347
642 19 339
641 24 335
639 27 334
640 25 335
642 28 330
641 29 330
642 34 324
641 34 325
641 32 327
647 28 325
646 29 325
638 34 328
639 38 323
635 47 318
635 45 320
635 41 324
637 38 325
629 39 332
624 41 335
620 44 336
620 47 333
617 42 341
617 43 340
616 43 341
614 44 342
615 46 339
620 43 337
622 40 338
620 41 339
627 34 339
626 33 341
630 30 340
631 31 338
629 34 337
633 26 341
633 28 339
633 29 338
630 33 337
633 33 334
631 37 332
633 39 328
636 32 332
637 30 333
641 24 335
638 24 338
645 23 332
649 22 329
652 22 326
652 23 325
654 24 322
655 24 321
659 19 322
663 14 323
663 18 319
665 18 317
669 17 314
678 11 311
683 11 306
682 13 305
680 14 306
687 13 300
692 14 294
697 17 286
697 20 283
697 18 285
701 17 282
700 21 279
696 27 277
696 25 279
693 28 279
690 27 283
686 29 285
681 32 287
679 36 285
681 37 282
685 36 279
684 34 282
684 32 284
687 29 284
691 28 281
691 30 279
692 28 280
696 27 277
700 23 277
707 22 271
714 18 268
718 21 261
721 19 260
723 17 260
725 19 256
721 23 256
719 26 255
721 21 258
721 17 262
728 16 256
727 20 253
727 19 254
737 17 246
737 16 247
742 15 243
734 25 241
735 23 242
732 29 239
729 36 235
730 34 236
720 38 242
719 40 241
710 42 248
695 49 256
692 47 261
693 43 264
690 44 266
690 44 266
683 48 269
682 41 277
675 42 283
670 43 287
674 41 285
664 51 285
655 49 296
656 41 303
653 42 305
660 31 309
668 26 306
668 25 307
665 26 309
664 23 313
666 24 310
666 24 310
661 23 316
661 23 316
664 24 312
667 20 313
674 17 309
672 20 308
671 21 308
672 18 310
676 14 310
681 15 304
688 17 295
692 15 293
687 18 295
686 19 295
688 18 294
689 20 291
691 20 289
691 22 287
696 17 287
702 18 280
704 21 275
709 20 271
711 21 268
715 18 267
719 17 264
719 16 265
719 18 263
715 20 265
711 21 268
714 21 265
718 21 261
716 25 259
718 28 254
719 30 251
714 35 251
709 39 252
700 47 253
693 49 258
692 45 263
691 49 260
690 52 258
687 48 265
678 51 271
672 56 272
669 56 275
668 51 281
663 53 284
656 56 288
651 60 289
650 58 292
649 55 296
646 53 301
640 53 307
627 59 314
620 62 318
613 63 324
604 70 326
588 84 328
591 88 321
579 89 332
568 93 339
560 89 351
546 95 359
535 97 368
530 97 373
526 85 389
524 79 397
525 71 404
524 63 413
519 56 425
529 51 420
531 52 417
538 50 412
545 47 408
547 46 407
551 37 412
558 33 409
563 29 408
569 25 406
568 22 410
572 20 408
582 20 398
586 17 397
590 18 392
595 14 391
605 8 387
615 6 379
627 5 368
629 5 366
636 6 358
638 8 354
635 15 350
635 23 342
638 26 336
635 34 331
631 38 331
619 48 333
606 55 339
599 57 344
596 56 348
592 57 351
588 56 356
591 56 353
587 56 357
587 56 357
589 53 358
589 51 360
587 48 365
587 51 362
587 41 372
598 38 364
606 32 362
609 35 356
616 27 357
620 25 355
626 24 350
630 27 343
638 29 333
646 27 327
648 27 325
655 29 316
659 27 314
662 28 310
659 31 310
654 38 308
651 41 308
640 47 313
633 47 320
629 49 322
627 52 321
625 50 325
626 50 324
620 51 329
612 61 327
602 66 332
593 71 336
590 70 340
580 71 349
576 68 356
569 73 358
564 64 372
563 65 372
565 53 382
563 46 391
567 43 390
562 47 391
562 47 391
570 41 389
573 38 389
573 38 389
575 39 386
579 34 387
580 33 387
577 35 388
575 36 389
577 38 385
577 38 385
583 32 385
590 28 382
590 31 379
584 36 380
586 25 389
590 25 385
588 22 390
589 22 389
598 17 385
608 15 377
613 14 373
620 13 367
622 14 364
626 15 359
629 14 357
638 11 351
643 11 346
648 8 344
659 8 333
664 8 328
667 7 326
665 8 327
674 6 320
682 8 310
686 8 306
695 9 296
695 13 292
697 15 288
702 14 284
696 23 281
695 30 275
687 35 278
688 34 278
679 45 276
675 49 276
668 56 276
664 59 277
662 46 292
654 47 299
649 48 303
648 52 300
648 51 301
645 54 301
644 50 306
643 47 310
638 51 311
632 50 318
618 56 326
614 53 333
608 55 337
596 67 337
590 67 343
580 74 346
576 67 357
574 63 363
566 63 371
565 60 375
562 64 374
563 62 375
562 60 378
556 65 379
552 63 385
553 61 386
555 66 379
553 61 386
555 58 387
557 59 384
559 58 383
561 48 391
566 45 389
572 39 389
575 39 386
572 41 387
575 40 385
586 35 379
586 37 377
590 29 381
592 32 376
596 37 367
599 33 368
596 36 368
596 32 372
591 33 376
591 35 374
594 33 373
587 38 375
587 42 371
582 51 367
583 53 364
584 56 360
582 53 365
580 58 362
586 55 359
589 52 359
587 47 366
590 50 360
589 49 362
581 54 365
575 52 373
571 56 373
570 52 378
569 53 378
579 47 374
580 46 374
579 46 375
573 48 379
573 47 380
566 50 384
572 48 380
572 42 386
568 46 386
569 45 386
563 53 384
560 51 389
553 52 395
553 46 401
553 46 401
556 43 401
554 44 402
556 40 404
554 35 411
558 37 405
563 37 400
563 37 400
555 42 403
556 41 403
565 42 393
567 46 387
566 47 387
570 45 385
573 42 385
576 35 389
576 40 384
570 46 384
572 46 382
578 46 376
573 49 378
578 44 378
578 45 377
577 47 376
580 43 377
581 39 380
575 40 385
577 38 385
583 40 377
584 40 376
579 43 378
580 41 379
583 34 383
584 33 383
585 30 385
583 32 385
580 27 393
581 23 396
582 24 394
584 23 393
588 19 393
591 19 390
599 19 382
601 18 381
604 17 379
613 16 371
621 16 363
620 21 359
628 20 352
633 27 340
633 33 334
635 24 341
637 24 339
633 27 340
630 37 333
621 43 336
618 46 336
612 48 340
602 53 345
595 62 343
594 61 345
584 73 343
574 75 351
562 80 358
549 85 366
540 88 372
539 85 376
537 77 386
530 79 391
523 77 400
529 78 393
523 75 402
521 69 410
517 74 409
512 72 416
513 72 415
512 61 427
522 50 428
525 49 426
527 47 426
528 44 428
537 38 425
538 36 426
546 29 425
550 28 422
556 28 416
564 26 410
563 21 416
572 14 414
574 15 411
583 14 403
584 18 398
590 16 394
597 14 389
602 11 387
614 11 375
619 10 371
626 8 366
627 10 363
634 11 355
638 5 357
640 7 353
641 7 352
649 6 345
650 7 343
651 6 343
654 7 339
655 9 336
658 11 331
660 10 330
662 13 325
666 13 321
672 16 312
670 17 313
669 20 311
670 20 310
670 25 305
675 20 305
674 20 306
668 26 306
668 27 305
665 34 301
660 43 297
663 41 296
658 36 306
656 39 305
648 42 310
644 43 313
632 46 322
628 49 323
625 51 324
623 52 325
627 43 330
619 44 337
618 45 337
619 42 339
623 36 341
624 33 343
632 28 340
638 25 337
640 23 337
637 27 336
637 22 341
641 22 337
645 21 334
646 20 334
648 22 330
647 23 330
641 31 328
640 28 332
640 34 326
638 33 329
634 27 339
634 29 337
631 32 337
628 40 332
628 33 339
629 37 334
634 33 333
636 30 334
637 29 334
637 31 332
636 33 331
638 32 330
639 32 329
633 37 330
638 32 330
640 30 330
643 31 326
643 28 329
643 37 320
635 40 325
629 41 330
629 41 330
630 37 333
630 33 337
635 32 333
636 36 328
634 39 327
633 47 320
632 44 324
632 40 328
626 44 330
625 45 330
625 44 331
626 41 333
624 40 336
627 37 336
636 37 327
642 35 323
640 38 322
634 44 322
636 44 320
633 41 326
631 41 328
624 41 335
620 45 335
618 51 331
611 52 337
604 55 341
604 55 341
598 46 356
603 41 356
603 40 357
603 44 353
604 45 351
600 46 354
592 49 359
586 49 365
588 47 365
595 38 367
596 35 369
597 35 368
602 38 360
598 39 363
593 45 362
592 52 356
582 57 361
580 55 365
572 64 364
567 68 365
562 68 370
563 63 374
558 68 374
557 67 376
556 63 381
557 66 377
555 59 386
558 55 387
555 50 395
557 50 393
563 45 392
564 41 395
572 34 394
575 29 396
582 27 391
585 29 386
585 27 388
587 29 384
593 24 383
597 24 379
598 23 379
604 22 374
611 16 373
611 17 372
616 17 367
622 19 359
632 19 349
635 22 343
633 22 345
631 24 345
631 26 343
629 29 342
630 23 347
630 20 350
629 22 349
628 25 347
637 24 339
638 23 339
645 22 333
649 19 332
651 18 331
654 22 324
658 21 321
667 21 312
672 19 309
671 19 310
672 19 309
670 19 311
679 19 302
677 23 300
675 29 296
676 30 294
676 34 290
673 43 284
664 49 287
659 46 295
654 49 297
653 54 293
652 52 296
652 49 299
646 53 301
633 62 305
629 68 303
621 65 314
616 63 321
612 59 329
605 62 333
599 58 343
596 57 347
593 55 352
589 55 356
583 59 358
581 60 359
581 58 361
583 49 368
587 47 366
583 46 371
579 43 378
585 39 376
590 40 370
596 40 364
593 37 370
597 35 368
601 34 365
606 34 360
606 28 366
609 32 359
609 31 360
610 32 358
616 28 356
621 28 351
623 27 350
623 28 349
630 28 342
629 31 340
632 28 340
629 28 343
624 33 343
629 29 342
632 27 341
635 29 336
637 29 334
642 28 330
636 35 329
637 34 329
637 31 332
638 29 333
641 26 333
640 26 334
638 28 334
632 31 337
630 31 339
631 33 336
630 30 340
624 37 339
628 35 337
628 38 334
629 40 331
631 40 329
626 37 337
633 38 329
626 42 332
629 42 329
635 36 329
636 35 329
635 33 332
643 31 326
640 36 324
638 35 327
644 32 324
642 29 329
647 23 330
653 20 327
659 19 322
664 17 319
667 18 315
669 18 313
667 24 309
666 25 309
666 27 307
669 28 303
670 25 305
671 26 303
672 28 300
673 30 297
680 28 292
678 27 295
672 29 299
673 31 296
667 32 301
661 36 303
658 33 309
653 34 313
654 27 319
652 29 319
644 37 319
642 42 316
643 43 314
645 50 305
640 54 306
636 55 309
630 59 311
618 70 312
602 69 329
592 69 339
587 68 345
583 67 350
579 65 356
576 62 362
573 65 362
563 67 370
565 66 369
