1000 0 0
1000 0 0
999 1 0
991 6 3
986 9 5
985 10 5
980 14 6
978 10 12
967 20 13
957 28 15
948 30 22
927 45 28
898 63 39
856 95 49
806 128 66
755 159 86
720 167 113
678 187 135
635 207 158
614 196 190
586 198 216
554 197 249
525 191 284
511 171 318
491 165 344
480 154 366
465 156 379
464 136 400
450 135 415
442 129 429
434 114 452
434 100 466
438 89 473
435 82 483
442 73 485
441 69 490
446 67 487
456 56 488
460 52 488
457 56 487
462 53 485
468 52 480
473 44 483
477 45 478
482 45 473
486 42 472
493 35 472
502 30 468
508 31 461
512 28 460
518 28 454
521 27 452
527 25 448
533 22 445
534 22 444
541 21 438
552 19 429
552 19 429
554 19 427
556 19 425
561 20 419
566 17 417
571 19 410
577 19 404
579 20 401
584 20 396
587 18 395
594 16 390
597 13 390
602 12 386
609 11 380
615 14 371
622 14 364
629 14 357
636 14 350
644 11 345
654 13 333
661 12 327
666 12 322
670 11 319
672 9 319
677 9 314
676 11 313
683 12 305
682 14 304
686 14 300
688 15 297
693 13 294
696 14 290
701 13 286
699 16 285
702 16 282
706 15 279
707 15 278
706 17 277
706 21 273
703 22 275
704 20 276
702 27 271
700 31 269
697 35 268
695 37 268
692 39 269
681 44 275
683 37 280
678 38 284
667 50 283
656 57 287
654 60 286
649 62 289
636 73 291
621 77 302
615 74 311
601 76 323
604 73 323
601 67 332
599 62 339
592 60 348
589 58 353
583 57 360
585 53 362
583 50 367
588 46 366
586 39 375
586 36 378
583 41 376
582 49 369
576 55 369
580 50 370
579 48 373
580 49 371
580 48 372
574 50 376
579 39 382
582 38 380
587 35 378
590 38 372
591 46 363
582 47 371
577 48 375
581 45 374
576 47 377
577 41 382
577 38 385
581 35 384
584 34 382
585 35 380
584 36 380
586 38 376
584 39 377
595 31 374
599 32 369
601 30 369
601 24 375
601 25 374
603 23 374
616 22 362
621 20 359
622 20 358
623 22 355
625 24 351
623 30 347
625 33 342
619 33 348
624 34 342
622 39 339
615 41 344
618 30 352
614 34 352
603 46 351
599 46 355
596 41 363
597 42 361
596 41 363
602 38 360
606 33 361
616 32 352
615 30 355
617 28 355
623 25 352
626 26 348
633 24 343
633 23 344
638 19 343
640 20 340
644 17 339
648 19 333
650 19 331
649 19 332
654 21 325
655 23 322
658 23 319
658 19 323
661 17 322
667 12 321
668 11 321
673 13 314
677 15 308
683 15 302
682 14 304
692 11 297
701 8 291
699 12 289
700 13 287
696 18 286
696 25 279
696 22 282
693 20 287
696 17 287
696 17 287
699 16 285
702 13 285
702 13 285
704 13 283
707 15 278
703 22 275
699 30 271
695 35 270
688 40 272
686 41 273
681 47 272
681 47 272
678 42 280
674 47 279
675 45 280
670 47 283
663 54 283
657 58 285
648 55 297
642 58 300
637 64 299
627 66 307
626 63 311
616 65 319
612 63 325
613 57 330
615 56 329
613 62 325
611 58 331
610 54 336
605 57 338
599 58 343
586 55 359
590 53 357
592 51 357
593 51 356
592 49 359
591 46 363
589 41 370
596 32 372
596 32 372
595 36 369
596 37 367
591 39 370
594 41 365
591 41 368
594 45 361
594 47 359
595 45 360
598 38 364
599 31 370
598 29 373
604 30 366
603 30 367
605 34 361
610 36 354
600 43 357
590 53 357
588 49 363
586 48 366
584 55 361
578 57 365
576 54 370
579 61 360
576 58 366
576 56 368
573 56 371
570 57 373
574 51 375
574 48 378
576 44 380
576 42 382
581 38 381
585 39 376
585 38 377
587 34 379
589 31 380
590 26 384
592 21 387
598 21 381
599 25 376
605 24 371
603 27 370
604 30 366
601 29 370
600 29 371
603 29 368
605 31 364
605 32 363
604 32 364
605 32 363
606 34 360
608 35 357
612 33 355
616 33 351
621 31 348
629 28 343
635 25 340
639 26 335
642 21 337
646 22 332
652 23 325
655 25 320
651 28 321
645 34 321
646 32 322
648 31 321
646 32 322
645 28 327
649 28 323
644 34 322
642 40 318
644 35 321
645 36 319
642 39 319
648 37 315
656 32 312
660 33 307
661 30 309
658 33 309
656 33 311
655 34 311
653 38 309
653 32 315
655 30 315
654 30 316
651 31 318
642 41 317
646 37 317
648 36 316
641 44 315
641 40 319
636 43 321
632 47 321
629 47 324
629 44 327
621 44 335
615 47 338
613 51 336
610 49 341
612 44 344
609 45 346
608 40 352
603 43 354
595 51 354
592 53 355
582 58 360
581 51 368
582 50 368
576 54 370
579 50 371
577 45 378
574 39 387
572 41 387
574 35 391
578 33 389
577 32 391
581 27 392
583 28 389
590 29 381
591 25 384
589 24 387
588 24 388
586 31 383
589 28 383
587 30 383
583 31 386
582 30 388
588 26 386
591 25 384
598 23 379
601 22 377
606 23 371
606 24 370
611 23 366
613 23 364
617 23 360
620 17 363
623 17 360
625 15 360
627 19 354
628 24 348
625 30 345
620 33 347
631 31 338
629 31 340
638 31 331
634 32 334
632 32 336
628 37 335
626 34 340
625 31 344
630 28 342
634 29 337
638 26 336
648 22 330
648 26 326
651 26 323
654 25 321
660 21 319
660 22 318
662 24 314
660 28 312
667 26 307
664 31 305
655 40 305
651 43 306
651 39 310
648 37 315
648 35 317
647 32 321
644 32 324
640 28 332
643 28 329
636 28 336
635 31 334
638 27 335
644 26 330
648 26 326
654 24 322
661 19 320
665 14 321
667 16 317
670 12 318
673 10 317
678 9 313
683 10 307
692 9 299
699 9 292
706 10 284
705 10 285
708 13 279
711 11 278
710 10 280
716 9 275
714 12 274
712 15 273
711 17 272
709 22 269
706 24 270
703 28 269
696 32 272
690 36 274
689 34 277
688 34 278
686 38 276
687 35 278
688 34 278
671 49 280
659 58 283
649 67 284
641 68 291
629 81 290
617 83 300
607 88 305
607 84 309
608 79 313
605 85 310
600 80 320
598 77 325
599 70 331
598 70 332
596 66 338
594 69 337
586 69 345
587 60 353
593 59 348
591 56 353
575 66 359
570 65 365
565 67 368
553 70 377
551 72 377
551 66 383
544 69 387
543 69 388
546 66 388
543 61 396
543 63 394
539 66 395
538 75 387
536 71 393
534 67 399
530 66 404
528 57 415
530 61 409
532 60 408
539 52 409
542 41 417
543 37 420
550 31 419
554 31 415
554 31 415
560 33 407
562 27 411
567 30 403
569 30 401
576 27 397
578 27 395
583 32 385
581 36 383
585 37 378
579 45 376
577 46 377
572 47 381
576 48 376
571 48 381
571 49 380
566 49 385
568 50 382
569 55 376
561 59 380
565 55 380
564 52 384
563 49 388
563 51 386
558 54 388
560 49 391
561 46 393
556 50 394
561 40 399
569 40 391
571 39 390
570 35 395
574 37 389
575 36 389
580 36 384
578 33 389
580 33 387
579 31 390
577 34 389
574 36 390
579 35 386
581 29 390
579 33 388
580 36 384
576 33 391
570 38 392
567 35 398
567 30 403
568 29 403
576 31 393
581 32 387
587 29 384
584 33 383
579 36 385
584 33 383
589 26 385
590 32 378
595 30 375
592 29 379
590 33 377
592 35 373
597 32 371
598 34 368
602 33 365
600 33 367
601 37 362
609 37 354
604 41 355
595 51 354
580 66 354
578 63 359
573 66 361
570 68 362
558 76 366
552 76 372
551 70 379
550 63 387
550 65 385
552 59 389
549 59 392
547 51 402
549 47 404
559 42 399
560 36 404
566 32 402
572 23 405
576 20 404
582 17 401
582 19 399
587 17 396
589 16 395
595 13 392
601 14 385
606 12 382
613 12 375
609 15 376
615 13 372
620 12 368
625 13 362
629 11 360
633 9 358
634 7 359
638 8 354
642 11 347
645 10 345
648 8 344
653 6 341
659 4 337
664 5 331
669 4 327
667 8 325
670 6 324
670 7 323
668 9 323
671 9 320
672 11 317
674 10 316
680 9 311
682 9 309
686 9 305
685 7 308
689 5 306
693 6 301
696 7 297
706 6 288
711 4 285
715 4 281
723 3 274
725 3 272
725 5 270
728 4 268
736 5 259
739 8 253
731 18 251
728 21 251
722 27 251
720 31 249
720 35 245
716 36 248
711 38 251
698 52 250
685 57 258
681 63 256
668 75 257
646 86 268
635 89 276
629 84 287
620 83 297
615 77 308
612 67 321
608 68 324
600 66 334
602 64 334
600 71 329
597 73 330
591 76 333
588 75 337
590 68 342
584 70 346
581 62 357
585 60 355
586 48 366
583 44 373
586 44 370
587 46 367
588 44 368
593 42 365
606 31 363
611 31 358
612 29 359
613 29 358
616 26 358
629 27 344
634 23 343
637 24 339
643 22 335
646 23 331
650 20 330
651 19 330
662 16 322
670 16 314
670 18 312
674 19 307
679 15 306
682 18 300
683 20 297
688 20 292
684 21 295
687 20 293
689 22 289
682 28 290
680 30 290
677 33 290
678 29 293
676 30 294
678 28 294
674 31 295
675 28 297
669 29 302
665 27 308
667 26 307
670 24 306
671 25 304
670 27 303
672 24 304
672 27 301
673 28 299
677 30 293
678 29 293
673 28 299
673 32 295
669 37 294
668 34 298
660 40 300
659 39 302
649 46 305
646 45 309
643 44 313
646 42 312
644 43 313
636 47 317
629 51 320
623 59 318
615 66 319
620 55 325
617 52 331
615 49 336
614 44 342
616 44 340
617 43 340
617 44 339
612 48 340
616 43 341
613 50 337
609 49 342
612 47 341
612 44 344
618 43 339
623 43 334
630 41 329
627 35 338
624 40 336
624 43 333
625 40 335
624 40 336
629 43 328
631 42 327
628 48 324
625 51 324
623 55 322
617 53 330
612 57 331
615 48 337
611 50 339
610 47 343
612 50 338
618 48 334
617 46 337
618 38 344
616 39 345
621 41 338
624 38 338
624 37 339
628 31 341
632 27 341
635 21 344
636 20 344
637 18 345
642 15 343
642 20 338
647 19 334
652 15 333
653 14 333
659 14 327
661 14 325
665 13 322
671 12 317
670 13 317
671 17 312
669 21 310
663 26 311
664 23 313
670 20 310
676 16 308
678 14 308
681 13 306
686 13 301
694 13 293
698 15 287
707 12 281
712 11 277
715 13 272
719 9 272
723 6 271
730 5 265
734 5 261
736 4 260
739 4 257
739 5 256
745 4 251
749 3 248
754 3 243
758 6 236
761 6 233
768 6 226
772 7 221
776 7 217
777 6 217
779 5 216
784 4 212
787 5 208
789 7 204
797 6 197
800 6 194
805 6 189
805 6 189
808 6 186
811 4 185
814 5 181
815 3 182
817 1 182
821 0 179
823 0 177
830 0 170
836 0 164
839 0 161
841 0 159
845 0 155
849 0 151
852 0 148
857 0 143
862 0 138
866 0 134
867 0 133
872 0 128
875 0 125
878 0 122
879 0 121
882 0 118
884 0 116
887 0 113
891 0 109
895 0 105
897 0 103
898 0 102
900 0 100
904 0 96
904 0 96
906 0 94
906 0 94
909 0 91
913 0 87
913 0 87
915 0 85
917 0 83
919 0 81
920 0 80
922 0 78
924 0 76
929 0 71
930 0 70
931 0 69
931 0 69
932 0 68
933 0 67
934 0 66
936 0 64
937 0 63
937 0 63
938 0 62
940 0 60
941 0 59
943 0 57
945 0 55
946 0 54
947 0 53
947 0 53
949 0 51
949 0 51
949 0 51
950 0 50
950 0 50
951 0 49
952 0 48
952 0 48
952 0 48
954 0 46
955 0 45
956 0 44
956 0 44
957 0 43
958 0 42
961 0 39
961 0 39
962 0 38
963 0 37
965 0 35
966 0 34
967 0 33
967 0 33
969 0 31
969 0 31
969 0 31
970 0 30
971 0 29
971 0 29
972 0 28
972 0 28
973 0 27
973 0 27
974 0 26
974 0 26
974 0 26
974 0 26
974 0 26
974 0 26
974 0 26
975 0 25
977 0 23
977 0 23
977 0 23
977 0 23
977 0 23
979 0 21
979 0 21
980 0 20
980 0 20
980 0 20
980 0 20
980 0 20
980 0 20
980 0 20
980 0 20
981 0 19
982 0 18
983 0 17
984 0 16
984 0 16
984 0 16
984 0 16
984 0 16
985 0 15
985 0 15
985 0 15
986 0 14
986 0 14
987 0 13
988 0 12
988 0 12
988 0 12
988 0 12
988 0 12
988 0 12
988 0 12
988 0 12
989 0 11
989 0 11
989 0 11
989 0 11
989 0 11
989 0 11
989 0 11
990 0 10
990 0 10
990 0 10
990 0 10
990 0 10
990 0 10
990 0 10
991 0 9
992 0 8
992 0 8
992 0 8
992 0 8
992 0 8
992 0 8
992 0 8
992 0 8
992 0 8
993 0 7
993 0 7
993 0 7
993 0 7
993 0 7
993 0 7
993 0 7
993 0 7
993 0 7
993 0 7
993 0 7
993 0 7
993 0 7
993 0 7
993 0 7
993 0 7
993 0 7
993 0 7
993 0 7
993 0 7
