1000 0 0
1000 0 0
1000 0 0
1000 0 0
1000 0 0
1000 0 0
1000 0 0
1000 0 0
1000 0 0
999 0 1
999 0 1
999 0 1
1000 0 0
1000 0 0
999 1 0
997 3 0
984 14 2
974 17 9
960 26 14
939 44 17
923 54 23
905 59 36
877 76 47
859 85 56
834 97 69
789 122 89
760 130 110
736 136 128
703 148 149
668 154 178
636 166 198
596 193 211
576 185 239
560 178 262
541 170 289
521 168 311
512 155 333
497 160 343
485 160 355
481 147 372
476 142 382
472 130 398
470 128 402
455 129 416
450 122 428
441 113 446
433 111 456
426 102 472
431 95 474
438 87 475
446 79 475
446 76 478
453 69 478
454 71 475
450 69 481
451 68 481
447 66 487
449 58 493
448 57 495
455 52 493
461 52 487
468 45 487
472 47 481
468 48 484
471 48 481
471 48 481
474 47 479
473 44 483
481 43 476
487 35 478
491 34 475
501 31 468
503 29 468
513 23 464
520 18 462
521 17 462
523 17 460
523 22 455
525 20 455
530 17 453
540 16 444
546 11 443
544 16 440
542 20 438
547 18 435
553 15 432
553 15 432
550 21 429
552 21 427
552 17 431
556 17 427
565 11 424
569 14 417
569 14 417
571 15 414
574 18 408
584 16 400
587 22 391
587 24 389
592 24 384
594 26 380
596 29 375
594 29 377
590 28 382
586 35 379
593 28 379
597 32 371
599 26 375
595 28 377
594 28 378
590 32 378
588 30 382
588 31 381
592 26 382
600 20 380
596 26 378
595 28 377
596 26 378
601 20 379
608 16 376
611 17 372
610 16 374
617 18 365
624 20 356
624 22 354
627 26 347
623 26 351
620 23 357
622 25 353
628 24 348
631 24 345
639 22 339
640 22 338
643 22 335
645 21 334
640 33 327
640 33 327
636 34 330
636 30 334
629 39 332
635 38 327
636 39 325
637 31 332
634 31 335
629 33 338
628 37 335
626 44 330
622 46 332
618 50 332
622 46 332
619 49 332
628 42 330
620 46 334
613 50 337
616 46 338
611 50 339
607 54 339
607 55 338
601 56 343
593 56 351
589 59 352
584 60 356
580 57 363
584 49 367
579 50 371
577 49 374
578 45 377
579 47 374
578 48 374
576 52 372
575 53 372
573 52 375
569 52 379
570 48 382
574 44 382
580 42 378
581 41 378
585 41 374
587 41 372
581 43 376
582 40 378
588 36 376
585 40 375
585 41 374
587 39 374
591 34 375
591 35 374
598 30 372
605 27 368
608 25 367
612 22 366
619 20 361
620 23 357
622 24 354
632 24 344
637 20 343
643 21 336
647 17 336
652 16 332
655 11 334
661 8 331
661 9 330
666 10 324
670 7 323
680 7 313
684 7 309
689 6 305
694 7 299
702 8 290
700 14 286
701 13 286
702 13 285
703 16 281
704 15 281
702 17 281
706 15 279
701 20 279
694 26 280
687 33 280
683 34 283
672 44 284
663 57 280
658 54 288
655 53 292
650 51 299
645 49 306
648 44 308
648 45 307
647 46 307
639 48 313
633 48 319
639 45 316
637 40 323
639 38 323
645 39 316
645 36 319
647 37 316
644 37 319
640 40 320
637 43 320
636 44 320
628 44 328
626 45 329
628 43 329
622 45 333
618 42 340
615 40 345
619 39 342
617 35 348
621 31 348
620 31 349
624 30 346
636 25 339
637 23 340
638 20 342
640 19 341
645 16 339
649 18 333
650 18 332
653 22 325
655 24 321
657 27 316
655 28 317
660 28 312
664 27 309
665 26 309
664 28 308
665 31 304
665 26 309
666 31 303
660 32 308
661 31 308
662 37 301
666 31 303
666 27 307
669 28 303
660 35 305
658 37 305
654 37 309
659 33 308
659 31 310
663 25 312
661 27 312
659 26 315
659 28 313
660 29 311
662 29 309
659 29 312
663 29 308
663 31 306
660 34 306
664 32 304
660 33 307
653 36 311
654 40 306
648 45 307
643 43 314
650 41 309
647 40 313
649 41 310
652 39 309
649 34 317
649 31 320
646 31 323
649 27 324
649 27 324
652 26 322
653 26 321
658 24 318
660 19 321
667 16 317
669 16 315
673 12 315
675 12 313
679 9 312
687 8 305
690 8 302
695 8 297
692 13 295
686 20 294
689 20 291
687 24 289
691 20 289
695 18 287
697 20 283
694 24 282
686 35 279
682 36 282
666 55 279
657 54 289
653 58 289
654 56 290
653 44 303
647 54 299
642 57 301
635 61 304
629 64 307
626 62 312
618 67 315
606 73 321
603 63 334
601 53 346
596 57 347
599 54 347
593 55 352
598 53 349
594 54 352
590 54 356
586 53 361
581 57 362
587 49 364
593 41 366
593 36 371
599 32 369
601 32 367
598 35 367
596 32 372
592 32 376
594 30 376
598 29 373
602 25 373
603 32 365
599 36 365
596 39 365
595 37 368
597 38 365
597 35 368
595 35 370
595 34 371
593 36 371
595 40 365
594 43 363
588 42 370
594 42 364
593 43 364
597 46 357
597 50 353
597 42 361
600 47 353
606 39 355
607 40 353
611 36 353
608 42 350
612 42 346
612 40 348
614 42 344
614 43 343
610 41 349
608 43 349
600 51 349
598 49 353
598 41 361
593 47 360
589 46 365
589 48 363
586 53 361
588 51 361
591 42 367
591 43 366
593 42 365
591 42 367
597 36 367
603 27 370
605 30 365
602 32 366
603 31 366
612 28 360
613 28 359
616 22 362
624 17 359
627 13 360
632 10 358
634 10 356
636 13 351
642 11 347
650 11 339
649 15 336
647 19 334
650 19 331
652 20 328
651 25 324
655 29 316
658 23 319
655 24 321
654 26 320
654 27 319
659 23 318
652 33 315
640 39 321
638 37 325
636 37 327
629 46 325
628 42 330
618 47 335
626 47 327
627 37 336
625 38 337
629 32 339
628 30 342
629 30 341
631 28 341
626 32 342
624 37 339
631 38 331
627 43 330
626 43 331
626 44 330
626 42 332
620 42 338
613 41 346
617 39 344
615 33 352
615 33 352
615 32 353
611 33 356
610 22 368
610 24 366
616 22 362
612 24 364
620 21 359
613 30 357
610 35 355
611 36 353
615 35 350
623 30 347
618 35 347
617 38 345
617 39 344
614 37 349
617 34 349
623 33 344
619 32 349
618 32 350
618 30 352
622 27 351
619 27 354
616 28 356
619 31 350
617 31 352
619 27 354
623 27 350
623 26 351
623 32 345
616 41 343
610 48 342
614 44 342
614 47 339
621 50 329
616 50 334
618 49 333
614 44 342
617 40 343
625 39 336
623 36 341
624 31 345
626 32 342
626 29 345
628 27 345
633 30 337
632 35 333
633 38 329
637 36 327
637 36 327
644 32 324
643 30 327
645 25 330
645 18 337
647 15 338
649 12 339
655 14 331
653 20 327
653 19 328
658 24 318
655 28 317
657 24 319
651 26 323
650 28 322
651 23 326
654 20 326
659 21 320
659 19 322
655 20 325
662 21 317
661 19 320
658 20 322
661 18 321
668 22 310
671 24 305
672 29 299
671 30 299
670 33 297
674 36 290
669 40 291
673 35 292
665 39 296
663 38 299
654 45 301
652 43 305
649 41 310
653 31 316
659 29 312
661 28 311
666 29 305
671 25 304
676 22 302
675 23 302
679 21 300
680 19 301
688 17 295
697 15 288
701 15 284
698 17 285
701 14 285
710 14 276
714 13 273
721 12 267
725 11 264
732 12 256
737 10 253
744 9 247
749 9 242
754 9 237
750 19 231
742 28 230
741 29 230
740 27 233
742 26 232
741 25 234
743 27 230
741 26 233
737 29 234
737 27 236
732 27 241
729 27 244
733 25 242
733 25 242
729 28 243
726 26 248
727 30 243
720 29 251
717 35 248
712 41 247
712 41 247
710 36 254
703 40 257
697 41 262
694 43 263
684 51 265
681 52 267
677 47 276
673 53 274
662 60 278
649 63 288
641 63 296
631 64 305
628 57 315
620 62 318
614 57 329
610 57 333
603 66 331
598 59 343
595 60 345
590 59 351
595 58 347
594 57 349
594 48 358
586 55 359
582 56 362
580 53 367
576 53 371
576 48 376
584 44 372
590 34 376
589 31 380
596 28 376
600 27 373
603 30 367
603 28 369
604 31 365
603 32 365
599 33 368
593 34 373
593 36 371
596 37 367
597 38 365
589 43 368
588 40 372
588 40 372
586 42 372
586 40 374
587 40 373
591 38 371
589 38 373
594 35 371
600 33 367
606 25 369
613 21 366
614 24 362
621 24 355
626 23 351
630 17 353
644 17 339
653 14 333
657 13 330
662 14 324
666 11 323
670 11 319
672 10 318
675 9 316
677 10 313
684 8 308
687 8 305
689 14 297
689 14 297
691 19 290
691 23 286
691 26 283
686 32 282
685 28 287
692 30 278
688 30 282
689 28 283
693 25 282
701 19 280
699 21 280
693 23 284
697 19 284
699 17 284
701 18 281
701 20 279
703 25 272
698 33 269
691 41 268
691 36 273
688 32 280
690 27 283
697 25 278
699 24 277
703 23 274
709 22 269
708 23 269
711 22 267
709 27 264
712 27 261
707 29 264
706 27 267
710 22 268
714 18 268
716 19 265
720 18 262
719 21 260
718 20 262
730 21 249
732 18 250
729 23 248
733 16 251
735 13 252
739 13 248
749 12 239
749 13 238
749 15 236
747 14 239
750 14 236
748 18 234
747 20 233
747 21 232
740 27 233
732 40 228
724 43 233
718 46 236
707 51 242
695 51 254
684 53 263
681 54 265
677 50 273
676 46 278
677 45 278
672 48 280
671 41 288
670 38 292
669 37 294
663 40 297
663 44 293
668 43 289
668 43 289
670 39 291
677 38 285
677 36 287
682 30 288
684 29 287
688 22 290
681 31 288
676 38 286
672 42 286
666 48 286
655 50 295
643 54 303
642 45 313
638 50 312
638 50 312
633 52 315
635 50 315
632 53 315
627 56 317
626 57 317
625 54 321
628 44 328
625 42 333
625 36 339
623 31 346
622 32 346
618 34 348
621 33 346
627 27 346
631 26 343
637 25 338
639 29 332
640 25 335
640 24 336
643 24 333
650 22 328
655 20 325
657 19 324
665 21 314
668 19 313
669 20 311
670 19 311
676 17 307
675 22 303
679 21 300
674 28 298
665 31 304
659 42 299
651 48 301
652 50 298
640 60 300
630 68 302
626 68 306
625 60 315
620 67 313
617 63 320
609 71 320
590 82 328
580 83 337
572 83 345
568 72 360
568 66 366
578 64 358
576 61 363
576 62 362
585 55 360
581 57 362
580 46 374
577 43 380
579 39 382
581 34 385
588 37 375
590 33 377
592 27 381
591 29 380
596 26 378
598 25 377
604 25 371
606 28 366
607 27 366
611 30 359
616 28 356
622 27 351
626 21 353
633 17 350
636 17 347
641 14 345
646 14 340
656 10 334
660 11 329
670 11 319
674 10 316
677 8 315
683 7 310
685 9 306
689 12 299
694 12 294
697 11 292
701 9 290
699 11 290
700 10 290
693 17 290
694 17 289
695 20 285
687 27 286
679 32 289
675 36 289
669 35 296
656 51 293
646 61 293
640 66 294
623 80 297
614 87 299
604 83 313
596 94 310
577 98 325
567 90 343
566 84 350
560 85 355
551 87 362
550 83 367
553 71 376
548 69 383
543 69 388
539 74 387
541 63 396
541 64 395
537 61 402
539 54 407
538 54 408
536 52 412
538 55 407
526 62 412
521 60 419
524 51 425
522 47 431
525 46 429
522 46 432
519 55 426
516 55 429
515 57 428
516 47 437
518 44 438
516 49 435
520 52 428
518 51 431
528 45 427
530 43 427
528 47 425
534 47 419
539 48 413
539 40 421
543 31 426
546 29 425
549 28 423
552 33 415
560 25 415
566 26 408
575 21 404
585 15 400
589 22 389
590 24 386
590 25 385
596 24 380
599 27 374
605 27 368
613 24 363
614 23 363
619 24 357
624 22 354
632 22 346
636 23 341
638 23 339
644 21 335
647 22 331
644 26 330
639 27 334
637 29 334
642 25 333
640 24 336
643 22 335
647 21 332
652 17 331
656 17 327
661 17 322
665 17 318
669 13 318
673 9 318
674 14 312
678 15 307
679 14 307
683 18 299
691 15 294
694 11 295
706 11 283
705 13 282
699 22 279
702 26 272
692 33 275
684 41 275
682 45 273
677 43 280
671 42 287
671 43 286
666 41 293
666 46 288
667 43 290
662 42 296
665 37 298
667 38 295
664 46 290
661 41 298
661 40 299
656 43 301
658 43 299
653 36 311
648 42 310
652 37 311
651 35 314
647 35 318
643 39 318
642 43 315
643 40 317
642 42 316
643 40 317
642 40 318
635 45 320
631 43 326
631 46 323
629 44 327
628 40 332
628 39 333
634 38 328
634 35 331
633 39 328
636 37 327
628 45 327
631 38 331
636 35 329
629 41 330
627 39 334
623 42 335
620 41 339
619 43 338
624 40 336
633 33 334
639 31 330
641 32 327
648 29 323
652 29 319
652 33 315
654 32 314
652 37 311
652 39 309
657 38 305
655 40 305
653 41 306
652 41 307
657 30 313
659 28 313
662 26 312
661 31 308
660 33 307
654 35 311
648 40 312
646 37 317
642 42 316
635 45 320
617 57 326
609 65 326
602 65 333
592 69 339
591 68 341
589 57 354
589 57 354
593 57 350
