519
171
179
517
307
144
416
655
229
867
18
983
444
162
971
891
855
357
628
176
746
218
761
240
633
520
172
694
47
332
135
109
588
97
882
228
211
573
182
729
712
178
131
765
870
776
593
393
121
426
471
441
845
363
427
967
321
952
654
445
959
700
625
127
11
572
522
687
887
614
803
668
236
756
495
812
659
413
34
130
89
916
29
706
395
461
480
72
474
848
397
824
645
258
840
450
644
69
524
104
778
515
999
649
54
341
504
431
212
155
737
256
417
924
920
418
516
233
693
271
184
453
424
401
658
986
918
91
764
367
950
291
825
62
714
777
469
861
188
429
478
354
73
773
574
484
569
159
147
239
975
727
669
213
639
508
482
94
907
579
275
17
86
251
