993
871
495
452
47
892
583
762
870
374
643
948
742
665
482
988
604
405
289
923
777
174
84
529
415
623
897
436
79
391
449
517
720
178
383
413
725
240
155
448
215
705
814
930
253
767
418
865
812
333
59
685
532
936
236
338
434
69
879
653
927
285
526
140
863
734
743
370
523
898
512
664
931
776
6
713
387
54
326
535
525
184
656
791
426
594
61
261
478
846
37
893
109
360
696
737
440
588
820
683
508
288
519
695
198
151
17
521
573
702
794
991
458
799
609
969
225
724
306
704
9
955
816
280
233
937
499
445
283
706
546
284
268
214
637
778
296
153
222
779
305
41
492
962
302
563
487
455
239
485
884
447
502
757
607
307
30
652
658
207
831
511
978
807
