743
746
520
347
550
953
685
574
146
543
246
325
221
986
646
912
243
131
807
650
143
506
538
901
748
294
736
415
122
619
157
544
88
678
326
51
250
792
532
893
627
241
187
7
0
40
290
306
13
982
971
504
467
397
886
937
930
389
595
363
874
368
29
652
70
693
998
273
481
929
927
205
501
946
510
471
17
509
456
926
232
653
563
997
682
405
841
356
427
883
452
816
105
885
75
717
364
590
686
301
581
409
484
2
74
487
578
906
19
536
774
695
651
373
648
934
911
76
625
91
322
827
800
109
61
872
579
731
65
801
663
609
173
189
694
83
852
25
499
844
700
198
984
351
264
858
106
141
517
868
228
331
981
138
943
269
270
56
966
859
208
193
308
529
