126
622
343
499
783
530
615
175
786
10
249
832
96
97
111
124
893
523
859
921
344
51
317
589
105
296
537
672
128
910
30
514
484
560
736
334
92
119
587
308
724
624
570
515
458
885
747
481
661
639
231
251
316
288
5
871
621
792
739
791
132
576
815
206
168
280
305
593
80
347
956
437
399
984
195
568
909
571
648
946
391
281
18
406
857
561
299
579
341
148
405
659
749
963
652
433
100
410
429
224
988
496
651
17
836
238
529
269
759
12
401
106
784
734
858
115
365
346
66
848
88
720
685
603
173
642
629
803
959
875
834
440
158
460
748
567
676
135
935
818
143
907
398
974
942
415
253
327
146
466
444
807
275
607
389
489
480
708
838
798
393
931
891
770
