227
153
192
416
521
692
418
817
794
78
979
928
947
305
320
155
695
747
802
59
407
912
745
899
507
149
280
740
796
294
931
485
833
671
810
530
401
824
637
337
112
398
595
949
764
132
619
549
537
590
438
61
607
575
926
257
169
682
333
815
109
670
674
730
668
387
50
277
456
932
395
479
111
428
936
686
27
976
681
187
938
541
355
95
185
8
327
67
318
164
351
158
610
419
625
150
178
433
80
307
927
148
571
879
892
97
310
130
748
266
591
451
414
733
174
354
814
434
103
480
839
93
722
14
458
340
930
259
371
617
364
30
251
584
854
127
110
727
886
724
477
504
638
383
895
864
328
298
490
308
792
822
397
544
1
107
907
171
41
664
684
634
696
972
