998 2 0
998 1 1
997 2 1
997 2 1
997 2 1
996 3 1
996 1 3
996 1 3
996 1 3
996 1 3
996 1 3
993 2 5
989 5 6
988 4 8
988 4 8
983 6 11
981 6 13
977 10 13
969 18 13
966 20 14
958 24 18
951 29 20
942 34 24
934 34 32
923 40 37
905 49 46
880 68 52
851 89 60
825 99 76
788 128 84
748 153 99
724 154 122
688 166 146
663 165 172
641 167 192
619 168 213
591 180 229
578 173 249
569 157 274
559 142 299
553 141 306
544 137 319
538 132 330
526 125 349
519 120 361
514 117 369
512 113 375
507 99 394
506 91 403
506 82 412
506 75 419
511 71 418
516 71 413
520 62 418
522 66 412
516 68 416
516 62 422
510 59 431
501 63 436
497 64 439
498 63 439
494 72 434
488 76 436
492 73 435
492 64 444
497 52 451
497 45 458
497 47 456
493 45 462
497 40 463
502 38 460
508 35 457
514 34 452
519 40 441
521 38 441
521 39 440
524 39 437
524 38 438
526 37 437
530 34 436
533 30 437
536 33 431
536 33 431
533 34 433
533 36 431
534 39 427
534 34 432
539 29 432
548 20 432
558 15 427
564 14 422
575 11 414
584 9 407
593 9 398
597 7 396
605 8 387
608 8 384
611 6 383
617 3 380
626 3 371
634 4 362
642 4 354
646 3 351
656 2 342
668 1 331
671 1 328
676 1 323
682 1 317
685 3 312
688 2 310
694 2 304
696 1 303
701 1 298
704 1 295
709 1 290
715 0 285
719 0 281
720 0 280
722 0 278
729 0 271
735 1 264
738 1 261
743 1 256
744 2 254
746 2 252
748 3 249
752 4 244
755 4 241
756 5 239
758 6 236
762 6 232
769 6 225
770 8 222
778 8 214
779 8 213
785 7 208
788 5 207
790 4 206
795 4 201
796 4 200
797 5 198
799 5 196
804 3 193
807 3 190
809 4 187
813 4 183
815 5 180
815 9 176
818 12 170
816 15 169
806 25 169
797 31 172
784 35 181
783 30 187
785 25 190
779 30 191
778 34 188
777 30 193
777 28 195
775 25 200
774 28 198
773 29 198
772 29 199
771 31 198
770 28 202
767 29 204
762 29 209
757 27 216
750 28 222
743 33 224
748 33 219
744 28 228
735 39 226
730 43 227
727 43 230
726 46 228
724 46 230
724 48 228
721 48 231
716 51 233
711 52 237
701 55 244
697 59 244
690 62 248
684 63 253
675 63 262
670 61 269
667 58 275
660 63 277
658 54 288
662 48 290
661 40 299
664 39 297
664 36 300
666 38 296
666 35 299
665 34 301
663 31 306
663 32 305
665 32 303
669 29 302
674 27 299
673 28 299
676 23 301
677 18 305
683 22 295
686 24 290
682 28 290
681 29 290
677 34 289
677 32 291
674 36 290
665 40 295
662 47 291
662 49 289
651 58 291
637 65 298
627 70 303
620 69 311
612 66 322
609 66 325
602 70 328
599 69 332
596 72 332
593 61 346
594 61 345
593 63 344
587 69 344
583 67 350
582 68 350
579 60 361
578 58 364
577 58 365
575 59 366
578 53 369
574 55 371
578 50 372
576 43 381
571 42 387
569 45 386
569 39 392
567 36 397
572 34 394
565 40 395
568 41 391
569 45 386
569 47 384
571 45 384
574 43 383
575 47 378
569 50 381
567 52 381
566 51 383
568 52 380
573 43 384
577 40 383
576 40 384
576 39 385
574 40 386
572 33 395
575 30 395
570 32 398
579 31 390
578 28 394
578 26 396
582 25 393
587 23 390
586 26 388
587 25 388
588 29 383
592 31 377
599 26 375
602 23 375
606 22 372
609 22 369
614 22 364
614 22 364
620 20 360
627 20 353
633 19 348
632 22 346
632 24 344
636 19 345
635 17 348
638 19 343
641 19 340
641 15 344
641 15 344
642 10 348
653 8 339
656 7 337
662 7 331
668 7 325
678 7 315
688 6 306
691 4 305
702 4 294
704 4 292
711 5 284
713 3 284
715 4 281
720 3 277
725 2 273
726 4 270
728 4 268
733 5 262
739 4 257
743 4 253
744 4 252
748 4 248
749 4 247
751 3 246
756 2 242
759 2 239
764 3 233
769 3 228
772 3 225
776 3 221
779 3 218
782 4 214
788 3 209
791 2 207
795 1 204
799 1 200
802 0 198
803 0 197
805 0 195
810 0 190
813 0 187
815 0 185
821 0 179
825 0 175
834 0 166
836 0 164
841 0 159
846 0 154
850 0 150
855 0 145
858 0 142
859 0 141
862 0 138
864 0 136
865 0 135
868 0 132
869 0 131
871 0 129
872 0 128
875 0 125
877 0 123
880 0 120
881 0 119
883 0 117
885 0 115
885 0 115
888 0 112
888 0 112
889 0 111
891 0 109
891 0 109
893 0 107
895 0 105
897 0 103
898 0 102
899 0 101
901 0 99
902 0 98
903 0 97
906 0 94
907 0 93
912 0 88
912 0 88
915 0 85
915 0 85
915 0 85
916 0 84
916 0 84
917 0 83
919 0 81
919 0 81
920 0 80
920 0 80
920 0 80
920 0 80
922 0 78
924 0 76
927 0 73
928 0 72
929 0 71
934 0 66
934 0 66
935 0 65
935 0 65
935 0 65
935 0 65
936 0 64
936 0 64
936 0 64
938 0 62
938 0 62
939 0 61
941 0 59
942 0 58
942 0 58
943 0 57
943 0 57
944 0 56
947 0 53
947 0 53
948 0 52
948 0 52
948 0 52
949 0 51
950 0 50
951 0 49
951 0 49
952 0 48
953 0 47
953 0 47
955 0 45
955 0 45
955 0 45
956 0 44
956 0 44
956 0 44
957 0 43
960 0 40
960 0 40
961 0 39
961 0 39
963 0 37
964 0 36
965 0 35
965 0 35
965 0 35
965 0 35
965 0 35
965 0 35
965 0 35
965 0 35
965 0 35
966 0 34
967 0 33
967 0 33
968 0 32
968 0 32
970 0 30
970 0 30
970 0 30
970 0 30
971 0 29
972 0 28
972 0 28
972 0 28
973 0 27
973 0 27
973 0 27
973 0 27
973 0 27
974 0 26
974 0 26
974 0 26
974 0 26
974 0 26
974 0 26
975 0 25
977 0 23
977 0 23
977 0 23
978 0 22
978 0 22
980 0 20
980 0 20
982 0 18
984 0 16
984 0 16
984 0 16
985 0 15
985 0 15
986 0 14
986 0 14
986 0 14
986 0 14
986 0 14
986 0 14
986 0 14
986 0 14
986 0 14
988 0 12
988 0 12
988 0 12
988 0 12
988 0 12
990 0 10
991 0 9
991 0 9
991 0 9
991 0 9
991 0 9
991 0 9
991 0 9
991 0 9
991 0 9
991 0 9
992 0 8
993 0 7
994 0 6
994 0 6
995 0 5
995 0 5
996 0 4
996 0 4
996 0 4
996 0 4
996 0 4
996 0 4
997 0 3
997 0 3
997 0 3
997 0 3
997 0 3
997 0 3
997 0 3
997 0 3
997 0 3
997 0 3
997 0 3
997 0 3
997 0 3
997 0 3
997 0 3
997 0 3
997 0 3
997 0 3
997 0 3
997 0 3
997 0 3
997 0 3
997 0 3
997 0 3
997 0 3
997 0 3
997 0 3
997 0 3
997 0 3
997 0 3
997 0 3
997 0 3
997 0 3
997 0 3
997 0 3
997 0 3
997 0 3
997 0 3
997 0 3
997 0 3
997 0 3
998 0 2
998 0 2
998 0 2
998 0 2
998 0 2
998 0 2
998 0 2
998 0 2
998 0 2
998 0 2
998 0 2
999 0 1
999 0 1
999 0 1
999 0 1
999 0 1
999 0 1
999 0 1
1000 0 0
1000 0 0
1000 0 0
1000 0 0
1000 0 0
1000 0 0
1000 0 0
1000 0 0
1000 0 0
1000 0 0
1000 0 0
1000 0 0
1000 0 0
1000 0 0
1000 0 0
1000 0 0
1000 0 0
1000 0 0
1000 0 0
1000 0 0
1000 0 0
1000 0 0
1000 0 0
1000 0 0
1000 0 0
1000 0 0
1000 0 0
1000 0 0
1000 0 0
1000 0 0
1000 0 0
1000 0 0
1000 0 0
1000 0 0
1000 0 0
1000 0 0
1000 0 0
1000 0 0
1000 0 0
1000 0 0
1000 0 0
1000 0 0
1000 0 0
1000 0 0
1000 0 0
1000 0 0
1000 0 0
1000 0 0
1000 0 0
1000 0 0
1000 0 0
1000 0 0
1000 0 0
1000 0 0
1000 0 0
1000 0 0
1000 0 0
1000 0 0
1000 0 0
1000 0 0
1000 0 0
1000 0 0
1000 0 0
1000 0 0
1000 0 0
1000 0 0
1000 0 0
1000 0 0
1000 0 0
1000 0 0
1000 0 0
1000 0 0
1000 0 0
1000 0 0
1000 0 0
1000 0 0
1000 0 0
1000 0 0
1000 0 0
1000 0 0
1000 0 0
1000 0 0
1000 0 0
1000 0 0
1000 0 0
1000 0 0
1000 0 0
1000 0 0
1000 0 0
1000 0 0
1000 0 0
1000 0 0
1000 0 0
1000 0 0
1000 0 0
1000 0 0
1000 0 0
1000 0 0
1000 0 0
1000 0 0
1000 0 0
1000 0 0
1000 0 0
1000 0 0
1000 0 0
1000 0 0
1000 0 0
1000 0 0
1000 0 0
1000 0 0
1000 0 0
1000 0 0
1000 0 0
1000 0 0
1000 0 0
1000 0 0
1000 0 0
1000 0 0
1000 0 0
1000 0 0
1000 0 0
1000 0 0
1000 0 0
1000 0 0
1000 0 0
1000 0 0
1000 0 0
1000 0 0
1000 0 0
1000 0 0
1000 0 0
1000 0 0
1000 0 0
1000 0 0
1000 0 0
1000 0 0
1000 0 0
1000 0 0
1000 0 0
1000 0 0
1000 0 0
1000 0 0
1000 0 0
1000 0 0
1000 0 0
1000 0 0
1000 0 0
1000 0 0
1000 0 0
1000 0 0
1000 0 0
1000 0 0
1000 0 0
1000 0 0
1000 0 0
1000 0 0
1000 0 0
1000 0 0
1000 0 0
1000 0 0
1000 0 0
1000 0 0
1000 0 0
1000 0 0
1000 0 0
1000 0 0
1000 0 0
1000 0 0
1000 0 0
1000 0 0
1000 0 0
1000 0 0
1000 0 0
1000 0 0
1000 0 0
1000 0 0
1000 0 0
1000 0 0
1000 0 0
1000 0 0
1000 0 0
1000 0 0
1000 0 0
1000 0 0
1000 0 0
1000 0 0
1000 0 0
1000 0 0
1000 0 0
1000 0 0
1000 0 0
1000 0 0
1000 0 0
1000 0 0
1000 0 0
1000 0 0
1000 0 0
1000 0 0
1000 0 0
1000 0 0
1000 0 0
1000 0 0
1000 0 0
1000 0 0
1000 0 0
1000 0 0
1000 0 0
1000 0 0
1000 0 0
1000 0 0
1000 0 0
1000 0 0
1000 0 0
1000 0 0
1000 0 0
1000 0 0
1000 0 0
1000 0 0
1000 0 0
1000 0 0
1000 0 0
1000 0 0
1000 0 0
1000 0 0
1000 0 0
1000 0 0
1000 0 0
1000 0 0
1000 0 0
1000 0 0
1000 0 0
1000 0 0
1000 0 0
1000 0 0
1000 0 0
1000 0 0
1000 0 0
1000 0 0
1000 0 0
1000 0 0
1000 0 0
1000 0 0
1000 0 0
1000 0 0
1000 0 0
1000 0 0
1000 0 0
1000 0 0
1000 0 0
1000 0 0
1000 0 0
1000 0 0
1000 0 0
1000 0 0
1000 0 0
1000 0 0
1000 0 0
1000 0 0
1000 0 0
1000 0 0
1000 0 0
1000 0 0
1000 0 0
1000 0 0
1000 0 0
1000 0 0
1000 0 0
1000 0 0
1000 0 0
1000 0 0
1000 0 0
1000 0 0
1000 0 0
1000 0 0
1000 0 0
1000 0 0
1000 0 0
1000 0 0
1000 0 0
1000 0 0
1000 0 0
1000 0 0
1000 0 0
1000 0 0
1000 0 0
1000 0 0
1000 0 0
1000 0 0
1000 0 0
1000 0 0
1000 0 0
1000 0 0
1000 0 0
1000 0 0
1000 0 0
1000 0 0
1000 0 0
1000 0 0
1000 0 0
1000 0 0
1000 0 0
1000 0 0
1000 0 0
1000 0 0
1000 0 0
1000 0 0
1000 0 0
1000 0 0
1000 0 0
1000 0 0
1000 0 0
1000 0 0
1000 0 0
1000 0 0
1000 0 0
1000 0 0
1000 0 0
1000 0 0
1000 0 0
1000 0 0
1000 0 0
1000 0 0
1000 0 0
1000 0 0
1000 0 0
1000 0 0
1000 0 0
1000 0 0
1000 0 0
1000 0 0
1000 0 0
1000 0 0
1000 0 0
1000 0 0
1000 0 0
1000 0 0
1000 0 0
1000 0 0
1000 0 0
1000 0 0
1000 0 0
1000 0 0
1000 0 0
1000 0 0
1000 0 0
1000 0 0
1000 0 0
1000 0 0
1000 0 0
1000 0 0
1000 0 0
1000 0 0
1000 0 0
1000 0 0
1000 0 0
1000 0 0
1000 0 0
1000 0 0
1000 0 0
1000 0 0
1000 0 0
1000 0 0
1000 0 0
1000 0 0
1000 0 0
1000 0 0
1000 0 0
1000 0 0
1000 0 0
1000 0 0
1000 0 0
1000 0 0
1000 0 0
1000 0 0
1000 0 0
1000 0 0
1000 0 0
1000 0 0
1000 0 0
1000 0 0
1000 0 0
1000 0 0
1000 0 0
1000 0 0
1000 0 0
1000 0 0
1000 0 0
1000 0 0
1000 0 0
1000 0 0
1000 0 0
1000 0 0
1000 0 0
1000 0 0
1000 0 0
1000 0 0
1000 0 0
1000 0 0
1000 0 0
1000 0 0
1000 0 0
1000 0 0
1000 0 0
1000 0 0
1000 0 0
1000 0 0
1000 0 0
1000 0 0
1000 0 0
1000 0 0
1000 0 0
1000 0 0
1000 0 0
1000 0 0
1000 0 0
1000 0 0
1000 0 0
1000 0 0
1000 0 0
1000 0 0
1000 0 0
1000 0 0
1000 0 0
1000 0 0
1000 0 0
1000 0 0
1000 0 0
