998 2 0
997 3 0
997 2 1
996 3 1
994 4 2
995 3 2
995 3 2
994 3 3
990 4 6
978 15 7
962 25 13
950 32 18
927 52 21
902 70 28
860 105 35
827 120 53
798 136 66
768 143 89
726 159 115
699 162 139
670 170 160
651 175 174
632 170 198
614 165 221
598 155 247
588 140 272
576 135 289
566 130 304
553 127 320
556 118 326
545 116 339
540 108 352
536 101 363
533 96 371
533 99 368
520 101 379
519 98 383
511 97 392
504 88 408
495 86 419
498 79 423
494 81 425
491 79 430
491 77 432
496 64 440
496 65 439
495 65 440
495 64 441
497 63 440
497 62 441
501 55 444
506 48 446
515 43 442
515 46 439
519 45 436
523 45 432
524 42 434
532 36 432
536 39 425
539 38 423
539 35 426
546 33 421
554 31 415
560 29 411
570 24 406
570 26 404
571 23 406
572 23 405
575 22 403
586 19 395
591 17 392
591 20 389
594 16 390
600 17 383
605 15 380
607 14 379
613 14 373
618 14 368
623 15 362
629 16 355
635 16 349
633 19 348
636 15 349
638 16 346
638 15 347
643 13 344
650 10 340
656 10 334
659 9 332
660 12 328
661 14 325
665 15 320
667 15 318
671 11 318
677 10 313
671 13 316
670 13 317
669 16 315
670 19 311
671 16 313
669 22 309
669 25 306
669 27 304
664 26 310
665 23 312
662 25 313
666 25 309
663 29 308
651 35 314
649 37 314
648 36 316
647 35 318
642 35 323
642 38 320
628 44 328
627 45 328
616 49 335
611 49 340
614 46 340
612 47 341
602 48 350
602 46 352
602 42 356
606 39 355
605 42 353
609 42 349
607 39 354
609 41 350
603 43 354
599 41 360
597 44 359
598 36 366
601 32 367
609 29 362
612 29 359
615 30 355
616 30 354
627 28 345
626 24 350
630 21 349
636 15 349
641 16 343
645 16 339
650 18 332
653 18 329
654 20 326
655 21 324
651 25 324
647 30 323
647 25 328
654 21 325
661 17 322
664 17 319
673 14 313
673 15 312
677 14 309
684 13 303
686 13 301
689 15 296
693 16 291
694 16 290
699 17 284
698 19 283
696 20 284
698 21 281
696 23 281
693 25 282
691 32 277
689 38 273
693 32 275
694 30 276
692 32 276
685 37 278
679 37 284
677 36 287
677 39 284
676 38 286
676 38 286
676 37 287
678 35 287
678 33 289
682 28 290
686 24 290
685 23 292
681 28 291
673 31 296
675 27 298
678 28 294
679 24 297
681 24 295
684 21 295
687 22 291
689 17 294
694 15 291
691 18 291
691 19 290
692 21 287
691 23 286
689 27 284
693 24 283
692 21 287
689 23 288
693 22 285
697 21 282
696 24 280
694 28 278
684 35 281
691 33 276
688 39 273
681 44 275
676 50 274
670 47 283
666 48 286
664 41 295
658 45 297
654 50 296
653 48 299
647 55 298
642 56 302
644 49 307
644 40 316
645 35 320
640 37 323
644 35 321
639 38 323
645 41 314
641 43 316
645 37 318
649 31 320
650 32 318
650 31 319
654 32 314
651 33 316
652 28 320
655 25 320
654 25 321
659 22 319
663 21 316
663 15 322
663 18 319
660 19 321
665 21 314
664 22 314
660 23 317
659 20 321
662 21 317
669 20 311
676 17 307
680 16 304
686 13 301
690 13 297
692 13 295
696 12 292
704 7 289
707 8 285
708 8 284
713 8 279
715 6 279
716 6 278
722 5 273
728 3 269
733 2 265
735 2 263
739 2 259
744 3 253
747 1 252
756 2 242
759 4 237
756 8 236
758 11 231
757 15 228
757 17 226
757 17 226
764 13 223
765 13 222
772 11 217
773 10 217
774 12 214
772 19 209
772 19 209
774 21 205
771 26 203
765 31 204
757 38 205
746 45 209
732 55 213
722 61 217
719 64 217
713 64 223
687 85 228
670 90 240
657 90 253
654 84 262
645 73 282
641 74 285
640 69 291
636 72 292
635 64 301
634 61 305
629 59 312
623 58 319
619 59 322
617 49 334
616 52 332
619 40 341
621 43 336
623 41 336
624 40 336
624 38 338
619 42 339
624 40 336
629 34 337
629 31 340
627 32 341
625 34 341
628 28 344
629 29 342
635 24 341
636 23 341
635 23 342
639 23 338
641 22 337
647 24 329
650 22 328
651 25 324
655 23 322
655 22 323
661 19 320
666 16 318
671 18 311
675 15 310
680 11 309
689 10 301
693 11 296
696 10 294
701 9 290
701 10 289
704 13 283
711 12 277
717 11 272
718 10 272
721 10 269
725 9 266
732 8 260
734 6 260
733 6 261
736 3 261
738 6 256
739 6 255
741 6 253
746 5 249
747 6 247
746 8 246
741 13 246
741 17 242
736 26 238
730 39 231
718 44 238
707 50 243
694 57 249
679 65 256
667 73 260
657 79 264
642 85 273
631 90 279
616 94 290
607 91 302
594 95 311
580 98 322
565 104 331
555 101 344
548 99 353
542 92 366
526 93 381
514 96 390
516 90 394
525 79 396
521 76 403
520 82 398
523 78 399
514 73 413
516 65 419
517 59 424
521 51 428
527 42 431
527 42 431
526 35 439
521 39 440
525 36 439
525 34 441
530 33 437
535 29 436
543 31 426
543 30 427
549 25 426
555 20 425
555 24 421
563 19 418
568 18 414
572 16 412
576 16 408
586 17 397
586 18 396
587 16 397
590 16 394
596 13 391
603 14 383
608 13 379
610 12 378
615 9 376
620 11 369
630 10 360
637 8 355
643 6 351
650 5 345
660 5 335
669 4 327
671 3 326
673 3 324
676 4 320
678 2 320
681 4 315
686 4 310
691 3 306
697 5 298
700 7 293
703 9 288
709 10 281
712 11 277
713 14 273
717 14 269
716 17 267
715 19 266
717 20 263
717 22 261
719 23 258
720 25 255
721 25 254
721 19 260
719 19 262
717 22 261
715 23 262
715 25 260
709 28 263
709 28 263
713 25 262
715 24 261
717 23 260
716 24 260
718 24 258
718 26 256
724 26 250
727 25 248
720 30 250
721 32 247
720 32 248
708 39 253
701 45 254
694 50 256
684 57 259
665 68 267
651 72 277
640 75 285
640 65 295
641 62 297
640 63 297
644 54 302
643 55 302
649 52 299
649 52 299
649 53 298
647 56 297
645 52 303
643 51 306
637 48 315
635 45 320
629 50 321
629 52 319
626 50 324
623 49 328
619 46 335
615 45 340
613 45 342
621 42 337
623 33 344
628 30 342
629 28 343
627 32 341
625 34 341
627 37 336
628 37 335
627 38 335
622 44 334
619 42 339
616 45 339
612 46 342
616 43 341
621 41 338
620 37 343
622 34 344
625 28 347
630 28 342
634 25 341
635 25 340
638 27 335
642 23 335
641 28 331
642 29 329
646 32 322
648 27 325
650 26 324
654 27 319
652 27 321
654 27 319
656 22 322
656 23 321
657 22 321
659 18 323
662 14 324
661 15 324
658 18 324
657 22 321
655 30 315
647 35 318
638 44 318
624 58 318
627 60 313
624 59 317
621 69 310
614 72 314
610 61 329
606 57 337
609 54 337
604 58 338
607 52 341
612 53 335
610 53 337
603 58 339
596 60 344
590 63 347
583 65 352
577 64 359
575 61 364
568 58 374
568 60 372
566 58 376
564 59 377
568 51 381
573 45 382
569 47 384
566 45 389
572 40 388
579 37 384
581 32 387
585 25 390
589 23 388
597 18 385
601 16 383
611 15 374
613 15 372
620 15 365
624 13 363
628 11 361
633 10 357
638 8 354
643 8 349
646 7 347
653 6 341
655 4 341
661 3 336
665 4 331
670 3 327
673 3 324
676 3 321
680 4 316
684 3 313
685 4 311
687 4 309
693 2 305
698 2 300
705 2 293
709 2 289
712 2 286
714 2 284
714 2 284
718 2 280
721 2 277
727 2 271
732 2 266
733 2 265
735 3 262
737 4 259
741 4 255
742 6 252
741 9 250
741 10 249
741 12 247
738 16 246
733 21 246
730 23 247
734 19 247
732 17 251
735 16 249
739 17 244
740 16 244
744 15 241
747 12 241
751 11 238
752 12 236
755 12 233
757 14 229
755 15 230
756 12 232
759 10 231
760 10 230
763 9 228
766 9 225
768 9 223
774 8 218
774 7 219
773 8 219
776 7 217
778 6 216
780 6 214
785 6 209
788 6 206
793 3 204
794 3 203
796 4 200
798 4 198
802 2 196
805 2 193
810 2 188
812 2 186
814 2 184
818 2 180
820 2 178
821 1 178
827 1 172
830 1 169
832 1 167
838 1 161
840 1 159
844 1 155
843 2 155
841 4 155
842 6 152
847 6 147
851 8 141
847 12 141
846 10 144
844 13 143
843 14 143
844 16 140
841 17 142
835 21 144
833 20 147
829 25 146
822 24 154
820 24 156
820 22 158
817 23 160
812 26 162
812 25 163
810 28 162
806 30 164
800 37 163
796 36 168
796 35 169
798 33 169
796 34 170
795 34 171
793 27 180
790 31 179
780 39 181
778 41 181
770 45 185
764 46 190
753 51 196
744 56 200
731 69 200
719 71 210
708 75 217
705 72 223
691 80 229
680 83 237
671 80 249
660 87 253
649 93 258
639 89 272
635 89 276
631 86 283
627 85 288
624 93 283
610 99 291
605 97 298
592 99 309
587 95 318
590 78 332
584 77 339
587 67 346
587 61 352
584 54 362
586 53 361
585 51 364
584 45 371
587 42 371
586 40 374
591 35 374
596 30 374
603 23 374
611 24 365
615 20 365
622 16 362
622 12 366
623 15 362
629 11 360
637 10 353
639 14 347
640 13 347
644 11 345
648 10 342
653 10 337
657 12 331
664 11 325
665 13 322
665 17 318
661 21 318
663 20 317
666 23 311
670 21 309
666 24 310
660 27 313
655 30 315
650 36 314
651 29 320
647 34 319
645 36 319
642 42 316
640 43 317
639 45 316
639 45 316
638 44 318
631 50 319
630 50 320
626 50 324
620 51 329
622 43 335
617 45 338
617 49 334
613 41 346
610 44 346
615 38 347
618 35 347
619 33 348
620 35 345
621 31 348
615 34 351
624 33 343
622 35 343
620 40 340
623 39 338
618 47 335
617 43 340
613 43 344
618 40 342
615 41 344
617 46 337
617 42 341
618 45 337
614 42 344
616 41 343
621 40 339
620 42 338
619 45 336
617 43 340
610 52 338
604 56 340
603 53 344
591 55 354
594 51 355
594 51 355
602 48 350
605 41 354
610 35 355
613 32 355
618 33 349
618 40 342
614 44 342
614 42 344
614 44 342
614 39 347
616 38 346
613 41 346
614 40 346
610 41 349
612 42 346
607 44 349
607 45 348
607 41 352
605 40 355
606 39 355
611 36 353
616 35 349
619 37 344
627 33 340
629 33 338
630 35 335
636 35 329
644 29 327
645 29 326
645 31 324
640 34 326
642 30 328
645 24 331
651 24 325
651 23 326
656 22 322
656 21 323
659 21 320
663 19 318
664 18 318
667 12 321
671 13 316
676 17 307
679 16 305
683 12 305
685 9 306
689 6 305
686 9 305
689 9 302
693 11 296
691 12 297
695 11 294
698 10 292
701 9 290
707 9 284
705 16 279
706 17 277
705 19 276
705 19 276
705 20 275
708 18 274
712 17 271
708 23 269
711 22 267
715 20 265
719 18 263
723 15 262
723 16 261
721 16 263
722 15 263
724 21 255
720 26 254
714 27 259
705 34 261
694 40 266
688 48 264
681 50 269
675 45 280
672 44 284
660 48 292
659 48 293
656 51 293
653 50 297
646 53 301
636 60 304
632 67 301
627 66 307
618 72 310
612 72 316
607 69 324
604 63 333
604 57 339
602 56 342
599 59 342
598 59 343
595 61 344
591 54 355
586 53 361
587 46 367
593 39 368
594 40 366
598 36 366
598 36 366
598 40 362
603 34 363
605 36 359
611 34 355
619 30 351
621 32 347
626 32 342
626 34 340
623 37 340
618 39 343
621 36 343
624 35 341
625 33 342
630 28 342
634 26 340
633 29 338
627 34 339
624 30 346
631 31 338
634 23 343
631 27 342
634 29 337
643 23 334
642 26 332
647 20 333
650 15 335
652 15 333
652 14 334
650 14 336
655 14 331
664 13 323
667 10 323
669 10 321
668 15 317
669 16 315
671 20 309
671 18 311
669 22 309
669 23 308
669 22 309
670 21 309
672 20 308
674 16 310
682 13 305
685 13 302
687 13 300
692 14 294
696 15 289
698 14 288
702 11 287
702 14 284
706 12 282
714 13 273
715 13 272
719 11 270
721 10 269
725 8 267
729 6 265
735 5 260
740 4 256
745 4 251
745 3 252
748 1 251
755 1 244
760 2 238
762 3 235
763 5 232
767 5 228
765 6 229
765 3 232
769 3 228
771 3 226
775 4 221
777 6 217
779 5 216
780 4 216
786 3 211
786 6 208
789 6 205
790 7 203
793 5 202
795 5 200
794 9 197
796 6 198
796 8 196
798 6 196
801 6 193
804 4 192
806 5 189
806 5 189
810 6 184
806 9 185
807 12 181
807 10 183
806 9 185
804 12 184
803 13 184
802 13 185
802 11 187
805 12 183
809 14 177
810 13 177
810 12 178
808 15 177
809 18 173
806 17 177
809 19 172
811 18 171
809 19 172
805 22 173
802 22 176
798 26 176
797 26 177
792 32 176
791 32 177
789 32 179
