997 3 0
995 5 0
992 8 0
985 13 2
983 10 7
980 12 8
976 14 10
970 16 14
961 20 19
951 27 22
944 27 29
920 47 33
886 74 40
852 100 48
820 118 62
782 137 81
751 149 100
712 169 119
687 171 142
660 182 158
637 182 181
609 186 205
585 190 225
565 197 238
549 188 263
524 188 288
510 176 314
501 162 337
498 149 353
488 142 370
477 142 381
474 125 401
465 124 411
467 105 428
467 97 436
471 86 443
470 79 451
471 68 461
470 65 465
468 59 473
480 51 469
488 44 468
490 42 468
499 35 466
507 28 465
511 25 464
518 20 462
523 20 457
528 19 453
536 17 447
538 19 443
538 22 440
539 23 438
539 27 434
540 33 427
546 27 427
545 29 426
549 30 421
553 25 422
554 27 419
557 21 422
561 17 422
570 14 416
579 12 409
581 13 406
588 14 398
591 13 396
592 17 391
598 16 386
601 20 379
604 21 375
609 16 375
612 16 372
616 13 371
622 14 364
629 15 356
632 13 355
635 11 354
638 13 349
641 11 348
647 10 343
649 13 338
651 16 333
664 14 322
670 10 320
668 12 320
673 11 316
675 14 311
677 12 311
678 12 310
680 9 311
686 10 304
688 12 300
693 9 298
696 10 294
703 9 288
707 10 283
708 12 280
707 15 278
708 17 275
711 14 275
716 12 272
715 8 277
720 6 274
721 7 272
728 6 266
729 7 264
733 7 260
735 11 254
739 11 250
743 11 246
750 12 238
755 11 234
755 12 233
759 10 231
756 13 231
760 12 228
758 14 228
759 18 223
754 24 222
754 26 220
751 25 224
747 28 225
733 40 227
713 53 234
712 52 236
703 52 245
689 59 252
679 63 258
677 55 268
676 51 273
676 50 274
677 49 274
672 49 279
664 48 288
662 51 287
653 56 291
651 51 298
649 49 302
643 45 312
636 46 318
638 39 323
643 36 321
647 35 318
650 33 317
654 28 318
661 27 312
664 25 311
660 29 311
659 29 312
659 31 310
659 30 311
658 30 312
663 30 307
665 27 308
667 29 304
670 27 303
672 28 300
673 29 298
675 26 299
674 25 301
670 29 301
665 31 304
667 33 300
668 31 301
667 26 307
664 28 308
662 31 307
664 32 304
658 38 304
654 40 306
655 41 304
660 43 297
662 44 294
662 44 294
658 48 294
658 39 303
660 39 301
656 40 304
652 37 311
651 40 309
658 38 304
661 37 302
655 44 301
654 44 302
650 45 305
648 44 308
647 41 312
650 39 311
658 31 311
654 35 311
658 33 309
659 30 311
659 29 312
661 25 314
659 23 318
663 18 319
664 18 318
665 17 318
666 13 321
674 10 316
678 7 315
680 6 314
684 7 309
690 6 304
696 5 299
699 5 296
700 6 294
705 4 291
711 4 285
714 6 280
718 6 276
723 6 271
725 8 267
726 10 264
732 13 255
727 22 251
723 30 247
717 35 248
711 39 250
706 44 250
707 44 249
696 50 254
696 45 259
695 46 259
687 53 260
685 51 264
680 51 269
672 59 269
668 56 276
662 55 283
660 50 290
663 45 292
660 44 296
655 43 302
653 38 309
650 40 310
652 37 311
651 35 314
644 39 317
637 43 320
637 39 324
642 36 322
643 38 319
646 43 311
639 46 315
633 48 319
629 43 328
631 42 327
630 45 325
632 45 323
626 46 328
627 51 322
621 45 334
618 47 335
617 51 332
620 47 333
622 44 334
617 46 337
618 45 337
624 38 338
630 37 333
630 37 333
629 39 332
630 42 328
631 40 329
635 41 324
634 41 325
635 41 324
632 44 324
629 46 325
628 45 327
630 34 336
634 33 333
635 32 333
631 29 340
634 22 344
636 20 344
639 21 340
638 23 339
634 23 343
634 21 345
641 17 342
648 13 339
648 15 337
661 15 324
661 18 321
664 17 319
668 17 315
669 13 318
667 16 317
667 19 314
663 25 312
669 20 311
674 16 310
675 19 306
682 18 300
682 19 299
682 22 296
684 17 299
690 16 294
689 16 295
690 16 294
697 18 285
700 18 282
702 18 280
702 17 281
704 15 281
709 14 277
710 16 274
711 15 274
711 15 274
719 12 269
724 9 267
728 8 264
733 8 259
737 8 255
743 6 251
747 6 247
750 6 244
755 6 239
757 7 236
761 6 233
763 8 229
764 9 227
770 9 221
771 8 221
774 7 219
777 8 215
780 7 213
782 6 212
784 5 211
787 4 209
790 4 206
792 4 204
793 5 202
798 5 197
799 3 198
804 2 194
808 1 191
809 1 190
812 0 188
814 0 186
818 0 182
818 0 182
820 0 180
826 0 174
833 0 167
834 0 166
835 0 165
837 0 163
841 0 159
844 0 156
847 0 153
848 0 152
850 0 150
853 0 147
854 0 146
859 0 141
860 0 140
863 0 137
865 0 135
865 0 135
867 0 133
868 0 132
871 0 129
873 0 127
874 0 126
875 0 125
877 0 123
880 0 120
881 0 119
884 0 116
885 0 115
886 0 114
889 0 111
892 0 108
892 0 108
892 0 108
895 0 105
896 0 104
896 0 104
896 0 104
898 0 102
898 0 102
898 0 102
899 0 101
902 0 98
904 0 96
905 0 95
906 0 94
906 0 94
909 0 91
909 0 91
910 0 90
912 0 88
913 0 87
916 0 84
917 0 83
917 0 83
917 0 83
918 0 82
919 0 81
921 0 79
924 0 76
927 0 73
927 0 73
928 0 72
930 0 70
933 0 67
933 0 67
934 0 66
935 0 65
935 0 65
936 0 64
938 0 62
938 0 62
940 0 60
945 0 55
946 0 54
947 0 53
948 0 52
948 0 52
949 0 51
949 0 51
950 0 50
951 0 49
951 0 49
951 0 49
953 0 47
954 0 46
954 0 46
954 0 46
955 0 45
956 0 44
957 0 43
957 0 43
958 0 42
959 0 41
959 0 41
959 0 41
960 0 40
961 0 39
961 0 39
961 0 39
962 0 38
964 0 36
964 0 36
964 0 36
965 0 35
965 0 35
965 0 35
966 0 34
966 0 34
967 0 33
967 0 33
970 0 30
970 0 30
971 0 29
971 0 29
972 0 28
974 0 26
974 0 26
974 0 26
974 0 26
975 0 25
975 0 25
976 0 24
976 0 24
977 0 23
977 0 23
977 0 23
977 0 23
977 0 23
978 0 22
978 0 22
978 0 22
978 0 22
979 0 21
979 0 21
979 0 21
979 0 21
979 0 21
979 0 21
979 0 21
979 0 21
979 0 21
979 0 21
979 0 21
980 0 20
980 0 20
980 0 20
980 0 20
980 0 20
980 0 20
982 0 18
984 0 16
985 0 15
985 0 15
985 0 15
985 0 15
985 0 15
985 0 15
985 0 15
985 0 15
986 0 14
987 0 13
987 0 13
987 0 13
987 0 13
988 0 12
988 0 12
988 0 12
990 0 10
990 0 10
990 0 10
990 0 10
990 0 10
990 0 10
990 0 10
990 0 10
990 0 10
990 0 10
990 0 10
990 0 10
990 0 10
990 0 10
990 0 10
990 0 10
990 0 10
991 0 9
991 0 9
991 0 9
991 0 9
991 0 9
991 0 9
991 0 9
991 0 9
991 0 9
991 0 9
991 0 9
991 0 9
991 0 9
993 0 7
993 0 7
993 0 7
993 0 7
993 0 7
993 0 7
993 0 7
994 0 6
994 0 6
994 0 6
994 0 6
994 0 6
994 0 6
994 0 6
994 0 6
994 0 6
995 0 5
995 0 5
995 0 5
995 0 5
995 0 5
995 0 5
995 0 5
996 0 4
996 0 4
996 0 4
996 0 4
996 0 4
996 0 4
997 0 3
997 0 3
997 0 3
997 0 3
997 0 3
997 0 3
997 0 3
997 0 3
997 0 3
997 0 3
997 0 3
997 0 3
997 0 3
997 0 3
997 0 3
997 0 3
997 0 3
997 0 3
997 0 3
997 0 3
997 0 3
997 0 3
997 0 3
997 0 3
997 0 3
997 0 3
997 0 3
997 0 3
997 0 3
997 0 3
997 0 3
997 0 3
997 0 3
997 0 3
997 0 3
997 0 3
997 0 3
997 0 3
997 0 3
997 0 3
997 0 3
997 0 3
997 0 3
997 0 3
997 0 3
997 0 3
998 0 2
998 0 2
998 0 2
998 0 2
998 0 2
998 0 2
998 0 2
998 0 2
998 0 2
998 0 2
998 0 2
999 0 1
999 0 1
999 0 1
999 0 1
1000 0 0
1000 0 0
1000 0 0
1000 0 0
1000 0 0
1000 0 0
1000 0 0
1000 0 0
1000 0 0
1000 0 0
1000 0 0
1000 0 0
1000 0 0
1000 0 0
1000 0 0
1000 0 0
1000 0 0
1000 0 0
1000 0 0
1000 0 0
1000 0 0
1000 0 0
1000 0 0
1000 0 0
1000 0 0
1000 0 0
1000 0 0
1000 0 0
1000 0 0
1000 0 0
1000 0 0
1000 0 0
1000 0 0
1000 0 0
1000 0 0
1000 0 0
1000 0 0
1000 0 0
1000 0 0
1000 0 0
1000 0 0
1000 0 0
1000 0 0
1000 0 0
1000 0 0
1000 0 0
1000 0 0
1000 0 0
1000 0 0
1000 0 0
1000 0 0
1000 0 0
1000 0 0
1000 0 0
1000 0 0
1000 0 0
1000 0 0
1000 0 0
1000 0 0
1000 0 0
1000 0 0
1000 0 0
1000 0 0
1000 0 0
1000 0 0
1000 0 0
1000 0 0
1000 0 0
1000 0 0
1000 0 0
1000 0 0
1000 0 0
1000 0 0
1000 0 0
1000 0 0
1000 0 0
1000 0 0
1000 0 0
1000 0 0
1000 0 0
1000 0 0
1000 0 0
1000 0 0
1000 0 0
1000 0 0
1000 0 0
1000 0 0
1000 0 0
1000 0 0
1000 0 0
1000 0 0
1000 0 0
1000 0 0
1000 0 0
1000 0 0
1000 0 0
1000 0 0
1000 0 0
1000 0 0
1000 0 0
1000 0 0
1000 0 0
1000 0 0
1000 0 0
1000 0 0
1000 0 0
1000 0 0
1000 0 0
1000 0 0
1000 0 0
1000 0 0
1000 0 0
1000 0 0
1000 0 0
1000 0 0
1000 0 0
1000 0 0
1000 0 0
1000 0 0
1000 0 0
1000 0 0
1000 0 0
1000 0 0
1000 0 0
1000 0 0
1000 0 0
1000 0 0
1000 0 0
1000 0 0
1000 0 0
1000 0 0
1000 0 0
1000 0 0
1000 0 0
1000 0 0
1000 0 0
1000 0 0
1000 0 0
1000 0 0
1000 0 0
1000 0 0
1000 0 0
1000 0 0
1000 0 0
1000 0 0
1000 0 0
1000 0 0
1000 0 0
1000 0 0
1000 0 0
1000 0 0
1000 0 0
1000 0 0
1000 0 0
1000 0 0
1000 0 0
1000 0 0
1000 0 0
1000 0 0
1000 0 0
1000 0 0
1000 0 0
1000 0 0
1000 0 0
1000 0 0
1000 0 0
1000 0 0
1000 0 0
1000 0 0
1000 0 0
1000 0 0
1000 0 0
1000 0 0
1000 0 0
1000 0 0
1000 0 0
1000 0 0
1000 0 0
1000 0 0
1000 0 0
1000 0 0
1000 0 0
1000 0 0
1000 0 0
1000 0 0
1000 0 0
1000 0 0
1000 0 0
1000 0 0
1000 0 0
1000 0 0
1000 0 0
1000 0 0
1000 0 0
1000 0 0
1000 0 0
1000 0 0
1000 0 0
1000 0 0
1000 0 0
1000 0 0
1000 0 0
1000 0 0
1000 0 0
1000 0 0
1000 0 0
1000 0 0
1000 0 0
1000 0 0
1000 0 0
1000 0 0
1000 0 0
1000 0 0
1000 0 0
1000 0 0
1000 0 0
1000 0 0
1000 0 0
1000 0 0
1000 0 0
1000 0 0
1000 0 0
1000 0 0
1000 0 0
1000 0 0
1000 0 0
1000 0 0
1000 0 0
1000 0 0
1000 0 0
1000 0 0
1000 0 0
1000 0 0
1000 0 0
1000 0 0
1000 0 0
1000 0 0
1000 0 0
1000 0 0
1000 0 0
1000 0 0
1000 0 0
1000 0 0
1000 0 0
1000 0 0
1000 0 0
1000 0 0
1000 0 0
1000 0 0
1000 0 0
1000 0 0
1000 0 0
1000 0 0
1000 0 0
1000 0 0
1000 0 0
1000 0 0
1000 0 0
1000 0 0
1000 0 0
1000 0 0
1000 0 0
1000 0 0
1000 0 0
1000 0 0
1000 0 0
1000 0 0
1000 0 0
1000 0 0
1000 0 0
1000 0 0
1000 0 0
1000 0 0
1000 0 0
1000 0 0
1000 0 0
1000 0 0
1000 0 0
1000 0 0
1000 0 0
1000 0 0
1000 0 0
1000 0 0
1000 0 0
1000 0 0
1000 0 0
1000 0 0
1000 0 0
1000 0 0
1000 0 0
1000 0 0
1000 0 0
1000 0 0
1000 0 0
1000 0 0
1000 0 0
1000 0 0
1000 0 0
1000 0 0
1000 0 0
1000 0 0
1000 0 0
1000 0 0
1000 0 0
1000 0 0
1000 0 0
1000 0 0
1000 0 0
1000 0 0
1000 0 0
1000 0 0
1000 0 0
1000 0 0
1000 0 0
1000 0 0
1000 0 0
1000 0 0
1000 0 0
1000 0 0
1000 0 0
1000 0 0
1000 0 0
1000 0 0
1000 0 0
1000 0 0
1000 0 0
1000 0 0
1000 0 0
1000 0 0
1000 0 0
1000 0 0
1000 0 0
1000 0 0
1000 0 0
1000 0 0
1000 0 0
1000 0 0
1000 0 0
1000 0 0
1000 0 0
1000 0 0
1000 0 0
1000 0 0
1000 0 0
1000 0 0
1000 0 0
1000 0 0
1000 0 0
1000 0 0
1000 0 0
1000 0 0
1000 0 0
1000 0 0
1000 0 0
1000 0 0
1000 0 0
1000 0 0
1000 0 0
1000 0 0
1000 0 0
1000 0 0
1000 0 0
1000 0 0
1000 0 0
1000 0 0
1000 0 0
1000 0 0
1000 0 0
