997 3 0
991 8 1
990 9 1
987 10 3
984 11 5
982 13 5
978 15 7
975 17 8
971 17 12
967 21 12
962 22 16
958 19 23
950 26 24
928 43 29
902 62 36
874 77 49
854 81 65
833 94 73
817 97 86
785 118 97
763 125 112
748 124 128
726 137 137
706 136 158
680 137 183
668 127 205
662 118 220
647 114 239
636 108 256
619 109 272
614 104 282
609 97 294
603 90 307
599 82 319
592 78 330
590 75 335
583 74 343
581 67 352
587 62 351
592 61 347
586 59 355
581 62 357
569 64 367
569 63 368
566 65 369
561 62 377
554 59 387
551 60 389
547 55 398
542 60 398
540 59 401
541 55 404
538 59 403
536 57 407
536 50 414
540 47 413
545 42 413
550 41 409
550 37 413
555 34 411
555 37 408
560 36 404
565 29 406
568 24 408
572 23 405
579 22 399
585 17 398
588 15 397
592 15 393
598 15 387
611 15 374
616 11 373
620 11 369
626 9 365
629 10 361
624 18 358
625 22 353
617 28 355
615 35 350
613 37 350
618 35 347
609 46 345
606 43 351
608 47 345
602 50 348
603 52 345
606 52 342
606 51 343
605 45 350
607 41 352
605 42 353
611 39 350
615 29 356
619 29 352
622 30 348
626 28 346
630 30 340
634 31 335
641 26 333
643 28 329
641 27 332
646 25 329
649 24 327
648 26 326
650 29 321
652 27 321
655 28 317
660 26 314
662 20 318
664 19 317
674 17 309
679 14 307
678 16 306
682 15 303
683 14 303
687 10 303
693 11 296
694 9 297
699 9 292
703 7 290
707 4 289
710 4 286
719 3 278
723 4 273
729 3 268
737 4 259
743 3 254
745 4 251
747 2 251
751 3 246
753 5 242
758 3 239
761 3 236
758 6 236
760 7 233
762 7 231
764 8 228
763 9 228
762 10 228
762 8 230
766 9 225
768 6 226
775 7 218
779 7 214
781 7 212
783 3 214
786 3 211
788 3 209
790 4 206
792 6 202
790 11 199
788 12 200
789 14 197
788 17 195
789 16 195
789 17 194
789 17 194
790 18 192
779 27 194
770 36 194
753 52 195
741 52 207
734 58 208
729 55 216
720 67 213
708 75 217
698 73 229
687 75 238
680 76 244
673 78 249
669 75 256
657 81 262
648 80 272
638 85 277
633 95 272
631 89 280
623 89 288
606 96 298
599 101 300
591 100 309
586 100 314
581 86 333
580 82 338
581 78 341
580 73 347
582 62 356
576 65 359
577 65 358
583 57 360
580 56 364
578 58 364
582 55 363
581 55 364
585 44 371
592 35 373
601 32 367
611 25 364
615 23 362
624 22 354
629 22 349
631 23 346
635 23 342
635 26 339
633 30 337
626 42 332
627 43 330
626 43 331
621 36 343
631 34 335
633 28 339
639 21 340
641 20 339
646 19 335
644 25 331
653 25 322
655 26 319
654 28 318
654 33 313
651 34 315
648 34 318
645 34 321
645 33 322
645 33 322
647 30 323
651 26 323
652 23 325
652 19 329
655 14 331
655 18 327
654 19 327
656 19 325
656 19 325
654 21 325
653 21 326
657 18 325
658 20 322
661 18 321
659 18 323
664 17 319
662 20 318
663 19 318
662 22 316
663 20 317
664 16 320
667 16 317
670 15 315
671 13 316
674 15 311
672 22 306
674 26 300
672 30 298
674 29 297
670 30 300
676 27 297
681 30 289
683 26 291
683 29 288
682 29 289
684 32 284
678 38 284
678 34 288
679 33 288
674 38 288
673 40 287
666 45 289
661 45 294
666 42 292
665 44 291
664 45 291
653 53 294
649 56 295
643 57 300
639 60 301
637 60 303
631 60 309
629 53 318
626 58 316
621 57 322
620 50 330
615 52 333
614 48 338
615 48 337
616 47 337
612 49 339
614 56 330
605 59 336
601 55 344
597 48 355
593 52 355
588 54 358
589 52 359
588 53 359
586 48 366
584 51 365
587 47 366
591 48 361
596 47 357
594 44 362
594 40 366
592 48 360
586 49 365
585 48 367
578 47 375
572 53 375
567 58 375
562 59 379
560 58 382
554 53 393
556 47 397
555 45 400
556 43 401
562 43 395
562 38 400
565 35 400
565 34 401
571 31 398
577 29 394
580 30 390
583 30 387
587 32 381
594 31 375
594 32 374
596 33 371
599 30 371
601 28 371
602 28 370
605 28 367
611 26 363
612 26 362
618 26 356
619 25 356
626 18 356
632 17 351
636 16 348
637 16 347
638 13 349
644 13 343
646 12 342
650 11 339
652 13 335
656 14 330
665 12 323
671 13 316
677 13 310
681 15 304
688 14 298
696 13 291
699 16 285
702 15 283
700 16 284
694 23 283
691 28 281
685 32 283
679 39 282
681 39 280
674 46 280
661 52 287
646 63 291
640 63 297
638 60 302
635 52 313
633 53 314
624 58 318
624 55 321
625 53 322
627 53 320
630 48 322
628 46 326
631 42 327
630 44 326
623 49 328
621 44 335
617 42 341
616 44 340
615 44 341
613 43 344
616 40 344
611 45 344
615 41 344
613 43 344
617 36 347
620 31 349
620 32 348
618 34 348
620 32 348
624 35 341
629 30 341
632 28 340
634 27 339
640 25 335
641 27 332
642 31 327
637 31 332
629 38 333
620 40 340
613 45 342
614 48 338
606 55 339
607 48 345
610 42 348
614 36 350
616 32 352
619 29 352
620 32 348
617 37 346
617 37 346
621 33 346
623 29 348
620 27 353
620 27 353
622 22 356
624 22 354
627 19 354
631 16 353
631 18 351
633 17 350
636 17 347
634 18 348
641 16 343
645 15 340
650 15 335
655 13 332
655 14 331
660 15 325
662 16 322
662 18 320
659 23 318
663 22 315
666 20 314
670 17 313
666 20 314
662 22 316
654 33 313
652 36 312
654 35 311
652 35 313
655 38 307
658 39 303
650 53 297
638 62 300
627 61 312
616 74 310
607 81 312
598 84 318
582 96 322
584 93 323
580 87 333
572 88 340
571 82 347
564 85 351
556 83 361
554 83 363
546 78 376
547 70 383
545 71 384
546 68 386
543 63 394
547 58 395
548 54 398
550 52 398
556 49 395
555 51 394
553 43 404
552 46 402
550 48 402
544 50 406
538 51 411
541 49 410
550 40 410
559 38 403
557 41 402
562 38 400
561 31 408
559 29 412
563 25 412
566 26 408
565 22 413
566 23 411
572 22 406
572 21 407
578 20 402
582 17 401
583 18 399
588 18 394
594 21 385
594 23 383
597 23 380
597 22 381
599 22 379
606 20 374
609 17 374
611 17 372
616 16 368
616 15 369
617 14 369
623 15 362
630 16 354
631 17 352
629 17 354
634 18 348
636 15 349
643 15 342
644 16 340
649 16 335
652 17 331
653 17 330
657 14 329
661 14 325
671 13 316
673 14 313
679 12 309
685 9 306
686 7 307
687 9 304
692 6 302
696 7 297
698 8 294
703 10 287
707 11 282
712 11 277
716 11 273
716 12 272
718 13 269
724 12 264
713 23 264
705 30 265
697 38 265
685 46 269
672 57 271
659 66 275
652 70 278
641 69 290
636 64 300
634 66 300
631 65 304
627 66 307
630 66 304
633 59 308
635 56 309
640 49 311
640 47 313
646 45 309
647 39 314
646 36 318
647 33 320
649 31 320
647 32 321
643 36 321
649 34 317
643 39 318
639 44 317
642 42 316
636 44 320
640 43 317
641 36 323
640 38 322
637 36 327
640 34 326
644 28 328
642 28 330
643 30 327
643 31 326
641 32 327
643 29 328
645 32 323
646 31 323
650 29 321
649 32 319
653 26 321
654 23 323
659 21 320
662 19 319
666 15 319
674 15 311
676 13 311
680 10 310
685 8 307
695 7 298
693 12 295
695 14 291
697 13 290
699 14 287
701 16 283
698 18 284
701 17 282
705 16 279
707 17 276
713 17 270
715 16 269
722 16 262
725 14 261
727 13 260
732 12 256
736 9 255
740 7 253
741 8 251
740 9 251
741 9 250
740 10 250
742 9 249
740 12 248
743 14 243
744 15 241
742 15 243
748 13 239
749 15 236
748 15 237
752 13 235
755 13 232
754 16 230
757 14 229
760 14 226
764 15 221
765 20 215
760 23 217
753 28 219
752 29 219
745 39 216
743 40 217
743 38 219
735 40 225
734 43 223
728 47 225
729 43 228
716 47 237
707 46 247
702 47 251
697 50 253
692 50 258
689 50 261
683 51 266
676 47 277
670 46 284
672 45 283
668 49 283
660 52 288
660 46 294
655 45 300
656 46 298
656 47 297
655 47 298
659 43 298
657 44 299
656 41 303
662 38 300
657 41 302
653 41 306
652 36 312
647 42 311
635 53 312
627 56 317
629 57 314
622 56 322
616 58 326
606 60 334
605 60 335
607 56 337
610 46 344
613 43 344
611 43 346
616 39 345
615 43 342
616 36 348
616 38 346
617 37 346
620 33 347
618 34 348
619 33 348
620 36 344
628 31 341
636 25 339
645 25 330
647 24 329
649 23 328
654 21 325
660 21 319
668 18 314
670 19 311
671 20 309
664 21 315
661 26 313
656 29 315
655 31 314
657 29 314
662 29 309
660 31 309
659 33 308
659 32 309
661 26 313
662 28 310
661 34 305
664 33 303
658 36 306
658 36 306
657 35 308
655 39 306
649 40 311
643 47 310
637 49 314
634 48 318
632 49 319
626 55 319
623 57 320
623 54 323
613 63 324
604 63 333
594 71 335
585 76 339
582 69 349
580 64 356
582 60 358
579 53 368
587 48 365
591 38 371
590 37 373
590 43 367
585 44 371
578 47 375
574 54 372
569 55 376
559 59 382
558 64 378
554 62 384
552 63 385
551 63 386
552 59 389
547 58 395
551 53 396
542 61 397
541 62 397
537 63 400
538 64 398
538 62 400
535 62 403
533 60 407
536 56 408
545 53 402
544 51 405
551 47 402
551 48 401
551 49 400
553 50 397
557 43 400
555 46 399
559 43 398
559 46 395
559 43 398
564 37 399
564 36 400
565 36 399
567 35 398
569 34 397
575 31 394
581 34 385
584 35 381
587 33 380
584 31 385
584 27 389
590 22 388
595 22 383
597 24 379
604 20 376
610 20 370
611 20 369
614 17 369
616 18 366
618 18 364
621 12 367
625 12 363
630 9 361
632 11 357
636 12 352
644 8 348
643 11 346
648 9 343
653 9 338
657 11 332
657 10 333
658 9 333
664 7 329
670 6 324
675 5 320
678 6 316
685 9 306
690 12 298
689 13 298
694 15 291
695 17 288
700 19 281
699 18 283
702 17 281
708 16 276
708 15 277
714 14 272
714 12 274
713 13 274
713 17 270
716 16 268
717 15 268
718 14 268
719 11 270
720 10 270
722 9 269
722 9 269
727 9 264
728 8 264
733 8 259
733 4 263
735 2 263
739 1 260
745 1 254
747 1 252
752 2 246
759 2 239
769 2 229
775 1 224
781 1 218
785 1 214
794 1 205
799 1 200
803 1 196
805 1 194
806 1 193
809 1 190
814 1 185
816 1 183
818 1 181
821 0 179
822 0 178
823 0 177
825 0 175
828 0 172
830 0 170
834 0 166
837 0 163
837 0 163
838 0 162
840 0 160
842 0 158
842 0 158
843 0 157
845 0 155
848 0 152
848 0 152
851 0 149
854 0 146
855 0 145
857 0 143
857 0 143
866 0 134
868 0 132
869 0 131
873 0 127
875 0 125
876 0 124
879 0 121
880 0 120
883 0 117
884 0 116
884 0 116
886 0 114
887 0 113
889 0 111
890 0 110
891 0 109
892 0 108
893 0 107
894 0 106
896 0 104
896 0 104
898 0 102
900 0 100
902 0 98
903 0 97
903 0 97
904 0 96
904 0 96
906 0 94
906 0 94
908 0 92
910 0 90
912 0 88
914 0 86
914 0 86
915 0 85
917 0 83
921 0 79
921 0 79
921 0 79
921 0 79
921 0 79
923 0 77
925 0 75
925 0 75
929 0 71
929 0 71
929 0 71
931 0 69
934 0 66
934 0 66
934 0 66
935 0 65
936 0 64
937 0 63
941 0 59
941 0 59
942 0 58
942 0 58
944 0 56
946 0 54
947 0 53
947 0 53
949 0 51
950 0 50
950 0 50
950 0 50
951 0 49
951 0 49
953 0 47
954 0 46
954 0 46
954 0 46
956 0 44
956 0 44
956 0 44
956 0 44
956 0 44
957 0 43
957 0 43
958 0 42
958 0 42
958 0 42
959 0 41
962 0 38
962 0 38
962 0 38
962 0 38
963 0 37
965 0 35
967 0 33
967 0 33
967 0 33
967 0 33
967 0 33
967 0 33
968 0 32
968 0 32
968 0 32
968 0 32
968 0 32
970 0 30
971 0 29
971 0 29
971 0 29
971 0 29
971 0 29
971 0 29
972 0 28
972 0 28
972 0 28
972 0 28
972 0 28
972 0 28
972 0 28
972 0 28
972 0 28
974 0 26
974 0 26
974 0 26
975 0 25
976 0 24
976 0 24
976 0 24
976 0 24
976 0 24
976 0 24
977 0 23
977 0 23
977 0 23
977 0 23
977 0 23
977 0 23
977 0 23
977 0 23
977 0 23
978 0 22
978 0 22
979 0 21
979 0 21
981 0 19
981 0 19
981 0 19
982 0 18
982 0 18
983 0 17
983 0 17
983 0 17
985 0 15
986 0 14
986 0 14
986 0 14
