997 3 0
996 4 0
996 2 2
996 1 3
996 1 3
996 1 3
996 1 3
996 1 3
997 1 2
997 0 3
990 5 5
987 8 5
985 9 6
982 12 6
971 22 7
967 21 12
958 26 16
956 26 18
944 34 22
933 38 29
903 61 36
879 78 43
848 90 62
820 108 72
792 121 87
765 130 105
737 137 126
710 138 152
685 147 168
673 142 185
653 139 208
643 126 231
634 118 248
623 114 263
609 115 276
596 112 292
591 101 308
586 90 324
583 86 331
582 82 336
575 77 348
578 73 349
567 82 351
558 83 359
551 80 369
553 78 369
548 69 383
548 71 381
538 78 384
537 66 397
532 66 402
532 66 402
529 66 405
521 68 411
526 57 417
523 56 421
523 50 427
525 44 431
533 40 427
536 35 429
540 30 430
546 27 427
548 27 425
555 19 426
563 15 422
564 14 422
573 11 416
578 12 410
585 13 402
583 20 397
582 26 392
583 29 388
580 34 386
581 32 387
580 32 388
584 30 386
584 34 382
580 36 384
580 38 382
586 31 383
593 26 381
597 27 376
600 26 374
604 22 374
606 27 367
607 27 366
604 34 362
603 40 357
602 39 359
600 40 360
601 39 360
597 42 361
598 36 366
596 35 369
595 35 370
597 32 371
595 36 369
599 29 372
602 30 368
600 29 371
604 29 367
608 29 363
612 25 363
620 22 358
626 25 349
629 27 344
634 23 343
635 22 343
637 22 341
637 25 338
638 23 339
637 28 335
638 29 333
640 25 335
641 22 337
644 25 331
642 27 331
643 30 327
641 32 327
636 39 325
633 37 330
636 36 328
633 34 333
631 35 334
638 31 331
640 33 327
641 28 331
644 25 331
645 25 330
648 24 328
648 22 330
646 31 323
647 32 321
653 26 321
660 27 313
663 25 312
664 22 314
664 26 310
663 27 310
656 32 312
656 29 315
661 30 309
660 28 312
660 26 314
664 27 309
670 26 304
666 32 302
666 31 303
664 31 305
668 23 309
677 20 303
678 18 304
680 15 305
683 11 306
688 12 300
693 13 294
693 12 295
695 13 292
696 17 287
700 19 281
704 18 278
704 15 281
704 16 280
710 16 274
717 14 269
721 14 265
717 16 267
722 16 262
725 15 260
727 13 260
728 14 258
730 19 251
726 22 252
718 26 256
715 25 260
713 28 259
710 28 262
705 30 265
704 28 268
700 32 268
697 41 262
690 35 275
682 45 273
675 46 279
670 48 282
673 50 277
671 57 272
670 55 275
667 56 277
663 57 280
658 60 282
655 60 285
647 64 289
641 73 286
636 75 289
631 73 296
626 70 304
627 64 309
621 60 319
625 55 320
619 59 322
618 57 325
612 57 331
613 51 336
618 48 334
618 46 336
616 47 337
611 46 343
607 49 344
612 43 345
614 40 346
613 38 349
620 36 344
621 37 342
620 39 341
620 35 345
618 31 351
619 28 353
619 28 353
620 27 353
629 20 351
632 17 351
631 17 352
646 13 341
649 14 337
651 14 335
656 12 332
661 12 327
665 11 324
668 11 321
666 15 319
673 14 313
674 15 311
677 11 312
679 12 309
681 11 308
686 11 303
692 8 300
696 8 296
699 11 290
702 12 286
700 15 285
705 13 282
706 11 283
706 8 286
711 8 281
716 8 276
722 9 269
730 9 261
732 10 258
733 8 259
734 7 259
739 7 254
743 5 252
751 4 245
754 4 242
755 4 241
754 5 241
758 4 238
765 3 232
766 3 231
771 3 226
771 5 224
773 7 220
776 5 219
779 3 218
781 3 216
783 3 214
787 3 210
790 2 208
791 3 206
791 4 205
792 3 205
792 3 205
794 3 203
795 3 202
797 4 199
799 3 198
804 3 193
803 6 191
796 17 187
794 19 187
789 27 184
782 32 186
767 44 189
761 47 192
758 48 194
746 52 202
740 52 208
739 53 208
729 56 215
720 63 217
711 71 218
701 75 224
687 81 232
682 86 232
667 92 241
650 103 247
634 109 257
618 116 266
595 116 289
590 110 300
588 104 308
576 105 319
570 97 333
564 92 344
563 79 358
565 72 363
563 66 371
562 56 382
562 54 384
566 53 381
564 51 385
566 53 381
564 52 384
564 50 386
567 44 389
568 38 394
567 41 392
573 37 390
580 37 383
585 35 380
583 38 379
587 35 378
584 38 378
590 30 380
593 30 377
593 32 375
598 29 373
602 27 371
603 26 371
605 22 373
606 21 373
608 28 364
606 29 365
608 29 363
612 29 359
616 27 357
616 29 355
618 24 358
619 25 356
625 21 354
630 18 352
629 20 351
630 22 348
635 18 347
644 16 340
651 14 335
657 11 332
666 12 322
670 12 318
672 11 317
677 7 316
678 5 317
683 8 309
687 7 306
693 9 298
697 8 295
701 9 290
704 8 288
706 9 285
708 12 280
710 12 278
715 13 272
715 14 271
718 15 267
713 17 270
715 17 268
711 20 269
709 20 271
711 16 273
707 23 270
702 29 269
704 27 269
699 32 269
697 28 275
693 32 275
692 36 272
691 36 273
690 42 268
689 45 266
687 43 270
688 40 272
686 44 270
686 42 272
681 44 275
677 47 276
678 41 281
681 37 282
681 35 284
682 33 285
683 29 288
686 28 286
687 25 288
689 22 289
691 19 290
695 14 291
700 12 288
702 13 285
706 10 284
712 8 280
717 8 275
719 8 273
724 8 268
722 12 266
725 14 261
723 15 262
722 17 261
719 18 263
719 18 263
719 17 264
718 16 266
720 11 269
726 8 266
728 9 263
730 8 262
733 7 260
739 8 253
742 7 251
745 7 248
747 6 247
750 6 244
753 3 244
758 3 239
756 9 235
753 13 234
749 21 230
746 27 227
742 34 224
734 39 227
725 48 227
715 53 232
696 67 237
681 78 241
666 84 250
664 76 260
653 80 267
636 86 278
630 89 281
627 85 288
626 81 293
621 81 298
616 86 298
612 74 314
610 70 320
602 71 327
591 76 333
583 77 340
571 84 345
561 87 352
557 84 359
544 81 375
533 90 377
529 89 382
524 83 393
516 76 408
509 71 420
507 69 424
505 67 428
502 68 430
497 75 428
492 73 435
491 71 438
491 67 442
491 66 443
491 68 441
491 62 447
491 56 453
489 54 457
488 52 460
493 48 459
494 47 459
503 46 451
503 48 449
507 46 447
518 42 440
520 38 442
520 37 443
521 35 444
527 29 444
533 26 441
543 23 434
547 21 432
554 16 430
559 11 430
562 11 427
567 9 424
572 9 419
583 9 408
589 7 404
594 6 400
597 8 395
598 7 395
604 8 388
611 10 379
616 11 373
625 8 367
630 8 362
633 8 359
638 8 354
645 5 350
653 5 342
655 3 342
660 4 336
662 4 334
666 5 329
668 4 328
673 2 325
675 3 322
683 3 314
690 2 308
696 2 302
700 1 299
702 0 298
705 1 294
709 0 291
714 0 286
716 1 283
721 1 278
724 2 274
729 1 270
732 1 267
739 1 260
746 1 253
749 1 250
752 1 247
756 0 244
759 0 241
761 0 239
766 0 234
764 4 232
769 3 228
771 3 226
773 3 224
775 3 222
776 2 222
776 5 219
777 8 215
779 8 213
781 10 209
784 8 208
782 9 209
785 9 206
787 9 204
794 8 198
797 8 195
796 8 196
798 8 194
802 9 189
803 9 188
805 7 188
807 5 188
808 4 188
809 5 186
811 5 184
813 5 182
815 5 180
818 2 180
821 1 178
821 1 178
825 1 174
826 1 173
830 1 169
835 1 164
838 1 161
843 1 156
847 1 152
848 0 152
851 0 149
852 0 148
854 0 146
855 0 145
858 0 142
863 0 137
871 0 129
874 0 126
874 0 126
876 0 124
877 0 123
877 0 123
877 0 123
879 0 121
880 1 119
885 1 114
887 2 111
891 2 107
893 1 106
895 0 105
896 1 103
898 0 102
902 0 98
903 0 97
905 0 95
906 0 94
907 0 93
908 1 91
909 0 91
914 0 86
915 0 85
917 0 83
920 1 79
919 1 80
918 5 77
918 6 76
917 7 76
918 7 75
917 7 76
916 8 76
916 10 74
914 10 76
914 11 75
914 13 73
912 15 73
909 18 73
910 13 77
902 21 77
888 36 76
880 41 79
876 43 81
858 60 82
838 75 87
810 100 90
777 125 98
757 131 112
733 147 120
708 151 141
682 153 165
663 157 180
637 159 204
623 144 233
603 149 248
588 150 262
574 152 274
563 142 295
555 142 303
543 141 316
530 137 333
514 135 351
515 122 363
512 117 371
511 108 381
504 101 395
506 97 397
505 92 403
501 89 410
501 90 409
497 85 418
495 80 425
492 79 429
495 70 435
496 62 442
501 55 444
499 52 449
504 51 445
511 45 444
519 44 437
521 37 442
524 35 441
529 30 441
536 26 438
538 24 438
544 21 435
546 21 433
553 18 429
554 16 430
559 12 429
569 11 420
573 13 414
576 12 412
576 13 411
574 15 411
579 17 404
580 19 401
584 16 400
590 12 398
594 13 393
593 15 392
596 19 385
592 28 380
590 28 382
585 37 378
586 40 374
583 40 377
580 42 378
580 43 377
580 43 377
580 35 385
585 32 383
587 35 378
589 33 378
590 38 372
593 33 374
594 35 371
588 36 376
588 34 378
589 31 380
592 29 379
589 33 378
588 32 380
593 29 378
596 34 370
602 34 364
601 38 361
603 38 359
603 35 362
604 41 355
597 48 355
598 46 356
589 46 365
588 39 373
591 40 369
588 40 372
592 36 372
596 37 367
601 34 365
606 35 359
605 34 361
616 31 353
621 30 349
618 33 349
616 33 351
620 33 347
621 33 346
620 30 350
620 29 351
626 27 347
632 25 343
634 25 341
637 21 342
641 19 340
645 17 338
650 14 336
656 15 329
657 18 325
660 19 321
659 22 319
659 22 319
655 27 318
654 33 313
659 32 309
662 30 308
669 25 306
671 25 304
670 27 303
670 27 303
677 27 296
673 31 296
671 29 300
672 34 294
674 39 287
672 42 286
670 41 289
667 44 289
667 40 293
666 40 294
662 40 298
665 37 298
668 30 302
670 27 303
671 26 303
670 29 301
669 32 299
671 31 298
671 34 295
666 38 296
661 39 300
658 42 300
657 42 301
648 43 309
649 38 313
646 44 310
646 44 310
637 51 312
638 53 309
631 52 317
630 51 319
628 49 323
627 50 323
628 43 329
625 35 340
625 31 344
626 31 343
623 40 337
616 48 336
615 46 339
614 44 342
608 46 346
607 45 348
612 40 348
613 28 359
616 25 359
610 30 360
613 28 359
613 22 365
622 16 362
627 18 355
625 19 356
631 22 347
637 21 342
639 25 336
643 25 332
648 21 331
653 15 332
656 15 329
658 10 332
658 11 331
666 11 323
670 9 321
676 7 317
675 9 316
673 13 314
677 8 315
687 7 306
686 10 304
688 11 301
691 12 297
693 12 295
698 11 291
700 11 289
704 10 286
710 8 282
714 9 277
715 12 273
717 7 276
720 6 274
724 6 270
730 6 264
734 6 260
736 6 258
738 8 254
742 7 251
743 8 249
743 11 246
744 10 246
750 11 239
753 11 236
756 11 233
764 7 229
767 6 227
770 7 223
772 8 220
771 9 220
771 11 218
775 11 214
777 12 211
779 15 206
782 14 204
781 16 203
779 20 201
777 19 204
776 18 206
776 18 206
773 19 208
777 17 206
779 15 206
779 19 202
776 23 201
779 22 199
777 24 199
774 25 201
772 27 201
774 22 204
772 23 205
772 20 208
774 19 207
774 24 202
770 23 207
764 31 205
755 38 207
748 44 208
749 45 206
743 49 208
738 51 211
726 60 214
721 57 222
715 59 226
704 67 229
695 69 236
682 75 243
675 71 254
669 71 260
661 71 268
653 73 274
644 74 282
634 81 285
623 86 291
618 75 307
612 73 315
614 62 324
613 58 329
613 58 329
612 51 337
613 48 339
609 45 346
603 43 354
596 47 357
590 56 354
589 55 356
585 53 362
585 51 364
579 52 369
572 51 377
567 54 379
559 57 384
562 54 384
560 52 388
558 52 390
561 55 384
566 50 384
575 47 378
575 47 378
575 47 378
579 47 374
581 47 372
587 42 371
587 47 366
585 50 365
585 54 361
581 53 366
576 58 366
576 55 369
573 59 368
576 58 366
578 55 367
577 56 367
586 50 364
585 50 365
584 53 363
582 55 363
580 53 367
576 51 373
575 49 376
585 41 374
586 41 373
591 36 373
595 36 369
595 34 371
597 31 372
591 38 371
588 39 373
584 37 379
583 43 374
584 37 379
586 37 377
576 44 380
576 34 390
581 32 387
580 35 385
587 35 378
593 39 368
595 39 366
597 41 362
592 43 365
593 42 365
594 45 361
594 47 359
587 53 360
584 54 362
583 49 368
584 38 378
585 32 383
589 34 377
590 34 376
595 30 375
595 33 372
600 32 368
600 29 371
599 33 368
599 34 367
602 31 367
603 34 363
598 38 364
592 44 364
590 43 367
594 41 365
580 48 372
576 50 374
568 61 371
568 58 374
561 62 377
561 58 381
563 52 385
570 47 383
568 44 388
567 45 388
570 46 384
567 43 390
567 41 392
569 33 398
573 32 395
575 35 390
580 28 392
580 25 395
585 23 392
585 24 391
588 22 390
593 22 385
599 19 382
605 16 379
605 18 377
610 18 372
