998 2 0
998 2 0
997 2 1
997 2 1
995 4 1
990 9 1
975 24 1
966 25 9
962 26 12
956 28 16
949 31 20
943 32 25
926 44 30
909 57 34
878 80 42
849 100 51
816 116 68
787 127 86
752 145 103
718 160 122
679 171 150
664 173 163
630 184 186
610 178 212
586 171 243
570 167 263
559 162 279
549 149 302
539 148 313
527 140 333
519 123 358
503 117 380
498 111 391
483 109 408
480 98 422
484 95 421
483 91 426
486 85 429
490 71 439
494 63 443
494 59 447
491 55 454
491 59 450
491 60 449
487 59 454
493 53 454
492 50 458
502 38 460
504 38 458
509 35 456
519 30 451
524 26 450
527 27 446
530 27 443
541 22 437
546 21 433
551 21 428
556 19 425
565 18 417
574 17 409
577 15 408
587 13 400
595 14 391
602 15 383
604 16 380
610 19 371
613 21 366
621 23 356
623 23 354
630 20 350
633 20 347
636 22 342
640 20 340
646 22 332
651 21 328
653 24 323
660 23 317
662 25 313
668 26 306
671 28 301
672 27 301
676 27 297
681 24 295
684 24 292
687 23 290
688 24 288
693 20 287
694 17 289
696 12 292
699 10 291
704 8 288
707 6 287
716 6 278
720 6 274
726 5 269
725 6 269
728 7 265
731 8 261
736 9 255
740 8 252
743 6 251
748 6 246
754 5 241
756 6 238
760 9 231
757 14 229
755 17 228
755 17 228
753 22 225
754 23 223
754 24 222
753 23 224
748 28 224
746 31 223
744 30 226
746 29 225
748 22 230
749 22 229
754 19 227
756 18 226
757 19 224
758 16 226
760 17 223
764 17 219
762 18 220
764 18 218
768 16 216
768 15 217
768 16 216
770 15 215
775 15 210
775 16 209
779 16 205
777 14 209
781 15 204
783 18 199
780 20 200
776 21 203
777 22 201
781 21 198
783 26 191
778 27 195
776 26 198
779 25 196
777 24 199
780 23 197
780 21 199
782 18 200
782 23 195
778 29 193
774 30 196
772 34 194
768 37 195
767 37 196
766 39 195
761 41 198
758 42 200
744 47 209
733 52 215
723 62 215
713 68 219
695 80 225
689 76 235
682 73 245
673 72 255
675 68 257
668 69 263
664 64 272
659 60 281
658 60 282
657 57 286
661 54 285
657 56 287
658 57 285
652 54 294
657 51 292
659 44 297
657 42 301
651 40 309
653 40 307
657 35 308
660 28 312
664 27 309
670 23 307
669 25 306
680 18 302
683 16 301
684 19 297
686 19 295
691 16 293
693 15 292
693 18 289
693 22 285
690 25 285
696 20 284
696 22 282
698 23 279
695 20 285
695 22 283
693 27 280
686 27 287
685 33 282
682 35 283
681 37 282
681 34 285
676 37 287
671 38 291
664 41 295
663 44 293
656 47 297
651 46 303
650 48 302
649 44 307
646 43 311
643 43 314
640 42 318
640 46 314
639 43 318
640 38 322
638 41 321
637 51 312
639 49 312
629 53 318
627 56 317
626 53 321
624 51 325
620 55 325
621 57 322
620 54 326
622 44 334
624 42 334
633 37 330
633 37 330
634 32 334
632 35 333
632 37 331
636 38 326
644 32 324
649 29 322
656 26 318
656 24 320
657 22 321
665 20 315
665 16 319
667 15 318
669 15 316
673 14 313
676 12 312
683 12 305
684 14 302
686 13 301
690 16 294
695 15 290
697 18 285
696 19 285
695 24 281
699 24 277
700 26 274
699 26 275
699 22 279
704 22 274
703 22 275
701 23 276
705 24 271
706 25 269
707 23 270
712 20 268
713 22 265
717 22 261
715 19 266
714 20 266
715 21 264
717 22 261
720 19 261
725 16 259
730 15 255
731 16 253
730 17 253
737 20 243
735 23 242
734 24 242
730 30 240
731 30 239
730 33 237
729 30 241
731 29 240
728 31 241
720 36 244
716 37 247
712 35 253
713 33 254
705 40 255
699 45 256
685 55 260
688 55 257
688 48 264
682 50 268
676 57 267
669 60 271
663 64 273
652 67 281
648 64 288
633 72 295
624 71 305
617 69 314
615 66 319
613 66 321
608 69 323
607 70 323
604 70 326
610 65 325
606 66 328
604 66 330
602 70 328
600 63 337
600 52 348
602 47 351
602 41 357
603 34 363
601 31 368
605 31 364
605 30 365
606 31 363
606 26 368
605 28 367
605 28 367
609 33 358
612 32 356
609 36 355
612 34 354
609 38 353
615 40 345
614 38 348
616 36 348
621 36 343
614 39 347
615 42 343
616 40 344
620 34 346
619 36 345
619 33 348
616 35 349
616 30 354
617 30 353
621 31 348
624 28 348
629 24 347
629 27 344
630 29 341
634 27 339
632 33 335
629 39 332
620 44 336
616 48 336
620 45 335
621 44 335
622 47 331
618 42 340
618 46 336
616 52 332
616 48 336
620 45 335
620 44 336
619 42 339
624 39 337
620 46 334
613 51 336
610 49 341
605 49 346
605 46 349
608 43 349
604 41 355
605 37 358
609 35 356
615 30 355
617 30 353
621 33 346
629 30 341
629 29 342
628 28 344
628 27 345
630 24 346
634 18 348
636 15 349
636 15 349
642 14 344
644 15 341
652 12 336
658 8 334
663 6 331
667 6 327
679 6 315
679 6 315
683 7 310
687 6 307
692 7 301
695 10 295
698 10 292
697 11 292
700 15 285
702 16 282
702 18 280
703 19 278
705 20 275
705 20 275
704 21 275
709 20 271
709 21 270
708 24 268
712 24 264
714 23 263
717 23 260
717 21 262
718 21 261
719 22 259
718 22 260
714 24 262
715 25 260
718 26 256
716 29 255
719 27 254
718 31 251
719 30 251
717 27 256
718 24 258
719 28 253
717 28 255
718 31 251
719 29 252
723 27 250
723 27 250
722 26 252
721 26 253
724 29 247
719 32 249
718 27 255
720 28 252
717 32 251
711 39 250
710 37 253
709 35 256
705 40 255
705 39 256
704 38 258
702 38 260
701 36 263
707 30 263
708 26 266
709 23 268
711 26 263
714 22 264
714 22 264
713 21 266
713 21 266
716 20 264
719 21 260
720 20 260
722 18 260
725 19 256
727 16 257
730 16 254
735 12 253
734 12 254
732 15 253
740 15 245
743 15 242
744 16 240
741 19 240
745 17 238
749 16 235
750 17 233
751 18 231
752 20 228
754 20 226
747 32 221
743 34 223
738 40 222
733 42 225
728 44 228
719 46 235
714 48 238
707 51 242
696 60 244
690 60 250
683 61 256
682 56 262
677 56 267
676 50 274
674 49 277
669 54 277
658 58 284
655 57 288
644 64 292
630 67 303
626 66 308
622 62 316
620 70 310
614 69 317
604 75 321
601 74 325
597 72 331
593 68 339
587 69 344
589 67 344
589 64 347
589 57 354
585 54 361
588 51 361
585 54 361
583 54 363
581 53 366
578 47 375
579 45 376
582 43 375
583 42 375
586 39 375
592 37 371
595 34 371
596 28 376
602 27 371
607 24 369
612 23 365
617 21 362
627 20 353
632 17 351
632 17 351
634 16 350
638 16 346
645 15 340
651 12 337
656 13 331
664 10 326
667 9 324
670 10 320
674 11 315
677 12 311
684 12 304
692 10 298
692 12 296
695 9 296
695 13 292
699 14 287
702 17 281
704 18 278
707 17 276
711 19 270
710 19 271
707 24 269
708 27 265
701 30 269
701 29 270
694 36 270
696 36 268
691 37 272
694 38 268
693 33 274
690 36 274
686 37 277
683 38 279
679 36 285
683 31 286
682 30 288
680 32 288
684 30 286
686 26 288
685 25 290
686 20 294
691 19 290
691 20 289
694 20 286
699 16 285
704 14 282
707 15 278
713 14 273
719 12 269
725 11 264
727 13 260
728 14 258
727 14 259
724 16 260
727 15 258
732 15 253
732 17 251
730 18 252
732 19 249
732 17 251
731 16 253
734 17 249
739 16 245
736 19 245
735 21 244
734 18 248
738 16 246
740 14 246
746 13 241
749 12 239
750 16 234
757 16 227
760 12 228
756 13 231
759 15 226
757 17 226
754 21 225
757 21 222
756 19 225
757 22 221
755 24 221
743 37 220
732 45 223
724 51 225
715 56 229
703 61 236
697 63 240
696 60 244
699 58 243
695 54 251
684 61 255
681 61 258
679 59 262
677 51 272
681 49 270
682 45 273
679 49 272
678 46 276
674 45 281
664 52 284
657 52 291
644 62 294
643 64 293
640 64 296
629 67 304
620 67 313
612 62 326
615 58 327
606 66 328
595 77 328
586 82 332
585 78 337
583 76 341
583 69 348
577 70 353
573 70 357
572 64 364
571 67 362
564 71 365
565 66 369
557 68 375
557 64 379
558 56 386
561 51 388
564 49 387
563 48 389
568 41 391
570 38 392
573 29 398
577 26 397
585 27 388
589 27 384
598 28 374
603 26 371
605 25 370
612 25 363
626 23 351
625 24 351
626 28 346
633 24 343
632 25 343
633 26 341
634 30 336
633 36 331
630 42 328
622 45 333
619 48 333
606 55 339
601 62 337
601 53 346
602 48 350
598 46 356
602 37 361
603 37 360
610 35 355
610 37 353
611 39 350
613 35 352
611 35 354
613 36 351
617 36 347
625 33 342
630 29 341
633 28 339
636 28 336
638 27 335
644 20 336
645 19 336
644 22 334
650 24 326
656 23 321
657 21 322
657 21 322
660 22 318
661 25 314
660 25 315
661 23 316
660 23 317
660 23 317
663 23 314
667 22 311
665 26 309
667 26 307
664 28 308
657 36 307
657 37 306
661 37 302
662 40 298
664 36 300
661 35 304
659 30 311
656 33 311
657 33 310
660 34 306
659 36 305
665 34 301
666 26 308
671 26 303
668 29 303
670 29 301
663 32 305
660 38 302
661 37 302
661 35 304
662 30 308
665 32 303
667 31 302
670 30 300
669 31 300
669 33 298
670 34 296
670 31 299
671 33 296
676 26 298
679 26 295
675 25 300
678 20 302
682 25 293
677 32 291
673 31 296
677 28 295
678 30 292
678 30 292
677 29 294
675 33 292
672 34 294
665 42 293
666 33 301
670 34 296
670 38 292
667 42 291
669 39 292
667 39 294
670 32 298
668 29 303
667 30 303
670 32 298
677 29 294
677 27 296
678 29 293
681 29 290
677 34 289
677 36 287
673 39 288
672 39 289
674 37 289
678 33 289
676 33 291
679 33 288
675 33 292
673 32 295
670 36 294
670 37 293
670 40 290
671 33 296
671 27 302
671 25 304
673 25 302
675 24 301
673 27 300
672 24 304
675 22 303
679 19 302
678 19 303
679 17 304
684 16 300
687 15 298
684 15 301
684 16 300
690 14 296
691 14 295
691 17 292
695 17 288
696 15 289
703 12 285
704 13 283
705 14 281
705 16 279
709 15 276
712 14 274
718 13 269
724 12 264
724 14 262
724 14 262
727 13 260
728 14 258
730 12 258
732 11 257
733 13 254
734 12 254
735 12 253
741 13 246
742 12 246
744 10 246
749 10 241
754 8 238
758 3 239
761 3 236
764 4 232
765 7 228
765 6 229
765 8 227
768 7 225
769 8 223
767 9 224
773 9 218
776 9 215
780 9 211
784 10 206
785 9 206
786 9 205
784 11 205
784 12 204
784 10 206
782 11 207
783 10 207
785 12 203
785 12 203
784 14 202
782 16 202
778 19 203
778 21 201
772 25 203
768 27 205
765 31 204
758 37 205
756 42 202
753 40 207
747 42 211
738 51 211
729 55 216
716 61 223
706 63 231
699 63 238
685 72 243
674 74 252
666 77 257
666 75 259
655 85 260
649 89 262
637 91 272
627 95 278
620 97 283
608 96 296
594 89 317
587 86 327
578 87 335
562 99 339
551 92 357
544 82 374
546 75 379
546 67 387
549 63 388
553 63 384
556 57 387
556 50 394
559 46 395
558 43 399
559 42 399
573 35 392
583 34 383
584 37 379
588 36 376
585 36 379
588 36 376
594 34 372
595 31 374
595 28 377
595 27 378
598 27 375
599 25 376
602 21 377
603 19 378
613 19 368
616 19 365
617 19 364
617 18 365
620 19 361
622 17 361
626 12 362
628 13 359
629 16 355
628 15 357
628 14 358
636 18 346
635 24 341
637 26 337
639 29 332
642 27 331
648 27 325
642 28 330
644 30 326
643 37 320
644 38 318
641 36 323
640 38 322
639 44 317
636 47 317
633 47 320
631 44 325
629 36 335
625 37 338
628 36 336
626 33 341
631 28 341
638 25 337
643 23 334
649 18 333
656 16 328
662 15 323
670 15 315
677 13 310
685 10 305
690 8 302
695 8 297
701 6 293
705 6 289
713 5 282
716 5 279
719 4 277
720 4 276
725 4 271
729 4 267
730 5 265
734 4 262
736 3 261
740 3 257
741 3 256
742 2 256
745 2 253
749 3 248
750 3 247
751 3 246
751 4 245
757 4 239
758 3 239
761 3 236
762 4 234
766 2 232
766 3 231
770 4 226
772 5 223
773 5 222
776 6 218
777 6 217
778 6 216
778 5 217
780 6 214
783 4 213
784 2 214
790 2 208
795 2 203
798 1 201
801 2 197
807 4 189
804 9 187
802 11 187
803 12 185
804 15 181
806 11 183
807 9 184
805 12 183
806 14 180
803 19 178
797 19 184
797 18 185
793 23 184
790 25 185
787 28 185
782 29 189
779 32 189
773 37 190
769 40 191
765 42 193
749 58 193
