998 2 0
997 3 0
997 3 0
993 5 2
991 5 4
991 4 5
989 6 5
987 8 5
977 16 7
967 25 8
954 35 11
926 61 13
906 72 22
881 79 40
849 101 50
820 110 70
798 115 87
769 132 99
743 135 122
708 146 146
692 143 165
676 140 184
658 138 204
645 134 221
629 133 238
613 138 249
598 135 267
588 128 284
569 127 304
562 135 303
557 127 316
546 117 337
535 117 348
528 117 355
531 109 360
533 98 369
528 97 375
522 95 383
519 90 391
521 85 394
524 72 404
521 65 414
524 62 414
522 61 417
528 57 415
538 44 418
542 46 412
546 44 410
543 42 415
543 42 415
549 37 414
551 36 413
550 39 411
550 34 416
554 29 417
558 29 413
559 28 413
563 21 416
567 19 414
572 18 410
577 14 409
579 17 404
578 20 402
580 23 397
587 20 393
592 19 389
592 21 387
597 17 386
600 16 384
605 18 377
614 15 371
618 13 369
624 15 361
631 13 356
637 13 350
638 12 350
638 13 349
638 16 346
641 15 344
647 13 340
649 16 335
654 16 330
658 15 327
660 17 323
662 18 320
658 17 325
662 15 323
665 15 320
664 22 314
665 21 314
671 17 312
673 18 309
679 16 305
682 17 301
686 15 299
693 13 294
696 10 294
700 11 289
702 14 284
701 16 283
698 23 279
694 27 279
694 24 282
690 28 282
689 30 281
689 29 282
688 31 281
684 35 281
688 33 279
689 31 280
696 28 276
694 27 279
696 25 279
700 22 278
702 21 277
705 22 273
707 21 272
706 24 270
705 25 270
710 25 265
708 23 269
709 20 271
716 19 265
715 18 267
716 17 267
716 21 263
714 24 262
716 28 256
714 32 254
708 36 256
710 35 255
709 36 255
703 39 258
703 47 250
697 51 252
687 58 255
687 55 258
684 57 259
680 57 263
674 51 275
671 47 282
670 42 288
672 39 289
672 39 289
673 40 287
675 34 291
674 32 294
678 28 294
680 28 292
686 25 289
691 21 288
697 17 286
698 19 283
702 18 280
704 15 281
705 13 282
708 16 276
702 22 276
693 30 277
691 33 276
687 39 274
680 42 278
672 47 281
665 49 286
661 50 289
661 42 297
661 35 304
663 35 302
665 32 303
668 30 302
664 29 307
667 31 302
663 38 299
662 40 298
666 37 297
667 37 296
665 37 298
667 32 301
670 28 302
671 29 300
674 26 300
675 26 299
680 22 298
681 15 304
684 14 302
691 16 293
687 19 294
684 20 296
684 22 294
682 29 289
685 29 286
683 30 287
680 37 283
676 40 284
673 41 286
664 50 286
655 59 286
647 62 291
641 63 296
636 61 303
632 64 304
630 65 305
622 65 313
618 62 320
614 68 318
612 64 324
612 63 325
609 58 333
608 62 330
604 61 335
599 56 345
599 54 347
602 47 351
607 36 357
612 32 356
615 34 351
620 26 354
624 21 355
628 21 351
630 20 350
636 18 346
642 18 340
649 16 335
652 13 335
659 12 329
661 12 327
664 11 325
669 9 322
673 9 318
674 11 315
679 9 312
684 7 309
688 9 303
693 8 299
698 7 295
703 8 289
704 6 290
707 7 286
714 6 280
718 4 278
723 4 273
727 4 269
729 4 267
735 4 261
739 4 257
744 3 253
749 3 248
752 5 243
751 7 242
761 7 232
763 8 229
769 9 222
771 6 223
772 6 222
773 8 219
774 9 217
772 14 214
769 15 216
763 22 215
756 27 217
747 35 218
741 36 223
736 37 227
731 39 230
725 40 235
725 34 241
721 39 240
716 37 247
712 38 250
713 35 252
698 46 256
700 42 258
701 36 263
703 35 262
702 30 268
699 33 268
696 35 269
695 33 272
693 34 273
693 36 271
692 31 277
690 29 281
696 26 278
697 21 282
700 21 279
696 22 282
692 28 280
688 30 282
686 33 281
674 43 283
665 48 287
657 50 293
653 55 292
647 59 294
650 48 302
654 42 304
656 38 306
658 33 309
660 33 307
665 26 309
671 24 305
670 28 302
671 24 305
670 26 304
668 27 305
669 28 303
679 24 297
676 27 297
680 31 289
683 30 287
683 31 286
678 37 285
683 33 284
680 36 284
678 32 290
677 31 292
682 29 289
679 31 290
673 32 295
669 35 296
671 33 296
670 29 301
669 27 304
663 32 305
666 30 304
661 31 308
665 29 306
668 27 305
668 33 299
667 30 303
672 32 296
675 27 298
678 25 297
680 23 297
684 21 295
685 20 295
688 19 293
690 18 292
692 22 286
698 23 279
699 22 279
698 26 276
699 26 275
697 30 273
692 31 277
690 27 283
699 24 277
706 23 271
707 25 268
708 24 268
705 25 270
709 19 272
709 16 275
707 15 278
708 14 278
708 15 277
709 15 276
714 18 268
713 19 268
717 20 263
722 20 258
724 19 257
727 19 254
724 19 257
725 20 255
724 19 257
726 21 253
727 22 251
726 22 252
730 22 248
727 25 248
729 28 243
731 24 245
732 24 244
731 26 243
728 27 245
728 24 248
728 26 246
734 27 239
732 29 239
727 28 245
715 37 248
706 44 250
699 49 252
691 57 252
683 56 261
677 64 259
669 68 263
664 75 261
652 83 265
645 78 277
635 79 286
634 84 282
627 90 283
622 88 290
613 92 295
610 91 299
609 82 309
602 82 316
599 75 326
598 68 334
602 66 332
601 73 326
597 67 336
601 61 338
608 53 339
602 54 344
601 51 348
598 51 351
600 47 353
595 51 354
592 48 360
591 43 366
590 44 366
592 39 369
592 36 372
597 31 372
601 24 375
606 23 371
608 21 371
616 19 365
617 16 367
626 15 359
630 13 357
633 15 352
637 17 346
646 16 338
653 16 331
655 16 329
654 15 331
657 13 330
660 16 324
663 17 320
670 15 315
672 16 312
676 17 307
676 18 306
679 19 302
682 19 299
686 19 295
682 22 296
681 27 292
679 28 293
676 29 295
679 27 294
678 32 290
678 33 289
677 35 288
670 37 293
670 38 292
666 42 292
657 42 301
654 46 300
651 51 298
650 53 297
643 57 300
636 58 306
629 65 306
622 68 310
619 68 313
615 65 320
610 60 330
607 52 341
602 56 342
600 50 350
596 60 344
597 61 342
600 51 349
600 50 350
601 49 350
600 46 354
598 42 360
598 37 365
597 38 365
598 35 367
591 40 369
588 38 374
589 37 374
590 37 373
590 36 374
592 35 373
597 33 370
603 28 369
611 26 363
617 25 358
623 21 356
626 20 354
631 18 351
639 16 345
643 14 343
650 13 337
653 13 334
659 12 329
660 13 327
663 10 327
667 10 323
671 8 321
677 7 316
685 5 310
691 6 303
695 6 299
698 7 295
696 8 296
698 9 293
689 17 294
694 17 289
688 19 293
686 24 290
686 24 290
682 26 292
683 25 292
683 28 289
688 26 286
688 23 289
691 24 285
691 22 287
690 23 287
689 21 290
694 22 284
698 19 283
701 14 285
705 11 284
710 12 278
709 17 274
709 16 275
708 17 275
709 18 273
706 20 274
701 23 276
701 22 277
697 28 275
706 24 270
707 28 265
704 34 262
702 34 264
701 34 265
699 32 269
702 31 267
703 34 263
708 32 260
710 32 258
705 36 259
704 36 260
703 39 258
707 40 253
705 38 257
700 42 258
699 40 261
692 43 265
686 43 271
682 41 277
671 50 279
667 52 281
662 51 287
659 47 294
659 43 298
659 44 297
653 42 305
656 38 306
656 37 307
658 40 302
662 37 301
658 40 302
664 39 297
668 41 291
671 40 289
671 41 288
680 37 283
680 37 283
676 40 284
671 43 286
674 37 289
675 38 287
674 34 292
677 32 291
682 28 290
681 25 294
677 29 294
669 36 295
667 34 299
665 35 300
661 39 300
659 39 302
654 44 302
655 43 302
646 47 307
637 53 310
638 53 309
637 53 310
633 57 310
629 52 319
634 46 320
634 41 325
639 37 324
645 31 324
648 32 320
650 27 323
652 24 324
662 20 318
666 18 316
669 15 316
672 16 312
671 18 311
681 14 305
681 14 305
681 19 300
683 17 300
681 20 299
688 15 297
688 17 295
692 15 293
697 14 289
699 18 283
702 18 280
701 20 279
697 20 283
699 17 284
708 16 276
711 18 271
710 23 267
713 19 268
709 22 269
710 20 270
710 18 272
714 15 271
719 12 269
721 11 268
724 11 265
727 9 264
728 8 264
727 7 266
727 9 264
729 11 260
730 13 257
732 13 255
733 14 253
737 14 249
739 9 252
743 7 250
747 8 245
752 7 241
756 7 237
761 7 232
762 7 231
765 5 230
763 8 229
767 6 227
769 6 225
772 7 221
774 6 220
775 4 221
776 5 219
779 6 215
780 6 214
783 6 211
786 6 208
788 8 204
788 8 204
788 8 204
790 7 203
792 5 203
792 5 203
790 7 203
791 8 201
793 10 197
793 12 195
795 11 194
793 12 195
784 20 196
783 19 198
775 28 197
763 38 199
750 45 205
747 46 207
741 47 212
734 51 215
724 55 221
714 59 227
707 62 231
701 60 239
698 60 242
692 60 248
685 55 260
692 51 257
695 47 258
694 46 260
689 42 269
688 42 270
691 40 269
691 40 269
690 37 273
686 33 281
685 34 281
686 35 279
685 35 280
688 35 277
690 38 272
688 41 271
684 40 276
690 39 271
687 41 272
682 47 271
677 50 273
675 51 274
670 56 274
670 53 277
674 42 284
677 38 285
675 37 288
675 42 283
674 35 291
670 31 299
667 34 299
671 39 290
666 45 289
665 43 292
665 41 294
666 40 294
665 41 294
670 38 292
671 34 295
666 36 298
660 36 304
656 34 310
652 41 307
654 42 304
653 41 306
648 37 315
645 37 318
644 37 319
645 32 323
643 34 323
645 31 324
649 27 324
653 27 320
660 26 314
658 26 316
662 26 312
665 26 309
662 30 308
661 29 310
657 28 315
659 27 314
660 23 317
663 19 318
668 21 311
670 24 306
671 27 302
669 33 298
666 35 299
668 32 300
669 29 302
665 33 302
664 36 300
656 41 303
651 39 310
647 41 312
645 39 316
650 34 316
652 27 321
653 25 322
653 22 325
654 22 324
660 20 320
665 18 317
667 17 316
673 12 315
676 8 316
683 8 309
687 8 305
692 10 298
696 9 295
702 8 290
703 6 291
705 9 286
712 10 278
717 11 272
717 13 270
714 15 271
716 14 270
716 15 269
718 14 268
720 11 269
728 10 262
731 10 259
733 12 255
739 11 250
745 10 245
750 7 243
750 5 245
752 2 246
752 2 246
754 2 244
761 2 237
766 2 232
771 3 226
771 5 224
773 8 219
772 9 219
774 5 221
778 4 218
783 4 213
785 3 212
789 3 208
793 3 204
796 2 202
804 2 194
807 2 191
809 2 189
811 1 188
812 1 187
813 1 186
816 1 183
817 1 182
826 1 173
827 2 171
829 2 169
829 2 169
831 2 167
834 2 164
837 3 160
838 2 160
839 2 159
843 2 155
845 2 153
848 1 151
850 1 149
853 0 147
859 0 141
862 0 138
865 0 135
869 0 131
871 0 129
874 0 126
877 0 123
878 0 122
879 0 121
884 0 116
885 0 115
886 0 114
887 0 113
890 0 110
893 0 107
893 0 107
895 0 105
895 0 105
896 0 104
897 0 103
899 0 101
901 0 99
903 0 97
908 0 92
908 0 92
912 0 88
913 0 87
915 0 85
916 0 84
916 0 84
916 0 84
920 0 80
920 0 80
923 0 77
923 0 77
924 0 76
925 0 75
928 0 72
929 0 71
930 0 70
932 0 68
932 0 68
933 0 67
933 0 67
933 0 67
933 0 67
934 0 66
935 0 65
935 0 65
936 0 64
936 0 64
936 0 64
937 0 63
939 0 61
939 0 61
943 0 57
944 0 56
944 0 56
944 0 56
947 0 53
948 0 52
948 0 52
948 0 52
949 0 51
949 0 51
949 0 51
949 0 51
951 0 49
952 0 48
955 0 45
957 0 43
957 0 43
957 0 43
960 0 40
961 0 39
961 0 39
961 0 39
961 0 39
962 0 38
962 0 38
962 0 38
963 0 37
963 0 37
965 0 35
965 0 35
965 0 35
965 0 35
965 0 35
965 0 35
965 0 35
966 0 34
966 0 34
966 0 34
966 0 34
966 0 34
966 0 34
966 0 34
967 0 33
967 0 33
968 0 32
968 0 32
968 0 32
968 0 32
968 0 32
968 0 32
969 0 31
969 0 31
969 0 31
970 0 30
970 0 30
970 0 30
970 0 30
970 0 30
970 0 30
970 0 30
970 0 30
970 0 30
970 0 30
972 0 28
973 0 27
974 0 26
974 0 26
976 0 24
977 0 23
977 0 23
978 0 22
979 0 21
980 0 20
980 0 20
980 0 20
980 0 20
980 0 20
980 0 20
980 0 20
980 0 20
980 0 20
980 0 20
980 0 20
980 0 20
980 0 20
980 0 20
980 0 20
981 0 19
981 0 19
981 0 19
983 0 17
983 0 17
983 0 17
984 0 16
985 0 15
985 0 15
986 0 14
986 0 14
986 0 14
986 0 14
986 0 14
987 0 13
987 0 13
987 0 13
987 0 13
989 0 11
989 0 11
989 0 11
989 0 11
989 0 11
989 0 11
989 0 11
990 0 10
990 0 10
990 0 10
990 0 10
990 0 10
990 0 10
