998 2 0
997 3 0
994 5 1
991 8 1
981 14 5
978 14 8
974 15 11
965 21 14
948 34 18
935 41 24
922 49 29
908 55 37
889 70 41
869 79 52
853 87 60
841 84 75
820 90 90
800 96 104
788 97 115
774 100 126
754 107 139
737 110 153
714 124 162
692 129 179
654 148 198
636 151 213
620 155 225
605 147 248
578 150 272
567 139 294
555 135 310
548 125 327
541 124 335
540 118 342
537 113 350
532 113 355
527 104 369
523 94 383
527 90 383
532 79 389
534 73 393
532 70 398
536 65 399
530 65 405
523 69 408
523 60 417
521 57 422
527 53 420
522 57 421
522 56 422
528 50 422
524 49 427
530 46 424
531 45 424
535 47 418
535 50 415
539 45 416
540 46 414
540 42 418
540 45 415
544 43 413
543 47 410
540 45 415
540 42 418
542 43 415
545 38 417
550 40 410
549 38 413
549 39 412
550 35 415
553 35 412
561 34 405
563 31 406
570 28 402
575 28 397
576 31 393
582 29 389
582 26 392
589 25 386
594 22 384
599 23 378
605 22 373
603 23 374
609 22 369
614 19 367
615 21 364
619 21 360
621 22 357
624 23 353
631 22 347
635 19 346
637 16 347
636 18 346
641 14 345
645 13 342
648 13 339
649 14 337
658 13 329
664 14 322
672 13 315
672 14 314
673 16 311
672 18 310
679 13 308
678 17 305
675 21 304
675 25 300
673 24 303
673 24 303
676 21 303
686 20 294
693 18 289
693 18 289
693 16 291
697 13 290
701 10 289
703 10 287
706 8 286
710 6 284
717 7 276
723 6 271
727 4 269
729 4 267
732 4 264
733 3 264
737 3 260
740 2 258
746 1 253
755 1 244
761 1 238
764 1 235
764 3 233
767 2 231
774 3 223
776 4 220
779 6 215
784 5 211
783 4 213
786 6 208
787 7 206
790 7 203
792 8 200
794 7 199
799 5 196
806 4 190
812 4 184
818 2 180
821 2 177
821 1 178
825 3 172
824 3 173
824 5 171
826 3 171
831 4 165
829 5 166
831 6 163
831 4 165
837 5 158
842 4 154
846 4 150
844 7 149
843 8 149
843 10 147
839 14 147
839 15 146
834 19 147
825 27 148
820 31 149
816 33 151
816 34 150
814 34 152
811 33 156
803 36 161
806 34 160
803 39 158
799 40 161
792 40 168
781 45 174
769 54 177
761 60 179
761 51 188
754 55 191
744 55 201
732 61 207
725 62 213
719 65 216
721 62 217
716 62 222
710 66 224
699 65 236
692 59 249
689 55 256
689 49 262
691 49 260
687 51 262
689 50 261
691 48 261
689 46 265
684 42 274
684 37 279
680 38 282
677 35 288
676 35 289
672 40 288
667 37 296
667 40 293
669 38 293
670 39 291
666 41 293
663 48 289
662 47 291
654 50 296
653 50 297
654 50 296
655 41 304
655 38 307
650 45 305
647 46 307
646 42 312
645 41 314
646 37 317
651 34 315
646 38 316
642 36 322
645 32 323
650 30 320
651 33 316
644 35 321
645 35 320
644 35 321
642 36 322
637 41 322
643 38 319
639 38 323
641 38 321
640 41 319
636 45 319
638 47 315
631 53 316
623 53 324
616 52 332
614 52 334
613 50 337
603 58 339
593 61 346
591 62 347
590 55 355
590 47 363
592 42 366
593 46 361
595 42 363
600 40 360
604 36 360
604 37 359
600 37 363
607 32 361
603 31 366
601 33 366
606 33 361
605 33 362
599 40 361
599 39 362
604 37 359
601 38 361
601 35 364
599 32 369
600 31 369
602 32 366
606 33 361
605 33 362
606 32 362
606 36 358
610 37 353
616 34 350
619 32 349
624 30 346
623 34 343
621 39 340
623 36 341
623 32 345
625 27 348
628 26 346
631 25 344
633 28 339
646 22 332
650 16 334
655 14 331
661 14 325
663 15 322
668 14 318
671 15 314
670 18 312
671 19 310
674 21 305
676 21 303
671 25 304
673 21 306
678 19 303
677 20 303
680 17 303
682 17 301
684 17 299
688 16 296
691 14 295
696 11 293
699 12 289
701 11 288
704 10 286
710 9 281
721 8 271
724 8 268
730 7 263
731 6 263
736 8 256
743 9 248
750 6 244
754 8 238
759 9 232
759 13 228
759 12 229
761 12 227
767 7 226
768 9 223
769 15 216
772 17 211
766 23 211
768 26 206
767 30 203
759 38 203
754 42 204
743 50 207
736 54 210
727 59 214
719 55 226
705 70 225
691 83 226
680 87 233
671 85 244
656 87 257
646 85 269
635 83 282
627 80 293
622 79 299
615 83 302
610 79 311
605 76 319
596 69 335
592 65 343
597 57 346
597 55 348
594 55 351
592 55 353
593 54 353
592 45 363
596 39 365
601 35 364
604 32 364
607 32 361
612 29 359
611 22 367
620 24 356
622 24 354
627 24 349
627 27 346
633 27 340
639 20 341
642 26 332
638 35 327
638 39 323
635 43 322
633 43 324
626 46 328
620 49 331
618 44 338
613 45 342
610 41 349
611 37 352
616 35 349
624 33 343
624 33 343
623 35 342
619 33 348
623 33 344
622 36 342
624 36 340
618 40 342
617 38 345
624 34 342
630 30 340
623 37 340
620 38 342
617 41 342
621 36 343
623 35 342
618 41 341
610 45 345
607 51 342
604 51 345
603 53 344
606 49 345
604 44 352
611 42 347
615 36 349
616 33 351
619 31 350
622 29 349
623 29 348
630 26 344
634 30 336
643 29 328
644 24 332
636 29 335
633 34 333
632 29 339
633 30 337
631 36 333
635 37 328
629 42 329
630 38 332
630 35 335
627 43 330
626 44 330
613 49 338
615 45 340
612 48 340
611 47 342
611 49 340
609 53 338
610 45 345
603 48 349
606 46 348
605 45 350
605 43 352
605 42 353
607 40 353
608 38 354
611 35 354
612 33 355
616 29 355
617 28 355
622 28 350
627 27 346
626 29 345
634 31 335
636 26 338
635 32 333
643 28 329
648 24 328
648 26 326
653 28 319
654 27 319
657 26 317
652 31 317
650 30 320
651 27 322
651 30 319
651 27 322
653 29 318
657 24 319
660 22 318
664 24 312
671 19 310
676 16 308
679 15 306
681 10 309
685 9 306
694 7 299
704 5 291
708 5 287
710 5 285
713 4 283
720 4 276
722 5 273
723 6 271
723 7 270
724 11 265
726 12 262
730 13 257
731 12 257
736 8 256
738 11 251
742 13 245
741 14 245
741 12 247
742 12 246
742 12 246
740 18 242
740 17 243
742 15 243
745 17 238
745 22 233
736 30 234
733 28 239
738 28 234
738 26 236
741 28 231
744 27 229
741 29 230
735 33 232
735 38 227
733 40 227
729 39 232
726 41 233
728 36 236
725 36 239
727 34 239
732 28 240
729 30 241
733 28 239
736 28 236
736 29 235
734 33 233
728 29 243
729 25 246
728 23 249
731 24 245
734 19 247
735 16 249
738 17 245
741 16 243
743 14 243
748 12 240
750 13 237
750 13 237
752 13 235
757 12 231
762 12 226
764 11 225
763 13 224
764 13 223
767 15 218
773 11 216
779 9 212
785 9 206
786 6 208
784 7 209
788 8 204
791 8 201
795 8 197
798 10 192
800 10 190
799 13 188
798 15 187
794 22 184
789 22 189
787 24 189
786 26 188
785 25 190
778 34 188
766 46 188
758 52 190
754 50 196
748 53 199
744 53 203
734 55 211
732 50 218
731 47 222
729 44 227
724 44 232
724 40 236
718 44 238
713 48 239
708 48 244
707 45 248
703 44 253
699 41 260
693 47 260
685 52 263
669 58 273
665 61 274
657 69 274
653 67 280
648 60 292
644 65 291
642 57 301
637 54 309
642 47 311
640 47 313
640 46 314
641 43 316
641 38 321
647 32 321
645 34 321
642 33 325
648 32 320
647 31 322
649 31 320
650 27 323
653 25 322
652 24 324
654 26 320
655 26 319
657 23 320
659 24 317
657 27 316
658 29 313
651 36 313
648 38 314
648 43 309
639 54 307
635 51 314
639 41 320
641 36 323
645 40 315
649 36 315
646 36 318
652 33 315
645 33 322
637 45 318
635 47 318
636 49 315
627 61 312
622 62 316
618 55 327
612 50 338
604 51 345
606 45 349
606 43 351
610 41 349
613 42 345
601 51 348
597 55 348
591 58 351
581 64 355
577 67 356
579 60 361
573 58 369
576 52 372
580 46 374
580 44 376
586 40 374
588 40 372
587 40 373
593 36 371
595 33 372
595 33 372
594 39 367
589 46 365
586 48 366
593 43 364
603 41 356
606 37 357
608 35 357
610 34 356
609 31 360
609 32 359
624 30 346
627 30 343
631 29 340
632 29 339
633 30 337
634 31 335
631 34 335
633 34 333
628 34 338
632 32 336
633 33 334
632 31 337
636 33 331
635 32 333
636 35 329
636 38 326
627 41 332
628 43 329
625 49 326
625 39 336
624 39 337
625 35 340
630 34 336
633 26 341
635 24 341
639 25 336
643 23 334
642 25 333
648 21 331
652 22 326
656 19 325
655 21 324
661 16 323
666 13 321
667 11 322
669 9 322
675 8 317
681 7 312
689 6 305
694 7 299
700 8 292
705 8 287
709 7 284
712 6 282
716 7 277
718 5 277
722 5 273
726 4 270
731 3 266
731 3 266
729 6 265
728 8 264
728 10 262
730 8 262
731 5 264
730 7 263
730 11 259
730 18 252
728 22 250
718 25 257
711 31 258
704 36 260
703 36 261
700 37 263
703 39 258
702 35 263
691 45 264
688 49 263
684 47 269
680 45 275
679 40 281
678 41 281
676 44 280
673 48 279
673 47 280
677 45 278
679 43 278
678 37 285
678 34 288
680 32 288
678 31 291
673 35 292
671 36 293
672 40 288
673 39 288
671 41 288
664 48 288
658 48 294
656 50 294
654 45 301
659 42 299
648 49 303
648 46 306
642 50 308
636 52 312
632 49 319
632 49 319
629 51 320
631 48 321
626 48 326
622 49 329
622 54 324
623 53 324
617 48 335
611 53 336
613 51 336
611 52 337
615 49 336
612 45 343
613 42 345
612 40 348
610 40 350
613 37 350
618 32 350
622 29 349
625 31 344
629 28 343
632 26 342
639 22 339
641 21 338
648 20 332
650 21 329
653 20 327
660 18 322
663 19 318
666 18 316
665 17 318
666 19 315
658 29 313
653 35 312
647 41 312
647 42 311
643 42 315
644 39 317
644 39 317
644 37 319
650 39 311
651 36 313
653 31 316
653 35 312
655 35 310
652 42 306
644 47 309
641 51 308
633 56 311
626 65 309
626 58 316
627 55 318
618 60 322
621 55 324
624 61 315
619 58 323
622 55 323
626 50 324
625 50 325
626 47 327
628 45 327
629 39 332
627 39 334
630 36 334
638 30 332
642 27 331
648 25 327
651 24 325
650 26 324
648 30 322
648 32 320
649 38 313
647 39 314
649 38 313
653 36 311
654 33 313
654 33 313
652 35 313
654 34 312
652 32 316
656 32 312
656 29 315
656 29 315
654 29 317
646 34 320
645 30 325
645 33 322
647 31 322
646 33 321
649 29 322
653 29 318
653 32 315
653 34 313
652 30 318
652 33 315
655 30 315
652 35 313
651 36 313
653 31 316
655 31 314
656 30 314
657 30 313
657 35 308
659 35 306
653 39 308
650 41 309
649 39 312
652 37 311
649 37 314
652 32 316
654 28 318
646 34 320
648 32 320
649 31 320
648 28 324
648 28 324
652 32 316
647 35 318
649 37 314
647 34 319
650 26 324
650 21 329
653 23 324
655 21 324
665 20 315
664 21 315
670 21 309
670 22 308
675 24 301
678 24 298
680 26 294
676 28 296
674 32 294
676 30 294
676 30 294
675 31 294
672 34 294
673 38 289
669 37 294
671 37 292
661 49 290
652 53 295
652 47 301
650 47 303
644 48 308
643 50 307
638 53 309
639 52 309
632 51 317
628 48 324
628 43 329
630 43 327
628 40 332
630 40 330
632 43 325
629 46 325
630 41 329
636 37 327
643 33 324
644 30 326
645 34 321
649 33 318
651 32 317
649 30 321
648 23 329
650 20 330
654 18 328
662 18 320
662 14 324
667 12 321
669 12 319
671 10 319
674 12 314
675 12 313
677 14 309
678 14 308
676 13 311
681 11 308
684 7 309
683 11 306
687 13 300
689 15 296
690 16 294
693 15 292
693 15 292
695 17 288
696 14 290
700 15 285
698 19 283
699 21 280
702 22 276
695 30 275
689 36 275
694 34 272
688 33 279
688 35 277
688 36 276
689 32 279
689 34 277
686 38 276
686 42 272
682 47 271
678 48 274
674 50 276
669 46 285
668 40 292
668 39 293
670 36 294
670 34 296
667 35 298
671 38 291
666 49 285
661 50 289
658 54 288
651 58 291
645 61 294
629 68 303
622 66 312
625 61 314
629 53 318
622 55 323
623 48 329
624 48 328
622 47 331
622 43 335
620 46 334
623 44 333
627 39 334
623 44 333
624 39 337
627 31 342
627 33 340
627 30 343
629 25 346
629 25 346
633 24 343
630 24 346
639 22 339
644 17 339
650 13 337
657 12 331
660 14 326
666 14 320
669 9 322
678 8 314
683 10 307
686 7 307
690 7 303
694 8 298
696 7 297
700 7 293
704 6 290
705 7 288
704 9 287
707 11 282
713 13 274
717 11 272
719 12 269
720 13 267
