997 3 0
995 5 0
992 8 0
990 7 3
986 11 3
980 15 5
971 24 5
959 30 11
937 47 16
915 60 25
892 77 31
855 106 39
818 127 55
792 142 66
755 148 97
727 162 111
702 166 132
688 157 155
666 157 177
646 159 195
624 167 209
587 180 233
574 159 267
554 162 284
542 160 298
530 154 316
522 155 323
512 150 338
507 138 355
505 129 366
500 118 382
495 117 388
496 108 396
488 108 404
486 96 418
485 89 426
492 83 425
490 80 430
488 74 438
488 73 439
485 75 440
488 67 445
485 71 444
490 68 442
496 62 442
498 58 444
502 55 443
509 51 440
509 47 444
509 46 445
521 44 435
521 43 436
520 43 437
525 38 437
522 36 442
521 33 446
526 29 445
528 28 444
534 25 441
535 26 439
537 27 436
544 24 432
547 23 430
554 21 425
555 24 421
561 19 420
563 19 418
569 14 417
574 14 412
580 12 408
583 10 407
595 10 395
602 9 389
609 10 381
617 11 372
625 9 366
630 7 363
639 6 355
648 4 348
655 4 341
661 6 333
668 5 327
670 6 324
672 5 323
672 7 321
673 10 317
674 9 317
676 9 315
678 5 317
681 5 314
683 6 311
684 8 308
682 14 304
672 20 308
670 25 305
667 26 307
668 20 312
667 19 314
667 23 310
673 21 306
678 25 297
685 24 291
688 22 290
690 18 292
695 19 286
701 15 284
702 11 287
707 9 284
711 9 280
719 9 272
721 6 273
727 6 267
729 5 266
734 5 261
735 8 257
736 9 255
745 7 248
745 9 246
749 9 242
754 12 234
759 13 228
760 11 229
761 13 226
763 13 224
765 12 223
765 14 221
765 13 222
766 12 222
765 10 225
769 11 220
773 13 214
775 14 211
776 14 210
776 19 205
775 21 204
776 20 204
780 21 199
779 20 201
778 24 198
779 22 199
773 28 199
770 31 199
772 25 203
768 31 201
769 26 205
766 24 210
765 27 208
759 34 207
755 33 212
752 32 216
748 38 214
736 45 219
726 52 222
715 61 224
708 61 231
705 63 232
698 68 234
692 70 238
682 74 244
672 71 257
663 72 265
658 64 278
657 64 279
652 60 288
654 57 289
650 54 296
650 54 296
643 58 299
642 53 305
636 56 308
635 56 309
633 49 318
630 46 324
633 36 331
638 37 325
645 30 325
643 27 330
643 25 332
642 25 333
644 25 331
647 22 331
646 28 326
641 31 328
639 27 334
637 28 335
635 34 331
633 38 329
632 33 335
629 32 339
631 33 336
625 38 337
621 39 340
624 35 341
619 38 343
617 35 348
621 33 346
626 32 342
624 34 342
628 33 339
628 31 341
625 38 337
621 40 339
621 45 334
622 41 337
620 45 335
616 45 339
618 46 336
612 51 337
611 48 341
616 47 337
617 45 338
618 42 340
610 44 346
613 44 343
615 38 347
612 36 352
612 40 348
608 47 345
606 46 348
599 52 349
604 50 346
601 47 352
602 46 352
605 42 353
600 44 356
595 42 363
593 43 364
600 37 363
601 34 365
596 37 367
597 31 372
598 31 371
600 30 370
600 29 371
604 32 364
605 35 360
611 33 356
613 30 357
613 34 353
618 27 355
621 23 356
620 25 355
626 24 350
627 21 352
627 21 352
627 20 353
628 22 350
629 19 352
631 17 352
631 16 353
633 13 354
641 10 349
643 9 348
652 8 340
656 8 336
665 6 329
666 5 329
671 6 323
678 4 318
679 4 317
682 5 313
685 5 310
693 5 302
700 5 295
702 5 293
705 5 290
709 6 285
708 9 283
711 6 283
715 7 278
712 10 278
713 15 272
715 20 265
719 19 262
724 20 256
725 19 256
722 25 253
717 27 256
715 26 259
713 28 259
717 30 253
709 33 258
708 32 260
702 35 263
702 39 259
703 38 259
694 42 264
694 42 264
691 44 265
686 47 267
677 52 271
669 58 273
660 64 276
652 69 279
650 61 289
645 67 288
645 62 293
642 61 297
637 61 302
637 61 302
633 64 303
633 59 308
638 47 315
634 52 314
633 51 316
629 50 321
626 53 321
628 50 322
625 45 330
625 40 335
627 37 336
624 35 341
627 28 345
632 33 335
635 36 329
632 35 333
629 35 336
635 36 329
631 43 326
632 43 325
631 41 328
630 37 333
632 38 330
625 45 330
627 41 332
628 39 333
629 36 335
631 33 336
635 30 335
637 26 337
639 24 337
640 23 337
647 26 327
647 26 327
650 23 327
647 25 328
652 22 326
652 24 324
653 20 327
658 20 322
661 19 320
662 17 321
666 16 318
661 25 314
667 23 310
669 24 307
667 26 307
668 23 309
671 22 307
674 21 305
671 28 301
677 21 302
681 21 298
692 19 289
694 19 287
701 16 283
708 15 277
713 15 272
717 13 270
722 10 268
726 9 265
728 9 263
733 9 258
736 9 255
738 9 253
738 9 253
741 9 250
743 9 248
745 9 246
744 11 245
743 14 243
750 15 235
755 9 236
756 9 235
758 7 235
760 7 233
765 7 228
770 8 222
773 8 219
774 9 217
779 8 213
780 8 212
783 8 209
784 11 205
789 8 203
791 5 204
797 3 200
799 1 200
802 1 197
804 1 195
803 2 195
805 4 191
807 4 189
807 5 188
808 4 188
809 6 185
809 6 185
806 8 186
808 7 185
809 7 184
808 5 187
811 5 184
810 8 182
814 8 178
811 10 179
812 12 176
813 11 176
814 13 173
816 13 171
820 12 168
819 15 166
817 16 167
817 13 170
813 18 169
812 20 168
811 24 165
814 22 164
815 22 163
813 22 165
813 21 166
811 24 165
807 30 163
809 27 164
806 28 166
802 29 169
795 32 173
790 34 176
793 33 174
782 40 178
772 54 174
771 49 180
768 52 180
764 54 182
755 58 187
745 62 193
736 66 198
727 66 207
724 63 213
716 63 221
712 62 226
710 59 231
713 57 230
714 52 234
713 48 239
709 46 245
710 44 246
718 41 241
714 46 240
709 48 243
707 49 244
706 46 248
696 53 251
694 51 255
688 54 258
686 53 261
677 60 263
673 66 261
673 59 268
675 52 273
673 49 278
665 55 280
673 47 280
675 44 281
674 42 284
674 39 287
677 35 288
678 31 291
678 26 296
678 24 298
680 25 295
682 27 291
681 28 291
679 29 292
682 28 290
685 28 287
686 24 290
692 19 289
693 18 289
689 23 288
694 22 284
695 23 282
695 26 279
696 30 274
692 31 277
695 35 270
693 38 269
693 33 274
696 33 271
695 36 269
697 36 267
701 37 262
696 39 265
695 38 267
696 36 268
688 37 275
688 38 274
687 38 275
683 41 276
683 37 280
681 37 282
686 35 279
684 36 280
690 32 278
690 30 280
694 27 279
698 26 276
699 26 275
702 28 270
698 30 272
698 31 271
702 26 272
698 29 273
699 27 274
701 26 273
700 29 271
699 29 272
697 32 271
692 34 274
694 33 273
691 32 277
685 32 283
687 29 284
680 32 288
676 35 289
670 34 296
665 38 297
663 38 299
666 33 301
660 40 300
656 43 301
656 44 300
659 43 298
659 38 303
655 43 302
653 42 305
654 42 304
654 43 303
648 49 303
644 51 305
643 49 308
637 51 312
626 59 315
620 59 321
617 62 321
611 63 326
601 65 334
598 62 340
598 59 343
603 57 340
597 62 341
600 62 338
599 55 346
596 60 344
596 56 348
597 55 348
598 52 350
597 52 351
595 53 352
593 51 356
591 51 358
594 50 356
595 48 357
596 49 355
593 52 355
591 55 354
590 54 356
591 49 360
588 46 366
585 50 365
587 48 365
586 49 365
586 44 370
586 45 369
585 52 363
576 60 364
578 64 358
577 63 360
582 59 359
585 55 360
588 50 362
594 45 361
597 43 360
604 41 355
602 42 356
604 36 360
605 33 362
616 28 356
617 26 357
618 23 359
618 25 357
616 27 357
620 29 351
616 27 357
618 22 360
623 23 354
629 20 351
637 18 345
638 19 343
647 18 335
642 27 331
638 33 329
624 41 335
622 39 339
617 40 343
614 38 348
613 41 346
616 36 348
616 35 349
617 37 346
615 33 352
615 33 352
620 30 350
623 30 347
628 29 343
626 23 351
630 20 350
639 20 341
644 19 337
653 17 330
654 19 327
661 18 321
666 14 320
672 13 315
675 15 310
682 18 300
686 16 298
688 15 297
689 13 298
692 14 294
694 14 292
694 15 291
695 13 292
704 10 286
707 9 284
715 5 280
722 5 273
730 6 264
732 5 263
733 5 262
737 4 259
741 4 255
748 3 249
749 5 246
751 6 243
752 7 241
759 8 233
765 6 229
768 4 228
770 5 225
772 8 220
778 8 214
775 9 216
774 11 215
777 12 211
774 17 209
773 17 210
767 25 208
760 33 207
746 42 212
733 51 216
724 57 219
719 53 228
711 60 229
697 60 243
691 62 247
674 66 260
671 65 264
665 64 271
664 63 273
653 73 274
646 69 285
642 68 290
639 72 289
638 69 293
640 64 296
639 62 299
635 59 306
634 59 307
635 60 305
629 62 309
629 54 317
625 53 322
622 54 324
614 65 321
609 66 325
605 55 340
600 49 351
601 53 346
599 50 351
596 51 353
597 51 352
594 52 354
596 51 353
593 44 363
597 40 363
602 34 364
605 26 369
604 28 368
605 30 365
609 28 363
613 23 364
614 23 363
615 28 357
624 28 348
625 31 344
631 32 337
629 30 341
633 32 335
634 33 333
631 35 334
631 35 334
635 32 333
638 26 336
649 24 327
651 21 328
652 23 325
653 20 327
659 22 319
662 23 315
665 22 313
665 18 317
663 19 318
665 21 314
664 20 316
666 20 314
668 17 315
668 16 316
669 15 316
675 14 311
680 13 307
680 17 303
688 19 293
684 24 292
694 20 286
696 17 287
700 16 284
700 18 282
695 25 280
696 26 278
700 25 275
701 27 272
699 29 272
692 37 271
689 40 271
687 46 267
684 45 271
677 46 277
678 40 282
676 38 286
673 34 293
673 31 296
673 23 304
672 20 308
667 29 304
662 32 306
662 34 304
655 37 308
651 42 307
637 46 317
631 48 321
626 51 323
630 45 325
625 51 324
621 52 327
617 50 333
617 50 333
610 51 339
608 55 337
609 50 341
606 45 349
605 45 350
602 47 351
601 52 347
599 54 347
599 54 347
593 59 348
581 65 354
574 71 355
567 76 357
569 75 356
565 72 363
561 74 365
556 79 365
556 75 369
557 66 377
559 68 373
559 66 375
561 59 380
563 52 385
565 50 385
565 50 385
563 50 387
562 50 388
564 42 394
560 47 393
566 43 391
567 41 392
566 44 390
572 37 391
578 35 387
579 35 386
575 36 389
578 33 389
579 34 387
581 28 391
584 28 388
583 29 388
580 28 392
579 30 391
581 28 391
586 26 388
589 26 385
597 25 378
597 24 379
604 22 374
609 21 370
610 29 361
618 27 355
624 21 355
625 22 353
625 22 353
631 20 349
634 19 347
641 20 339
645 14 341
648 14 338
659 12 329
659 13 328
662 15 323
663 13 324
661 12 327
662 11 327
665 11 324
668 10 322
673 11 316
681 9 310
685 8 307
692 8 300
695 9 296
696 8 296
698 8 294
701 9 290
707 8 285
708 10 282
711 9 280
716 6 278
719 7 274
722 5 273
725 5 270
724 6 270
726 8 266
730 10 260
732 9 259
735 10 255
739 9 252
743 10 247
742 16 242
745 15 240
746 16 238
750 16 234
754 13 233
755 14 231
759 13 228
760 15 225
763 17 220
762 18 220
764 17 219
761 21 218
755 25 220
755 23 222
755 22 223
752 23 225
751 24 225
755 23 222
756 26 218
750 32 218
743 34 223
739 36 225
729 45 226
728 47 225
721 54 225
713 60 227
697 74 229
690 67 243
679 69 252
673 68 259
666 68 266
657 73 270
654 71 275
651 64 285
644 62 294
637 56 307
635 55 310
632 49 319
635 47 318
633 48 319
630 45 325
624 49 327
621 48 331
616 51 333
612 53 335
611 48 341
608 50 342
601 52 347
592 61 347
594 57 349
594 57 349
589 62 349
594 57 349
593 52 355
588 54 358
585 50 365
585 47 368
581 49 370
582 46 372
584 45 371
589 45 366
583 53 364
591 48 361
592 47 361
595 43 362
602 34 364
596 36 368
598 27 375
594 31 375
597 32 371
594 29 377
594 30 376
601 25 374
601 23 376
608 24 368
613 24 363
615 20 365
618 18 364
621 17 362
627 15 358
630 16 354
631 16 353
634 17 349
634 18 348
637 20 343
638 21 341
641 18 341
642 20 338
641 25 334
635 29 336
635 32 333
635 36 329
636 33 331
636 30 334
635 28 337
642 29 329
647 22 331
650 19 331
655 20 325
663 19 318
666 13 321
669 11 320
671 11 318
677 9 314
683 8 309
688 7 305
689 7 304
698 7 295
700 7 293
707 7 286
709 9 282
713 9 278
714 10 276
712 14 274
715 13 272
717 14 269
714 19 267
710 25 265
708 30 262
703 32 265
703 29 268
704 29 267
705 30 265
709 24 267
711 23 266
710 22 268
717 19 264
718 22 260
722 19 259
723 22 255
720 21 259
719 19 262
724 21 255
728 22 250
727 22 251
726 25 249
723 29 248
719 34 247
718 31 251
714 32 254
715 32 253
719 31 250
724 31 245
722 31 247
719 29 252
