997 3 0
995 4 1
995 4 1
988 10 2
985 12 3
976 18 6
974 15 11
969 17 14
960 22 18
944 37 19
928 44 28
919 47 34
904 55 41
882 73 45
866 78 56
845 90 65
825 94 81
809 100 91
793 98 109
775 100 125
748 111 141
723 120 157
705 114 181
688 106 206
681 98 221
672 100 228
664 98 238
659 89 252
656 92 252
643 92 265
643 79 278
641 73 286
637 64 299
626 69 305
625 71 304
617 71 312
610 65 325
616 58 326
611 50 339
619 38 343
623 34 343
629 34 337
635 29 336
638 25 337
642 20 338
641 21 338
644 22 334
647 22 331
650 18 332
650 17 333
657 14 329
658 13 329
667 13 320
666 17 317
669 15 316
679 15 306
680 12 308
684 12 304
689 11 300
691 14 295
700 11 289
701 10 289
708 10 282
713 10 277
715 10 275
722 11 267
725 12 263
725 13 262
724 14 262
724 16 260
724 18 258
720 24 256
718 27 255
713 34 253
704 40 256
701 43 256
700 47 253
687 53 260
681 58 261
674 59 267
666 60 274
657 63 280
654 62 284
650 55 295
649 49 302
651 37 312
652 36 312
653 34 313
651 37 312
654 38 308
656 38 306
654 37 309
659 34 307
668 30 302
669 26 305
680 23 297
686 21 293
686 23 291
683 23 294
684 23 293
689 19 292
693 17 290
693 16 291
695 16 289
700 14 286
700 15 285
706 13 281
711 10 279
715 12 273
716 12 272
714 13 273
711 18 271
712 17 271
712 14 274
716 14 270
719 13 268
724 9 267
731 8 261
731 8 261
735 7 258
739 8 253
737 12 251
742 10 248
747 10 243
742 13 245
745 13 242
746 12 242
746 15 239
748 17 235
750 19 231
749 21 230
750 17 233
753 14 233
752 16 232
754 15 231
757 14 229
757 14 229
758 12 230
762 13 225
763 12 225
763 15 222
764 15 221
767 14 219
763 18 219
760 19 221
758 18 224
759 21 220
756 22 222
756 23 221
753 25 222
746 29 225
743 35 222
740 39 221
734 40 226
723 51 226
720 52 228
717 49 234
716 53 231
708 52 240
704 52 244
698 53 249
693 56 251
692 56 252
685 61 254
686 54 260
677 54 269
673 46 281
670 45 285
668 43 289
665 43 292
666 42 292
662 46 292
658 43 299
661 45 294
657 51 292
658 46 296
658 46 296
660 47 293
654 51 295
648 56 296
646 57 297
638 62 300
639 59 302
629 59 312
629 59 312
626 57 317
623 58 319
620 57 323
616 56 328
610 55 335
613 51 336
613 46 341
610 48 342
611 46 343
609 44 347
611 40 349
611 34 355
617 34 349
617 31 352
618 27 355
624 27 349
623 28 349
621 31 348
622 28 350
622 30 348
624 27 349
627 21 352
628 22 350
631 23 346
635 19 346
636 20 344
642 18 340
644 19 337
649 16 335
654 14 332
658 11 331
662 11 327
670 12 318
672 9 319
676 12 312
679 8 313
680 10 310
685 8 307
689 9 302
691 10 299
696 13 291
700 10 290
700 10 290
701 11 288
707 6 287
707 6 287
709 5 286
712 5 283
716 4 280
720 3 277
727 1 272
738 1 261
742 1 257
748 1 251
750 1 249
755 1 244
760 0 240
761 0 239
769 0 231
776 0 224
779 0 221
783 0 217
787 0 213
788 0 212
791 0 209
796 0 204
799 0 201
801 0 199
803 0 197
803 0 197
810 0 190
815 1 184
820 0 180
829 0 171
835 0 165
841 0 159
844 0 156
848 0 152
849 0 151
851 0 149
852 0 148
853 0 147
858 0 142
860 0 140
863 0 137
867 0 133
869 0 131
870 0 130
875 0 125
879 1 120
881 1 118
885 1 114
889 0 111
891 0 109
893 1 106
895 1 104
896 1 103
895 2 103
896 2 102
899 2 99
897 8 95
899 8 93
900 7 93
901 7 92
903 5 92
900 6 94
897 6 97
892 10 98
885 15 100
886 16 98
882 16 102
875 23 102
868 27 105
852 37 111
838 45 117
823 57 120
800 73 127
788 74 138
775 77 148
775 65 160
762 70 168
751 75 174
747 73 180
733 80 187
721 80 199
708 85 207
696 93 211
680 92 228
665 96 239
651 106 243
632 114 254
625 114 261
615 107 278
615 94 291
605 95 300
597 90 313
594 86 320
596 80 324
594 76 330
594 69 337
587 68 345
586 71 343
587 67 346
588 54 358
587 51 362
593 39 368
594 41 365
595 32 373
597 30 373
598 34 368
595 35 370
599 28 373
596 34 370
596 35 369
602 35 363
603 34 363
599 33 368
597 36 367
598 39 363
597 39 364
590 47 363
586 55 359
583 50 367
581 54 365
584 47 369
584 46 370
588 43 369
590 42 368
593 39 368
594 37 369
586 45 369
583 47 370
579 44 377
578 41 381
580 41 379
578 43 379
577 44 379
573 45 382
576 37 387
589 28 383
589 30 381
594 33 373
596 33 371
599 31 370
605 25 370
614 21 365
613 22 365
613 22 365
614 25 361
615 24 361
618 24 358
623 24 353
626 24 350
625 27 348
621 30 349
617 31 352
622 28 350
625 25 350
626 24 350
629 22 349
633 22 345
635 20 345
635 21 344
636 18 346
635 20 345
634 21 345
634 22 344
637 21 342
639 22 339
641 23 336
646 19 335
650 18 332
649 19 332
649 21 330
647 25 328
652 24 324
655 24 321
653 29 318
656 29 315
661 27 312
664 28 308
668 27 305
669 29 302
670 26 304
672 25 303
676 23 301
680 22 298
688 19 293
693 18 289
696 17 287
692 22 286
690 20 290
696 16 288
699 15 286
700 13 287
703 18 279
703 18 279
704 16 280
704 19 277
709 16 275
711 15 274
709 16 275
712 13 275
716 12 272
714 14 272
719 12 269
725 13 262
724 13 263
724 12 264
723 17 260
723 13 264
723 15 262
726 14 260
725 14 261
723 16 261
722 18 260
726 19 255
722 23 255
721 26 253
720 26 254
723 22 255
722 28 250
719 32 249
723 29 248
726 29 245
724 29 247
723 28 249
722 29 249
720 31 249
718 33 249
712 35 253
711 35 254
712 33 255
706 41 253
703 42 255
695 47 258
691 53 256
685 55 260
682 51 267
680 49 271
683 49 268
675 58 267
661 67 272
656 73 271
647 72 281
632 79 289
626 81 293
619 79 302
613 77 310
607 75 318
601 76 323
596 67 337
596 63 341
592 65 343
588 62 350
584 61 355
581 56 363
579 52 369
578 48 374
584 42 374
591 38 371
598 36 366
593 41 366
599 36 365
603 29 368
607 22 371
605 22 373
606 25 369
612 23 365
616 25 359
613 26 361
614 22 364
616 19 365
620 16 364
628 17 355
630 17 353
635 16 349
641 16 343
642 18 340
650 14 336
654 14 332
660 14 326
666 17 317
669 16 315
675 17 308
674 17 309
674 18 308
676 22 302
679 22 299
686 17 297
685 19 296
684 19 297
684 17 299
687 18 295
687 20 293
683 22 295
686 23 291
687 28 285
683 26 291
673 32 295
669 38 293
668 39 293
654 47 299
652 46 302
643 48 309
643 47 310
637 52 311
633 51 316
634 49 317
629 48 323
631 44 325
630 42 328
627 43 330
625 45 330
625 41 334
627 35 338
633 32 335
640 32 328
639 30 331
634 33 333
635 30 335
635 25 340
640 23 337
642 24 334
643 24 333
646 22 332
650 21 329
654 19 327
656 20 324
659 18 323
658 16 326
666 13 321
671 14 315
675 10 315
680 10 310
684 9 307
693 9 298
703 12 285
705 14 281
706 14 280
709 13 278
712 15 273
716 12 272
718 11 271
720 12 268
721 12 267
723 16 261
723 12 265
726 15 259
724 17 259
722 21 257
722 24 254
718 30 252
713 32 255
711 36 253
716 28 256
717 30 253
704 41 255
697 41 262
691 41 268
683 44 273
675 48 277
676 48 276
671 49 280
671 42 287
672 47 281
671 46 283
667 48 285
658 57 285
655 57 288
653 53 294
642 66 292
642 63 295
629 76 295
618 83 299
616 80 304
612 82 306
606 81 313
596 84 320
582 79 339
580 74 346
576 74 350
579 70 351
586 69 345
590 61 349
587 58 355
583 54 363
588 50 362
588 51 361
583 59 358
589 52 359
584 51 365
581 52 367
585 51 364
585 49 366
587 38 375
585 37 378
593 32 375
591 33 376
596 32 372
598 29 373
606 28 366
609 26 365
608 26 366
608 26 366
607 26 367
609 21 370
603 26 371
599 30 371
601 29 370
608 26 366
609 27 364
610 24 366
615 21 364
614 20 366
620 18 362
629 20 351
631 19 350
635 18 347
640 19 341
649 17 334
651 16 333
657 17 326
656 19 325
657 23 320
654 22 324
657 19 324
659 20 321
662 20 318
668 13 319
670 12 318
668 14 318
672 14 314
677 9 314
681 12 307
680 13 307
685 11 304
685 13 302
680 21 299
681 21 298
685 14 301
686 12 302
690 12 298
694 12 294
696 14 290
697 12 291
701 16 283
703 17 280
703 23 274
696 32 272
698 32 270
697 36 267
694 36 270
692 37 271
695 37 268
695 39 266
686 43 271
681 42 277
683 35 282
685 30 285
684 27 289
686 25 289
686 23 291
689 21 290
690 19 291
696 15 289
696 16 288
696 20 284
692 25 283
693 21 286
692 24 284
700 22 278
700 22 278
696 25 279
690 31 279
691 34 275
686 38 276
684 41 275
681 40 279
676 41 283
667 45 288
663 44 293
660 44 296
659 40 301
664 38 298
665 39 296
663 42 295
662 37 301
663 37 300
661 35 304
664 38 298
669 35 296
661 39 300
658 41 301
655 38 307
651 40 309
649 43 308
646 38 316
643 37 320
642 33 325
639 36 325
640 35 325
640 32 328
639 35 326
640 30 330
642 32 326
645 28 327
652 24 324
655 18 327
659 12 329
669 8 323
675 7 318
682 5 313
690 5 305
694 5 301
698 4 298
709 7 284
711 10 279
712 14 274
710 14 276
714 9 277
713 10 277
717 10 273
719 9 272
727 6 267
727 8 265
727 10 263
731 9 260
733 8 259
742 8 250
748 8 244
752 6 242
755 6 239
760 7 233
766 6 228
767 5 228
768 5 227
771 6 223
770 9 221
773 9 218
776 8 216
780 6 214
780 8 212
779 8 213
785 4 211
788 3 209
795 4 201
796 7 197
792 10 198
794 11 195
795 10 195
795 11 194
795 12 193
796 13 191
796 15 189
793 17 190
792 14 194
795 13 192
797 8 195
797 10 193
791 15 194
794 13 193
793 17 190
791 21 188
788 25 187
780 33 187
775 34 191
767 43 190
762 45 193
757 46 197
753 45 202
745 46 209
741 48 211
738 44 218
727 48 225
720 54 226
718 53 229
714 48 238
715 43 242
717 43 240
713 41 246
716 37 247
714 37 249
711 36 253
710 37 253
712 40 248
708 41 251
709 40 251
701 40 259
700 44 256
695 46 259
693 47 260
689 51 260
694 41 265
685 43 272
677 50 273
664 62 274
660 57 283
650 55 295
644 56 300
634 61 305
624 70 306
614 75 311
612 69 319
604 75 321
601 70 329
594 70 336
588 67 345
579 75 346
573 73 354
556 82 362
557 70 373
552 64 384
558 55 387
559 58 383
559 59 382
557 51 392
555 49 396
554 45 401
553 41 406
556 41 403
559 44 397
560 39 401
560 42 398
556 44 400
553 46 401
554 45 401
559 39 402
565 39 396
570 33 397
571 30 399
572 26 402
582 24 394
582 24 394
587 24 389
597 19 384
598 17 385
598 14 388
604 15 381
607 18 375
614 16 370
618 14 368
622 14 364
628 14 358
633 13 354
633 13 354
637 13 350
642 15 343
648 14 338
654 13 333
660 15 325
662 13 325
666 11 323
669 14 317
671 13 316
671 12 317
669 13 318
674 12 314
676 18 306
676 17 307
682 18 300
680 21 299
681 23 296
682 27 291
682 30 288
679 35 286
681 36 283
673 44 283
673 45 282
667 40 293
667 37 296
665 38 297
660 42 298
662 38 300
656 39 305
654 33 313
657 32 311
662 34 304
664 34 302
661 36 303
660 37 303
661 36 303
662 38 300
661 39 300
664 38 298
657 41 302
655 39 306
660 34 306
660 32 308
663 32 305
663 32 305
665 31 304
666 31 303
669 26 305
674 27 299
673 28 299
670 30 300
670 26 304
673 27 300
671 28 301
670 26 304
672 27 301
677 25 298
679 27 294
682 26 292
689 25 286
691 25 284
691 26 283
693 21 286
699 18 283
700 19 281
703 21 276
700 25 275
701 23 276
704 17 279
700 19 281
705 19 276
703 20 277
704 22 274
701 21 278
701 21 278
699 21 280
698 21 281
690 26 284
690 26 284
686 34 280
679 39 282
671 42 287
669 44 287
669 44 287
664 45 291
659 42 299
658 40 302
652 44 304
655 45 300
656 41 303
657 37 306
655 38 307
660 38 302
663 35 302
667 29 304
672 29 299
676 21 303
679 23 298
679 23 298
681 24 295
678 22 300
683 21 296
686 16 298
693 15 292
697 11 292
702 12 286
702 13 285
710 12 278
711 10 279
714 9 277
719 8 273
724 7 269
724 5 271
727 5 268
731 3 266
737 3 260
741 2 257
747 2 251
752 2 246
753 3 244
755 3 242
757 2 241
760 2 238
763 1 236
767 1 232
771 1 228
775 1 224
778 1 221
781 1 218
785 1 214
