997 3 0
997 3 0
996 4 0
996 4 0
996 3 1
994 5 1
991 8 1
987 10 3
982 15 3
979 17 4
978 13 9
974 15 11
972 15 13
971 16 13
968 15 17
960 22 18
954 22 24
950 21 29
942 28 30
926 42 32
914 45 41
902 50 48
887 63 50
865 75 60
838 90 72
799 122 79
774 127 99
742 144 114
720 142 138
704 140 156
675 151 174
654 156 190
641 145 214
625 142 233
608 143 249
595 139 266
576 135 289
572 127 301
561 130 309
548 120 332
534 116 350
527 116 357
523 112 365
517 107 376
512 107 381
510 90 400
509 88 403
512 77 411
512 80 408
513 75 412
520 68 412
524 65 411
524 67 409
525 64 411
528 57 415
531 54 415
532 47 421
540 38 422
549 33 418
559 31 410
561 29 410
560 32 408
562 34 404
562 36 402
560 34 406
564 37 399
574 35 391
581 35 384
576 38 386
578 37 385
578 37 385
580 36 384
579 40 381
580 38 382
575 39 386
581 32 387
576 37 387
581 36 383
586 29 385
586 25 389
592 24 384
598 18 384
604 17 379
614 18 368
619 18 363
626 17 357
626 18 356
633 16 351
636 16 348
642 16 342
641 16 343
640 14 346
640 17 343
637 20 343
640 22 338
640 23 337
645 19 336
648 22 330
654 24 322
655 24 321
658 26 316
657 30 313
661 24 315
665 24 311
666 24 310
661 26 313
662 26 312
663 27 310
658 35 307
660 38 302
655 40 305
654 42 304
652 42 306
646 42 312
637 49 314
633 48 319
629 47 324
627 47 326
631 45 324
632 40 328
638 39 323
640 38 322
649 34 317
659 32 309
659 29 312
653 33 314
656 33 311
654 37 309
652 35 313
651 34 315
655 28 317
654 31 315
652 35 313
651 35 314
650 36 314
642 40 318
641 44 315
639 48 313
634 51 315
628 56 316
622 62 316
622 61 317
623 56 321
618 61 321
615 59 326
611 58 331
607 60 333
599 59 342
595 57 348
592 48 360
585 48 367
585 49 366
593 47 360
598 41 361
601 45 354
603 42 355
606 41 353
606 38 356
606 40 354
605 41 354
607 42 351
611 39 350
615 33 352
617 31 352
617 30 353
624 24 352
624 27 349
626 26 348
633 20 347
632 24 344
631 26 343
630 27 343
626 28 346
626 23 351
624 30 346
629 27 344
628 28 344
628 32 340
629 32 339
625 36 339
627 38 335
629 32 339
632 33 335
635 34 331
633 36 331
628 42 330
627 40 333
624 42 334
617 41 342
620 41 339
618 39 343
622 38 340
627 37 336
635 33 332
636 34 330
639 30 331
641 32 327
644 33 323
645 29 326
652 27 321
655 23 322
659 22 319
661 23 316
661 21 318
669 20 311
671 19 310
676 19 305
678 14 308
683 14 303
689 10 301
697 10 293
701 7 292
706 6 288
711 7 282
719 6 275
723 5 272
720 11 269
722 10 268
719 10 271
724 10 266
731 10 259
732 6 262
733 6 261
735 8 257
737 12 251
738 10 252
740 12 248
745 13 242
748 14 238
749 11 240
752 12 236
750 15 235
752 15 233
753 16 231
756 14 230
757 15 228
756 16 228
759 16 225
757 22 221
755 26 219
756 26 218
752 20 228
752 15 233
753 16 231
759 16 225
758 16 226
764 12 224
766 11 223
767 13 220
769 11 220
770 12 218
777 8 215
778 6 216
781 8 211
781 8 211
786 8 206
791 7 202
795 9 196
793 12 195
797 12 191
797 12 191
794 16 190
790 19 191
791 16 193
788 17 195
790 19 191
786 23 191
786 19 195
784 20 196
778 22 200
768 30 202
764 33 203
759 34 207
754 36 210
745 38 217
740 34 226
740 36 224
732 46 222
731 44 225
726 49 225
719 50 231
716 50 234
710 48 242
706 48 246
706 43 251
703 40 257
703 43 254
700 44 256
700 40 260
699 40 261
694 47 259
688 49 263
684 41 275
686 41 273
679 43 278
670 49 281
668 53 279
664 54 282
655 62 283
645 65 290
629 77 294
617 80 303
606 82 312
603 76 321
604 71 325
599 74 327
595 74 331
587 76 337
584 75 341
580 74 346
582 63 355
576 66 358
577 60 363
579 58 363
583 46 371
585 46 369
587 43 370
584 41 375
587 38 375
591 34 375
598 33 369
604 32 364
604 29 367
608 27 365
610 21 369
617 17 366
620 18 362
625 17 358
627 20 353
625 21 354
630 21 349
636 22 342
634 22 344
635 24 341
635 28 337
631 33 336
628 37 335
635 38 327
630 42 328
632 41 327
634 40 326
635 37 328
636 33 331
638 28 334
643 27 330
650 24 326
655 27 318
657 33 310
657 30 313
657 29 314
654 29 317
656 30 314
656 29 315
659 29 312
655 31 314
656 29 315
658 30 312
661 29 310
662 27 311
672 23 305
677 24 299
683 22 295
683 20 297
684 17 299
684 16 300
684 17 299
686 16 298
687 16 297
686 14 300
687 14 299
689 11 300
694 10 296
700 10 290
703 6 291
709 5 286
713 5 282
719 4 277
723 5 272
729 3 268
733 3 264
735 3 262
740 3 257
741 4 255
741 7 252
748 6 246
752 6 242
755 6 239
758 4 238
754 7 239
760 8 232
760 11 229
765 9 226
767 10 223
769 9 222
773 10 217
773 11 216
775 12 213
775 12 213
773 16 211
774 16 210
771 20 209
765 27 208
762 32 206
758 37 205
749 44 207
739 48 213
728 53 219
717 62 221
710 64 226
709 69 222
701 74 225
683 76 241
680 72 248
679 69 252
673 65 262
664 69 267
659 66 275
656 68 276
657 53 290
659 45 296
663 41 296
664 39 297
663 46 291
660 50 290
667 42 291
671 38 291
674 34 292
675 30 295
677 27 296
682 23 295
683 21 296
681 24 295
683 24 293
682 26 292
685 27 288
689 25 286
690 24 286
697 20 283
701 19 280
701 17 282
707 13 280
712 12 276
713 12 275
717 10 273
721 8 271
725 8 267
731 8 261
733 9 258
736 9 255
738 7 255
744 6 250
746 8 246
742 12 246
738 18 244
733 19 248
732 25 243
734 27 239
732 33 235
725 41 234
721 44 235
719 42 239
720 40 240
716 41 243
710 41 249
712 44 244
705 47 248
698 49 253
694 52 254
691 50 259
686 42 272
682 44 274
681 51 268
678 54 268
673 57 270
668 56 276
662 63 275
666 62 272
654 70 276
642 71 287
638 68 294
633 69 298
625 67 308
617 69 314
618 69 313
613 73 314
614 71 315
609 71 320
604 65 331
604 56 340
601 59 340
605 55 340
603 53 344
605 51 344
604 50 346
610 49 341
611 44 345
613 40 347
611 40 349
612 38 350
620 32 348
622 32 346
624 32 344
629 27 344
629 28 343
630 25 345
629 26 345
632 27 341
632 26 342
631 28 341
625 33 342
628 29 343
633 28 339
638 25 337
639 22 339
643 22 335
647 21 332
650 25 325
654 25 321
655 22 323
657 20 323
654 22 324
665 24 311
669 23 308
672 25 303
668 24 308
669 20 311
672 20 308
683 18 299
684 17 299
681 19 300
681 21 298
687 21 292
690 21 289
692 22 286
693 24 283
698 19 283
700 20 280
702 21 277
704 23 273
707 13 280
712 13 275
715 13 272
715 15 270
717 14 269
717 17 266
714 20 266
717 20 263
711 24 265
711 27 262
712 26 262
712 26 262
713 28 259
715 27 258
718 26 256
718 27 255
720 27 253
720 24 256
718 27 255
721 25 254
723 28 249
725 27 248
729 24 247
734 21 245
730 28 242
718 38 244
704 48 248
695 53 252
682 66 252
671 70 259
667 67 266
664 64 272
660 65 275
653 65 282
650 66 284
642 63 295
628 73 299
623 70 307
610 75 315
604 79 317
596 74 330
594 68 338
587 65 348
580 68 352
582 62 356
587 58 355
585 61 354
580 63 357
582 58 360
579 59 362
573 62 365
567 61 372
561 60 379
562 56 382
559 54 387
557 55 388
555 55 390
555 56 389
553 55 392
551 56 393
547 57 396
546 53 401
544 44 412
553 42 405
555 40 405
562 32 406
565 29 406
571 25 404
575 22 403
574 20 406
579 17 404
583 14 403
591 14 395
600 13 387
601 14 385
603 14 383
608 14 378
613 12 375
617 11 372
620 8 372
623 10 367
626 11 363
631 16 353
636 15 349
640 14 346
646 12 342
648 14 338
652 14 334
653 14 333
652 14 334
652 14 334
659 14 327
663 18 319
669 16 315
671 17 312
682 16 302
685 18 297
689 17 294
694 17 289
696 17 287
696 20 284
693 22 285
691 23 286
692 23 285
691 25 284
686 29 285
686 33 281
687 33 280
686 35 279
688 36 276
685 37 278
689 33 278
692 31 277
696 23 281
700 19 281
704 22 274
701 23 276
702 23 275
702 17 281
703 18 279
705 17 278
709 16 275
712 13 275
715 13 272
717 12 271
719 10 271
721 12 267
719 15 266
719 17 264
720 20 260
719 18 263
720 20 260
722 21 257
719 23 258
722 21 257
720 21 259
719 22 259
720 22 258
719 24 257
719 27 254
722 25 253
727 23 250
729 23 248
729 22 249
732 21 247
733 20 247
734 16 250
738 14 248
740 9 251
745 8 247
751 7 242
753 9 238
757 8 235
760 8 232
761 8 231
765 8 227
765 11 224
771 9 220
773 9 218
779 9 212
781 9 210
782 7 211
783 6 211
786 6 208
788 5 207
789 5 206
791 5 204
797 5 198
798 6 196
801 6 193
801 4 195
805 4 191
806 6 188
807 4 189
810 5 185
811 5 184
815 5 180
819 5 176
820 7 173
819 9 172
818 10 172
820 7 173
821 7 172
824 7 169
827 6 167
827 9 164
828 11 161
829 11 160
827 15 158
827 20 153
824 22 154
820 24 156
818 21 161
819 19 162
817 20 163
818 20 162
816 22 162
816 22 162
812 24 164
808 24 168
804 27 169
800 25 175
799 28 173
790 33 177
787 33 180
785 35 180
773 44 183
763 52 185
744 64 192
745 58 197
737 54 209
733 56 211
725 54 221
720 53 227
718 57 225
707 61 232
711 60 229
706 55 239
698 59 243
692 59 249
692 60 248
685 55 260
683 54 263
681 48 271
685 45 270
683 43 274
682 40 278
683 44 273
678 46 276
675 44 281
672 48 280
667 50 283
671 53 276
661 57 282
656 58 286
658 58 284
656 59 285
648 60 292
647 57 296
647 53 300
643 48 309
640 45 315
641 44 315
637 45 318
639 39 322
641 35 324
637 32 331
635 33 332
635 31 334
638 30 332
637 30 333
645 29 326
646 28 326
645 20 335
650 15 335
656 12 332
661 14 325
669 10 321
675 10 315
676 12 312
677 12 311
680 14 306
687 14 299
690 13 297
696 11 293
702 9 289
706 9 285
710 9 281
714 9 277
714 10 276
715 10 275
717 12 271
719 13 268
724 12 264
727 13 260
732 13 255
731 12 257
733 12 255
733 11 256
731 14 255
736 12 252
737 12 251
738 10 252
743 9 248
741 10 249
747 9 244
750 10 240
752 9 239
750 11 239
752 11 237
758 9 233
762 9 229
765 8 227
766 12 222
770 12 218
769 13 218
763 19 218
755 27 218
751 34 215
745 37 218
734 47 219
730 51 219
722 56 222
713 59 228
705 58 237
695 66 239
699 59 242
688 61 251
686 63 251
683 65 252
675 73 252
673 66 261
670 63 267
665 64 271
664 65 271
663 57 280
668 46 286
661 47 292
662 44 294
661 48 291
656 46 298
665 41 294
670 36 294
670 32 298
674 31 295
670 35 295
666 38 296
667 36 297
669 35 296
668 33 299
669 35 296
674 33 293
677 31 292
679 31 290
681 33 286
683 29 288
685 29 286
690 25 285
695 20 285
705 18 277
712 17 271
716 15 269
716 15 269
723 13 264
732 12 256
730 13 257
733 14 253
736 14 250
741 13 246
745 10 245
747 9 244
751 10 239
757 10 233
757 11 232
756 11 233
759 10 231
761 12 227
765 8 227
763 9 228
763 5 232
767 4 229
773 3 224
783 3 214
788 3 209
791 3 206
795 4 201
797 4 199
800 3 197
801 4 195
804 4 192
807 2 191
805 4 191
806 3 191
809 3 188
810 5 185
813 3 184
811 5 184
812 5 183
815 8 177
815 9 176
814 9 177
814 9 177
811 12 177
810 15 175
808 16 176
805 19 176
802 21 177
803 24 173
793 32 175
781 41 178
773 49 178
757 58 185
742 70 188
734 72 194
719 77 204
713 71 216
708 74 218
698 75 227
693 75 232
682 73 245
676 78 246
675 77 248
675 75 250
669 78 253
669 71 260
661 69 270
659 64 277
659 56 285
652 56 292
648 62 290
647 58 295
647 56 297
645 56 299
639 57 304
636 54 310
630 57 313
624 57 319
619 65 316
617 62 321
613 64 323
610 64 326
602 67 331
602 67 331
604 63 333
604 62 334
599 62 339
598 54 348
598 51 351
597 43 360
598 39 363
598 39 363
596 39 365
600 36 364
596 38 366
599 33 368
600 32 368
610 27 363
620 26 354
624 25 351
625 23 352
629 18 353
633 18 349
639 15 346
647 14 339
646 15 339
653 14 333
659 13 328
660 14 326
664 10 326
666 13 321
666 15 319
667 17 316
672 15 313
677 14 309
675 13 312
677 8 315
682 6 312
687 5 308
687 5 308
691 4 305
695 5 300
698 3 299
