998 2 0
998 2 0
998 2 0
998 2 0
997 2 1
997 2 1
997 2 1
997 2 1
996 3 1
996 3 1
994 5 1
990 9 1
979 19 2
973 23 4
965 28 7
957 32 11
951 36 13
943 42 15
932 45 23
912 60 28
875 86 39
846 100 54
817 107 76
778 130 92
749 144 107
719 144 137
693 150 157
661 159 180
629 164 207
602 168 230
587 155 258
583 141 276
575 127 298
559 120 321
553 111 336
543 104 353
545 93 362
550 87 363
550 79 371
552 78 370
555 70 375
555 69 376
553 68 379
552 58 390
554 53 393
555 52 393
561 50 389
564 48 388
566 45 389
569 41 390
571 41 388
571 38 391
578 31 391
580 30 390
583 30 387
589 28 383
595 24 381
596 20 384
595 20 385
595 23 382
600 19 381
606 17 377
603 27 370
607 23 370
611 23 366
612 31 357
612 31 357
612 33 355
616 33 351
614 35 351
612 36 352
616 37 347
618 32 350
619 35 346
623 33 344
622 34 344
623 33 344
620 36 344
613 39 348
607 49 344
602 55 343
607 47 346
606 48 346
605 50 345
605 50 345
596 58 346
586 66 348
572 74 354
566 75 359
571 65 364
571 62 367
571 58 371
576 54 370
583 47 370
589 39 372
586 41 373
583 41 376
585 38 377
588 34 378
589 32 379
591 30 379
601 27 372
610 25 365
615 20 365
617 20 363
617 22 361
624 23 353
627 20 353
628 13 359
631 12 357
636 12 352
641 13 346
645 13 342
652 11 337
654 13 333
655 12 333
660 10 330
665 12 323
671 12 317
675 11 314
676 10 314
681 6 313
690 5 305
695 4 301
697 4 299
705 5 290
712 5 283
718 3 279
721 2 277
723 2 275
727 2 271
733 3 264
738 2 260
741 1 258
744 1 255
749 1 250
755 1 244
757 1 242
763 1 236
765 1 234
767 1 232
771 0 229
777 1 222
784 1 215
787 1 212
791 1 208
794 2 204
798 0 202
800 0 200
804 0 196
806 0 194
809 0 191
810 0 190
819 0 181
823 0 177
825 2 173
832 0 168
835 0 165
837 0 163
839 0 161
841 0 159
842 1 157
843 1 156
845 1 154
847 0 153
850 0 150
851 0 149
849 3 148
850 6 144
851 5 144
852 5 143
850 7 143
848 6 146
849 8 143
849 10 141
845 12 143
847 12 141
841 14 145
835 17 148
834 19 147
835 17 148
835 15 150
838 15 147
839 17 144
837 18 145
838 20 142
838 20 142
834 25 141
834 23 143
830 26 144
825 27 148
821 28 151
810 35 155
802 42 156
791 50 159
780 54 166
774 52 174
758 63 179
747 62 191
738 68 194
728 70 202
721 72 207
706 77 217
698 81 221
691 81 228
682 84 234
674 82 244
658 91 251
648 89 263
626 102 272
614 98 288
611 92 297
604 95 301
592 100 308
583 101 316
573 109 318
566 110 324
556 107 337
551 107 342
535 114 351
526 109 365
513 107 380
512 103 385
495 112 393
494 106 400
492 105 403
491 98 411
489 91 420
489 81 430
488 75 437
490 67 443
491 58 451
492 59 449
496 49 455
497 49 454
492 48 460
496 43 461
501 35 464
508 31 461
513 26 461
519 30 451
518 34 448
524 30 446
526 28 446
531 27 442
533 26 441
541 24 435
542 23 435
544 24 432
552 22 426
559 23 418
567 20 413
575 20 405
580 21 399
580 26 394
578 30 392
580 28 392
579 32 389
586 26 388
590 25 385
583 32 385
589 27 384
597 24 379
604 22 374
609 21 370
617 22 361
620 24 356
627 22 351
628 18 354
627 18 355
627 18 355
634 16 350
639 18 343
640 16 344
639 19 342
638 20 342
636 21 343
638 21 341
640 24 336
641 25 334
638 32 330
636 37 327
635 36 329
635 33 332
641 24 335
644 21 335
651 18 331
651 22 327
653 25 322
650 28 322
643 32 325
643 32 325
644 34 322
650 32 318
655 24 321
652 27 321
652 30 318
656 28 316
654 31 315
657 26 317
662 24 314
666 22 312
664 23 313
664 25 311
665 19 316
669 17 314
677 14 309
678 12 310
684 11 305
691 8 301
692 10 298
694 12 294
698 11 291
703 10 287
705 9 286
707 10 283
709 11 280
713 10 277
711 12 277
712 13 275
714 10 276
717 9 274
718 10 272
724 7 269
727 7 266
730 7 263
735 6 259
741 5 254
747 4 249
752 3 245
762 3 235
765 3 232
769 3 228
773 5 222
769 10 221
769 12 219
769 10 221
776 6 218
778 6 216
781 5 214
784 4 212
783 5 212
785 7 208
786 10 204
786 9 205
786 11 203
791 11 198
796 10 194
798 9 193
798 11 191
799 9 192
801 9 190
801 12 187
801 14 185
800 15 185
802 15 183
800 18 182
800 19 181
795 20 185
792 22 186
783 29 188
783 30 187
782 32 186
781 36 183
778 36 186
776 36 188
767 40 193
766 36 198
750 52 198
741 56 203
729 64 207
716 68 216
700 83 217
693 83 224
685 80 235
672 83 245
669 84 247
660 90 250
655 79 266
650 80 270
643 76 281
642 72 286
640 70 290
640 66 294
636 66 298
629 69 302
620 70 310
618 68 314
620 61 319
624 56 320
621 56 323
624 55 321
626 46 328
630 42 328
629 39 332
628 41 331
626 46 328
624 42 334
623 41 336
631 34 335
632 34 334
635 36 329
635 37 328
633 37 330
630 43 327
629 43 328
635 41 324
636 42 322
640 35 325
644 29 327
647 29 324
647 29 324
654 23 323
657 19 324
652 22 326
654 18 328
655 16 329
656 17 327
661 18 321
661 20 319
665 21 314
669 20 311
672 22 306
677 19 304
682 15 303
681 14 305
683 12 305
690 10 300
691 6 303
695 8 297
696 9 295
693 18 289
693 15 292
694 17 289
692 20 288
694 21 285
697 22 281
698 21 281
699 17 284
699 17 284
694 22 284
691 27 282
689 29 282
685 36 279
690 31 279
687 33 280
686 36 278
684 37 279
684 41 275
676 50 274
676 46 278
670 51 279
670 51 279
664 52 284
649 60 291
649 55 296
649 53 298
641 57 302
637 57 306
634 56 310
634 56 310
630 49 321
631 39 330
632 33 335
636 29 335
635 30 335
634 28 338
634 28 338
632 29 339
637 23 340
640 20 340
645 15 340
650 13 337
649 16 335
654 14 332
661 14 325
666 12 322
676 11 313
680 9 311
682 10 308
685 13 302
690 11 299
689 11 300
691 14 295
691 17 292
693 19 288
698 21 281
699 21 280
701 20 279
704 18 278
706 15 279
709 14 277
717 10 273
719 8 273
723 8 269
730 7 263
734 10 256
735 10 255
741 6 253
742 5 253
745 7 248
749 6 245
754 4 242
763 5 232
765 5 230
768 5 227
771 4 225
779 4 217
782 4 214
782 3 215
787 3 210
790 1 209
790 0 210
791 2 207
794 4 202
795 5 200
793 8 199
791 15 194
781 24 195
775 33 192
767 41 192
751 53 196
742 60 198
735 64 201
713 84 203
699 81 220
689 81 230
674 88 238
657 96 247
643 100 257
631 102 267
619 94 287
613 94 293
604 92 304
607 83 310
605 74 321
608 62 330
612 56 332
614 57 329
610 60 330
611 57 332
615 52 333
619 47 334
621 49 330
617 47 336
613 48 339
612 45 343
612 47 341
606 52 342
605 46 349
602 50 348
592 54 354
588 54 358
591 52 357
580 59 361
582 57 361
576 63 361
577 61 362
575 65 360
571 65 364
562 70 368
559 68 373
561 59 380
562 55 383
561 52 387
562 50 388
558 49 393
559 44 397
559 42 399
558 42 400
559 42 399
560 41 399
557 43 400
561 40 399
563 38 399
565 36 399
565 37 398
568 36 396
569 37 394
574 35 391
577 33 390
583 28 389
595 23 382
601 18 381
606 20 374
609 22 369
614 24 362
615 25 360
616 24 360
625 21 354
628 14 358
630 16 354
635 12 353
645 12 343
648 12 340
655 12 333
658 11 331
661 12 327
665 9 326
677 7 316
683 6 311
687 8 305
687 11 302
693 11 296
694 9 297
696 8 296
699 5 296
705 4 291
705 6 289
705 7 288
710 7 283
714 7 279
721 5 274
724 5 271
730 6 264
730 5 265
732 4 264
739 5 256
742 6 252
747 6 247
747 9 244
748 8 244
746 13 241
745 14 241
740 18 242
733 21 246
732 25 243
725 28 247
724 34 242
713 49 238
699 56 245
693 56 251
687 57 256
686 54 260
680 58 262
671 63 266
659 73 268
657 69 274
644 74 282
633 75 292
627 75 298
616 87 297
605 91 304
590 93 317
585 91 324
569 96 335
558 98 344
548 97 355
545 87 368
541 90 369
530 82 388
526 83 391
520 84 396
520 75 405
520 67 413
515 63 422
515 56 429
512 61 427
510 55 435
511 56 433
518 52 430
518 54 428
515 53 432
520 49 431
521 45 434
523 37 440
522 37 441
529 32 439
529 31 440
536 32 432
537 32 431
539 32 429
546 28 426
555 25 420
558 23 419
563 21 416
564 18 418
567 14 419
566 20 414
567 22 411
566 26 408
573 25 402
578 28 394
587 25 388
588 27 385
593 25 382
593 28 379
601 23 376
607 21 372
612 21 367
617 20 363
622 17 361
625 16 359
633 18 349
634 20 346
636 20 344
639 19 342
637 25 338
630 33 337
635 34 331
638 33 329
629 43 328
628 41 331
628 40 332
624 38 338
620 42 338
621 36 343
625 32 343
628 24 348
632 24 344
639 21 340
652 18 330
653 17 330
654 19 327
655 17 328
661 13 326
667 12 321
673 11 316
679 10 311
688 10 302
691 10 299
698 11 291
704 11 285
704 13 283
704 14 282
707 13 280
712 14 274
715 13 272
714 13 273
717 12 271
717 13 270
717 14 269
714 20 266
713 22 265
714 20 266
707 24 269
704 27 269
696 32 272
690 39 271
684 49 267
674 54 272
662 62 276
659 57 284
654 56 290
649 56 295
643 61 296
633 65 302
627 66 307
626 55 319
622 52 326
620 50 330
624 46 330
625 40 335
629 39 332
629 36 335
626 38 336
625 42 333
622 38 340
614 40 346
615 38 347
615 39 346
610 41 349
612 42 346
615 44 341
616 46 338
622 43 335
619 43 338
618 41 341
611 45 344
613 41 346
615 37 348
618 34 348
622 34 344
619 40 341
618 39 343
619 36 345
618 39 343
617 39 344
616 36 348
619 35 346
621 35 344
623 36 341
625 36 339
623 37 340
623 37 340
625 38 337
632 32 336
627 35 338
630 35 335
627 38 335
622 36 342
626 32 342
624 30 346
625 32 343
622 33 345
621 40 339
621 42 337
633 39 328
636 35 329
646 32 322
649 31 320
647 28 325
647 32 321
643 36 321
641 38 321
640 40 320
634 44 322
632 45 323
637 44 319
633 44 323
631 44 325
633 39 328
636 34 330
643 30 327
643 29 328
647 24 329
646 25 329
642 26 332
647 24 329
647 19 334
646 22 332
653 23 324
648 28 324
650 29 321
645 33 322
643 31 326
642 32 326
642 31 327
647 28 325
645 30 325
647 26 327
652 25 323
653 23 324
654 22 324
662 21 317
671 18 311
668 24 308
672 20 308
677 18 305
681 16 303
682 14 304
685 9 306
685 7 308
692 6 302
699 5 296
704 5 291
711 4 285
719 4 277
723 1 276
726 1 273
730 2 268
730 3 267
738 3 259
742 2 256
745 2 253
749 3 248
750 4 246
761 2 237
767 1 232
776 1 223
778 1 221
780 0 220
785 0 215
785 2 213
788 2 210
790 3 207
793 3 204
794 3 203
795 3 202
796 5 199
796 7 197
800 8 192
797 9 194
797 10 193
795 10 195
795 12 193
792 19 189
784 24 192
778 29 193
772 37 191
768 35 197
766 38 196
757 44 199
750 44 206
744 46 210
736 49 215
731 51 218
727 52 221
719 56 225
715 56 229
707 59 234
694 64 242
674 76 250
665 77 258
657 75 268
655 72 273
658 67 275
656 66 278
648 67 285
641 67 292
636 65 299
637 57 306
634 58 308
633 57 310
627 60 313
623 53 324
620 49 331
618 48 334
620 45 335
614 43 343
615 42 343
614 40 346
614 39 347
612 39 349
612 39 349
613 37 350
613 35 352
610 39 351
614 31 355
614 29 357
615 25 360
620 26 354
621 27 352
622 29 349
621 30 349
624 31 345
625 28 347
624 33 343
625 34 341
621 36 343
620 33 347
617 37 346
618 38 344
618 35 347
620 37 343
615 40 345
612 42 346
610 45 345
609 46 345
609 43 348
599 51 350
600 49 351
607 42 351
603 42 355
603 38 359
606 34 360
606 36 358
606 36 358
603 38 359
605 35 360
608 36 356
616 33 351
617 32 351
621 29 350
622 24 354
625 25 350
629 24 347
631 23 346
633 22 345
635 20 345
635 22 343
643 20 337
642 22 336
647 21 332
649 19 332
651 20 329
653 19 328
655 20 325
657 18 325
657 16 327
663 14 323
667 13 320
674 9 317
678 10 312
681 10 309
688 8 304
694 11 295
700 12 288
702 12 286
706 12 282
708 12 280
712 10 278
711 13 276
711 13 276
716 14 270
717 15 268
713 20 267
714 22 264
714 25 261
712 28 260
709 28 263
706 30 264
709 25 266
709 28 263
703 32 265
698 32 270
698 32 270
695 31 274
695 33 272
687 40 273
684 47 269
