995 5 0
992 7 1
991 6 3
990 6 4
988 9 3
988 9 3
986 10 4
984 11 5
980 14 6
971 22 7
954 33 13
941 45 14
920 57 23
900 70 30
872 90 38
847 97 56
820 104 76
793 115 92
773 114 113
757 109 134
736 101 163
725 93 182
716 93 191
699 101 200
692 95 213
681 100 219
663 105 232
656 100 244
639 108 253
627 110 263
619 113 268
606 117 277
598 121 281
587 115 298
584 104 312
585 96 319
578 93 329
571 91 338
575 87 338
572 80 348
572 69 359
568 71 361
567 69 364
567 66 367
567 58 375
569 56 375
566 59 375
570 57 373
569 53 378
571 49 380
573 49 378
572 47 381
572 46 382
571 49 380
569 51 380
568 47 385
566 51 383
570 48 382
569 49 382
572 45 383
575 45 380
568 49 383
572 46 382
576 41 383
579 37 384
583 37 380
582 38 380
590 34 376
593 32 375
599 30 371
602 31 367
605 27 368
608 25 367
613 24 363
618 25 357
618 23 359
618 23 359
622 22 356
626 23 351
632 22 346
635 21 344
640 20 340
642 20 338
644 21 335
655 17 328
654 20 326
658 17 325
656 19 325
655 16 329
657 15 328
659 11 330
663 13 324
666 11 323
667 14 319
676 14 310
681 11 308
685 9 306
689 6 305
693 6 301
698 7 295
698 8 294
703 7 290
706 6 288
711 4 285
713 4 283
719 4 277
723 4 273
726 4 270
727 5 268
732 5 263
733 6 261
737 7 256
740 9 251
741 12 247
742 12 246
744 10 246
749 9 242
750 9 241
753 8 239
754 14 232
748 18 234
749 17 234
743 23 234
738 32 230
727 39 234
716 45 239
708 49 243
706 45 249
697 44 259
692 50 258
687 51 262
680 56 264
671 59 270
671 57 272
665 59 276
651 69 280
643 70 287
638 74 288
627 82 291
618 81 301
606 82 312
603 76 321
597 74 329
588 78 334
589 66 345
589 58 353
590 54 356
594 51 355
595 49 356
603 46 351
608 41 351
609 36 355
609 36 355
615 28 357
619 22 359
622 27 351
625 32 343
627 27 346
634 27 339
636 28 336
640 29 331
641 30 329
644 29 327
645 27 328
651 29 320
660 28 312
666 26 308
665 27 308
666 27 307
670 27 303
673 27 300
664 38 298
658 45 297
650 49 301
643 56 301
631 68 301
623 72 305
617 71 312
608 70 322
593 77 330
586 77 337
578 83 339
576 81 343
565 83 352
559 76 365
559 69 372
556 73 371
553 71 376
554 75 371
558 67 375
556 63 381
554 60 386
556 57 387
561 53 386
563 56 381
561 52 387
566 53 381
558 59 383
560 50 390
563 43 394
564 40 396
567 37 396
572 38 390
571 35 394
571 33 396
568 37 395
569 40 391
570 40 390
565 41 394
570 42 388
570 42 388
570 40 390
572 39 389
569 41 390
572 38 390
576 34 390
577 31 392
583 30 387
587 30 383
594 25 381
600 19 381
606 16 378
615 13 372
616 15 369
616 16 368
620 17 363
620 16 364
625 14 361
631 18 351
630 18 352
636 19 345
636 20 344
638 22 340
639 23 338
641 27 332
641 29 330
642 24 334
643 26 331
645 28 327
648 27 325
651 24 325
653 21 326
656 19 325
657 16 327
661 10 329
666 8 326
669 7 324
673 8 319
678 6 316
675 11 314
675 11 314
680 11 309
679 16 305
675 21 304
674 23 303
668 24 308
671 25 304
676 24 300
681 24 295
681 25 294
672 32 296
672 39 289
672 38 290
674 36 290
679 31 290
684 29 287
684 31 285
683 30 287
678 32 290
680 29 291
678 31 291
677 34 289
682 28 290
680 37 283
675 36 289
678 32 290
671 36 293
662 46 292
663 39 298
663 40 297
663 37 300
655 44 301
651 45 304
647 49 304
645 45 310
641 48 311
629 54 317
616 61 323
612 58 330
603 66 331
600 64 336
595 70 335
595 71 334
594 68 338
580 70 350
572 68 360
571 61 368
565 66 369
557 66 377
556 69 375
559 70 371
553 68 379
556 65 379
556 58 386
560 53 387
561 43 396
570 38 392
572 37 391
577 32 391
581 34 385
587 31 382
587 33 380
584 33 383
588 28 384
588 22 390
592 20 388
595 18 387
600 14 386
604 13 383
613 12 375
618 10 372
618 12 370
622 13 365
625 18 357
625 19 356
624 24 352
629 26 345
630 28 342
632 30 338
631 29 340
632 30 338
629 29 342
633 30 337
635 26 339
638 24 338
637 27 336
640 28 332
642 24 334
649 22 329
650 19 331
654 22 324
659 27 314
659 26 315
663 21 316
661 24 315
658 28 314
660 27 313
658 30 312
661 28 311
658 30 312
653 33 314
652 31 317
653 31 316
654 26 320
650 25 325
650 20 330
651 19 330
652 22 326
655 22 323
656 21 323
661 19 320
666 18 316
668 18 314
673 13 314
676 14 310
683 14 303
686 14 300
686 11 303
687 12 301
694 13 293
698 14 288
699 14 287
700 14 286
705 15 280
708 18 274
712 16 272
718 14 268
722 14 264
724 13 263
725 16 259
730 16 254
732 15 253
734 12 254
740 9 251
745 10 245
749 10 241
749 10 241
752 9 239
752 7 241
759 6 235
763 6 231
764 4 232
766 4 230
768 6 226
771 5 224
772 5 223
776 3 221
782 2 216
785 1 214
789 1 210
791 1 208
793 1 206
795 1 204
802 1 197
806 1 193
808 1 191
808 1 191
811 1 188
816 1 183
816 4 180
818 6 176
817 9 174
817 12 171
815 18 167
811 25 164
804 27 169
802 22 176
788 36 176
776 46 178
762 54 184
746 64 190
740 59 201
731 61 208
721 61 218
712 62 226
707 59 234
698 64 238
699 62 239
696 64 240
689 60 251
680 63 257
675 63 262
671 61 268
666 66 268
663 65 272
659 60 281
658 55 287
660 48 292
655 56 289
655 48 297
650 53 297
650 50 300
653 48 299
652 41 307
658 36 306
659 39 302
665 37 298
668 34 298
667 33 300
670 34 296
668 33 299
663 37 300
664 33 303
662 35 303
663 37 300
655 48 297
655 44 301
657 44 299
655 40 305
657 44 299
658 44 298
657 44 299
658 43 299
658 37 305
648 40 312
642 39 319
642 41 317
645 37 318
648 36 316
645 35 320
650 30 320
653 29 318
649 28 323
648 27 325
653 27 320
653 24 323
654 23 323
654 26 320
652 29 319
652 30 318
652 29 319
650 31 319
651 32 317
651 32 317
647 35 318
652 33 315
653 32 315
653 27 320
652 26 322
659 22 319
667 21 312
671 19 310
675 22 303
676 22 302
677 22 301
682 19 299
684 19 297
685 17 298
686 22 292
681 27 292
684 25 291
682 25 293
683 20 297
690 21 289
692 22 286
693 19 288
695 18 287
690 27 283
692 29 279
689 31 280
688 38 274
684 38 278
675 47 278
672 50 278
666 55 279
653 64 283
646 69 285
635 74 291
629 74 297
620 78 302
615 70 315
612 72 316
603 74 323
601 76 323
591 73 336
590 63 347
586 60 354
585 51 364
587 47 366
588 48 364
595 46 359
587 49 364
587 50 363
589 53 358
591 53 356
587 54 359
583 54 363
584 48 368
586 46 368
593 40 367
597 34 369
596 34 370
604 34 362
608 34 358
610 32 358
613 28 359
617 29 354
621 27 352
629 24 347
636 18 346
641 19 340
643 19 338
645 20 335
653 19 328
652 16 332
656 17 327
659 17 324
665 17 318
660 18 322
660 24 316
659 25 316
656 26 318
656 27 317
646 38 316
640 43 317
637 43 320
637 41 322
631 36 333
634 36 330
633 37 330
637 32 331
637 31 332
631 35 334
629 36 335
635 33 332
642 30 328
647 28 325
651 24 325
652 22 326
654 18 328
657 17 326
663 16 321
666 13 321
674 14 312
678 9 313
685 8 307
690 7 303
697 7 296
705 7 288
710 3 287
713 3 284
717 2 281
719 3 278
719 3 278
727 2 271
732 2 266
739 1 260
744 1 255
751 1 248
755 0 245
759 0 241
760 0 240
761 0 239
768 0 232
771 0 229
777 0 223
780 0 220
782 0 218
784 0 216
787 0 213
790 0 210
792 0 208
793 0 207
798 0 202
801 0 199
806 0 194
808 0 192
815 0 185
819 0 181
825 0 175
831 0 169
832 0 168
836 0 164
839 0 161
839 0 161
842 0 158
844 0 156
846 0 154
850 0 150
851 0 149
853 0 147
857 0 143
857 0 143
860 0 140
864 0 136
867 0 133
868 0 132
870 0 130
871 0 129
875 0 125
878 0 122
879 0 121
883 0 117
886 0 114
887 0 113
889 0 111
891 0 109
894 0 106
895 0 105
897 0 103
898 0 102
900 0 100
904 0 96
908 0 92
910 0 90
912 0 88
914 0 86
915 0 85
916 0 84
917 0 83
917 0 83
920 0 80
923 0 77
924 0 76
925 0 75
927 0 73
929 0 71
930 0 70
930 0 70
933 0 67
933 0 67
933 0 67
933 0 67
934 0 66
935 0 65
935 0 65
938 0 62
938 0 62
938 0 62
938 0 62
940 0 60
940 0 60
942 0 58
943 0 57
943 0 57
944 0 56
944 0 56
944 0 56
946 0 54
946 0 54
948 0 52
949 0 51
949 0 51
950 0 50
951 0 49
952 0 48
952 0 48
954 0 46
956 0 44
956 0 44
956 0 44
956 0 44
957 0 43
957 0 43
957 0 43
959 0 41
959 0 41
960 0 40
960 0 40
961 0 39
962 0 38
964 0 36
968 0 32
968 0 32
970 0 30
971 0 29
971 0 29
971 0 29
971 0 29
971 0 29
971 0 29
971 0 29
971 0 29
973 0 27
974 0 26
975 0 25
976 0 24
977 0 23
977 0 23
977 0 23
977 0 23
978 0 22
978 0 22
978 0 22
978 0 22
978 0 22
978 0 22
978 0 22
978 0 22
978 0 22
978 0 22
978 0 22
978 0 22
978 0 22
978 0 22
978 0 22
978 0 22
978 0 22
978 0 22
978 0 22
978 0 22
979 0 21
979 0 21
979 0 21
980 0 20
980 0 20
980 0 20
980 0 20
980 0 20
980 0 20
980 0 20
980 0 20
980 0 20
980 0 20
981 0 19
981 0 19
981 0 19
981 0 19
981 0 19
981 0 19
982 0 18
982 0 18
982 0 18
982 0 18
982 0 18
983 0 17
983 0 17
983 0 17
984 0 16
984 0 16
984 0 16
984 0 16
984 0 16
984 0 16
985 0 15
985 0 15
985 0 15
986 0 14
987 0 13
987 0 13
987 0 13
987 0 13
987 0 13
987 0 13
987 0 13
988 0 12
989 0 11
989 0 11
989 0 11
989 0 11
989 0 11
989 0 11
989 0 11
989 0 11
989 0 11
989 0 11
989 0 11
989 0 11
989 0 11
989 0 11
989 0 11
990 0 10
990 0 10
990 0 10
990 0 10
990 0 10
990 0 10
990 0 10
991 0 9
991 0 9
991 0 9
991 0 9
991 0 9
991 0 9
991 0 9
991 0 9
991 0 9
991 0 9
991 0 9
991 0 9
991 0 9
991 0 9
991 0 9
991 0 9
991 0 9
991 0 9
992 0 8
992 0 8
992 0 8
992 0 8
992 0 8
993 0 7
993 0 7
993 0 7
993 0 7
994 0 6
995 0 5
995 0 5
995 0 5
995 0 5
995 0 5
995 0 5
995 0 5
995 0 5
995 0 5
995 0 5
995 0 5
995 0 5
995 0 5
995 0 5
995 0 5
995 0 5
995 0 5
995 0 5
995 0 5
996 0 4
996 0 4
996 0 4
996 0 4
996 0 4
996 0 4
996 0 4
996 0 4
996 0 4
996 0 4
996 0 4
996 0 4
996 0 4
996 0 4
996 0 4
996 0 4
996 0 4
996 0 4
996 0 4
996 0 4
996 0 4
997 0 3
997 0 3
997 0 3
997 0 3
997 0 3
997 0 3
997 0 3
997 0 3
997 0 3
997 0 3
997 0 3
997 0 3
997 0 3
997 0 3
997 0 3
997 0 3
997 0 3
997 0 3
997 0 3
997 0 3
997 0 3
997 0 3
998 0 2
998 0 2
998 0 2
998 0 2
998 0 2
998 0 2
998 0 2
998 0 2
998 0 2
998 0 2
998 0 2
998 0 2
998 0 2
998 0 2
998 0 2
998 0 2
998 0 2
998 0 2
998 0 2
998 0 2
998 0 2
998 0 2
998 0 2
998 0 2
998 0 2
998 0 2
998 0 2
999 0 1
999 0 1
999 0 1
999 0 1
999 0 1
999 0 1
999 0 1
999 0 1
999 0 1
999 0 1
999 0 1
999 0 1
999 0 1
999 0 1
999 0 1
999 0 1
999 0 1
999 0 1
999 0 1
999 0 1
999 0 1
999 0 1
999 0 1
999 0 1
999 0 1
999 0 1
999 0 1
999 0 1
999 0 1
999 0 1
999 0 1
999 0 1
999 0 1
999 0 1
999 0 1
999 0 1
999 0 1
999 0 1
999 0 1
999 0 1
999 0 1
999 0 1
999 0 1
999 0 1
999 0 1
999 0 1
999 0 1
999 0 1
999 0 1
999 0 1
999 0 1
999 0 1
999 0 1
999 0 1
999 0 1
999 0 1
999 0 1
999 0 1
999 0 1
1000 0 0
1000 0 0
1000 0 0
1000 0 0
1000 0 0
1000 0 0
1000 0 0
