995 5 0
993 4 3
992 4 4
988 6 6
987 7 6
980 13 7
977 12 11
975 14 11
972 15 13
968 15 17
964 16 20
961 20 19
955 23 22
945 29 26
934 32 34
922 39 39
917 37 46
905 41 54
893 49 58
882 57 61
867 66 67
845 82 73
830 87 83
808 98 94
783 108 109
764 108 128
752 112 136
739 107 154
722 120 158
707 115 178
692 120 188
685 114 201
678 115 207
667 114 219
650 113 237
639 108 253
634 100 266
630 95 275
618 97 285
610 97 293
607 95 298
604 88 308
606 82 312
595 85 320
593 78 329
593 78 329
596 70 334
595 65 340
591 62 347
595 55 350
599 49 352
601 47 352
602 44 354
597 49 354
596 50 354
593 48 359
598 44 358
611 43 346
609 42 349
609 42 349
606 45 349
603 45 352
597 50 353
600 47 353
594 52 354
580 57 363
578 59 363
569 60 371
563 64 373
565 63 372
563 69 368
548 78 374
548 82 370
545 83 372
542 82 376
544 73 383
544 64 392
545 60 395
543 58 399
542 58 400
544 55 401
544 56 400
545 54 401
544 54 402
545 52 403
548 49 403
552 45 403
556 41 403
559 40 401
561 37 402
560 42 398
558 46 396
558 48 394
560 50 390
560 48 392
564 35 401
563 41 396
560 43 397
558 48 394
549 51 400
552 49 399
546 52 402
546 51 403
547 52 401
546 50 404
547 46 407
548 39 413
549 37 414
547 41 412
552 42 406
554 43 403
560 36 404
558 37 405
562 37 401
558 40 402
559 38 403
557 35 408
552 36 412
555 31 414
555 32 413
557 29 414
561 24 415
569 22 409
574 21 405
578 21 401
581 18 401
592 18 390
599 17 384
602 18 380
603 18 379
604 16 380
608 12 380
615 13 372
619 10 371
628 10 362
630 11 359
636 10 354
640 10 350
646 10 344
647 11 342
654 11 335
657 11 332
664 10 326
668 9 323
673 7 320
679 7 314
678 11 311
682 13 305
679 15 306
673 23 304
673 25 302
676 21 303
682 19 299
682 23 295
684 29 287
683 33 284
685 36 279
678 40 282
678 43 279
677 36 287
671 42 287
667 37 296
668 35 297
666 39 295
668 35 297
666 38 296
664 41 295
663 39 298
666 42 292
663 48 289
666 47 287
666 46 288
668 43 289
670 36 294
674 35 291
678 36 286
686 35 279
685 36 279
693 31 276
696 30 274
689 37 274
685 32 283
684 35 281
680 40 280
674 37 289
675 36 289
673 38 289
671 40 289
660 49 291
657 50 293
653 51 296
649 52 299
653 50 297
653 50 297
647 53 300
643 49 308
644 49 307
645 48 307
645 43 312
645 43 312
643 45 312
652 41 307
654 40 306
658 33 309
659 33 308
668 26 306
666 26 308
667 26 307
677 24 299
675 26 299
674 25 301
673 27 300
670 33 297
667 39 294
662 45 293
654 50 296
642 54 304
640 53 307
635 55 310
629 62 309
623 64 313
616 69 315
615 68 317
610 70 320
609 74 317
602 74 324
599 70 331
592 70 338
580 74 346
581 69 350
577 67 356
575 67 358
572 71 357
575 63 362
575 62 363
586 59 355
583 57 360
586 53 361
583 48 369
589 43 368
587 44 369
586 40 374
578 44 378
578 44 378
576 43 381
571 52 377
563 57 380
565 54 381
560 57 383
563 57 380
567 55 378
567 52 381
571 50 379
572 49 379
577 45 378
578 45 377
574 46 380
572 48 380
573 47 380
570 41 389
568 41 391
576 38 386
582 36 382
581 38 381
584 33 383
585 35 380
582 43 375
581 41 378
583 41 376
591 37 372
589 39 372
587 43 370
590 47 363
587 49 364
592 43 365
589 47 364
585 52 363
585 58 357
579 58 363
576 55 369
580 53 367
579 53 368
574 53 373
573 51 376
570 53 377
573 51 376
576 43 381
573 44 383
571 46 383
575 46 379
579 40 381
585 33 382
588 32 380
591 33 376
593 34 373
599 33 368
602 33 365
608 30 362
614 25 361
618 23 359
624 21 355
625 20 355
626 25 349
627 23 350
632 25 343
633 26 341
631 30 339
633 29 338
636 27 337
635 26 339
643 27 330
640 34 326
640 30 330
645 27 328
649 24 327
650 21 329
652 22 326
652 19 329
657 18 325
657 18 325
660 16 324
665 18 317
670 18 312
673 17 310
675 18 307
679 16 305
678 17 305
683 16 301
686 17 297
685 20 295
684 22 294
689 24 287
687 27 286
685 27 288
682 30 288
688 30 282
686 32 282
685 31 284
685 30 285
690 26 284
688 31 281
688 28 284
688 30 282
695 28 277
699 26 275
698 24 278
701 24 275
702 24 274
703 23 274
703 26 271
705 26 269
705 27 268
704 29 267
700 35 265
703 33 264
699 38 263
701 33 266
697 33 270
697 31 272
698 30 272
704 24 272
699 31 270
696 34 270
698 33 269
697 35 268
692 40 268
685 43 272
684 46 270
684 41 275
676 50 274
672 51 277
668 49 283
663 49 288
657 53 290
653 53 294
643 59 298
635 66 299
629 70 301
629 71 300
630 61 309
628 59 313
624 62 314
621 59 320
622 51 327
621 47 332
628 42 330
631 37 332
629 39 332
634 39 327
638 36 326
638 35 327
640 30 330
643 26 331
647 24 329
650 21 329
658 17 325
660 17 323
660 15 325
665 12 323
671 12 317
672 11 317
675 10 315
681 11 308
680 14 306
683 11 306
683 10 307
690 6 304
696 6 298
700 8 292
699 11 290
704 9 287
706 10 284
709 9 282
712 11 277
714 11 275
715 10 275
720 11 269
724 9 267
726 9 265
735 7 258
737 9 254
740 7 253
746 6 248
748 6 246
750 6 244
754 6 240
756 4 240
758 2 240
763 1 236
768 1 231
769 2 229
773 3 224
778 3 219
782 3 215
786 2 212
790 2 208
793 2 205
794 2 204
798 2 200
801 2 197
802 4 194
803 3 194
808 2 190
808 2 190
811 2 187
812 2 186
815 2 183
815 3 182
819 1 180
821 2 177
822 2 176
823 4 173
827 4 169
832 4 164
834 6 160
836 5 159
833 9 158
832 10 158
833 11 156
833 11 156
833 10 157
837 10 153
838 11 151
832 18 150
830 16 154
823 21 156
816 25 159
811 31 158
805 30 165
800 30 170
790 40 170
770 56 174
748 75 177
717 95 188
696 109 195
673 120 207
659 127 214
629 141 230
614 136 250
605 128 267
594 129 277
585 126 289
575 119 306
568 114 318
557 111 332
543 116 341
536 109 355
532 103 365
524 101 375
520 101 379
513 100 387
509 99 392
509 94 397
506 84 410
502 85 413
501 79 420
499 76 425
494 70 436
500 62 438
500 57 443
502 48 450
504 45 451
509 43 448
514 40 446
519 32 449
523 33 444
526 28 446
526 29 445
527 24 449
538 19 443
548 18 434
554 18 428
562 17 421
566 14 420
569 9 422
575 9 416
583 8 409
590 7 403
595 4 401
603 5 392
610 4 386
619 5 376
622 5 373
623 5 372
632 5 363
636 6 358
647 5 348
651 5 344
656 5 339
663 6 331
665 8 327
675 9 316
677 7 316
681 5 314
681 3 316
685 2 313
687 2 311
690 1 309
700 1 299
701 2 297
707 1 292
711 1 288
718 1 281
722 1 277
725 1 274
733 2 265
737 2 261
735 5 260
740 2 258
745 2 253
745 3 252
745 4 251
751 4 245
755 5 240
758 7 235
759 11 230
757 16 227
757 14 229
756 14 230
756 12 232
754 15 231
756 16 228
758 17 225
756 21 223
753 21 226
754 16 230
750 23 227
744 29 227
740 32 228
736 34 230
732 36 232
728 36 236
731 34 235
733 39 228
731 36 233
734 30 236
732 31 237
732 32 236
734 33 233
733 36 231
725 40 235
724 42 234
719 39 242
715 41 244
711 42 247
708 44 248
707 41 252
705 41 254
699 39 262
690 41 269
683 45 272
678 50 272
667 57 276
664 53 283
653 59 288
650 59 291
651 57 292
646 55 299
641 55 304
638 50 312
636 55 309
634 52 314
639 42 319
634 44 322
631 42 327
632 40 328
629 44 327
628 39 333
627 42 331
627 46 327
624 45 331
622 47 331
622 45 333
623 41 336
624 32 344
625 30 345
627 30 343
628 26 346
629 28 343
627 28 345
628 28 344
632 28 340
635 30 335
634 27 339
639 21 340
644 17 339
651 15 334
654 15 331
653 18 329
653 21 326
653 25 322
653 26 321
649 29 322
650 30 320
646 32 322
648 32 320
646 33 321
644 37 319
640 40 320
637 39 324
636 38 326
633 43 324
628 43 329
626 47 327
627 43 330
624 44 332
624 51 325
617 55 328
613 55 332
615 58 327
603 60 337
601 56 343
599 57 344
600 59 341
595 55 350
594 55 351
594 49 357
587 52 361
583 51 366
582 55 363
584 51 365
587 42 371
585 44 371
582 48 370
581 49 370
589 48 363
584 51 365
587 47 366
589 44 367
588 40 372
590 37 373
586 40 374
586 38 376
590 32 378
597 31 372
600 30 370
606 31 363
611 30 359
615 31 354
615 31 354
617 34 349
619 37 344
620 36 344
621 35 344
620 36 344
620 34 346
620 35 345
624 37 339
627 40 333
630 43 327
634 41 325
635 44 321
642 42 316
637 42 321
633 44 323
630 45 325
628 43 329
628 49 323
627 47 326
631 43 326
622 49 329
615 48 337
611 50 339
613 53 334
606 54 340
612 54 334
613 55 332
611 61 328
607 58 335
612 54 334
613 54 333
609 53 338
607 57 336
610 51 339
609 50 341
616 50 334
620 43 337
622 36 342
625 30 345
627 29 344
635 27 338
644 23 333
649 20 331
655 19 326
658 18 324
663 19 318
666 18 316
669 13 318
668 11 321
671 9 320
678 7 315
680 6 314
685 5 310
695 3 302
700 2 298
701 2 297
708 2 290
710 3 287
716 4 280
716 6 278
718 9 273
722 12 266
719 19 262
721 20 259
710 30 260
699 40 261
687 45 268
683 49 268
677 52 271
675 59 266
673 59 268
672 58 270
668 57 275
663 60 277
667 53 280
665 50 285
660 52 288
658 49 293
654 49 297
653 49 298
655 49 296
651 52 297
644 56 300
639 55 306
640 60 300
642 50 308
645 42 313
645 39 316
642 45 313
644 47 309
643 47 310
642 43 315
648 40 312
651 36 313
658 38 304
658 40 302
661 36 303
660 39 301
653 39 308
657 38 305
656 37 307
657 37 306
658 39 303
662 37 301
659 37 304
666 30 304
671 30 299
670 30 300
665 37 298
663 36 301
661 37 302
663 37 300
656 39 305
647 44 309
647 44 309
635 48 317
630 52 318
625 58 317
618 60 322
619 58 323
620 50 330
619 50 331
618 46 336
620 42 338
623 40 337
626 38 336
634 35 331
638 31 331
639 32 329
645 24 331
649 24 327
654 23 323
659 25 316
660 23 317
660 23 317
663 25 312
671 19 310
670 18 312
671 20 309
673 21 306
675 23 302
677 23 300
676 21 303
677 24 299
677 25 298
681 20 299
683 21 296
675 25 300
672 28 300
670 34 296
670 36 294
662 48 290
658 54 288
647 61 292
640 58 302
633 66 301
621 67 312
613 69 318
610 67 323
608 67 325
605 60 335
605 54 341
602 55 343
595 59 346
593 58 349
589 53 358
591 52 357
584 56 360
584 50 366
597 48 355
599 46 355
600 35 365
606 30 364
609 25 366
616 21 363
623 19 358
630 21 349
636 20 344
640 20 340
644 21 335
649 21 330
649 22 329
651 18 331
648 19 333
648 18 334
657 17 326
663 15 322
670 12 318
681 11 308
684 10 306
687 9 304
695 10 295
700 11 289
702 10 288
705 9 286
709 7 284
716 8 276
716 12 272
720 12 268
721 13 266
724 16 260
726 15 259
727 13 260
729 14 257
732 14 254
735 10 255
741 8 251
748 8 244
750 7 243
751 5 244
753 5 242
757 4 239
763 4 233
765 2 233
774 1 225
777 1 222
778 1 221
782 1 217
784 1 215
786 1 213
787 1 212
790 1 209
792 1 207
794 1 205
795 1 204
802 1 197
804 1 195
807 1 192
810 1 189
814 1 185
817 1 182
819 2 179
824 2 174
828 3 169
828 5 167
829 7 164
831 6 163
831 5 164
832 6 162
834 5 161
836 4 160
838 5 157
841 5 154
842 5 153
843 6 151
841 8 151
842 8 150
843 7 150
844 4 152
846 4 150
850 3 147
850 4 146
853 4 143
853 3 144
854 4 142
857 3 140
859 2 139
860 3 137
863 2 135
864 3 133
869 3 128
869 2 129
870 4 126
873 5 122
875 7 118
872 10 118
871 9 120
865 14 121
862 17 121
856 23 121
846 27 127
839 29 132
835 30 135
819 41 140
809 48 143
800 49 151
795 50 155
784 53 163
768 63 169
764 62 174
758 61 181
751 63 186
735 70 195
728 70 202
719 75 206
719 65 216
712 54 234
705 59 236
701 54 245
689 61 250
679 66 255
672 63 265
657 70 273
654 68 278
651 67 282
654 60 286
656 52 292
653 56 291
654 52 294
652 54 294
650 53 297
644 59 297
631 61 308
629 57 314
627 54 319
618 57 325
617 55 328
613 52 335
611 50 339
612 51 337
610 48 342
612 45 343
614 42 344
614 34 352
617 33 350
623 32 345
624 32 344
630 29 341
636 25 339
639 22 339
642 20 338
