1000 0 0
1000 0 0
1000 0 0
1000 0 0
1000 0 0
1000 0 0
1000 0 0
1000 0 0
1000 0 0
996 4 0
992 6 2
982 15 3
973 21 6
966 21 13
954 30 16
946 34 20
936 39 25
921 49 30
905 60 35
892 68 40
873 78 49
857 77 66
847 86 67
830 86 84
815 91 94
799 91 110
783 94 123
770 93 137
762 97 141
742 101 157
730 100 170
712 95 193
700 96 204
689 100 211
678 94 228
671 95 234
658 97 245
641 107 252
631 102 267
621 106 273
615 103 282
609 90 301
597 91 312
592 91 317
591 90 319
585 87 328
574 84 342
568 80 352
563 78 359
559 74 367
555 73 372
549 73 378
547 69 384
548 63 389
549 58 393
550 55 395
553 53 394
554 50 396
551 42 407
553 36 411
556 36 408
554 34 412
557 34 409
558 35 407
565 32 403
573 29 398
577 26 397
584 24 392
591 23 386
597 17 386
601 17 382
605 18 377
608 17 375
609 17 374
609 18 373
613 16 371
614 17 369
617 18 365
620 18 362
618 23 359
620 22 358
619 21 360
623 22 355
629 16 355
632 17 351
635 16 349
636 17 347
636 16 348
642 16 342
646 19 335
646 18 336
651 16 333
659 14 327
663 15 322
665 15 320
671 14 315
675 16 309
678 12 310
682 12 306
686 12 302
690 14 296
696 15 289
698 22 280
700 25 275
698 27 275
690 32 278
687 35 278
685 34 281
682 36 282
681 37 282
680 36 284
682 34 284
678 40 282
676 38 286
673 41 286
671 42 287
676 35 289
674 31 295
678 31 291
678 31 291
679 28 293
679 33 288
677 33 290
673 38 289
673 37 290
670 39 291
671 39 290
673 38 289
676 36 288
679 28 293
682 23 295
683 22 295
683 20 297
687 19 294
690 19 291
689 18 293
690 17 293
693 20 287
691 23 286
690 20 290
693 21 286
693 23 284
695 23 282
699 19 282
702 22 276
707 23 270
711 17 272
715 17 268
720 17 263
725 16 259
729 19 252
733 19 248
729 21 250
731 21 248
728 23 249
722 23 255
722 20 258
726 15 259
727 14 259
730 11 259
735 11 254
737 13 250
741 14 245
738 16 246
739 13 248
737 14 249
741 13 246
743 11 246
748 10 242
757 11 232
760 13 227
760 16 224
761 13 226
760 15 225
762 16 222
763 17 220
766 15 219
764 19 217
764 21 215
760 23 217
755 27 218
755 31 214
754 31 215
751 31 218
744 34 222
739 37 224
734 34 232
726 42 232
721 47 232
718 50 232
713 48 239
706 50 244
708 44 248
701 51 248
697 50 253
693 48 259
690 47 263
685 46 269
681 48 271
681 47 272
685 43 272
685 41 274
686 44 270
680 46 274
679 43 278
678 42 280
682 39 279
679 44 277
681 39 280
679 39 282
680 39 281
681 38 281
682 36 282
681 37 282
676 36 288
673 40 287
669 43 288
666 47 287
667 42 291
664 42 294
662 38 300
659 37 304
660 40 300
657 45 298
661 41 298
660 41 299
661 40 299
656 44 300
655 38 307
654 36 310
650 37 313
653 35 312
650 39 311
646 37 317
647 33 320
648 35 317
651 34 315
649 36 315
650 37 313
651 38 311
648 37 315
644 43 313
644 35 321
646 35 319
647 36 317
643 39 318
640 37 323
639 42 319
636 45 319
633 39 328
632 41 327
635 35 330
633 32 335
637 31 332
637 30 333
642 28 330
644 26 330
647 24 329
647 27 326
645 29 326
645 27 328
647 19 334
650 17 333
649 19 332
657 20 323
663 20 317
664 19 317
669 18 313
673 17 310
678 11 311
679 10 311
685 10 305
695 8 297
701 7 292
703 7 290
707 7 286
711 9 280
715 10 275
718 10 272
720 9 271
725 11 264
727 13 260
726 15 259
731 13 256
733 13 254
732 12 256
732 13 255
737 12 251
737 15 248
737 17 246
742 18 240
740 15 245
740 15 245
741 18 241
738 19 243
740 18 242
739 18 243
735 23 242
734 26 240
736 25 239
734 27 239
737 25 238
741 20 239
741 22 237
739 23 238
742 20 238
744 21 235
742 23 235
743 23 234
742 23 235
744 24 232
745 22 233
747 23 230
748 24 228
751 21 228
755 14 231
759 11 230
764 12 224
761 15 224
762 15 223
763 15 222
765 12 223
766 16 218
765 17 218
764 22 214
763 24 213
767 24 209
771 24 205
765 27 208
763 27 210
761 27 212
763 24 213
761 27 212
765 25 210
761 28 211
762 29 209
759 33 208
759 29 212
755 33 212
750 33 217
750 27 223
741 33 226
745 33 222
743 33 224
741 36 223
736 42 222
739 41 220
736 43 221
730 46 224
729 47 224
725 45 230
721 44 235
719 44 237
716 46 238
710 47 243
703 52 245
694 54 252
688 56 256
683 57 260
680 58 262
678 58 264
675 57 268
672 54 274
671 48 281
667 49 284
666 46 288
665 44 291
663 45 292
663 46 291
668 42 290
668 41 291
669 42 289
662 45 293
658 40 302
657 39 304
652 46 302
653 43 304
651 38 311
643 43 314
640 45 315
640 48 312
641 44 315
638 47 315
635 54 311
631 58 311
630 60 310
627 58 315
623 55 322
623 50 327
624 42 334
623 39 338
616 42 342
614 42 344
616 38 346
625 38 337
627 36 337
629 36 335
630 38 332
632 34 334
639 31 330
639 33 328
639 28 333
645 26 329
650 22 328
649 28 323
650 28 322
654 27 319
655 23 322
664 24 312
662 27 311
663 25 312
665 25 310
667 22 311
670 19 311
676 15 309
684 14 302
684 15 301
688 15 297
690 15 295
691 15 294
697 14 289
697 12 291
696 14 290
706 12 282
710 10 280
708 11 281
709 15 276
710 16 274
716 13 271
719 11 270
719 13 268
720 15 265
721 15 264
721 17 262
722 19 259
720 18 262
722 15 263
724 15 261
723 13 264
724 13 263
725 13 262
729 13 258
737 13 250
738 12 250
742 12 246
743 11 246
743 12 245
745 14 241
743 17 240
745 17 238
748 18 234
751 17 232
755 16 229
755 13 232
758 15 227
760 17 223
762 15 223
763 15 222
764 14 222
763 12 225
765 12 223
764 13 223
767 12 221
767 15 218
773 13 214
779 14 207
777 14 209
777 15 208
775 17 208
777 15 208
782 13 205
781 15 204
781 15 204
781 14 205
781 11 208
784 9 207
785 10 205
786 12 202
792 13 195
790 14 196
793 15 192
791 17 192
794 18 188
791 21 188
790 21 189
792 24 184
790 26 184
790 25 185
787 29 184
784 31 185
782 30 188
782 29 189
778 30 192
770 32 198
763 35 202
765 34 201
764 36 200
758 41 201
749 48 203
740 55 205
737 50 213
734 53 213
723 53 224
721 52 227
715 49 236
710 49 241
706 49 245
701 52 247
698 53 249
689 59 252
683 58 259
678 64 258
673 70 257
671 66 263
661 70 269
653 75 272
642 81 277
632 84 284
627 84 289
623 79 298
625 68 307
618 73 309
609 73 318
607 70 323
598 72 330
590 73 337
586 74 340
581 75 344
576 68 356
585 64 351
581 63 356
582 58 360
579 55 366
583 54 363
582 55 363
580 56 364
581 54 365
581 49 370
586 48 366
592 43 365
592 40 368
594 40 366
597 38 365
602 39 359
601 32 367
603 32 365
601 30 369
603 29 368
614 26 360
620 22 358
621 21 358
623 22 355
628 23 349
637 21 342
636 22 342
634 27 339
635 25 340
638 23 339
641 24 335
643 25 332
642 28 330
642 30 328
645 25 330
647 21 332
649 18 333
648 20 332
652 17 331
653 15 332
656 15 329
658 14 328
664 13 323
669 11 320
669 11 320
673 8 319
685 6 309
693 5 302
698 7 295
701 8 291
705 7 288
709 7 284
712 7 281
714 7 279
716 8 276
718 11 271
721 12 267
720 15 265
725 18 257
721 20 259
717 20 263
717 21 262
715 27 258
715 25 260
711 31 258
705 38 257
703 37 260
700 39 261
697 41 262
698 35 267
699 31 270
697 30 273
698 29 273
701 26 273
700 26 274
699 30 271
705 28 267
703 27 270
704 30 266
703 31 266
699 31 270
697 35 268
698 38 264
696 34 270
701 31 268
705 27 268
704 27 269
710 25 265
706 30 264
707 26 267
708 27 265
712 24 264
716 22 262
717 19 264
725 18 257
724 16 260
727 16 257
730 15 255
730 15 255
731 16 253
732 12 256
736 14 250
734 13 253
732 15 253
734 12 254
735 13 252
732 17 251
731 17 252
730 18 252
736 14 250
737 12 251
740 14 246
741 12 247
739 14 247
744 13 243
745 15 240
747 20 233
746 21 233
747 23 230
747 24 229
747 24 229
743 27 230
744 24 232
745 26 229
744 27 229
743 29 228
739 24 237
738 23 239
738 28 234
736 30 234
737 29 234
735 26 239
735 26 239
734 23 243
732 25 243
730 26 244
734 22 244
735 17 248
735 17 248
740 16 244
744 16 240
746 11 243
750 12 238
751 13 236
751 15 234
756 15 229
755 18 227
753 21 226
754 23 223
752 21 227
756 21 223
759 19 222
762 20 218
760 21 219
758 25 217
759 27 214
757 23 220
760 21 219
755 26 219
755 26 219
756 25 219
754 28 218
757 26 217
757 23 220
749 25 226
748 27 225
747 27 226
749 26 225
752 23 225
750 25 225
750 27 223
750 29 221
755 29 216
749 36 215
744 43 213
744 39 217
742 43 215
735 49 216
733 50 217
730 49 221
727 47 226
720 48 232
712 53 235
704 62 234
702 62 236
695 64 241
691 68 241
685 68 247
681 63 256
665 69 266
658 72 270
650 67 283
644 68 288
639 69 292
639 64 297
642 61 297
639 60 301
637 58 305
634 56 310
632 53 315
627 54 319
623 47 330
627 48 325
631 42 327
634 36 330
630 40 330
633 33 334
635 34 331
631 37 332
630 35 335
634 33 333
634 36 330
632 38 330
627 42 331
631 46 323
633 46 321
631 42 327
632 34 334
631 34 335
628 35 337
628 35 337
628 28 344
625 31 344
625 34 341
621 37 342
622 36 342
623 36 341
625 31 344
624 31 345
623 31 346
629 26 345
637 26 337
637 28 335
641 22 337
639 26 335
635 27 338
636 27 337
646 25 329
650 21 329
654 25 321
659 22 319
661 20 319
662 21 317
667 20 313
673 17 310
679 20 301
679 21 300
679 25 296
679 27 294
675 32 293
671 35 294
668 34 298
667 32 301
667 30 303
667 29 304
670 26 304
669 27 304
674 26 300
676 28 296
679 27 294
678 27 295
679 23 298
677 30 293
681 26 293
686 22 292
690 20 290
692 21 287
693 22 285
690 23 287
693 22 285
695 18 287
696 20 284
697 20 283
697 19 284
705 20 275
707 21 272
709 22 269
711 21 268
716 22 262
716 23 261
714 26 260
716 27 257
715 32 253
715 30 255
713 32 255
708 37 255
708 36 256
710 35 255
709 36 255
707 30 263
709 29 262
712 27 261
715 28 257
717 23 260
720 22 258
724 18 258
724 22 254
725 18 257
728 18 254
729 15 256
730 15 255
731 17 252
732 15 253
733 13 254
731 14 255
736 13 251
736 16 248
729 23 248
735 19 246
736 19 245
737 17 246
740 15 245
743 16 241
744 13 243
744 16 240
747 17 236
748 17 235
746 19 235
749 20 231
747 22 231
745 22 233
749 18 233
745 21 234
747 20 233
746 20 234
744 23 233
742 23 235
747 21 232
749 21 230
751 24 225
752 24 224
752 23 225
753 22 225
755 20 225
752 24 224
754 21 225
756 17 227
757 18 225
763 18 219
763 18 219
765 13 222
766 14 220
760 17 223
758 21 221
765 18 217
763 21 216
759 24 217
758 26 216
763 27 210
764 29 207
761 30 209
761 29 210
762 29 209
762 34 204
762 32 206
758 30 212
754 30 216
757 32 211
757 33 210
756 29 215
757 27 216
757 29 214
767 22 211
768 19 213
767 17 216
765 18 217
768 17 215
762 25 213
759 25 216
755 28 217
755 26 219
758 23 219
761 21 218
759 23 218
758 22 220
762 25 213
758 30 212
753 30 217
748 30 222
743 32 225
737 37 226
733 36 231
733 33 234
736 33 231
737 32 231
731 35 234
727 39 234
728 34 238
724 38 238
723 37 240
717 40 243
709 44 247
708 43 249
711 42 247
706 42 252
702 44 254
698 48 254
693 45 262
688 42 270
690 40 270
691 42 267
682 44 274
678 43 279
675 41 284
672 45 283
665 51 284
658 54 288
657 58 285
645 68 287
636 69 295
627 71 302
619 73 308
613 69 318
603 74 323
594 71 335
596 66 338
596 60 344
599 55 346
603 46 351
593 52 355
598 50 352
593 49 358
592 51 357
594 50 356
593 49 358
586 51 363
582 55 363
581 60 359
582 59 359
582 59 359
577 56 367
578 57 365
574 61 365
574 59 367
573 52 375
567 54 379
564 52 384
560 50 390
560 47 393
562 50 388
566 42 392
570 37 393
571 40 389
572 43 385
574 44 382
579 47 374
581 48 371
579 48 373
581 51 368
582 46 372
575 44 381
572 41 387
572 44 384
569 41 390
568 40 392
566 42 392
568 42 390
571 39 390
569 39 392
566 41 393
572 39 389
576 36 388
580 35 385
581 37 382
585 39 376
587 35 378
589 32 379
591 26 383
593 25 382
600 25 375
610 22 368
613 23 364
616 22 362
