1000 0 0
1000 0 0
1000 0 0
1000 0 0
1000 0 0
1000 0 0
1000 0 0
1000 0 0
1000 0 0
1000 0 0
998 2 0
997 3 0
997 2 1
996 1 3
996 1 3
994 3 3
989 7 4
985 9 6
979 12 9
977 12 11
977 9 14
971 13 16
966 15 19
964 11 25
958 19 23
955 19 26
947 24 29
945 23 32
935 28 37
932 30 38
928 31 41
926 32 42
923 31 46
916 30 54
906 39 55
897 45 58
892 45 63
885 43 72
878 45 77
868 46 86
862 48 90
853 51 96
841 57 102
837 54 109
835 48 117
830 48 122
822 51 127
811 57 132
801 63 136
793 58 149
782 58 160
777 61 162
764 65 171
757 64 179
753 65 182
749 65 186
746 60 194
742 64 194
729 69 202
716 70 214
701 79 220
692 82 226
680 81 239
674 79 247
667 84 249
662 78 260
653 81 266
647 83 270
637 86 277
627 89 284
623 76 301
609 81 310
596 82 322
596 73 331
592 63 345
586 63 351
585 61 354
583 58 359
576 62 362
572 57 371
567 58 375
568 54 378
568 51 381
568 50 382
567 42 391
565 46 389
567 44 389
571 43 386
572 41 387
570 45 385
570 48 382
571 43 386
571 40 389
571 38 391
573 35 392
574 34 392
574 29 397
579 28 393
582 27 391
583 24 393
586 24 390
595 23 382
596 25 379
600 26 374
603 23 374
604 19 377
606 19 375
608 23 369
612 22 366
616 22 362
617 21 362
623 22 355
627 20 353
632 20 348
638 18 344
642 18 340
643 16 341
646 17 337
649 15 336
653 14 333
657 13 330
662 11 327
668 9 323
672 9 319
681 7 312
682 7 311
686 7 307
688 9 303
692 10 298
693 11 296
699 10 291
697 11 292
699 9 292
697 14 289
700 16 284
705 10 285
708 8 284
711 9 280
713 7 280
716 9 275
722 9 269
724 10 266
731 9 260
738 7 255
736 8 256
736 11 253
736 10 254
741 8 251
741 8 251
747 6 247
752 3 245
754 2 244
756 2 242
755 3 242
755 4 241
762 3 235
761 3 236
764 1 235
770 1 229
773 1 226
775 1 224
781 1 218
783 2 215
785 3 212
785 6 209
789 6 205
788 9 203
793 10 197
794 12 194
794 12 194
795 11 194
795 15 190
797 12 191
798 13 189
802 11 187
798 15 187
798 15 187
795 17 188
794 21 185
788 28 184
787 30 183
782 31 187
778 28 194
777 31 192
777 30 193
771 36 193
769 36 195
760 39 201
754 40 206
750 46 204
742 51 207
737 56 207
729 54 217
719 55 226
710 56 234
705 54 241
697 58 245
690 59 251
694 50 256
687 59 254
681 61 258
673 61 266
669 57 274
667 52 281
661 52 287
657 50 293
657 50 293
646 57 297
636 61 303
633 56 311
637 51 312
637 50 313
637 53 310
632 61 307
631 57 312
630 54 316
632 49 319
631 51 318
631 47 322
630 49 321
627 49 324
627 47 326
629 46 325
628 46 326
623 52 325
621 49 330
620 47 333
623 46 331
617 55 328
617 52 331
611 52 337
613 49 338
614 48 338
615 45 340
618 46 336
621 40 339
622 35 343
624 31 345
626 30 344
627 28 345
629 27 344
629 26 345
634 25 341
638 26 336
636 24 340
642 25 333
643 29 328
648 26 326
654 24 322
659 17 324
663 19 318
665 16 319
673 14 313
672 18 310
674 20 306
672 22 306
676 20 304
676 18 306
677 17 306
672 20 308
675 23 302
678 20 302
682 18 300
687 17 296
698 18 284
699 18 283
702 21 277
709 17 274
709 16 275
709 15 276
709 14 277
708 13 279
710 12 278
709 14 277
714 12 274
713 10 277
713 11 276
718 12 270
723 11 266
725 9 266
728 10 262
731 14 255
737 9 254
738 9 253
743 10 247
746 11 243
749 11 240
748 14 238
747 15 238
742 21 237
739 22 239
740 21 239
739 21 240
740 19 241
741 19 240
741 20 239
738 24 238
740 27 233
735 31 234
730 33 237
727 31 242
727 31 242
725 30 245
722 34 244
722 32 246
724 28 248
726 28 246
724 28 248
724 28 248
718 28 254
720 28 252
721 27 252
724 25 251
722 26 252
728 20 252
724 17 259
722 17 261
724 17 259
725 18 257
722 22 256
723 22 255
726 22 252
723 21 256
723 20 257
722 22 256
721 27 252
720 27 253
718 28 254
718 31 251
716 31 253
719 28 253
718 29 253
720 31 249
719 29 252
722 30 248
722 29 249
724 27 249
720 25 255
722 27 251
720 27 253
718 27 255
712 31 257
712 33 255
707 38 255
703 39 258
694 42 264
696 43 261
697 40 263
691 46 263
685 51 264
684 49 267
673 53 274
668 55 277
664 55 281
665 54 281
663 53 284
660 51 289
656 52 292
656 47 297
648 48 304
644 47 309
640 50 310
639 47 314
636 45 319
634 43 323
638 43 319
640 38 322
640 40 320
638 38 324
640 35 325
641 32 327
643 31 326
646 31 323
647 31 322
653 29 318
656 28 316
665 26 309
667 21 312
665 23 312
668 23 309
672 23 305
667 23 310
667 27 306
666 27 307
660 37 303
660 34 306
661 36 303
657 36 307
659 32 309
661 31 308
668 30 302
668 33 299
668 32 300
664 37 299
663 35 302
662 35 303
662 30 308
661 36 303
662 35 303
664 35 301
666 32 302
670 34 296
666 36 298
662 37 301
662 39 299
660 32 308
659 32 309
662 29 309
666 27 307
665 23 312
668 25 307
672 28 300
668 30 302
671 32 297
673 33 294
675 34 291
675 38 287
673 39 288
675 38 287
675 39 286
674 36 290
675 37 288
674 32 294
674 32 294
676 28 296
675 30 295
680 25 295
680 28 292
681 28 291
682 28 290
681 28 291
681 25 294
684 20 296
687 17 296
690 16 294
695 14 291
699 14 287
703 15 282
703 9 288
706 8 286
707 8 285
712 8 280
716 7 277
717 9 274
717 8 275
722 7 271
727 4 269
729 4 267
735 3 262
740 2 258
747 2 251
747 3 250
750 4 246
755 3 242
758 4 238
759 7 234
762 5 233
766 6 228
764 6 230
769 7 224
773 5 222
774 7 219
773 10 217
774 10 216
779 11 210
784 10 206
786 11 203
787 15 198
783 15 202
783 17 200
785 21 194
784 20 196
782 24 194
779 24 197
780 19 201
777 22 201
776 23 201
774 26 200
777 22 201
779 21 200
777 24 199
777 25 198
774 25 201
781 26 193
777 26 197
772 28 200
773 28 199
773 28 199
770 28 202
765 31 204
763 32 205
760 39 201
757 43 200
739 57 204
738 51 211
738 50 212
729 52 219
725 55 220
717 61 222
715 54 231
707 57 236
700 60 240
696 57 247
697 54 249
696 43 261
692 44 264
691 45 264
692 44 264
692 46 262
690 47 263
688 44 268
688 46 266
692 40 268
682 47 271
678 47 275
680 43 277
676 44 280
671 49 280
659 59 282
658 56 286
658 53 289
650 58 292
647 56 297
644 57 299
645 55 300
641 55 304
637 59 304
634 56 310
633 56 311
632 50 318
632 46 322
634 42 324
635 35 330
637 31 332
645 25 330
645 24 331
648 24 328
651 28 321
654 26 320
654 24 322
656 25 319
653 26 321
659 27 314
657 29 314
654 28 318
654 26 320
660 24 316
663 24 313
660 25 315
660 28 312
658 28 314
660 28 312
660 31 309
663 30 307
664 26 310
667 28 305
662 32 306
662 30 308
667 26 307
667 28 305
666 23 311
670 20 310
671 17 312
671 18 311
675 20 305
673 21 306
677 17 306
683 13 304
686 16 298
689 14 297
691 16 293
696 11 293
696 16 288
696 17 287
700 18 282
698 18 284
699 17 284
704 16 280
709 12 279
709 15 276
711 15 274
711 14 275
713 13 274
716 12 272
718 11 271
724 10 266
726 10 264
731 8 261
731 7 262
740 4 256
740 5 255
745 3 252
747 3 250
749 4 247
754 5 241
755 4 241
756 2 242
762 2 236
766 2 232
770 2 228
773 2 225
780 2 218
783 3 214
785 3 212
793 4 203
794 5 201
796 5 199
799 5 196
799 4 197
806 3 191
811 3 186
816 4 180
817 4 179
818 2 180
820 2 178
822 2 176
830 1 169
835 1 164
838 1 161
845 1 154
851 1 148
852 1 147
853 1 146
853 1 146
855 1 144
856 1 143
856 1 143
860 1 139
863 1 136
864 1 135
869 1 130
870 1 129
874 1 125
874 1 125
875 1 124
876 0 124
881 0 119
884 0 116
887 0 113
887 0 113
888 0 112
891 0 109
891 0 109
893 0 107
893 0 107
894 0 106
895 0 105
895 0 105
895 0 105
899 0 101
899 0 101
900 0 100
901 0 99
902 0 98
902 0 98
903 0 97
903 0 97
907 0 93
909 0 91
912 0 88
913 0 87
914 0 86
916 0 84
919 0 81
919 0 81
919 0 81
920 0 80
923 0 77
926 0 74
926 0 74
926 0 74
927 0 73
928 0 72
928 0 72
928 0 72
930 0 70
932 0 68
934 0 66
934 0 66
934 0 66
934 0 66
935 0 65
937 0 63
937 0 63
939 0 61
942 0 58
943 0 57
944 0 56
945 0 55
945 0 55
945 0 55
946 0 54
947 0 53
948 0 52
951 0 49
952 0 48
952 0 48
953 0 47
953 0 47
955 0 45
955 0 45
957 0 43
959 0 41
959 0 41
960 0 40
960 0 40
961 0 39
961 0 39
961 0 39
961 0 39
961 0 39
961 0 39
962 0 38
962 0 38
962 0 38
963 0 37
963 0 37
963 0 37
963 0 37
964 0 36
964 0 36
966 0 34
966 0 34
970 0 30
971 0 29
973 0 27
974 0 26
974 0 26
974 0 26
974 0 26
976 0 24
976 0 24
976 0 24
976 0 24
978 0 22
978 0 22
979 0 21
979 0 21
979 0 21
979 0 21
979 0 21
979 0 21
979 0 21
979 0 21
979 0 21
980 0 20
980 0 20
982 0 18
983 0 17
983 0 17
984 0 16
984 0 16
984 0 16
984 0 16
986 0 14
986 0 14
987 0 13
987 0 13
988 0 12
989 0 11
989 0 11
989 0 11
989 0 11
989 0 11
989 0 11
989 0 11
989 0 11
989 0 11
990 0 10
991 0 9
991 0 9
991 0 9
992 0 8
992 0 8
993 0 7
993 0 7
993 0 7
993 0 7
993 0 7
993 0 7
994 0 6
994 0 6
994 0 6
994 0 6
994 0 6
994 0 6
994 0 6
994 0 6
994 0 6
994 0 6
994 0 6
995 0 5
995 0 5
996 0 4
996 0 4
996 0 4
997 0 3
997 0 3
997 0 3
997 0 3
997 0 3
997 0 3
997 0 3
997 0 3
997 0 3
997 0 3
997 0 3
997 0 3
997 0 3
997 0 3
997 0 3
997 0 3
997 0 3
997 0 3
997 0 3
997 0 3
997 0 3
997 0 3
997 0 3
997 0 3
997 0 3
997 0 3
997 0 3
997 0 3
997 0 3
997 0 3
998 0 2
998 0 2
998 0 2
998 0 2
998 0 2
998 0 2
998 0 2
998 0 2
998 0 2
998 0 2
998 0 2
998 0 2
998 0 2
998 0 2
998 0 2
999 0 1
999 0 1
999 0 1
999 0 1
999 0 1
999 0 1
1000 0 0
1000 0 0
1000 0 0
1000 0 0
1000 0 0
1000 0 0
1000 0 0
1000 0 0
1000 0 0
1000 0 0
1000 0 0
1000 0 0
1000 0 0
1000 0 0
1000 0 0
1000 0 0
1000 0 0
1000 0 0
1000 0 0
1000 0 0
1000 0 0
1000 0 0
1000 0 0
1000 0 0
1000 0 0
1000 0 0
1000 0 0
1000 0 0
1000 0 0
1000 0 0
1000 0 0
1000 0 0
1000 0 0
1000 0 0
1000 0 0
1000 0 0
1000 0 0
1000 0 0
1000 0 0
1000 0 0
1000 0 0
1000 0 0
1000 0 0
1000 0 0
1000 0 0
1000 0 0
1000 0 0
1000 0 0
1000 0 0
1000 0 0
1000 0 0
1000 0 0
1000 0 0
1000 0 0
1000 0 0
1000 0 0
1000 0 0
1000 0 0
1000 0 0
1000 0 0
1000 0 0
1000 0 0
1000 0 0
1000 0 0
1000 0 0
1000 0 0
1000 0 0
1000 0 0
1000 0 0
1000 0 0
1000 0 0
1000 0 0
1000 0 0
1000 0 0
1000 0 0
1000 0 0
1000 0 0
1000 0 0
1000 0 0
1000 0 0
1000 0 0
1000 0 0
1000 0 0
1000 0 0
1000 0 0
1000 0 0
1000 0 0
1000 0 0
1000 0 0
1000 0 0
1000 0 0
1000 0 0
1000 0 0
1000 0 0
1000 0 0
1000 0 0
1000 0 0
1000 0 0
1000 0 0
1000 0 0
1000 0 0
1000 0 0
1000 0 0
1000 0 0
1000 0 0
1000 0 0
1000 0 0
1000 0 0
1000 0 0
1000 0 0
1000 0 0
1000 0 0
1000 0 0
1000 0 0
1000 0 0
1000 0 0
1000 0 0
1000 0 0
1000 0 0
1000 0 0
1000 0 0
1000 0 0
1000 0 0
1000 0 0
1000 0 0
1000 0 0
1000 0 0
1000 0 0
1000 0 0
1000 0 0
1000 0 0
1000 0 0
1000 0 0
1000 0 0
1000 0 0
1000 0 0
1000 0 0
1000 0 0
1000 0 0
1000 0 0
1000 0 0
1000 0 0
1000 0 0
1000 0 0
1000 0 0
1000 0 0
1000 0 0
1000 0 0
1000 0 0
1000 0 0
1000 0 0
1000 0 0
1000 0 0
1000 0 0
