1000 0 0
1000 0 0
1000 0 0
1000 0 0
1000 0 0
1000 0 0
1000 0 0
1000 0 0
1000 0 0
999 0 1
999 0 1
999 0 1
996 2 2
993 5 2
986 11 3
984 10 6
979 10 11
971 15 14
969 14 17
966 16 18
959 19 22
950 26 24
939 33 28
929 36 35
925 33 42
917 41 42
906 46 48
897 49 54
887 51 62
885 52 63
882 47 71
872 48 80
866 47 87
857 49 94
852 48 100
844 53 103
835 57 108
821 61 118
809 63 128
792 75 133
775 78 147
764 85 151
751 86 163
745 84 171
726 94 180
711 97 192
706 85 209
694 88 218
677 93 230
663 94 243
646 93 261
634 97 269
620 95 285
623 92 285
609 98 293
600 99 301
593 106 301
579 105 316
568 104 328
559 106 335
551 107 342
542 109 349
533 98 369
521 101 378
517 96 387
510 94 396
508 89 403
511 81 408
511 79 410
508 81 411
506 80 414
498 81 421
489 81 430
492 76 432
498 69 433
501 64 435
502 54 444
507 51 442
507 49 444
504 54 442
507 47 446
511 42 447
513 41 446
513 41 446
510 41 449
512 38 450
523 38 439
528 33 439
529 36 435
533 34 433
534 34 432
537 30 433
542 29 429
546 29 425
549 23 428
557 21 422
559 18 423
565 17 418
569 19 412
577 13 410
583 12 405
587 9 404
591 10 399
596 10 394
600 8 392
602 7 391
608 8 384
615 8 377
618 8 374
621 9 370
629 11 360
634 12 354
639 12 349
640 10 350
649 10 341
653 9 338
655 12 333
660 12 328
662 10 328
664 6 330
667 6 327
670 7 323
669 8 323
672 8 320
673 13 314
680 16 304
684 19 297
683 19 298
679 24 297
681 25 294
678 26 296
676 30 294
680 32 288
683 32 285
678 33 289
680 32 288
681 28 291
680 24 296
683 23 294
681 25 294
683 28 289
683 28 289
686 29 285
689 31 280
690 30 280
690 30 280
692 32 276
685 40 275
684 37 279
683 37 280
682 41 277
680 47 273
678 49 273
678 49 273
680 44 276
675 45 280
674 46 280
674 41 285
680 36 284
681 30 289
688 30 282
687 28 285
680 32 288
674 36 290
676 37 287
676 41 283
678 43 279
681 36 283
680 35 285
681 31 288
676 32 292
678 29 293
679 34 287
677 39 284
674 37 289
674 32 294
677 37 286
679 37 284
682 35 283
682 34 284
682 31 287
682 34 284
677 37 286
680 32 288
678 32 290
679 32 289
683 34 283
691 27 282
699 27 274
695 25 280
694 25 281
696 26 278
693 27 280
693 31 276
698 30 272
700 28 272
698 25 277
699 24 277
701 24 275
701 25 274
702 23 275
702 26 272
701 28 271
697 29 274
696 31 273
701 28 271
698 33 269
695 31 274
696 28 276
698 27 275
701 28 271
702 28 270
706 28 266
701 32 267
702 39 259
701 33 266
698 35 267
698 34 268
701 33 266
697 35 268
695 36 269
697 37 266
691 40 269
694 42 264
690 46 264
685 44 271
680 49 271
681 45 274
678 44 278
676 40 284
673 38 289
667 39 294
666 38 296
665 37 298
664 32 304
666 33 301
667 32 301
673 26 301
673 25 302
671 25 304
669 26 305
667 30 303
665 31 304
666 30 304
666 27 307
664 28 308
665 28 307
664 28 308
666 27 307
669 26 305
668 21 311
671 22 307
674 18 308
674 20 306
681 19 300
682 22 296
680 21 299
681 19 300
683 18 299
681 25 294
685 24 291
686 25 289
688 24 288
691 20 289
693 21 286
696 15 289
701 11 288
701 12 287
703 12 285
709 10 281
709 10 281
713 10 277
713 12 275
717 13 270
716 14 270
721 15 264
724 11 265
727 8 265
733 7 260
735 6 259
737 7 256
743 6 251
742 9 249
742 11 247
750 7 243
752 8 240
756 7 237
755 11 234
754 13 233
756 15 229
764 15 221
767 13 220
766 19 215
764 19 217
766 18 216
764 20 216
757 26 217
753 25 222
748 31 221
743 34 223
746 35 219
743 37 220
746 28 226
748 25 227
746 28 226
742 32 226
746 30 224
747 29 224
742 29 229
742 32 226
743 35 222
742 35 223
742 33 225
741 35 224
736 42 222
730 37 233
727 35 238
725 39 236
721 41 238
720 39 241
718 39 243
714 41 245
707 45 248
701 44 255
700 47 253
701 44 255
693 54 253
691 56 253
686 53 261
680 54 266
675 52 273
671 51 278
663 57 280
657 58 285
650 59 291
649 55 296
649 54 297
642 58 300
645 51 304
642 49 309
640 48 312
634 50 316
628 49 323
631 45 324
634 41 325
632 42 326
633 45 322
635 40 325
635 43 322
633 43 324
632 42 326
636 39 325
637 40 323
641 40 319
640 37 323
637 43 320
634 47 319
637 41 322
634 42 324
632 38 330
630 40 330
628 45 327
625 49 326
622 47 331
618 50 332
620 49 331
619 53 328
617 52 331
614 53 333
614 54 332
609 55 336
607 59 334
607 57 336
609 49 342
608 51 341
599 57 344
595 50 355
596 48 356
598 48 354
594 45 361
596 42 362
601 38 361
606 36 358
599 41 360
598 41 361
598 41 361
604 41 355
600 34 366
604 32 364
606 32 362
607 31 362
610 29 361
613 24 363
618 21 361
625 19 356
629 18 353
632 19 349
632 23 345
640 22 338
644 22 334
648 22 330
656 23 321
655 22 323
657 22 321
660 21 319
657 23 320
659 25 316
661 25 314
663 27 310
668 22 310
664 27 309
666 26 308
661 30 309
667 24 309
661 30 309
657 38 305
659 34 307
656 34 310
657 31 312
651 34 315
652 27 321
652 28 320
651 25 324
651 27 322
651 28 321
653 27 320
664 27 309
664 25 311
664 26 310
667 24 309
664 25 311
665 27 308
669 23 308
674 20 306
675 18 307
671 20 309
675 20 305
677 20 303
676 21 303
674 23 303
682 20 298
682 20 298
685 19 296
687 20 293
688 15 297
693 17 290
693 18 289
701 16 283
703 15 282
713 14 273
715 15 270
716 17 267
719 15 266
720 17 263
721 17 262
725 17 258
723 17 260
725 16 259
721 19 260
724 18 258
726 21 253
728 23 249
730 24 246
730 25 245
735 25 240
734 28 238
733 27 240
736 23 241
731 28 241
730 28 242
731 29 240
732 27 241
733 25 242
723 31 246
723 33 244
720 35 245
714 35 251
709 44 247
712 45 243
709 42 249
708 43 249
708 43 249
705 36 259
699 37 264
697 33 270
702 34 264
700 35 265
706 34 260
709 34 257
706 32 262
704 36 260
702 39 259
699 36 265
698 31 271
698 35 267
702 27 271
704 26 270
709 24 267
711 21 268
712 22 266
713 20 267
714 21 265
711 24 265
713 20 267
717 21 262
721 18 261
719 22 259
717 26 257
720 25 255
719 26 255
721 27 252
717 33 250
719 33 248
717 39 244
711 43 246
705 44 251
705 38 257
704 37 259
706 35 259
706 37 257
707 36 257
701 36 263
695 43 262
692 43 265
687 45 268
679 46 275
667 49 284
662 49 289
663 46 291
658 46 296
655 51 294
655 50 295
652 54 294
652 48 300
653 45 302
652 41 307
650 38 312
650 42 308
647 42 311
654 44 302
652 45 303
651 49 300
646 51 303
644 47 309
646 40 314
648 34 318
650 37 313
643 36 321
645 36 319
639 38 323
637 36 327
632 41 327
632 37 331
630 36 334
631 38 331
636 35 329
634 37 329
636 42 322
635 39 326
632 37 331
627 42 331
629 39 332
627 36 337
629 33 338
632 31 337
635 30 335
635 34 331
639 35 326
640 37 323
640 34 326
641 31 328
647 33 320
653 29 318
657 28 315
656 25 319
659 25 316
663 17 320
666 19 315
668 19 313
676 16 308
675 17 308
680 18 302
685 18 297
681 22 297
681 21 298
684 19 297
685 18 297
689 18 293
692 18 290
695 15 290
693 16 291
693 15 292
693 14 293
698 14 288
701 15 284
710 14 276
717 14 269
719 12 269
721 13 266
726 12 262
732 13 255
732 13 255
732 14 254
731 15 254
733 15 252
733 15 252
741 12 247
738 19 243
739 19 242
738 20 242
735 24 241
731 29 240
730 28 242
730 22 248
730 21 249
728 22 250
723 28 249
717 30 253
715 34 251
708 36 256
707 35 258
703 37 260
701 37 262
697 39 264
699 34 267
701 31 268
702 28 270
701 29 270
705 24 271
705 22 273
701 27 272
699 27 274
700 30 270
691 35 274
695 31 274
697 33 270
699 32 269
699 32 269
698 35 267
705 30 265
706 29 265
706 29 265
706 30 264
709 26 265
714 23 263
722 20 258
720 24 256
720 23 257
723 20 257
723 17 260
728 16 256
730 17 253
729 19 252
730 18 252
734 18 248
739 17 244
734 24 242
737 24 239
738 25 237
738 27 235
735 27 238
734 25 241
735 24 241
735 25 240
733 32 235
730 34 236
727 34 239
726 34 240
725 37 238
723 37 240
721 41 238
717 42 241
718 38 244
716 36 248
710 39 251
712 35 253
712 34 254
709 38 253
715 37 248
715 34 251
708 36 256
705 39 256
702 37 261
700 34 266
695 40 265
700 38 262
704 35 261
705 30 265
707 32 261
711 31 258
708 35 257
707 33 260
706 32 262
705 26 269
704 26 270
703 29 268
701 29 270
698 29 273
701 27 272
701 27 272
702 25 273
700 30 270
700 28 272
701 22 277
701 21 278
703 20 277
706 15 279
708 14 278
709 15 276
716 15 269
725 16 259
726 16 258
730 12 258
727 14 259
729 13 258
730 13 257
731 13 256
733 14 253
735 11 254
735 11 254
736 11 253
735 13 252
739 13 248
740 14 246
740 17 243
743 15 242
739 13 248
739 16 245
739 16 245
739 16 245
742 16 242
744 14 242
746 14 240
746 16 238
747 19 234
747 18 235
749 17 234
754 17 229
750 20 230
754 19 227
752 20 228
755 22 223
755 20 225
752 23 225
748 30 222
752 29 219
751 25 224
750 29 221
744 33 223
735 41 224
735 41 224
730 39 231
727 41 232
721 47 232
715 48 237
711 44 245
715 37 248
712 38 250
710 42 248
708 43 249
706 39 255
706 36 258
705 34 261
702 37 261
700 36 264
702 34 264
699 36 265
694 38 268
693 41 266
690 40 270
690 35 275
690 40 270
695 34 271
694 32 274
691 32 277
695 30 275
697 26 277
697 23 280
702 23 275
707 15 278
704 18 278
705 17 278
702 19 279
707 18 275
711 19 270
715 20 265
717 18 265
719 17 264
718 17 265
721 16 263
727 12 261
729 13 258
731 11 258
732 13 255
734 12 254
734 12 254
736 15 249
737 16 247
737 15 248
742 13 245
744 9 247
744 5 251
747 5 248
750 4 246
753 3 244
759 3 238
761 3 236
762 4 234
768 6 226
775 7 218
776 6 218
778 6 216
783 6 211
785 7 208
789 5 206
790 3 207
791 6 203
793 5 202
795 4 201
798 5 197
799 5 196
804 6 190
806 6 188
808 8 184
808 12 180
806 14 180
807 15 178
803 19 178
800 20 180
798 24 178
797 22 181
793 28 179
791 24 185
788 25 187
785 24 191
782 22 196
779 25 196
778 24 198
779 24 197
781 26 193
780 27 193
771 38 191
767 39 194
764 37 199
759 39 202
760 36 204
758 34 208
751 40 209
746 48 206
746 49 205
742 49 209
739 40 221
735 42 223
732 44 224
728 49 223
723 46 231
721 44 235
720 36 244
718 38 244
716 35 249
713 36 251
712 35 253
707 38 255
701 47 252
697 45 258
696 40 264
691 41 268
690 39 271
685 39 276
686 41 273
687 37 276
690 29 281
692 33 275
693 27 280
686 32 282
687 35 278
691 34 275
689 32 279
689 31 280
693 29 278
690 33 277
694 25 281
698 23 279
701 24 275
703 24 273
701 26 273
700 21 279
706 20 274
708 17 275
708 18 274
710 16 274
714 13 273
718 14 268
718 10 272
721 9 270
729 8 263
734 7 259
738 7 255
743 6 251
747 6 247
748 7 245
751 9 240
755 13 232
756 14 230
756 17 227
763 15 222
762 15 223
761 13 226
765 12 223
763 14 223
763 13 224
767 12 221
767 14 219
767 17 216
767 20 213
768 20 212
764 23 213
760 27 213
756 29 215
752 32 216
751 30 219
753 29 218
751 29 220
751 27 222
750 27 223
749 27 224
742 30 228
739 31 230
736 37 227
734 37 229
731 41 228
726 44 230
720 46 234
717 48 235
715 46 239
714 45 241
707 48 245
703 49 248
706 43 251
697 48 255
694 50 256
695 50 255
687 53 260
684 50 266
682 45 273
686 43 271
687 40 273
684 42 274
681 46 273
681 48 271
674 49 277
673 48 279
668 52 280
663 53 284
664 48 288
656 50 294
656 46 298
651 48 301
649 49 302
649 46 305
645 50 305
643 49 308
639 50 311
631 56 313
629 57 314
625 56 319
624 52 324
629 48 323
628 45 327
629 41 330
635 39 326
633 37 330
632 38 330
636 38 326
639 38 323
637 36 327
638 34 328
646 31 323
649 30 321
645 31 324
649 29 322
643 34 323
640 34 326
635 39 326
637 39 324
641 35 324
641 37 322
641 37 322
639 33 328
643 28 329
644 24 332
644 26 330
647 24 329
645 25 330
651 18 331
651 20 329
658 19 323
659 20 321
659 17 324
664 19 317
666 23 311
