1000 0 0
1000 0 0
1000 0 0
1000 0 0
987 12 1
986 10 4
983 12 5
980 14 6
977 14 9
968 20 12
959 27 14
953 27 20
945 32 23
934 35 31
925 37 38
901 58 41
869 80 51
837 95 68
812 98 90
796 91 113
766 107 127
740 124 136
717 124 159
700 119 181
683 115 202
668 116 216
654 106 240
630 112 258
615 108 277
601 108 291
593 107 300
580 110 310
568 97 335
567 85 348
567 76 357
566 71 363
571 62 367
565 64 371
564 62 374
565 56 379
571 51 378
570 46 384
567 46 387
573 43 384
570 40 390
573 39 388
573 39 388
577 38 385
582 31 387
591 26 383
590 28 382
590 30 380
598 26 376
604 23 373
604 19 377
608 21 371
613 20 367
621 16 363
621 17 362
629 13 358
631 14 355
638 12 350
642 10 348
647 10 343
649 9 342
658 11 331
663 10 327
663 12 325
670 12 318
668 17 315
662 25 313
659 25 316
665 21 314
667 18 315
667 20 313
673 21 306
672 18 310
672 18 310
671 24 305
670 27 303
665 31 304
656 36 308
657 34 309
656 37 307
653 40 307
649 50 301
646 52 302
638 64 298
630 69 301
612 72 316
604 80 316
599 82 319
599 76 325
596 73 331
586 80 334
584 79 337
580 71 349
576 62 362
579 51 370
580 48 372
584 45 371
584 38 378
592 30 378
588 34 378
582 39 379
573 45 382
573 37 390
575 35 390
579 31 390
584 34 382
587 31 382
589 26 385
594 23 383
601 22 377
601 26 373
603 26 371
607 26 367
611 25 364
618 23 359
619 24 357
622 25 353
625 23 352
630 22 348
627 27 346
626 29 345
626 28 346
631 24 345
631 25 344
633 21 346
632 23 345
633 24 343
636 27 337
634 28 338
631 30 339
631 33 336
638 29 333
636 30 334
636 28 336
638 27 335
645 24 331
647 25 328
651 19 330
653 17 330
654 19 327
658 16 326
664 15 321
669 13 318
672 12 316
673 11 316
676 11 313
681 13 306
683 14 303
678 21 301
685 21 294
684 28 288
673 39 288
670 41 289
660 50 290
653 52 295
651 58 291
646 59 295
636 69 295
616 80 304
617 79 304
611 72 317
610 74 316
606 74 320
600 73 327
599 71 330
593 69 338
592 68 340
588 64 348
592 58 350
592 61 347
585 64 351
573 68 359
561 71 368
561 60 379
554 62 384
548 67 385
542 59 399
540 57 403
536 57 407
542 50 408
548 48 404
554 39 407
553 37 410
547 41 412
554 39 407
549 40 411
549 37 414
553 35 412
554 33 413
553 32 415
555 30 415
558 34 408
561 35 404
564 36 400
569 34 397
574 33 393
567 39 394
565 36 399
566 40 394
571 36 393
574 38 388
573 33 394
570 36 394
568 38 394
568 38 394
569 34 397
578 24 398
582 24 394
592 24 384
598 26 376
598 26 376
599 21 380
603 21 376
608 18 374
611 20 369
615 20 365
616 22 362
616 21 363
615 21 364
619 21 360
620 22 358
613 30 357
615 26 359
623 20 357
622 20 358
627 17 356
626 24 350
630 22 348
634 22 344
633 23 344
636 13 351
639 12 349
645 12 343
648 14 338
647 23 330
651 20 329
657 18 325
663 20 317
667 22 311
672 17 311
673 16 311
675 16 309
676 16 308
678 14 308
684 12 304
686 11 303
689 16 295
688 14 298
693 12 295
693 12 295
686 22 292
688 25 287
688 29 283
680 35 285
674 39 287
671 40 289
675 38 287
672 37 291
665 36 299
664 33 303
666 33 301
667 30 303
667 30 303
670 32 298
665 35 300
670 32 298
671 32 297
668 30 302
672 29 299
674 29 297
672 32 296
672 26 302
671 26 303
678 31 291
672 37 291
668 38 294
661 46 293
661 41 298
667 38 295
666 33 301
665 35 300
664 36 300
665 35 300
657 44 299
653 52 295
645 51 304
632 59 309
622 70 308
615 68 317
609 66 325
601 72 327
594 74 332
589 72 339
582 71 347
571 78 351
568 76 356
568 74 358
570 72 358
565 75 360
565 78 357
563 73 364
559 71 370
556 66 378
555 57 388
558 54 388
563 52 385
564 49 387
559 53 388
557 48 395
566 45 389
564 46 390
565 45 390
562 43 395
569 41 390
573 42 385
569 50 381
570 48 382
567 48 385
569 45 386
578 41 381
585 38 377
590 36 374
590 38 372
589 36 375
590 40 370
595 34 371
598 35 367
597 29 374
603 28 369
600 23 377
602 23 375
606 18 376
612 20 368
613 24 363
612 27 361
619 26 355
624 24 352
620 24 356
619 23 358
621 22 357
622 23 355
629 20 351
632 18 350
634 14 352
642 14 344
653 11 336
656 11 333
661 15 324
659 23 318
652 30 318
654 26 320
655 27 318
658 25 317
659 26 315
668 24 308
669 22 309
673 21 306
677 19 304
682 17 301
683 17 300
690 19 291
679 32 289
673 37 290
664 43 293
659 47 294
657 44 299
656 45 299
656 43 301
656 39 305
661 37 302
661 40 299
649 49 302
644 47 309
643 43 314
644 35 321
642 38 320
642 44 314
640 50 310
637 51 312
634 52 314
623 51 326
617 56 327
615 57 328
610 64 326
609 58 333
613 59 328
615 61 324
609 59 332
600 62 338
592 64 344
584 69 347
577 71 352
567 77 356
565 75 360
565 65 370
560 60 380
554 62 384
547 70 383
539 72 389
539 67 394
537 61 402
534 62 404
534 56 410
532 55 413
535 52 413
537 53 410
542 50 408
546 47 407
548 41 411
548 39 413
546 38 416
547 34 419
546 39 415
550 40 410
556 38 406
553 38 409
551 41 408
544 46 410
543 43 414
535 52 413
537 52 411
543 53 404
539 50 411
537 55 408
533 51 416
532 50 418
537 51 412
545 47 408
544 45 411
551 42 407
555 35 410
566 33 401
569 35 396
572 34 394
572 34 394
574 33 393
579 34 387
582 33 385
586 29 385
589 30 381
586 35 379
581 33 386
587 32 381
586 32 382
588 30 382
590 31 379
597 28 375
604 28 368
603 27 370
609 24 367
611 19 370
619 16 365
623 16 361
628 13 359
634 11 355
643 11 346
649 13 338
656 11 333
660 12 328
659 16 325
669 14 317
671 13 316
677 11 312
684 8 308
687 7 306
688 7 305
689 10 301
690 15 295
692 15 293
695 16 289
693 19 288
698 17 285
694 19 287
695 23 282
689 31 280
689 32 279
688 29 283
688 27 285
682 33 285
683 32 285
681 28 291
676 31 293
684 28 288
686 27 287
686 26 288
689 26 285
690 29 281
686 28 286
682 32 286
677 37 286
668 47 285
655 57 288
645 59 296
641 53 306
638 43 319
633 44 323
633 41 326
634 38 328
632 40 328
633 41 326
639 35 326
634 44 322
626 38 336
630 36 334
631 35 334
630 38 332
631 41 328
628 43 329
622 50 328
618 48 334
622 42 336
624 42 334
622 45 333
621 48 331
614 50 336
615 47 338
614 51 335
616 48 336
620 43 337
620 40 340
621 35 344
626 36 338
630 31 339
627 30 343
618 37 345
621 33 346
617 35 348
615 40 345
616 38 346
613 41 346
616 41 343
614 40 346
621 36 343
617 31 352
616 29 355
618 29 353
624 26 350
628 27 345
626 30 344
622 33 345
606 48 346
598 53 349
599 54 347
593 56 351
590 59 351
579 60 361
570 66 364
567 60 373
564 62 374
560 65 375
554 59 387
557 54 389
556 52 392
550 58 392
554 54 392
554 50 396
560 48 392
557 50 393
557 54 389
558 50 392
552 51 397
556 44 400
560 41 399
564 40 396
565 38 397
569 34 397
576 29 395
575 31 394
579 34 387
583 33 384
580 37 383
581 39 380
582 39 379
586 37 377
589 33 378
589 33 378
585 33 382
580 42 378
575 46 379
571 44 385
570 40 390
570 40 390
574 35 391
576 32 392
580 28 392
589 27 384
589 27 384
587 23 390
595 19 386
602 17 381
602 21 377
606 26 368
605 35 360
606 36 358
606 37 357
607 39 354
608 35 357
614 28 358
615 26 359
620 21 359
622 23 355
632 18 350
638 15 347
642 15 343
653 13 334
656 11 333
663 9 328
667 6 327
663 13 324
659 20 321
656 28 316
657 30 313
655 31 314
656 28 316
657 27 316
661 28 311
658 29 313
655 35 310
655 33 312
653 31 316
655 28 317
660 27 313
657 34 309
657 37 306
654 39 307
654 41 305
655 40 305
647 47 306
635 53 312
627 60 313
620 59 321
619 56 325
616 53 331
609 59 332
607 58 335
602 50 348
599 51 350
595 46 359
596 43 361
602 45 353
594 48 358
594 47 359
595 43 362
599 45 356
604 49 347
604 43 353
603 45 352
604 40 356
609 34 357
609 34 357
609 31 360
619 26 355
628 23 349
631 20 349
634 19 347
634 18 348
641 13 346
644 14 342
648 15 337
651 18 331
650 26 324
646 30 324
641 32 327
649 32 319
642 36 322
640 33 327
636 36 328
636 39 325
640 37 323
645 36 319
646 38 316
639 45 316
632 48 320
627 54 319
618 61 321
618 59 323
608 67 325
596 69 335
590 68 342
584 82 334
586 75 339
593 67 340
588 69 343
582 74 344
570 76 354
567 66 367
568 62 370
562 65 373
557 63 380
566 54 380
570 52 378
573 47 380
575 53 372
576 47 377
578 52 370
575 53 372
570 58 372
566 55 379
569 51 380
570 45 385
573 39 388
580 35 385
577 38 385
587 31 382
590 27 383
587 27 386
593 25 382
589 32 379
599 25 376
599 24 377
596 26 378
598 29 373
604 26 370
606 28 366
614 24 362
621 21 358
620 19 361
624 24 352
630 22 348
630 26 344
629 29 342
624 37 339
636 31 333
633 31 336
632 33 335
632 33 335
639 26 335
641 26 333
640 31 329
645 27 328
643 29 328
640 25 335
639 25 336
640 23 337
641 28 331
640 27 333
638 27 335
642 23 335
648 16 336
658 11 331
666 9 325
668 6 326
669 6 325
671 6 323
671 6 323
667 13 320
659 20 321
656 27 317
650 40 310
643 41 316
644 34 322
646 32 322
647 31 322
651 25 324
657 24 319
660 27 313
658 30 312
653 30 317
648 34 318
646 35 319
648 34 318
648 33 319
648 34 318
651 35 314
650 30 320
654 30 316
654 29 317
659 27 314
662 29 309
667 30 303
666 27 307
662 32 306
665 34 301
661 36 303
659 42 299
660 40 300
661 38 301
651 44 305
650 49 301
644 46 310
644 47 309
640 53 307
643 51 306
646 50 304
644 50 306
635 51 314
632 55 313
627 54 319
628 48 324
628 49 323
626 46 328
630 37 333
632 31 337
637 32 331
639 36 325
638 35 327
643 34 323
645 34 321
651 35 314
650 37 313
653 38 309
651 39 310
651 41 308
648 45 307
643 49 308
643 46 311
636 51 313
630 50 320
629 49 322
625 51 324
622 57 321
628 49 323
626 44 330
629 39 332
629 41 330
625 43 332
624 39 337
623 39 338
618 45 337
618 43 339
618 38 344
615 37 348
615 37 348
607 43 350
607 41 352
605 41 354
609 38 353
609 36 355
617 24 359
616 23 361
618 22 360
623 25 352
628 19 353
631 23 346
622 31 347
616 31 353
615 31 354
611 33 356
605 35 360
608 36 356
604 35 361
609 33 358
617 34 349
619 29 352
620 30 350
622 30 348
623 28 349
624 29 347
632 27 341
630 26 344
627 28 345
627 30 343
623 28 349
620 28 352
613 36 351
612 46 342
614 47 339
612 46 342
610 46 344
610 50 340
610 46 344
611 46 343
610 45 345
613 45 342
611 46 343
610 47 343
607 41 352
608 46 346
608 43 349
609 49 342
607 49 344
613 46 341
615 45 340
612 45 343
614 38 348
618 39 343
617 41 342
621 42 337
623 41 336
621 39 340
621 38 341
622 39 339
621 42 337
623 41 336
628 40 332
628 41 331
629 38 333
623 42 335
623 42 335
612 53 335
609 53 338
601 60 339
600 59 341
593 62 345
591 52 357
578 57 365
576 46 378
577 47 376
575 47 378
576 44 380
582 44 374
585 42 373
591 41 368
596 38 366
593 40 367
594 37 369
605 34 361
604 35 361
604 34 362
604 37 359
613 34 353
618 31 351
622 30 348
626 33 341
623 33 344
630 27 343
620 37 343
619 38 343
617 38 345
612 38 350
618 32 350
615 35 350
618 34 348
620 36 344
620 36 344
623 35 342
616 41 343
616 41 343
619 41 340
618 45 337
617 40 343
616 41 343
612 42 346
616 32 352
622 31 347
623 32 345
625 27 348
627 25 348
627 25 348
634 17 349
636 21 343
637 21 342
635 19 346
641 19 340
645 22 333
632 30 338
622 39 339
619 44 337
622 48 330
621 52 327
610 59 331
606 58 336
606 55 339
600 56 344
608 52 340
609 49 342
607 51 342
604 46 350
606 39 355
607 40 353
609 39 352
610 35 355
611 33 356
612 28 360
608 27 365
612 25 363
622 20 358
625 18 357
628 17 355
628 17 355
633 13 354
638 12 350
640 12 348
640 18 342
636 22 342
635 29 336
639 29 332
640 29 331
646 27 327
651 25 324
650 23 327
650 24 326
652 24 324
660 24 316
665 21 314
666 16 318
666 11 323
668 11 321
669 12 319
673 16 311
673 17 310
671 13 316
678 11 311
680 6 314
686 7 307
692 8 300
691 11 298
