995 5 0
991 9 0
989 10 1
982 13 5
977 17 6
972 17 11
948 37 15
923 57 20
890 79 31
854 101 45
819 120 61
777 143 80
743 148 109
707 164 129
681 165 154
654 173 173
629 175 196
603 169 228
576 172 252
546 182 272
539 166 295
519 160 321
497 162 341
484 157 359
477 139 384
474 121 405
473 112 415
471 103 426
464 105 431
464 88 448
468 78 454
471 75 454
469 73 458
465 74 461
466 66 468
463 63 474
469 54 477
473 49 478
474 46 480
468 47 485
480 37 483
483 35 482
493 33 474
499 32 469
501 32 467
509 29 462
519 24 457
526 21 453
534 17 449
542 17 441
548 17 435
558 14 428
559 13 428
574 10 416
579 11 410
587 4 409
592 7 401
600 7 393
601 11 388
610 10 380
619 12 369
617 14 369
619 13 368
627 13 360
630 15 355
635 12 353
638 10 352
641 13 346
643 13 344
645 14 341
648 15 337
651 17 332
653 18 329
656 16 328
658 17 325
657 23 320
661 21 318
669 21 310
668 24 308
666 27 307
665 24 311
663 31 306
664 30 306
658 33 309
656 35 309
657 30 313
657 33 310
659 33 308
656 38 306
653 38 309
649 42 309
650 44 306
645 45 310
647 40 313
643 43 314
647 44 309
644 42 314
647 40 313
640 47 313
639 42 319
637 43 320
634 51 315
633 50 317
637 40 323
634 48 318
635 45 320
635 47 318
625 49 326
625 51 324
628 48 324
624 49 327
620 52 328
617 52 331
619 54 327
615 56 329
612 52 336
613 50 337
614 47 339
611 49 340
607 47 346
613 43 344
619 39 342
616 37 347
618 32 350
618 30 352
615 29 356
622 29 349
628 26 346
625 25 350
632 21 347
631 21 348
631 22 347
628 22 350
630 27 343
627 25 348
627 22 351
628 24 348
633 23 344
635 19 346
632 22 346
634 22 344
635 23 342
633 27 340
626 32 342
628 29 343
629 30 341
629 32 339
631 35 334
632 35 333
629 41 330
630 40 330
631 34 335
637 31 332
640 27 333
641 21 338
645 25 330
654 24 322
649 28 323
654 28 318
654 27 319
659 25 316
660 21 319
661 24 315
666 18 316
668 17 315
671 13 316
673 13 314
673 11 316
682 11 307
690 11 299
692 8 300
696 14 290
697 14 289
698 15 287
696 20 284
694 21 285
692 25 283
692 27 281
695 29 276
692 29 279
689 34 277
693 26 281
700 24 276
705 23 272
705 23 272
711 20 269
710 23 267
709 30 261
707 31 262
704 32 264
691 41 268
692 37 271
696 35 269
688 44 268
682 41 277
680 42 278
678 47 275
677 45 278
676 44 280
675 41 284
672 40 288
676 41 283
675 42 283
674 43 283
677 38 285
669 44 287
672 44 284
671 40 289
669 41 290
662 47 291
669 44 287
671 42 287
677 37 286
674 39 287
672 40 288
672 44 284
669 43 288
663 50 287
656 53 291
650 51 299
650 45 305
654 39 307
654 39 307
656 35 309
654 39 307
649 37 314
652 34 314
655 33 312
650 35 315
648 37 315
648 35 317
648 34 318
653 29 318
655 23 322
657 22 321
658 23 319
660 22 318
664 24 312
667 25 308
665 20 315
664 22 314
667 22 311
667 20 313
670 22 308
675 20 305
673 27 300
675 20 305
675 18 307
675 19 306
679 17 304
675 22 303
681 23 296
682 26 292
677 28 295
680 28 292
681 25 294
674 26 300
673 27 300
675 25 300
679 26 295
678 24 298
676 27 297
682 29 289
678 25 297
674 25 301
669 33 298
663 40 297
661 38 301
661 33 306
657 39 304
661 33 306
659 35 306
655 32 313
656 30 314
658 31 311
655 30 315
658 34 308
659 36 305
658 38 304
655 39 306
647 45 308
649 34 317
653 35 312
651 38 311
651 39 310
645 42 313
639 47 314
635 45 320
633 45 322
633 46 321
638 37 325
638 36 326
640 31 329
640 36 324
643 33 324
640 34 326
641 31 328
641 29 330
644 27 329
643 29 328
639 37 324
638 36 326
635 38 327
635 35 330
637 37 326
641 33 326
642 28 330
643 29 328
643 30 327
646 28 326
643 30 327
638 35 327
633 44 323
621 57 322
621 50 329
615 50 335
613 47 340
616 42 342
613 40 347
613 37 350
615 31 354
617 30 353
620 25 355
625 23 352
628 24 348
632 29 339
637 24 339
639 21 340
637 24 339
645 19 336
648 18 334
653 15 332
657 15 328
655 17 328
652 15 333
656 11 333
660 13 327
661 14 325
660 16 324
659 20 321
661 20 319
663 18 319
665 15 320
666 17 317
665 18 317
665 19 316
669 16 315
676 14 310
674 17 309
674 18 308
673 17 310
678 20 302
679 18 303
674 17 309
679 18 303
674 29 297
673 33 294
664 33 303
655 33 312
655 32 313
653 40 307
653 38 309
655 36 309
657 37 306
654 34 312
658 33 309
659 33 308
661 29 310
662 29 309
666 29 305
669 30 301
670 32 298
666 37 297
662 31 307
667 32 301
663 36 301
665 30 305
665 24 311
666 25 309
666 23 311
668 21 311
671 20 309
673 23 304
672 26 302
666 32 302
671 28 301
677 26 297
676 30 294
683 25 292
683 28 289
677 30 293
677 30 293
690 26 284
694 23 283
694 24 282
698 23 279
698 20 282
701 17 282
710 15 275
706 19 275
710 16 274
710 21 269
712 18 270
713 14 273
714 16 270
717 17 266
716 19 265
710 25 265
711 29 260
715 26 259
712 25 263
706 26 268
697 30 273
695 36 269
695 30 275
699 31 270
692 33 275
687 33 280
691 31 278
694 24 282
688 32 280
687 34 279
690 36 274
692 38 270
691 39 270
687 38 275
682 43 275
677 42 281
678 42 280
675 40 285
675 41 284
670 42 288
675 37 288
671 41 288
669 38 293
668 36 296
668 30 302
666 32 302
664 35 301
661 38 301
665 40 295
662 41 297
665 42 293
663 43 294
656 45 299
652 51 297
646 52 302
640 55 305
641 51 308
641 50 309
641 44 315
642 39 319
647 36 317
648 34 318
641 39 320
641 41 318
632 46 322
626 47 327
608 61 331
604 59 337
597 59 344
589 63 348
590 59 351
584 55 361
579 59 362
574 56 370
573 53 374
572 52 376
571 47 382
570 42 388
569 38 393
573 39 388
575 37 388
577 37 386
570 38 392
577 31 392
580 31 389
584 31 385
588 27 385
587 32 381
593 28 379
592 28 380
587 34 379
587 30 383
591 30 379
593 30 377
592 32 376
594 30 376
598 28 374
601 28 371
604 28 368
607 27 366
611 31 358
609 33 358
616 25 359
618 24 358
621 23 356
623 23 354
625 26 349
630 27 343
633 30 337
629 29 342
634 29 337
638 27 335
642 26 332
643 23 334
649 27 324
654 25 321
660 22 318
660 26 314
661 22 317
656 23 321
659 19 322
654 22 324
658 21 321
657 24 319
657 24 319
664 21 315
668 24 308
672 24 304
676 23 301
676 23 301
676 21 303
678 24 298
685 25 290
682 23 295
678 26 296
684 22 294
686 26 288
682 21 297
678 25 297
678 25 297
674 28 298
672 26 302
675 30 295
677 29 294
675 26 299
679 22 299
684 21 295
688 16 296
684 20 296
688 20 292
693 19 288
695 23 282
693 24 283
694 25 281
696 26 278
696 29 275
695 28 277
688 32 280
685 34 281
679 38 283
670 46 284
670 41 289
667 46 287
668 43 289
669 40 291
672 37 291
673 35 292
675 33 292
674 31 295
671 30 299
667 31 302
664 33 303
664 35 301
658 38 304
664 35 301
660 36 304
655 41 304
652 44 304
647 42 311
649 36 315
653 31 316
655 29 316
659 28 313
655 28 317
658 32 310
662 29 309
668 28 304
668 31 301
664 31 305
663 32 305
661 32 307
656 36 308
660 33 307
660 32 308
658 36 306
655 32 313
654 36 310
649 32 319
646 34 320
644 38 318
642 35 323
641 39 320
633 50 317
621 57 322
616 56 328
610 59 331
608 59 333
608 58 334
607 53 340
611 47 342
616 45 339
613 48 339
616 45 339
615 42 343
614 41 345
613 37 350
622 34 344
631 29 340
629 34 337
636 29 335
638 33 329
632 38 330
629 36 335
623 45 332
617 46 337
615 46 339
602 57 341
591 68 341
583 69 348
573 67 360
575 66 359
574 59 367
580 51 369
570 57 373
572 52 376
576 47 377
575 45 380
576 41 383
574 37 389
569 40 391
579 39 382
581 41 378
588 40 372
589 36 375
595 31 374
595 33 372
589 37 374
587 39 374
585 44 371
587 39 374
590 40 370
594 41 365
595 37 368
602 36 362
602 30 368
608 24 368
607 27 366
608 31 361
601 34 365
602 35 363
605 34 361
607 34 359
611 32 357
606 37 357
608 34 358
607 32 361
610 31 359
610 29 361
605 33 362
596 36 368
601 37 362
591 42 367
586 49 365
579 54 367
577 45 378
575 47 378
573 54 373
574 53 373
574 51 375
572 50 378
573 48 379
569 53 378
568 54 378
566 56 378
566 58 376
566 49 385
571 44 385
577 41 382
572 40 388
574 37 389
572 36 392
577 34 389
578 31 391
583 27 390
583 32 385
582 27 391
590 23 387
594 20 386
599 20 381
607 18 375
610 17 373
607 22 371
607 27 366
613 22 365
617 20 363
613 24 363
619 27 354
615 25 360
620 20 360
627 20 353
633 21 346
634 20 346
634 19 347
639 17 344
643 14 343
651 9 340
659 7 334
657 11 332
657 12 331
660 12 328
667 12 321
665 18 317
673 17 310
682 16 302
683 20 297
682 22 296
682 28 290
675 31 294
673 32 295
678 28 294
677 28 295
675 36 289
673 38 289
669 38 293
660 48 292
647 54 299
645 51 304
635 59 306
626 60 314
623 58 319
621 49 330
616 53 331
608 63 329
605 58 337
603 59 338
603 56 341
601 58 341
593 58 349
589 54 357
576 60 364
569 61 370
569 57 374
567 54 379
563 52 385
561 55 384
565 47 388
564 50 386
560 54 386
560 53 387
560 48 392
561 45 394
560 47 393
568 45 387
568 42 390
564 41 395
567 44 389
567 43 390
569 40 391
570 34 396
569 36 395
570 35 395
570 36 394
572 32 396
574 34 392
576 36 388
585 36 379
594 30 376
599 30 371
605 28 367
607 30 363
605 29 366
615 27 358
614 30 356
617 38 345
618 33 349
623 30 347
622 30 348
620 31 349
611 39 350
604 45 351
602 45 353
597 52 351
595 52 353
586 58 356
581 53 366
576 52 372
578 49 373
584 46 370
584 44 372
586 45 369
586 43 371
594 42 364
599 37 364
602 32 366
608 26 366
615 26 359
621 24 355
622 22 356
621 24 355
619 29 352
623 31 346
624 32 344
620 37 343
624 39 337
626 38 336
629 36 335
626 39 335
626 44 330
626 41 333
622 40 338
622 32 346
625 30 345
633 26 341
637 26 337
639 26 335
638 28 334
637 27 336
638 21 341
640 18 342
640 17 343
640 19 341
643 16 341
645 16 339
651 13 336
656 11 333
661 10 329
667 9 324
675 8 317
675 10 315
677 11 312
684 11 305
688 12 300
690 13 297
694 10 296
704 11 285
699 20 281
701 21 278
698 22 280
698 29 273
706 29 265
704 27 269
704 28 268
704 25 271
707 24 269
710 19 271
716 18 266
720 18 262
721 17 262
721 20 259
724 17 259
721 21 258
721 21 258
721 23 256
719 24 257
714 32 254
714 35 251
714 35 251
718 35 247
719 34 247
724 30 246
721 31 248
719 28 253
717 27 256
719 24 257
714 30 256
710 31 259
699 40 261
691 45 264
687 46 267
678 51 271
671 56 273
672 59 269
666 58 276
664 59 277
658 56 286
658 57 285
650 57 293
651 53 296
640 62 298
630 65 305
626 62 312
627 57 316
620 59 321
616 62 322
606 63 331
602 60 338
598 58 344
592 58 350
590 55 355
592 48 360
596 42 362
595 39 366
595 34 371
596 36 368
602 32 366
603 33 364
603 41 356
605 40 355
603 42 355
606 40 354
605 36 359
602 39 359
598 40 362
596 50 354
593 49 358
591 49 360
588 54 358
583 48 369
589 49 362
590 45 365
586 45 369
578 52 370
582 50 368
572 55 373
572 54 374
569 55 376
566 48 386
566 46 388
569 41 390
568 37 395
566 36 398
568 39 393
580 27 393
578 32 390
581 34 385
582 37 381
594 30 376
601 27 372
600 25 375
602 25 373
601 27 372
603 31 366
610 29 361
614 29 357
617 32 351
619 30 351
627 31 342
630 28 342
634 28 338
637 27 336
641 24 335
645 23 332
644 24 332
651 20 329
653 22 325
656 22 322
661 22 317
661 29 310
658 31 311
658 33 309
657 34 309
658 29 313
658 30 312
659 30 311
660 35 305
655 39 306
653 38 309
651 35 314
650 31 319
651 29 320
648 28 324
652 23 325
654 18 328
657 13 330
663 14 323
672 13 315
676 13 311
680 12 308
685 11 304
690 11 299
690 16 294
689 17 294
694 17 289
696 16 288
692 23 285
694 23 283
696 24 280
695 27 278
688 32 280
691 36 273
691 34 275
690 34 276
692 34 274
692 35 273
698 30 272
695 31 274
694 34 272
692 35 273
691 35 274
692 30 278
686 36 278
684 38 278
686 36 278
679 43 278
675 43 282
669 48 283
670 45 285
672 44 284
666 49 285
