1000 0 0
1000 0 0
1000 0 0
998 2 0
990 6 4
985 8 7
982 9 9
977 13 10
967 16 17
948 32 20
924 50 26
900 65 35
872 81 47
842 98 60
804 108 88
768 128 104
730 146 124
696 152 152
671 152 177
641 157 202
618 159 223
589 167 244
578 154 268
558 156 286
548 146 306
535 143 322
529 132 339
521 132 347
510 120 370
510 111 379
507 96 397
508 78 414
512 61 427
509 68 423
504 67 429
509 60 431
512 59 429
511 55 434
514 48 438
515 50 435
513 53 434
515 57 428
525 51 424
525 45 430
526 43 431
528 40 432
530 36 434
533 34 433
532 34 434
539 37 424
543 31 426
549 24 427
547 27 426
547 26 427
555 23 422
555 23 422
558 24 418
564 24 412
572 22 406
571 23 406
581 21 398
585 19 396
593 18 389
600 14 386
608 12 380
617 10 373
621 10 369
627 9 364
633 9 358
645 7 348
646 8 346
655 7 338
663 7 330
668 5 327
676 6 318
679 6 315
680 7 313
687 6 307
693 2 305
699 2 299
704 6 290
709 7 284
710 8 282
711 10 279
710 13 277
716 12 272
719 12 269
718 12 270
722 15 263
724 14 262
724 19 257
724 22 254
723 23 254
730 22 248
725 26 249
721 28 251
711 36 253
702 43 255
696 48 256
691 41 268
677 53 270
655 75 270
643 79 278
630 86 284
620 92 288
608 96 296
597 95 308
591 88 321
581 84 335
567 92 341
558 89 353
549 87 364
546 76 378
543 71 386
544 59 397
551 57 392
554 53 393
558 48 394
560 48 392
565 42 393
566 38 396
569 33 398
570 33 397
580 30 390
593 29 378
594 30 376
597 31 372
603 30 367
604 30 366
607 29 364
606 30 364
611 32 357
609 33 358
610 27 363
607 28 365
603 28 369
603 28 369
608 25 367
608 24 368
609 20 371
610 16 374
602 24 374
607 18 375
602 23 375
611 22 367
619 19 362
625 18 357
627 20 353
632 18 350
634 16 350
636 20 344
639 23 338
642 20 338
638 24 338
637 24 339
640 22 338
641 27 332
640 27 333
642 23 335
648 21 331
652 25 323
653 28 319
656 29 315
660 29 311
662 31 307
665 34 301
668 33 299
662 37 301
656 43 301
654 44 302
653 45 302
652 44 304
649 44 307
641 49 310
639 52 309
637 52 311
635 56 309
636 57 307
624 66 310
600 81 319
585 85 330
577 84 339
576 76 348
575 71 354
573 67 360
580 64 356
582 55 363
580 48 372
580 49 371
577 48 375
575 51 374
576 46 378
578 46 376
576 48 376
574 50 376
572 47 381
574 39 387
582 34 384
587 32 381
593 33 374
597 26 377
597 31 372
603 30 367
608 29 363
609 27 364
612 27 361
613 25 362
616 23 361
626 20 354
627 18 355
630 17 353
625 24 351
620 33 347
629 35 336
640 30 330
646 34 320
647 38 315
648 34 318
647 35 318
649 35 316
650 33 317
652 35 313
644 41 315
640 41 319
636 44 320
636 37 327
635 37 328
634 39 327
632 37 331
628 41 331
623 45 332
619 47 334
614 53 333
605 56 339
607 56 337
605 53 342
602 46 352
606 47 347
603 52 345
597 56 347
598 52 350
588 57 355
583 56 361
584 54 362
585 55 360
581 55 364
575 55 370
573 53 374
573 47 380
570 42 388
567 46 387
569 39 392
573 40 387
572 40 388
575 38 387
574 40 386
570 46 384
567 41 392
571 40 389
577 34 389
575 31 394
579 30 391
577 29 394
588 24 388
593 25 382
595 26 379
599 26 375
596 27 377
598 32 370
591 41 368
593 33 374
603 29 368
608 28 364
608 29 363
610 31 359
615 29 356
618 27 355
620 27 353
624 25 351
632 23 345
641 19 340
641 23 336
645 21 334
648 21 331
647 22 331
650 20 330
650 21 329
650 21 329
651 22 327
651 23 326
652 25 323
652 19 329
656 18 326
665 17 318
671 15 314
673 15 312
674 19 307
675 18 307
675 21 304
674 21 305
675 20 305
669 25 306
665 29 306
670 22 308
669 24 307
669 25 306
667 24 309
670 25 305
673 24 303
664 30 306
666 28 306
666 27 307
670 24 306
674 21 305
674 21 305
677 20 303
681 21 298
685 17 298
686 20 294
681 26 293
682 27 291
682 30 288
676 31 293
681 27 292
682 27 291
682 31 287
674 34 292
675 31 294
669 38 293
663 41 296
660 45 295
661 45 294
661 38 301
657 40 303
652 38 310
656 37 307
662 36 302
656 40 304
650 41 309
650 45 305
650 39 311
644 40 316
642 41 317
635 45 320
630 45 325
632 45 323
629 44 327
631 44 325
630 45 325
636 46 318
628 52 320
628 54 318
629 52 319
636 49 315
636 52 312
630 51 319
624 54 322
618 65 317
617 63 320
617 62 321
614 64 322
613 62 325
613 57 330
623 44 333
625 43 332
626 40 334
629 38 333
632 32 336
636 31 333
637 33 330
639 31 330
643 33 324
644 25 331
647 21 332
648 20 332
650 21 329
653 21 326
661 18 321
663 20 317
658 24 318
661 20 319
662 24 314
660 30 310
658 34 308
655 38 307
652 45 303
652 44 304
661 36 303
665 28 307
669 27 304
672 24 304
671 26 303
669 28 303
675 24 301
677 21 302
688 20 292
693 18 289
693 23 284
693 26 281
695 24 281
690 30 280
687 26 287
686 25 289
690 25 285
693 24 283
688 28 284
695 23 282
694 22 284
693 21 286
695 21 284
683 30 287
681 28 291
670 42 288
664 50 286
658 50 292
656 43 301
653 41 306
650 39 311
650 41 309
643 43 314
647 40 313
646 36 318
652 32 316
654 30 316
650 36 314
663 31 306
656 28 316
656 27 317
662 25 313
668 24 308
669 24 307
670 22 308
672 29 299
670 26 304
663 30 307
663 28 309
661 27 312
664 28 308
667 25 308
668 28 304
667 30 303
663 32 305
662 28 310
662 26 312
661 26 313
661 27 312
653 34 313
646 44 310
645 42 313
648 44 308
649 39 312
659 31 310
661 29 310
668 25 307
669 22 309
673 20 307
672 21 307
680 23 297
687 23 290
675 30 295
672 35 293
666 35 299
670 31 299
665 33 302
665 25 310
667 27 306
669 24 307
669 26 305
667 31 302
669 32 299
667 32 301
667 39 294
670 38 292
673 33 294
680 31 289
683 26 291
684 30 286
681 33 286
676 33 291
672 31 297
672 32 296
676 24 300
667 31 302
651 47 302
646 45 309
637 57 306
629 59 312
621 68 311
612 69 319
611 64 325
606 67 327
604 62 334
597 66 337
593 65 342
586 69 345
582 70 348
577 72 351
576 65 359
581 57 362
578 55 367
582 56 362
581 54 365
566 60 374
568 59 373
558 68 374
549 69 382
549 55 396
543 51 406
549 49 402
545 52 403
548 52 400
547 52 401
546 52 402
549 49 402
553 47 400
556 42 402
564 35 401
566 33 401
565 38 397
564 36 400
564 35 401
569 31 400
572 34 394
580 32 388
580 36 384
581 38 381
577 44 379
583 38 379
588 37 375
583 43 374
581 42 377
578 43 379
579 36 385
585 35 380
590 36 374
594 37 369
600 31 369
603 30 367
605 32 363
605 33 362
609 33 358
607 34 359
609 32 359
611 25 364
614 27 359
615 19 366
616 20 364
614 21 365
613 25 362
613 22 365
618 23 359
620 21 359
620 22 358
618 27 355
622 26 352
623 27 350
629 22 349
635 17 348
639 16 345
639 17 344
650 14 336
651 13 336
654 14 332
656 14 330
660 11 329
661 12 327
667 13 320
672 12 316
677 8 315
682 8 310
690 6 304
693 8 299
693 10 297
701 8 291
697 10 293
700 11 289
697 16 287
691 26 283
693 26 281
695 25 280
691 26 283
694 25 281
694 27 279
696 27 277
698 28 274
687 41 272
682 43 275
685 42 273
677 45 278
669 50 281
670 45 285
666 43 291
660 43 297
661 43 296
659 44 297
654 53 293
657 51 292
654 53 293
649 55 296
643 58 299
646 56 298
640 57 303
638 52 310
633 57 310
632 54 314
626 59 315
622 59 319
616 57 327
615 50 335
613 54 333
612 49 339
616 48 336
613 49 338
609 46 345
608 46 346
608 43 349
613 43 344
609 41 350
613 36 351
612 34 354
612 35 353
612 36 352
613 30 357
614 27 359
617 27 356
622 23 355
632 20 348
631 24 345
630 25 345
634 22 344
641 21 338
640 20 340
644 21 335
638 27 335
642 23 335
643 21 336
649 22 329
644 26 330
645 27 328
648 28 324
652 28 320
655 25 320
654 24 322
654 23 323
658 26 316
659 30 311
665 28 307
667 26 307
668 26 306
672 24 304
675 22 303
681 20 299
683 16 301
690 11 299
694 11 295
695 11 294
697 10 293
702 10 288
703 14 283
704 20 276
694 30 276
694 26 280
696 31 273
693 32 275
691 31 278
692 30 278
693 30 277
695 22 283
692 27 281
687 34 279
684 38 278
688 34 278
686 32 282
689 33 278
682 38 280
681 38 281
675 39 286
676 35 289
677 37 286
671 40 289
671 37 292
662 43 295
662 42 296
657 40 303
668 39 293
664 39 297
666 36 298
665 33 302
663 32 305
663 29 308
665 28 307
660 31 309
660 37 303
663 34 303
665 33 302
668 30 302
669 25 306
665 26 309
670 24 306
678 19 303
682 21 297
679 25 296
679 23 298
679 21 300
688 17 295
696 13 291
702 12 286
702 9 289
710 6 284
715 4 281
720 4 276
727 5 268
724 11 265
726 14 260
726 15 259
721 20 259
725 24 251
720 27 253
713 35 252
711 35 254
708 35 257
709 28 263
705 32 263
706 32 262
699 35 266
704 32 264
697 38 265
696 36 268
697 35 268
694 34 272
684 42 274
683 42 275
677 47 276
678 46 276
673 49 278
675 42 283
677 36 287
669 37 294
667 37 296
670 37 293
673 38 289
672 34 294
672 32 296
670 32 298
667 37 296
669 35 296
664 37 299
665 40 295
668 31 301
670 33 297
674 35 291
676 34 290
668 35 297
667 34 299
673 31 296
671 28 301
671 25 304
669 30 301
662 36 302
662 36 302
661 32 307
656 30 314
661 28 311
662 30 308
661 34 305
655 40 305
650 37 313
649 40 311
650 36 314
652 35 313
653 40 307
650 45 305
651 47 302
643 54 303
644 55 301
647 48 305
643 47 310
635 50 315
634 49 317
632 49 319
626 47 327
623 50 327
616 55 329
615 59 326
616 61 323
615 59 326
612 55 333
613 56 331
614 52 334
616 50 334
612 50 338
608 53 339
606 53 341
598 58 344
591 54 355
584 54 362
586 52 362
587 49 364
586 48 366
589 49 362
588 45 367
591 42 367
592 43 365
593 41 366
597 44 359
596 50 354
593 40 367
594 38 368
597 37 366
601 34 365
597 38 365
597 41 362
599 39 362
603 32 365
603 31 366
605 29 366
604 28 368
607 29 364
602 35 363
595 41 364
592 44 364
583 48 369
580 55 365
586 43 371
592 41 367
592 41 367
598 34 368
600 33 367
604 32 364
610 28 362
610 22 368
616 23 361
618 24 358
625 24 351
627 21 352
634 20 346
634 22 344
637 24 339
638 26 336
635 29 336
636 29 335
640 27 333
645 26 329
640 29 331
643 29 328
649 22 329
652 22 326
654 21 325
651 25 324
645 29 326
647 27 326
649 28 323
651 23 326
656 20 324
661 19 320
662 17 321
665 18 317
672 16 312
669 24 307
669 24 307
665 24 311
669 23 308
676 18 306
686 17 297
686 17 297
682 21 297
684 22 294
688 22 290
693 21 286
691 23 286
691 28 281
695 28 277
695 22 283
695 25 280
697 23 280
698 26 276
700 29 271
705 28 267
704 27 269
696 31 273
683 38 279
673 38 289
670 41 289
665 41 294
659 38 303
657 43 300
656 43 301
656 41 303
662 37 301
656 42 302
648 44 308
650 38 312
645 38 317
640 39 321
640 31 329
640 30 330
637 37 326
632 36 332
625 45 330
614 56 330
604 59 337
605 55 340
604 53 343
606 53 341
610 48 342
604 49 347
599 49 352
595 48 357
596 43 361
605 46 349
604 45 351
605 47 348
611 42 347
613 43 344
613 40 347
602 54 344
595 54 351
597 53 350
596 52 352
598 55 347
597 54 349
589 56 355
587 53 360
591 49 360
584 54 362
578 51 371
575 54 371
579 44 377
583 35 382
590 30 380
594 28 378
593 32 375
595 31 374
591 32 377
592 33 375
598 31 371
596 35 369
600 31 369
597 38 365
596 38 366
589 43 368
590 39 371
593 38 369
593 34 373
592 30 378
598 27 375
601 31 368
605 29 366
609 31 360
611 33 356
615 28 357
619 28 353
621 26 353
622 24 354
626 22 352
632 22 346
632 22 346
636 19 345
641 20 339
643 21 336
647 18 335
651 15 334
656 13 331
656 13 331
664 16 320
663 23 314
662 28 310
670 24 306
669 25 306
666 26 308
670 24 306
676 21 303
684 21 295
687 18 295
688 18 294
688 19 293
690 23 287
690 22 288
686 22 292
683 25 292
682 30 288
682 27 291
678 29 293
680 33 287
677 37 286
673 39 288
677 38 285
679 35 286
675 38 287
675 39 286
675 41 284
669 41 290
670 42 288
670 41 289
672 37 291
673 37 290
668 43 289
669 42 289
675 40 285
676 37 287
674 36 290
