787
554
40
545
575
635
717
687
540
284
82
979
206
11
786
709
861
443
683
795
169
853
291
559
197
978
998
47
35
600
521
894
33
103
315
636
214
818
176
649
623
9
877
105
802
614
470
28
71
555
422
158
593
205
133
48
288
544
783
831
688
546
887
604
514
637
461
570
597
561
621
676
498
454
654
871
32
967
171
210
726
92
413
297
441
912
921
472
358
86
21
592
165
966
779
366
701
142
665
342
838
663
799
160
658
254
695
691
361
995
312
659
866
775
328
722
770
127
355
12
780
266
195
181
174
466
27
524
749
843
956
640
463
146
245
574
705
194
563
882
675
764
863
434
267
77
919
440
750
752
13
483
152
847
107
272
880
642
201
44
56
842
815
207
458
243
421
53
128
233
36
253
183
167
773
492
51
530
298
836
828
344
793
571
745
193
302
851
531
261
313
