871
972
674
286
927
670
463
236
244
237
933
834
111
50
79
738
929
242
774
387
148
407
95
408
381
318
415
678
83
586
405
744
728
22
81
963
8
754
141
284
680
468
614
613
962
532
769
96
959
912
450
730
354
830
866
672
37
403
869
92
351
951
768
667
246
288
531
447
530
122
44
6
277
65
549
504
282
181
55
328
477
184
467
466
113
747
175
158
164
554
247
825
666
508
840
535
395
442
396
76
836
333
702
207
132
687
14
675
239
494
202
722
499
763
281
411
16
513
361
888
455
620
267
811
879
303
364
804
841
444
822
991
228
559
679
190
978
992
800
952
473
593
502
795
194
621
295
470
936
937
160
433
446
200
265
584
291
918
493
253
118
589
424
999
844
356
858
517
920
270
334
615
45
136
71
777
726
452
617
312
173
365
129
661
765
819
847
293
338
607
890
