946
873
730
457
756
369
550
718
123
54
276
804
133
416
83
747
212
571
610
273
547
863
190
220
607
664
361
302
725
728
656
934
935
141
994
955
813
918
503
592
743
370
458
431
419
130
572
500
862
721
473
606
857
654
181
421
719
451
943
652
456
340
569
854
558
277
900
763
16
317
127
362
304
602
192
388
645
990
639
608
672
834
377
864
213
696
425
951
376
852
928
183
308
906
650
383
109
20
62
95
140
355
723
603
409
104
626
171
861
322
391
797
956
694
901
266
612
753
548
465
676
777
981
125
439
516
35
368
958
196
707
324
224
653
915
374
41
954
703
160
299
752
223
318
711
741
71
959
585
159
845
599
724
782
269
380
936
816
616
811
177
442
818
919
815
312
199
826
85
393
365
646
482
649
520
932
512
152
679
76
580
36
695
381
961
454
23
478
34
964
335
