622
147
761
638
641
658
681
323
659
799
88
298
814
797
703
229
103
160
58
931
923
808
871
608
168
537
208
419
792
339
450
63
309
639
892
816
581
137
683
970
287
671
607
257
226
652
334
738
807
737
734
889
934
924
962
589
297
810
884
199
765
286
65
711
587
583
340
610
849
746
125
236
591
283
831
135
370
141
679
881
338
126
563
224
503
855
454
916
192
716
945
846
645
203
801
401
460
33
38
461
164
782
77
279
999
969
482
546
818
359
265
874
442
51
92
650
200
524
805
964
307
478
858
22
978
688
848
416
194
803
914
335
833
336
79
517
276
823
182
449
85
285
668
528
253
796
981
693
361
898
354
938
174
718
653
177
701
961
274
212
464
557
440
713
983
453
493
165
950
507
106
739
457
470
700
132
549
939
315
660
16
876
134
399
784
817
995
371
511
284
45
