963
582
794
858
32
433
112
494
368
461
675
269
820
52
435
309
601
685
466
255
464
367
167
962
327
795
183
498
705
559
160
517
790
12
451
800
694
151
527
796
407
416
56
561
967
641
683
429
33
616
898
15
659
138
595
910
927
579
61
852
837
568
457
284
490
661
563
964
808
213
872
27
51
688
370
930
405
514
894
707
325
763
161
87
889
871
505
823
304
988
348
846
329
552
865
200
58
267
895
652
241
291
13
346
422
181
628
970
699
82
504
418
97
314
748
587
575
954
399
836
743
149
506
20
335
253
573
727
122
387
486
507
965
439
941
29
783
220
805
706
308
413
915
804
509
10
268
74
281
317
523
259
90
278
147
698
123
83
68
73
793
111
391
951
55
737
674
66
63
896
381
855
212
493
856
982
177
76
88
487
228
93
589
262
722
478
762
330
767
580
510
