44
14
377
904
350
869
989
85
956
159
251
581
179
26
564
543
183
628
455
782
327
768
63
652
833
145
947
228
358
671
69
103
545
2
368
971
587
60
818
778
651
346
826
958
447
312
594
293
801
330
19
527
517
431
630
923
599
816
677
11
810
792
397
715
713
639
136
661
807
726
214
657
292
90
449
71
933
844
264
837
132
675
764
986
332
482
736
20
712
396
682
724
494
760
477
738
119
237
609
501
169
899
345
126
72
687
273
909
885
576
155
288
390
806
864
466
173
281
851
824
37
938
187
905
268
961
563
84
615
943
963
468
311
248
699
942
598
846
774
243
152
622
372
313
733
663
692
438
86
436
117
939
120
135
571
270
229
832
763
532
549
426
387
593
676
873
614
717
754
204
871
968
528
185
73
624
944
523
752
749
129
853
321
838
981
487
247
781
122
803
133
