1000 0 0
1000 0 0
1000 0 0
1000 0 0
999 1 0
998 2 0
994 4 2
991 7 2
981 16 3
973 20 7
964 26 10
957 29 14
951 31 18
939 39 22
933 40 27
919 49 32
898 61 41
877 69 54
864 75 61
843 84 73
823 91 86
795 101 104
779 101 120
766 107 127
742 117 141
718 122 160
700 124 176
681 118 201
664 123 213
645 119 236
628 119 253
623 112 265
615 107 278
610 103 287
611 83 306
602 85 313
595 82 323
589 80 331
591 72 337
589 71 340
582 74 344
586 68 346
581 70 349
577 63 360
581 62 357
587 52 361
592 53 355
591 52 357
585 55 360
589 51 360
594 51 355
596 48 356
589 54 357
577 56 367
570 58 372
567 56 377
562 60 378
565 59 376
564 57 379
569 53 378
573 48 379
570 47 383
565 45 390
568 35 397
574 33 393
570 39 391
570 35 395
569 35 396
578 34 388
577 38 385
582 35 383
586 33 381
586 29 385
592 31 377
593 32 375
592 32 376
587 36 377
592 32 376
588 34 378
588 35 377
593 32 375
601 30 369
599 30 371
601 30 369
596 34 370
596 33 371
599 29 372
596 31 373
603 24 373
610 17 373
614 15 371
621 15 364
629 11 360
635 14 351
639 13 348
644 12 344
650 9 341
653 9 338
659 8 333
663 8 329
666 7 327
671 6 323
676 5 319
683 6 311
687 6 307
692 5 303
694 5 301
697 5 298
703 6 291
704 8 288
704 9 287
706 13 281
710 13 277
709 15 276
711 13 276
716 13 271
720 12 268
724 14 262
726 19 255
726 18 256
727 17 256
726 17 257
728 17 255
729 16 255
730 17 253
732 17 251
728 26 246
725 31 244
718 38 244
727 32 241
727 27 246
726 28 246
723 31 246
720 33 247
717 36 247
722 30 248
723 29 248
724 29 247
726 31 243
726 33 241
724 33 243
721 34 245
719 36 245
717 42 241
712 44 244
713 42 245
706 46 248
705 43 252
704 44 252
695 50 255
687 51 262
683 54 263
673 63 264
668 69 263
667 72 261
663 69 268
660 69 271
653 66 281
647 69 284
647 65 288
646 59 295
644 52 304
647 46 307
644 50 306
641 51 308
638 48 314
637 46 317
636 45 319
627 56 317
619 63 318
617 57 326
615 56 329
612 56 332
611 55 334
609 58 333
608 63 329
598 65 337
590 68 342
586 72 342
581 73 346
575 72 353
573 72 355
573 74 353
569 73 358
568 70 362
567 73 360
562 65 373
565 63 372
561 54 385
559 51 390
563 49 388
574 40 386
576 41 383
578 42 380
579 39 382
578 39 383
582 31 387
579 30 391
577 31 392
580 36 384
587 34 379
588 33 379
591 30 379
588 33 379
586 39 375
589 35 376
587 34 379
585 32 383
588 30 382
587 37 376
587 39 374
588 40 372
591 35 374
591 38 371
592 37 371
597 34 369
597 35 368
598 32 370
601 30 369
602 23 375
603 20 377
605 15 380
610 12 378
615 13 372
616 12 372
616 16 368
615 18 367
624 17 359
625 18 357
621 22 357
616 25 359
617 24 359
623 26 351
627 22 351
628 23 349
627 22 351
629 25 346
628 23 349
629 25 346
623 28 349
623 29 348
625 32 343
637 28 335
634 30 336
636 29 335
630 35 335
636 35 329
637 30 333
641 30 329
647 29 324
654 27 319
650 32 318
656 29 315
661 28 311
661 25 314
668 17 315
673 13 314
678 13 309
683 14 303
683 14 303
690 13 297
691 14 295
691 18 291
693 20 287
691 23 286
692 26 282
693 26 281
694 22 284
688 28 284
694 22 284
692 21 287
693 21 286
698 19 283
706 19 275
705 20 275
708 20 272
708 26 266
712 23 265
714 19 267
718 17 265
724 14 262
726 13 261
728 13 259
726 14 260
726 14 260
725 14 261
726 16 258
726 19 255
726 20 254
727 24 249
727 25 248
730 24 246
730 22 248
733 21 246
736 16 248
737 14 249
736 14 250
734 15 251
734 18 248
730 22 248
733 25 242
728 28 244
729 26 245
730 24 246
730 27 243
727 27 246
731 25 244
736 20 244
733 20 247
735 20 245
740 23 237
737 23 240
738 24 238
738 24 238
739 29 232
736 31 233
736 30 234
732 30 238
727 30 243
722 33 245
717 36 247
711 37 252
710 38 252
708 42 250
709 41 250
712 39 249
708 40 252
704 41 255
704 37 259
700 42 258
696 42 262
695 45 260
685 52 263
677 52 271
671 56 273
662 65 273
655 67 278
651 63 286
645 68 287
640 64 296
633 63 304
624 65 311
620 66 314
612 68 320
609 66 325
609 59 332
607 55 338
603 51 346
604 47 349
603 43 354
601 49 350
592 50 358
592 50 358
589 53 358
584 53 363
585 48 367
585 49 366
583 47 370
588 44 368
589 40 371
591 41 368
599 35 366
601 32 367
607 30 363
616 30 354
614 34 352
618 31 351
615 30 355
622 24 354
625 21 354
627 17 356
631 19 350
638 20 342
641 23 336
643 18 339
651 17 332
655 18 327
659 15 326
666 15 319
668 18 314
667 18 315
669 16 315
674 14 312
676 16 308
681 15 304
682 17 301
687 18 295
690 20 290
693 20 287
696 23 281
699 17 284
699 15 286
701 16 283
702 11 287
711 10 279
713 9 278
717 9 274
719 8 273
721 12 267
727 13 260
726 15 259
729 14 257
732 16 252
732 16 252
733 13 254
732 17 251
735 14 251
737 12 251
737 16 247
740 17 243
742 19 239
750 16 234
748 16 236
749 14 237
751 13 236
751 13 236
750 13 237
755 14 231
755 14 231
757 16 227
757 17 226
757 21 222
759 21 220
757 24 219
754 24 222
755 25 220
755 30 215
749 32 219
749 27 224
747 27 226
748 24 228
748 23 229
744 26 230
749 23 228
749 27 224
750 27 223
746 26 228
744 26 230
740 27 233
739 28 233
740 24 236
744 23 233
742 26 232
743 23 234
740 26 234
740 21 239
742 20 238
743 20 237
746 19 235
746 19 235
748 19 233
749 18 233
749 19 232
747 18 235
752 15 233
754 12 234
760 12 228
762 10 228
763 11 226
764 12 224
768 17 215
767 16 217
767 15 218
771 15 214
772 14 214
770 21 209
764 27 209
765 28 207
761 29 210
763 24 213
763 24 213
769 19 212
771 20 209
766 19 215
768 19 213
770 18 212
766 23 211
766 25 209
769 23 208
771 25 204
774 23 203
774 25 201
771 26 203
771 24 205
774 17 209
774 15 211
772 16 212
778 15 207
784 14 202
782 15 203
788 11 201
785 14 201
784 17 199
784 17 199
783 21 196
785 17 198
780 21 199
778 24 198
780 25 195
778 24 198
776 24 200
776 23 201
771 28 201
772 26 202
768 32 200
769 32 199
767 33 200
762 34 204
762 33 205
763 34 203
761 38 201
756 39 205
757 36 207
760 37 203
754 37 209
748 40 212
737 48 215
737 45 218
739 42 219
732 47 221
732 51 217
725 50 225
728 47 225
720 50 230
719 51 230
719 47 234
711 55 234
706 54 240
701 57 242
696 58 246
693 51 256
684 51 265
683 49 268
682 45 273
685 40 275
678 41 281
672 48 280
674 45 281
677 48 275
674 50 276
668 49 283
663 55 282
660 49 291
660 43 297
663 33 304
664 32 304
665 31 304
668 31 301
667 36 297
666 37 297
670 36 294
669 38 293
665 39 296
664 40 296
666 41 293
665 38 297
662 42 296
657 42 301
655 41 304
655 37 308
651 36 313
650 36 314
647 37 316
650 35 315
651 39 310
651 39 310
644 47 309
646 45 309
646 42 312
648 37 315
648 34 318
648 33 319
650 31 319
649 32 319
651 31 318
658 30 312
659 24 317
663 20 317
667 19 314
672 16 312
677 13 310
672 16 312
684 15 301
682 20 298
679 24 297
677 26 297
683 24 293
687 24 289
685 27 288
680 30 290
673 33 294
673 32 295
673 33 294
671 35 294
667 34 299
668 33 299
670 27 303
676 26 298
677 21 302
678 22 300
680 24 296
684 19 297
687 22 291
691 18 291
694 14 292
702 18 280
703 20 277
703 21 276
701 23 276
700 22 278
703 20 277
703 19 278
707 21 272
709 23 268
711 23 266
711 23 266
715 25 260
713 27 260
709 30 261
707 31 262
707 31 262
706 29 265
708 26 266
709 29 262
706 30 264
704 33 263
707 31 262
703 31 266
703 32 265
701 32 267
702 33 265
700 31 269
703 31 266
700 32 268
699 29 272
698 29 273
699 28 273
702 29 269
700 30 270
699 32 269
700 30 270
702 27 271
703 28 269
712 27 261
717 25 258
720 21 259
723 19 258
726 15 259
732 15 253
736 13 251
740 13 247
746 11 243
752 10 238
753 7 240
757 7 236
761 8 231
765 6 229
769 2 229
774 2 224
779 1 220
782 1 217
784 1 215
790 1 209
793 0 207
798 1 201
800 1 199
803 2 195
807 2 191
810 3 187
812 3 185
812 4 184
812 5 183
813 9 178
812 6 182
816 5 179
818 7 175
817 8 175
818 8 174
820 10 170
822 11 167
824 9 167
823 9 168
819 13 168
820 11 169
822 10 168
821 11 168
820 14 166
819 14 167
824 14 162
824 15 161
827 16 157
826 16 158
828 18 154
827 18 155
827 19 154
828 16 156
828 15 157
826 16 158
823 19 158
822 20 158
819 24 157
817 24 159
816 24 160
817 22 161
810 27 163
807 32 161
801 40 159
795 40 165
793 40 167
789 44 167
788 46 166
783 44 173
770 49 181
766 50 184
758 56 186
746 58 196
741 59 200
734 59 207
738 60 202
723 63 214
706 66 228
696 69 235
683 72 245
670 75 255
661 76 263
658 73 269
658 66 276
654 67 279
649 69 282
647 67 286
645 64 291
639 64 297
638 67 295
639 59 302
634 61 305
632 61 307
633 50 317
635 39 326
633 36 331
630 34 336
635 29 336
634 24 342
639 24 337
640 28 332
642 27 331
643 21 336
647 17 336
648 20 332
657 19 324
656 20 324
658 20 322
660 16 324
663 12 325
666 13 321
670 10 320
676 10 314
678 10 312
691 8 301
693 8 299
697 8 295
701 9 290
709 9 282
711 9 280
713 11 276
717 11 272
721 9 270
722 7 271
726 6 268
730 5 265
738 5 257
743 4 253
747 3 250
751 3 246
757 3 240
763 3 234
766 4 230
770 4 226
772 4 224
776 4 220
781 4 215
788 5 207
793 5 202
795 7 198
796 5 199
797 4 199
797 4 199
805 4 191
807 2 191
808 1 191
813 1 186
817 1 182
822 2 176
828 1 171
831 1 168
829 4 167
832 4 164
834 4 162
836 3 161
838 4 158
837 6 157
839 7 154
842 6 152
840 8 152
843 6 151
837 12 151
837 15 148
838 15 147
838 16 146
832 18 150
826 20 154
818 25 157
816 29 155
807 39 154
797 42 161
797 41 162
785 44 171
775 46 179
771 45 184
765 50 185
750 54 196
745 54 201
740 45 215
735 44 221
731 52 217
728 53 219
726 52 222
717 60 223
718 54 228
711 53 236
709 52 239
701 54 245
702 42 256
696 43 261
692 49 259
685 48 267
683 45 272
678 47 275
674 44 282
673 41 286
668 42 290
669 45 286
667 43 290
662 44 294
661 41 298
655 41 304
650 42 308
652 41 307
651 38 311
652 32 316
655 26 319
652 27 321
657 25 318
664 25 311
669 20 311
671 23 306
669 25 306
673 25 302
673 27 300
676 25 299
676 21 303
676 19 305
680 18 302
683 18 299
685 18 297
688 17 295
690 21 289
694 22 284
693 23 284
696 24 280
702 23 275
704 26 270
707 25 268
707 27 266
711 24 265
713 23 264
720 19 261
722 19 259
720 25 255
719 25 256
718 21 261
719 22 259
718 23 259
721 23 256
718 24 258
718 28 254
716 32 252
717 31 252
715 32 253
711 33 256
715 32 253
715 35 250
716 31 253
711 36 253
714 33 253
713 29 258
710 27 263
703 29 268
701 30 269
703 30 267
704 29 267
705 33 262
711 31 258
709 31 260
709 35 256
704 37 259
701 43 256
695 49 256
684 56 260
676 57 267
672 58 270
668 56 276
667 54 279
672 46 282
669 51 280
670 51 279
676 38 286
672 39 289
671 40 289
674 37 289
675 39 286
675 41 284
675 36 289
679 30 291
680 23 297
681 21 298
679 29 292
680 27 293
678 27 295
679 26 295
676 28 296
679 30 291
679 30 291
683 30 287
686 28 286
689 26 285
692 26 282
690 29 281
687 27 286
686 26 288
690 24 286
690 24 286
693 25 282
695 21 284
697 21 282
699 23 278
697 29 274
698 26 276
703 23 274
707 21 272
705 25 270
707 23 270
706 22 272
704 26 270
703 29 268
702 33 265
698 33 269
694 37 269
693 38 269
691 38 271
689 41 270
687 47 266
685 49 266
682 45 273
687 42 271
686 39 275
687 30 283
687 34 279
685 39 276
684 37 279
680 33 287
680 31 289
674 35 291
673 33 294
673 29 298
669 33 298
670 27 303
669 30 301
670 28 302
670 26 304
667 27 306
661 31 308
663 34 303
668 33 299
662 36 302
658 30 312
655 31 314
654 33 313
654 29 317
652 30 318
655 27 318
659 26 315
664 25 311
664 25 311
665 24 311
666 24 310
664 27 309
665 27 308
671 26 303
671 28 301
674 25 301
674 24 302
