995 5 0
992 8 0
987 13 0
978 21 1
968 27 5
952 34 14
929 54 17
895 77 28
860 96 44
813 133 54
779 148 73
740 167 93
707 171 122
668 187 145
635 187 178
616 176 208
595 172 233
577 170 253
557 171 272
542 169 289
524 165 311
500 164 336
492 152 356
474 150 376
472 143 385
463 128 409
463 121 416
463 112 425
462 101 437
459 98 443
461 90 449
458 83 459
461 78 461
464 70 466
468 59 473
467 50 483
470 47 483
470 48 482
472 47 481
473 45 482
474 40 486
476 42 482
477 43 480
486 39 475
493 32 475
499 28 473
506 23 471
510 21 469
517 14 469
516 12 472
524 10 466
532 9 459
537 10 453
546 10 444
560 9 431
564 10 426
572 13 415
577 11 412
580 12 408
584 10 406
584 11 405
588 10 402
590 11 399
598 10 392
598 12 390
599 13 388
598 17 385
602 17 381
606 19 375
607 21 372
608 26 366
606 27 367
603 30 367
601 30 369
603 27 370
605 24 371
604 25 371
607 22 371
608 17 375
614 16 370
620 19 361
623 21 356
630 22 348
634 23 343
637 26 337
643 28 329
646 31 323
646 32 322
648 34 318
645 30 325
640 34 326
637 30 333
630 35 335
626 42 332
627 41 332
628 41 331
630 41 329
633 36 331
634 33 333
638 30 332
640 27 333
641 25 334
641 27 332
645 26 329
648 25 327
650 24 326
648 21 331
650 20 330
654 18 328
659 17 324
663 16 321
665 17 318
669 12 319
668 14 318
674 14 312
678 19 303
677 24 299
678 26 296
678 29 293
675 28 297
672 38 290
668 43 289
670 47 283
656 55 289
645 60 295
637 63 300
632 59 309
621 67 312
616 73 311
619 68 313
615 62 323
613 60 327
611 56 333
615 48 337
616 45 339
617 43 340
619 39 342
622 38 340
627 27 346
625 28 347
630 27 343
633 22 345
634 23 343
633 22 345
641 23 336
639 22 339
647 19 334
652 16 332
659 16 325
663 14 323
666 15 319
672 11 317
676 12 312
676 12 312
682 9 309
688 7 305
692 7 301
692 9 299
696 9 295
700 11 289
703 12 285
704 15 281
707 15 278
713 8 279
714 7 279
718 6 276
725 6 269
731 5 264
737 6 257
742 6 252
744 3 253
752 3 245
752 5 243
755 4 241
764 4 232
764 5 231
766 3 231
768 2 230
769 3 228
770 4 226
774 4 222
776 3 221
779 3 218
784 3 213
789 3 208
793 5 202
794 3 203
796 3 201
800 3 197
801 4 195
805 4 191
807 4 189
814 4 182
816 5 179
819 4 177
823 3 174
823 5 172
823 4 173
822 4 174
821 7 172
819 10 171
815 12 173
822 10 168
821 11 168
820 11 169
824 13 163
823 13 164
820 16 164
818 20 162
823 20 157
821 27 152
812 32 156
795 43 162
780 59 161
763 67 170
754 71 175
744 72 184
736 68 196
729 65 206
728 59 213
726 56 218
724 53 223
725 52 223
721 49 230
716 50 234
707 52 241
704 53 243
704 55 241
703 50 247
706 45 249
706 42 252
706 37 257
704 37 259
699 42 259
694 44 262
694 44 262
699 37 264
696 33 271
693 37 270
690 38 272
684 40 276
685 41 274
692 35 273
692 40 268
682 43 275
684 38 278
683 38 279
678 44 278
677 39 284
678 39 283
681 32 287
683 28 289
682 33 285
681 28 291
683 28 289
686 26 288
688 26 286
694 23 283
696 22 282
697 22 281
699 22 279
701 26 273
700 25 275
698 27 275
697 24 279
697 23 280
701 23 276
701 25 274
696 29 275
697 29 274
697 25 278
703 20 277
707 19 274
713 15 272
716 14 270
715 16 269
722 15 263
727 17 256
727 19 254
728 13 259
735 13 252
734 15 251
733 14 253
726 25 249
728 29 243
724 30 246
720 36 244
713 44 243
706 50 244
703 49 248
693 58 249
688 55 257
685 55 260
681 49 270
677 54 269
674 55 271
669 54 277
668 57 275
664 62 274
658 57 285
658 55 287
655 60 285
652 56 292
653 59 288
653 52 295
654 46 300
656 46 298
658 43 299
659 44 297
661 41 298
660 45 295
655 49 296
647 51 302
642 47 311
642 48 310
639 51 310
636 56 308
635 56 309
630 58 312
624 63 313
620 61 319
621 56 323
621 52 327
620 54 326
621 50 329
619 54 327
625 51 324
626 52 322
625 46 329
627 44 329
622 42 336
624 39 337
623 40 337
625 34 341
623 35 342
625 32 343
623 32 345
627 27 346
634 26 340
630 29 341
634 32 334
637 29 334
637 29 334
641 25 334
641 25 334
648 24 328
653 22 325
656 23 321
658 22 320
657 25 318
654 30 316
646 37 317
641 41 318
641 43 316
638 40 322
636 42 322
633 44 323
633 37 330
633 39 328
631 35 334
632 33 335
637 31 332
639 30 331
640 28 332
644 25 331
645 21 334
647 20 333
655 20 325
658 22 320
657 24 319
661 23 316
664 22 314
664 23 313
668 19 313
671 17 312
669 20 311
671 23 306
670 30 300
665 34 301
651 47 302
645 50 305
638 53 309
643 53 304
638 54 308
638 56 306
638 52 310
637 47 316
631 46 323
635 44 321
632 42 326
630 41 329
632 43 325
627 50 323
625 46 329
625 49 326
628 46 326
630 43 327
633 42 325
632 47 321
633 45 322
632 46 322
634 40 326
639 37 324
640 38 322
642 35 323
641 38 321
641 39 320
641 38 321
639 35 326
633 35 332
633 30 337
636 30 334
639 28 333
641 25 334
639 30 331
641 28 331
639 28 333
646 22 332
653 20 327
652 22 326
660 20 320
663 17 320
664 18 318
671 17 312
673 19 308
677 18 305
680 20 300
679 18 303
683 18 299
685 18 297
686 18 296
693 14 293
694 13 293
693 16 291
689 18 293
692 18 290
698 18 284
697 18 285
701 16 283
707 16 277
714 13 273
718 12 270
722 7 271
724 4 272
726 4 270
728 4 268
734 5 261
736 7 257
743 4 253
745 5 250
752 4 244
757 4 239
759 2 239
763 3 234
770 3 227
772 5 223
775 3 222
773 5 222
777 4 219
780 4 216
783 5 212
784 4 212
789 3 208
792 3 205
793 3 204
795 2 203
798 2 200
795 7 198
797 5 198
803 4 193
804 5 191
806 6 188
810 7 183
815 6 179
820 4 176
821 7 172
825 7 168
829 8 163
832 7 161
832 6 162
834 4 162
838 3 159
838 3 159
840 2 158
844 2 154
847 2 151
847 2 151
850 2 148
851 5 144
850 7 143
846 12 142
842 14 144
833 23 144
827 28 145
813 38 149
811 40 149
807 39 154
803 36 161
798 41 161
800 35 165
799 32 169
798 30 172
796 31 173
791 35 174
785 39 176
777 46 177
775 47 178
768 49 183
761 49 190
756 52 192
752 51 197
743 56 201
728 69 203
698 90 212
688 93 219
674 91 235
657 92 251
645 93 262
633 99 268
626 85 289
623 80 297
619 79 302
620 73 307
618 67 315
621 65 314
621 64 315
627 64 309
627 67 306
622 60 318
619 63 318
615 64 321
611 65 324
611 60 329
609 64 327
605 64 331
602 56 342
606 51 343
610 44 346
609 45 346
612 40 348
610 37 353
609 38 353
612 34 354
615 38 347
615 36 349
610 34 356
603 44 353
601 53 346
593 56 351
595 59 346
591 57 352
592 53 355
597 48 355
594 48 358
596 49 355
602 45 353
603 40 357
603 37 360
605 38 357
608 33 359
611 29 360
610 29 361
611 24 365
616 26 358
619 26 355
620 27 353
622 21 357
628 18 354
631 13 356
641 11 348
644 10 346
643 12 345
644 11 345
650 10 340
652 12 336
652 19 329
647 24 329
645 27 328
648 20 332
654 17 329
663 14 323
664 14 322
666 13 321
662 16 322
665 15 320
661 19 320
662 20 318
666 19 315
660 24 316
662 27 311
664 24 312
661 24 315
661 29 310
661 26 313
657 32 311
657 32 311
651 32 317
648 31 321
648 38 314
647 40 313
644 36 320
646 37 317
648 33 319
646 32 322
647 29 324
646 30 324
638 34 328
638 34 328
639 35 326
648 36 316
648 33 319
652 27 321
650 30 320
652 28 320
647 34 319
650 35 315
654 32 314
654 32 314
655 28 317
651 30 319
654 30 316
656 31 313
658 30 312
663 27 310
660 25 315
659 27 314
658 25 317
659 25 316
668 22 310
676 17 307
676 19 305
677 18 305
685 15 300
691 12 297
695 10 295
698 11 291
702 10 288
707 9 284
713 7 280
718 6 276
720 7 273
725 7 268
733 6 261
735 6 259
736 5 259
740 3 257
743 3 254
745 5 250
748 7 245
753 10 237
755 11 234
755 11 234
754 14 232
757 14 229
755 15 230
755 17 228
751 18 231
752 16 232
747 19 234
748 18 234
747 19 234
744 26 230
742 28 230
734 33 233
726 37 237
721 39 240
716 36 248
711 39 250
710 34 256
706 35 259
706 37 257
705 37 258
706 36 258
705 36 259
699 42 259
690 49 261
690 47 263
696 40 264
688 45 267
687 45 268
679 48 273
678 48 274
670 55 275
668 58 274
665 66 269
657 68 275
650 69 281
639 76 285
633 78 289
620 87 293
611 89 300
606 87 307
607 76 317
605 74 321
603 72 325
599 75 326
598 73 329
597 67 336
591 65 344
580 70 350
581 60 359
575 63 362
577 53 370
579 53 368
580 47 373
586 45 369
586 40 374
583 42 375
582 45 373
580 41 379
586 37 377
587 33 380
587 37 376
591 38 371
589 39 372
595 39 366
597 39 364
590 49 361
580 56 364
579 60 361
580 53 367
577 52 371
575 51 374
572 50 378
572 48 380
574 48 378
574 43 383
575 41 384
576 38 386
575 38 387
582 36 382
586 33 381
593 32 375
598 28 374
601 28 371
603 29 368
606 28 366
613 25 362
616 25 359
619 26 355
624 25 351
625 26 349
622 32 346
621 32 347
624 35 341
626 34 340
620 34 346
614 37 349
610 44 346
610 42 348
604 44 352
595 46 359
588 49 363
578 54 368
576 57 367
575 52 373
580 42 378
578 36 386
576 34 390
580 35 385
582 37 381
580 36 384
578 43 379
582 42 376
590 39 371
599 38 363
601 35 364
603 29 368
608 25 367
612 25 363
615 24 361
618 20 362
622 14 364
628 14 358
632 12 356
637 9 354
640 9 351
642 9 349
645 9 346
655 6 339
659 8 333
665 9 326
669 10 321
676 11 313
677 13 310
676 17 307
677 16 307
678 17 305
680 19 301
680 20 300
680 24 296
680 25 295
681 22 297
681 26 293
682 19 299
674 26 300
668 29 303
662 33 305
658 35 307
658 33 309
656 40 304
657 38 305
662 33 305
657 36 307
655 41 304
656 35 309
654 37 309
659 33 308
647 38 315
648 38 314
648 38 314
645 40 315
637 45 318
635 46 319
637 47 316
638 45 317
634 47 319
635 46 319
637 41 322
643 36 321
647 35 318
648 32 320
646 31 323
642 33 325
639 30 331
637 34 329
644 32 324
644 27 329
644 28 328
646 31 323
638 36 326
634 39 327
629 41 330
632 44 324
634 47 319
633 50 317
634 45 321
627 50 323
632 51 317
625 50 325
624 51 325
623 54 323
623 55 322
625 54 321
625 53 322
622 55 323
616 58 326
608 57 335
604 58 338
600 54 346
601 47 352
601 36 363
608 34 358
610 34 356
610 33 357
605 34 361
608 30 362
612 29 359
617 26 357
621 25 354
630 24 346
630 29 341
630 28 342
630 27 343
636 24 340
640 18 342
642 19 339
649 18 333
650 20 330
656 20 324
658 21 321
657 19 324
659 18 323
658 20 322
662 20 318
661 21 318
666 19 315
667 22 311
665 24 311
669 19 312
668 23 309
664 25 311
664 25 311
667 22 311
664 23 313
659 28 313
658 30 312
660 22 318
663 21 316
664 22 314
661 22 317
665 17 318
665 19 316
669 21 310
667 26 307
668 26 306
670 28 302
669 24 307
671 27 302
668 25 307
667 25 308
670 19 311
670 18 312
679 15 306
686 12 302
692 11 297
687 17 296
687 21 292
690 20 290
692 17 291
695 19 286
702 15 283
703 18 279
711 17 272
714 18 268
717 18 265
715 20 265
717 21 262
718 20 262
715 23 262
717 22 261
717 25 258
717 26 257
716 26 258
710 29 261
711 29 260
712 26 262
712 22 266
718 22 260
720 20 260
718 22 260
719 23 258
718 23 259
724 20 256
719 24 257
718 28 254
715 31 254
706 34 260
703 40 257
703 44 253
705 45 250
704 48 248
695 56 249
693 50 257
686 48 266
679 44 277
676 43 281
673 44 283
674 43 283
671 45 284
677 39 284
675 37 288
672 39 289
671 43 286
669 42 289
665 38 297
667 36 297
672 34 294
676 24 300
679 21 300
679 21 300
681 21 298
683 17 300
686 16 298
693 14 293
700 14 286
702 10 288
703 11 286
705 16 279
708 16 276
708 17 275
706 17 277
707 20 273
710 17 273
714 17 269
720 17 263
723 17 260
721 18 261
727 18 255
728 18 254
729 17 254
730 17 253
732 13 255
735 12 253
739 9 252
743 8 249
746 8 246
748 6 246
750 5 245
754 5 241
756 5 239
758 7 235
763 7 230
770 6 224
772 5 223
778 4 218
780 4 216
785 3 212
790 3 207
793 5 202
798 4 198
