1000 0 0
1000 0 0
1000 0 0
997 3 0
995 4 1
993 5 2
992 5 3
988 8 4
984 11 5
981 11 8
979 10 11
977 9 14
972 13 15
967 17 16
958 23 19
950 29 21
937 36 27
926 39 35
917 42 41
903 49 48
891 53 56
881 54 65
862 61 77
840 72 88
823 86 91
803 95 102
782 104 114
762 103 135
743 113 144
726 118 156
714 114 172
687 122 191
675 119 206
660 118 222
638 123 239
629 121 250
613 119 268
603 118 279
595 119 286
582 121 297
572 117 311
570 103 327
564 98 338
560 92 348
551 92 357
553 79 368
550 75 375
548 71 381
549 67 384
547 64 389
544 58 398
549 53 398
553 46 401
551 44 405
551 40 409
549 39 412
555 37 408
556 37 407
554 38 408
565 38 397
568 36 396
568 37 395
568 38 394
577 38 385
581 36 383
584 37 379
586 38 376
586 36 378
591 31 378
592 30 378
596 34 370
604 33 363
606 35 359
615 31 354
618 28 354
617 30 353
623 27 350
623 28 349
622 28 350
626 24 350
634 24 342
634 23 343
640 22 338
639 23 338
641 20 339
646 21 333
644 21 335
641 20 339
640 21 339
644 22 334
647 19 334
653 17 330
655 18 327
661 18 321
664 15 321
668 15 317
671 11 318
674 13 313
672 12 316
674 14 312
676 13 311
677 13 310
684 9 307
688 10 302
692 9 299
693 9 298
696 10 294
701 7 292
704 5 291
708 7 285
709 5 286
711 6 283
715 7 278
722 8 270
726 10 264
728 12 260
732 11 257
731 12 257
728 17 255
727 17 256
728 14 258
728 13 259
733 13 254
738 11 251
741 8 251
742 10 248
742 9 249
747 9 244
750 10 240
748 11 241
748 13 239
749 11 240
749 12 239
748 15 237
746 15 239
745 19 236
744 19 237
740 22 238
739 22 239
739 16 245
741 17 242
736 24 240
738 22 240
736 19 245
736 25 239
735 22 243
733 19 248
732 19 249
733 19 248
737 17 246
738 17 245
738 18 244
737 13 250
741 9 250
745 10 245
749 10 241
756 11 233
754 13 233
752 16 232
757 17 226
760 18 222
758 19 223
759 19 222
761 20 219
764 22 214
767 19 214
765 19 216
762 25 213
764 24 212
763 23 214
765 23 212
762 20 218
764 22 214
765 22 213
762 25 213
762 22 216
760 21 219
757 25 218
757 23 220
756 20 224
756 22 222
757 22 221
757 21 222
753 27 220
754 27 219
752 30 218
751 30 219
750 31 219
746 33 221
740 36 224
740 37 223
736 39 225
732 40 228
726 45 229
722 45 233
717 47 236
710 52 238
703 56 241
696 54 250
683 60 257
681 61 258
677 58 265
678 58 264
677 51 272
677 49 274
673 54 273
663 62 275
654 66 280
648 68 284
644 63 293
640 54 306
636 51 313
636 51 313
633 49 318
633 47 320
629 46 325
623 48 329
624 44 332
627 43 330
625 42 333
634 38 328
635 36 329
634 38 328
639 32 329
646 28 326
647 30 323
654 29 317
656 29 315
651 31 318
655 29 316
654 30 316
653 34 313
653 30 317
659 31 310
656 33 311
655 34 311
651 35 314
658 35 307
663 28 309
666 25 309
666 21 313
678 19 303
684 19 297
687 18 295
695 17 288
696 18 286
703 19 278
705 20 275
703 27 270
702 28 270
700 27 273
702 27 271
703 27 270
707 31 262
702 31 267
705 31 264
699 34 267
698 35 267
698 31 271
696 33 271
694 32 274
695 34 271
694 30 276
698 32 270
701 31 268
702 28 270
710 20 270
713 20 267
714 18 268
718 14 268
718 16 266
722 17 261
719 16 265
724 15 261
726 14 260
728 13 259
735 13 252
740 13 247
736 15 249
740 16 244
742 15 243
746 14 240
741 19 240
744 19 237
742 21 237
739 24 237
736 24 240
732 30 238
733 31 236
733 32 235
734 34 232
731 31 238
729 31 240
726 33 241
718 35 247
716 33 251
715 28 257
707 31 262
704 34 262
702 36 262
700 39 261
695 44 261
697 40 263
693 36 271
690 36 274
689 37 274
680 40 280
678 38 284
675 37 288
675 40 285
678 37 285
679 35 286
678 33 289
680 32 288
682 32 286
683 33 284
681 34 285
684 35 281
691 34 275
687 35 278
683 34 283
681 33 286
683 29 288
687 24 289
690 26 284
690 25 285
690 25 285
691 28 281
691 28 281
695 30 275
694 27 279
694 26 280
693 26 281
695 26 279
697 22 281
701 23 276
703 25 272
700 25 275
705 27 268
701 28 271
702 28 270
703 27 270
701 28 271
698 27 275
700 27 273
702 23 275
704 24 272
703 27 270
706 26 268
707 26 267
701 28 271
702 30 268
704 29 267
706 28 266
703 32 265
703 31 266
707 29 264
701 34 265
698 36 266
698 37 265
699 34 267
695 36 269
691 34 275
691 39 270
689 39 272
687 41 272
687 39 274
686 41 273
679 41 280
677 41 282
675 45 280
674 47 279
672 49 279
670 47 283
670 47 283
671 40 289
672 38 290
679 35 286
676 33 291
677 32 291
681 28 291
680 31 289
685 27 288
686 25 289
692 24 284
695 23 282
694 25 281
694 22 284
694 20 286
692 23 285
698 22 280
699 22 279
701 22 277
703 25 272
703 22 275
704 21 275
702 24 274
702 24 274
700 27 273
699 25 276
702 26 272
698 29 273
700 33 267
697 35 268
698 41 261
700 41 259
697 42 261
689 48 263
685 50 265
684 41 275
685 34 281
684 33 283
684 31 285
679 38 283
673 43 284
673 45 282
669 49 282
670 49 281
664 51 285
658 48 294
659 45 296
657 49 294
659 48 293
653 48 299
647 51 302
651 44 305
644 46 310
646 49 305
642 54 304
641 51 308
642 44 314
631 49 320
632 50 318
634 45 321
635 41 324
639 38 323
641 34 325
644 34 322
655 24 321
663 25 312
663 29 308
660 26 314
664 25 311
669 22 309
672 19 309
678 15 307
680 14 306
683 15 302
689 13 298
690 15 295
693 16 291
696 15 289
701 16 283
703 17 280
704 16 280
708 15 277
708 16 276
709 14 277
717 13 270
720 14 266
721 16 263
718 21 261
717 20 263
720 20 260
720 20 260
722 19 259
722 19 259
724 16 260
728 18 254
725 21 254
726 20 254
724 23 253
726 22 252
729 19 252
733 16 251
736 21 243
731 24 245
727 26 247
728 29 243
728 26 246
726 22 252
728 22 250
726 22 252
730 21 249
734 21 245
733 21 246
733 22 245
735 22 243
741 22 237
741 24 235
746 22 232
744 26 230
745 26 229
745 25 230
748 23 229
740 24 236
744 25 231
750 26 224
750 26 224
748 27 225
742 31 227
741 27 232
744 26 230
743 23 234
741 25 234
743 27 230
741 28 231
742 27 231
746 26 228
745 29 226
746 28 226
744 24 232
747 20 233
749 21 230
752 22 226
753 22 225
759 20 221
758 21 221
758 16 226
759 18 223
757 22 221
762 20 218
764 18 218
761 19 220
764 18 218
761 18 221
759 19 222
760 17 223
760 19 221
746 33 221
741 33 226
742 32 226
738 31 231
737 29 234
731 37 232
729 32 239
719 37 244
717 33 250
715 31 254
712 32 256
710 33 257
703 39 258
701 39 260
696 44 260
687 51 262
684 50 266
678 55 267
675 51 274
672 52 276
670 52 278
663 53 284
664 53 283
666 45 289
663 44 293
660 41 299
663 38 299
661 35 304
661 34 305
663 29 308
664 29 307
662 26 312
658 31 311
660 35 305
660 31 309
656 28 316
658 30 312
666 29 305
663 33 304
662 32 306
664 32 304
665 25 310
666 24 310
672 21 307
676 23 301
675 23 302
677 24 299
685 20 295
693 20 287
696 17 287
697 18 285
697 20 283
696 24 280
697 24 279
698 23 279
690 27 283
688 25 287
685 27 288
687 25 288
687 24 289
687 23 290
697 24 279
698 21 281
697 20 283
700 17 283
703 16 281
705 19 276
710 17 273
708 20 272
711 24 265
711 26 263
712 25 263
715 25 260
718 25 257
717 23 260
718 22 260
721 20 259
723 19 258
724 20 256
724 20 256
724 19 257
725 20 255
729 21 250
729 22 249
730 21 249
735 20 245
738 21 241
741 21 238
746 21 233
746 21 233
749 16 235
753 15 232
759 14 227
760 14 226
763 16 221
765 17 218
761 17 222
764 17 219
764 16 220
766 14 220
764 17 219
765 18 217
764 19 217
763 22 215
766 21 213
768 21 211
771 20 209
774 18 208
777 18 205
778 19 203
778 17 205
782 17 201
782 18 200
783 16 201
783 17 200
785 14 201
792 14 194
794 15 191
790 20 190
783 23 194
781 23 196
774 30 196
780 25 195
777 26 197
777 31 192
773 32 195
766 37 197
768 30 202
760 36 204
751 37 212
747 42 211
739 47 214
735 46 219
729 52 219
728 49 223
718 54 228
722 50 228
722 53 225
719 53 228
708 55 237
706 43 251
705 40 255
706 43 251
699 45 256
697 47 256
686 53 261
686 50 264
676 56 268
671 56 273
665 59 276
659 56 285
650 55 295
654 46 300
649 50 301
647 51 302
643 50 307
642 48 310
639 42 319
638 43 319
637 44 319
646 38 316
644 40 316
642 38 320
641 34 325
642 33 325
647 35 318
646 29 325
647 31 322
650 30 320
653 30 317
659 28 313
661 28 311
663 30 307
661 25 314
662 26 312
670 24 306
670 22 308
671 19 310
679 18 303
682 21 297
684 19 297
689 15 296
695 17 288
695 17 288
700 19 281
704 19 277
706 19 275
705 15 280
705 16 279
708 13 279
708 12 280
710 16 274
706 18 276
706 19 275
707 17 276
706 18 276
706 23 271
705 26 269
705 24 271
699 30 271
693 35 272
687 39 274
686 36 278
684 34 282
675 42 283
672 43 285
666 41 293
664 44 292
651 46 303
656 44 300
653 38 309
653 36 311
654 31 315
651 35 314
653 28 319
659 27 314
662 26 312
665 28 307
668 25 307
668 28 304
665 27 308
669 21 310
669 24 307
662 35 303
663 37 300
667 34 299
665 36 299
670 21 309
668 24 308
670 20 310
675 17 308
674 20 306
673 17 310
674 16 310
678 17 305
685 18 297
691 17 292
692 16 292
692 16 292
692 20 288
693 24 283
697 17 286
700 12 288
705 16 279
704 16 280
706 15 279
709 16 275
711 16 273
711 19 270
718 17 265
715 20 265
722 21 257
724 21 255
727 24 249
724 25 251
723 25 252
721 25 254
721 21 258
721 20 259
728 20 252
732 21 247
731 24 245
729 25 246
733 28 239
732 26 242
726 31 243
723 31 246
722 34 244
713 38 249
719 36 245
721 32 247
720 32 248
719 34 247
720 30 250
728 29 243
723 32 245
725 27 248
718 32 250
712 34 254
716 28 256
716 27 257
717 20 263
717 23 260
721 17 262
720 20 260
719 24 257
726 22 252
730 23 247
734 19 247
743 16 241
743 19 238
744 19 237
748 16 236
748 21 231
748 17 235
753 17 230
750 18 232
750 17 233
755 16 229
758 14 228
762 13 225
762 13 225
765 14 221
762 17 221
762 15 223
762 14 224
764 11 225
765 12 223
765 12 223
765 9 226
763 10 227
766 9 225
767 11 222
766 12 222
764 13 223
762 12 226
761 10 229
760 11 229
764 11 225
769 8 223
769 8 223
772 8 220
774 8 218
776 7 217
779 7 214
781 5 214
782 5 213
782 5 213
785 5 210
787 6 207
789 7 204
792 8 200
795 8 197
800 9 191
800 11 189
800 11 189
801 9 190
809 7 184
811 6 183
812 6 182
813 6 181
814 9 177
819 10 171
825 6 169
825 6 169
824 8 168
828 9 163
824 12 164
825 11 164
824 18 158
820 23 157
815 24 161
814 24 162
814 20 166
813 19 168
812 22 166
813 19 168
814 16 170
811 17 172
812 15 173
813 10 177
813 13 174
813 17 170
810 19 171
807 23 170
806 23 171
803 24 173
802 27 171
799 30 171
793 32 175
789 33 178
787 33 180
787 28 185
781 38 181
776 41 183
766 49 185
765 47 188
765 42 193
757 46 197
750 49 201
740 56 204
735 53 212
729 52 219
727 52 221
715 67 218
714 63 223
705 69 226
693 70 237
691 58 251
685 63 252
687 57 256
684 55 261
679 58 263
681 54 265
681 54 265
678 48 274
680 44 276
681 44 275
676 40 284
676 39 285
667 48 285
664 48 288
667 47 286
662 46 292
662 45 293
660 46 294
654 43 303
659 44 297
659 40 301
655 38 307
659 37 304
657 35 308
654 33 313
652 32 316
650 36 314
646 41 313
646 41 313
646 38 316
640 41 319
644 41 315
647 43 310
645 46 309
644 47 309
644 39 317
648 35 317
648 32 320
651 32 317
652 33 315
651 37 312
655 33 312
654 32 314
651 29 320
653 25 322
651 27 322
649 29 322
648 30 322
650 30 320
652 29 319
650 29 321
657 22 321
658 24 318
659 23 318
657 24 319
660 22 318
664 22 314
671 22 307
671 24 305
673 24 303
672 23 305
679 20 301
682 24 294
679 27 294
680 31 289
679 36 285
680 33 287
679 32 289
679 34 287
674 38 288
680 36 284
676 39 285
681 29 290
683 28 289
687 26 287
689 23 288
688 30 282
694 26 280
694 25 281
690 29 281
691 30 279
692 29 279
693 28 279
695 29 276
