1000 0 0
999 1 0
999 0 1
999 0 1
999 0 1
996 3 1
992 6 2
987 10 3
982 12 6
976 17 7
974 15 11
971 15 14
966 17 17
962 15 23
957 14 29
939 31 30
922 45 33
910 54 36
896 55 49
874 72 54
850 86 64
838 78 84
819 73 108
809 72 119
800 69 131
789 71 140
781 68 151
767 78 155
755 83 162
740 91 169
730 93 177
721 89 190
702 92 206
689 93 218
673 94 233
662 92 246
659 89 252
653 86 261
645 84 271
635 79 286
629 81 290
629 78 293
624 74 302
613 75 312
608 75 317
604 64 332
608 63 329
605 63 332
604 56 340
599 50 351
599 46 355
606 42 352
605 44 351
610 40 350
608 40 352
611 35 354
610 40 350
609 39 352
614 35 351
612 42 346
613 44 343
616 42 342
614 37 349
615 32 353
622 28 350
622 33 345
622 30 348
623 22 355
626 19 355
623 24 353
619 26 355
626 26 348
629 26 345
629 28 343
633 23 344
635 20 345
638 16 346
638 20 342
634 21 345
639 19 342
641 21 338
648 18 334
650 18 332
655 16 329
655 17 328
657 17 326
660 17 323
666 17 317
671 17 312
676 19 305
680 18 302
687 17 296
694 20 286
701 19 280
707 19 274
709 18 273
705 19 276
706 18 276
709 18 273
713 18 269
712 20 268
718 19 263
721 18 261
724 18 258
724 19 257
723 19 258
723 21 256
730 16 254
731 17 252
732 15 253
732 14 254
731 15 254
731 14 255
734 12 254
736 14 250
737 15 248
736 18 246
739 15 246
744 15 241
745 15 240
746 14 240
747 13 240
750 13 237
754 11 235
760 9 231
760 10 230
766 8 226
769 6 225
768 6 226
774 6 220
775 6 219
780 7 213
782 5 213
783 8 209
785 8 207
785 9 206
787 9 204
791 5 204
797 5 198
801 6 193
801 9 190
799 8 193
793 13 194
795 13 192
793 15 192
789 17 194
785 22 193
784 17 199
782 18 200
775 28 197
772 23 205
767 26 207
751 41 208
741 47 212
732 52 216
728 55 217
722 57 221
712 61 227
703 67 230
687 84 229
667 91 242
661 85 254
643 89 268
622 97 281
612 99 289
608 92 300
591 97 312
579 93 328
580 88 332
569 85 346
571 75 354
574 69 357
572 69 359
570 63 367
574 58 368
574 57 369
585 52 363
586 49 365
581 50 369
580 47 373
577 47 376
578 48 374
575 42 383
583 34 383
583 34 383
586 29 385
588 26 386
593 21 386
600 21 379
608 23 369
613 22 365
612 22 366
616 20 364
618 21 361
618 18 364
623 16 361
626 11 363
635 10 355
636 12 352
640 11 349
647 12 341
649 11 340
652 13 335
657 12 331
660 12 328
664 12 324
673 10 317
675 12 313
680 13 307
681 15 304
686 16 298
693 15 292
697 16 287
698 19 283
703 18 279
713 16 271
721 14 265
718 21 261
721 20 259
719 23 258
715 28 257
712 29 259
714 29 257
714 29 257
721 28 251
719 28 253
719 27 254
716 23 261
713 28 259
712 23 265
715 24 261
715 24 261
712 26 262
710 31 259
705 35 260
702 38 260
703 38 259
699 41 260
698 36 266
696 34 270
693 36 271
693 33 274
694 36 270
694 30 276
695 28 277
697 27 276
701 26 273
699 32 269
697 26 277
692 34 274
696 29 275
699 30 271
701 30 269
707 29 264
707 29 264
705 28 267
706 28 266
703 28 269
704 27 269
701 25 274
699 23 278
701 24 275
704 26 270
703 27 270
701 27 272
702 27 271
706 26 268
700 28 272
698 30 272
694 34 272
694 34 272
693 29 278
690 28 282
694 23 283
692 25 283
695 21 284
697 17 286
704 15 281
704 19 277
704 22 274
705 27 268
703 32 265
698 32 270
696 34 270
699 33 268
696 32 272
697 27 276
698 25 277
702 25 273
701 27 272
701 28 271
705 24 271
701 23 276
698 26 276
701 26 273
700 27 273
694 32 274
697 32 271
696 31 273
692 33 275
693 31 276
692 30 278
688 31 281
688 33 279
687 31 282
681 34 285
688 29 283
691 29 280
688 33 279
684 38 278
682 39 279
680 35 285
674 42 284
676 35 289
673 35 292
678 30 292
679 29 292
677 31 292
675 30 295
681 32 287
679 38 283
678 35 287
683 36 281
680 41 279
680 34 286
680 37 283
684 36 280
686 39 275
686 33 281
685 33 282
682 32 286
685 29 286
687 23 290
684 23 293
685 25 290
688 26 286
688 26 286
691 29 280
692 30 278
695 25 280
697 26 277
693 31 276
691 29 280
687 33 280
687 32 281
683 32 285
681 34 285
681 34 285
680 32 288
677 33 290
672 34 294
670 30 300
671 33 296
670 36 294
665 35 300
666 36 298
664 39 297
663 43 294
660 42 298
661 39 300
657 38 305
654 41 305
656 39 305
655 37 308
650 39 311
652 37 311
650 41 309
646 43 311
649 39 312
654 34 312
655 32 313
659 24 317
660 26 314
665 21 314
670 19 311
671 19 310
674 19 307
673 18 309
671 17 312
673 18 309
675 19 306
680 16 304
677 20 303
678 22 300
680 23 297
680 23 297
680 26 294
680 25 295
681 24 295
675 29 296
680 31 289
678 36 286
681 31 288
684 26 290
685 27 288
691 26 283
694 22 284
697 21 282
697 22 281
701 19 280
704 19 277
706 21 273
708 27 265
709 28 263
706 24 270
715 22 263
719 22 259
724 19 257
726 15 259
732 13 255
736 12 252
736 12 252
740 8 252
743 12 245
747 13 240
749 10 241
752 14 234
756 16 228
756 15 229
756 20 224
753 26 221
752 29 219
746 32 222
744 31 225
739 37 224
734 41 225
731 42 227
723 46 231
721 47 232
716 49 235
712 50 238
704 50 246
700 47 253
695 48 257
689 47 264
688 47 265
685 49 266
673 54 273
661 64 275
648 64 288
647 65 288
641 67 292
629 75 296
623 75 302
616 77 307
606 78 316
601 73 326
602 65 333
601 65 334
595 72 333
600 60 340
599 56 345
600 54 346
599 55 346
598 48 354
597 42 361
594 48 358
598 52 350
590 44 366
590 38 372
590 35 375
589 36 375
597 36 367
594 36 370
597 38 365
601 34 365
603 37 360
606 36 358
605 37 358
607 32 361
612 29 359
618 28 354
622 25 353
621 26 353
623 28 349
624 29 347
618 32 350
617 27 356
617 29 354
616 29 355
617 33 350
621 29 350
621 22 357
627 19 354
630 20 350
642 15 343
646 12 342
651 10 339
655 11 334
658 13 329
660 12 328
665 14 321
663 19 318
666 20 314
669 19 312
674 21 305
672 20 308
679 19 302
683 21 296
679 24 297
678 26 296
674 27 299
671 25 304
672 27 301
672 30 298
674 28 298
675 25 300
674 26 300
674 28 298
675 25 300
678 26 296
678 27 295
683 20 297
682 23 295
688 23 289
688 20 292
691 19 290
690 18 292
694 18 288
696 19 285
700 19 281
706 17 277
706 17 277
707 14 279
708 18 274
703 23 274
702 26 272
707 25 268
706 32 262
702 33 265
701 33 266
704 31 265
707 32 261
706 32 262
705 32 263
704 32 264
710 33 257
716 27 257
716 24 260
718 29 253
722 30 248
715 32 253
715 29 256
719 24 257
718 27 255
718 28 254
712 31 257
713 31 256
709 32 259
707 28 265
706 26 268
709 26 265
705 29 266
703 33 264
698 37 265
696 38 266
702 34 264
697 33 270
699 29 272
701 27 272
702 28 270
708 25 267
707 26 267
705 26 269
701 32 267
696 36 268
693 38 269
691 42 267
688 42 270
686 38 276
685 45 270
682 50 268
683 47 270
683 41 276
682 41 277
683 38 279
684 39 277
682 39 279
679 40 281
679 39 282
681 36 283
683 35 282
683 36 281
685 32 283
686 31 283
685 32 283
686 33 281
686 34 280
684 31 285
687 29 284
686 30 284
690 28 282
688 29 283
692 26 282
690 27 283
685 36 279
680 43 277
677 45 278
672 51 277
663 55 282
654 61 285
650 61 289
645 59 296
644 56 300
645 53 302
644 47 309
641 44 315
641 41 318
645 37 318
650 37 313
646 35 319
641 40 319
646 38 316
644 37 319
638 38 324
637 36 327
633 42 325
633 42 325
636 43 321
634 43 323
632 41 327
627 42 331
626 44 330
625 48 327
624 45 331
618 45 337
616 47 337
620 42 338
614 43 343
613 45 342
614 45 341
614 45 341
615 46 339
617 39 344
623 28 349
626 27 347
628 25 347
628 23 349
636 24 340
644 20 336
645 21 334
652 20 328
655 18 327
651 23 326
653 21 326
656 24 320
659 21 320
665 17 318
666 20 314
659 24 317
660 22 318
663 20 317
667 20 313
668 19 313
667 20 313
674 19 307
674 22 304
670 26 304
669 29 302
666 29 305
666 34 300
660 37 303
653 38 309
644 45 311
636 46 318
634 45 321
640 38 322
646 29 325
645 30 325
648 29 323
648 25 327
651 24 325
651 22 327
655 19 326
654 19 327
658 17 325
658 18 324
666 17 317
669 17 314
666 22 312
669 25 306
668 26 306
669 25 306
672 24 304
674 24 302
677 26 297
683 23 294
686 21 293
688 22 290
691 21 288
687 26 287
691 24 285
696 20 284
698 25 277
695 28 277
693 30 277
685 38 277
685 40 275
685 40 275
683 43 274
682 42 276
674 48 278
674 49 277
675 44 281
672 45 283
669 45 286
662 52 286
658 52 290
651 51 298
650 49 301
653 49 298
654 46 300
650 46 304
650 40 310
652 40 308
649 45 306
643 49 308
644 45 311
647 41 312
646 40 314
645 36 319
638 41 321
639 41 320
637 41 322
637 42 321
638 35 327
639 35 326
637 33 330
640 37 323
640 31 329
642 28 330
647 27 326
648 30 322
645 33 322
647 34 319
650 29 321
651 29 320
652 27 321
654 28 318
653 29 318
656 27 317
661 24 315
666 20 314
670 16 314
677 14 309
682 15 303
684 14 302
685 15 300
685 18 297
688 19 293
686 20 294
692 18 290
697 16 287
697 19 284
702 19 279
707 20 273
707 19 274
707 20 273
707 19 274
710 21 269
710 21 269
706 23 271
701 25 274
704 24 272
702 29 269
699 29 272
704 28 268
697 36 267
708 34 258
708 33 259
708 31 261
702 30 268
694 30 276
696 27 277
692 32 276
691 29 280
688 30 282
686 30 284
684 32 284
685 32 283
682 37 281
675 40 285
672 40 288
671 35 294
663 40 297
657 45 298
655 42 303
657 37 306
651 39 310
651 36 313
654 28 318
658 25 317
658 29 313
661 31 308
662 33 305
665 33 302
665 37 298
667 34 299
666 35 299
665 36 299
663 41 296
662 35 303
660 35 305
665 34 301
664 36 300
666 39 295
663 44 293
662 43 295
661 42 297
660 44 296
660 47 293
655 42 303
653 44 303
648 45 307
651 36 313
653 38 309
650 34 316
651 35 314
650 35 315
654 32 314
650 39 311
649 41 310
650 35 315
651 31 318
653 30 317
655 28 317
658 27 315
660 28 312
664 29 307
663 32 305
660 32 308
664 26 310
665 25 310
669 22 309
673 22 305
668 32 300
672 29 299
667 35 298
664 39 297
664 38 298
666 41 293
665 44 291
666 35 299
667 34 299
673 33 294
673 30 297
674 26 300
670 30 300
666 34 300
668 36 296
667 36 297
665 34 301
663 36 301
659 34 307
655 38 307
653 38 309
651 40 309
655 38 307
653 40 307
651 37 312
649 35 316
653 30 317
649 34 317
649 31 320
654 27 319
655 28 317
648 35 317
652 38 310
650 36 314
649 37 314
640 42 318
641 38 321
634 42 324
637 40 323
637 38 325
637 37 326
638 38 324
637 40 323
629 41 330
625 48 327
624 49 327
623 43 334
622 40 338
625 36 339
622 39 339
621 35 344
617 37 346
618 35 347
618 36 346
615 37 348
610 36 354
611 32 357
613 35 352
615 37 348
608 41 351
608 39 353
602 44 354
601 46 353
606 42 352
610 45 345
605 47 348
601 51 348
601 53 346
598 55 347
596 49 355
595 55 350
596 47 357
591 47 362
590 51 359
588 51 361
584 56 360
579 59 362
577 58 365
574 59 367
577 57 366
576 56 368
575 56 369
572 55 373
568 60 372
570 60 370
564 55 381
567 55 378
568 59 373
570 56 374
572 48 380
566 54 380
561 61 378
565 60 375
566 56 378
566 56 378
569 54 377
567 47 386
570 42 388
573 38 389
577 30 393
578 33 389
580 36 384
586 34 380
583 34 383
581 32 387
578 34 388
580 32 388
584 32 384
577 38 385
575 35 390
572 35 393
576 32 392
582 34 384
576 35 389
575 39 386
582 40 378
581 40 379
584 39 377
581 36 383
587 37 376
595 34 371
597 31 372
596 30 374
602 29 369
601 26 373
607 18 375
608 17 375
615 14 371
611 18 371
617 17 366
618 23 359
622 23 355
625 22 353
625 22 353
628 20 352
636 16 348
632 19 349
634 18 348
634 16 350
637 18 345
639 21 340
641 23 336
644 22 334
647 22 331
652 18 330
654 16 330
657 15 328
658 18 324
665 18 317
671 16 313
673 17 310
675 14 311
671 17 312
670 17 313
673 17 310
680 15 305
677 16 307
685 12 303
689 10 301
693 10 297
693 11 296
696 9 295
702 9 289
702 13 285
699 17 284
695 19 286
