1000 0 0
1000 0 0
1000 0 0
997 2 1
995 4 1
992 5 3
988 8 4
986 8 6
983 12 5
980 13 7
977 13 10
971 17 12
965 21 14
958 24 18
944 32 24
931 40 29
923 44 33
902 49 49
887 55 58
883 55 62
875 56 69
858 68 74
843 72 85
827 72 101
812 80 108
803 78 119
792 76 132
775 81 144
756 86 158
747 84 169
730 90 180
711 92 197
700 89 211
691 90 219
684 89 227
673 91 236
665 87 248
656 86 258
646 80 274
643 79 278
634 84 282
631 78 291
617 84 299
608 84 308
607 76 317
603 71 326
595 65 340
594 66 340
585 70 345
588 64 348
580 66 354
577 69 354
574 62 364
572 62 366
566 66 368
561 58 381
556 58 386
550 59 391
550 55 395
551 52 397
557 44 399
557 42 401
561 43 396
567 40 393
568 36 396
569 32 399
569 35 396
576 35 389
585 31 384
590 28 382
592 28 380
596 28 376
596 27 377
598 22 380
605 20 375
611 22 367
615 18 367
616 21 363
620 20 360
623 20 357
633 17 350
634 15 351
638 11 351
639 11 350
642 9 349
646 9 345
649 11 340
654 13 333
660 14 326
661 12 327
666 9 325
671 9 320
671 9 320
674 9 317
677 13 310
675 15 310
673 19 308
672 20 308
672 24 304
672 22 306
674 21 305
675 26 299
674 24 302
677 28 295
678 22 300
682 23 295
685 22 293
688 21 291
686 20 294
689 19 292
690 16 294
692 16 292
698 14 288
701 15 284
702 16 282
704 16 280
707 18 275
709 16 275
716 16 268
716 15 269
718 16 266
719 14 267
726 9 265
726 11 263
728 12 260
727 15 258
730 11 259
733 13 254
735 12 253
738 10 252
738 9 253
743 6 251
744 6 250
752 4 244
754 7 239
757 7 236
760 7 233
763 8 229
763 6 231
762 10 228
764 7 229
771 7 222
771 10 219
767 16 217
767 20 213
770 14 216
773 11 216
775 12 213
774 14 212
769 16 215
770 18 212
771 19 210
773 17 210
777 19 204
777 19 204
775 19 206
770 19 211
773 15 212
779 13 208
781 14 205
782 12 206
785 10 205
785 10 205
790 8 202
795 10 195
794 12 194
796 9 195
794 12 194
800 9 191
802 10 188
798 13 189
799 11 190
797 13 190
796 15 189
796 14 190
793 16 191
791 16 193
789 15 196
791 12 197
789 14 197
791 13 196
794 9 197
800 9 191
802 11 187
803 10 187
804 11 185
804 8 188
803 11 186
800 12 188
799 13 188
798 13 189
799 16 185
799 15 186
798 15 187
798 14 188
797 15 188
794 18 188
791 17 192
792 15 193
790 20 190
788 23 189
785 23 192
786 22 192
786 24 190
779 28 193
778 31 191
776 36 188
770 41 189
764 39 197
757 42 201
753 41 206
746 44 210
741 47 212
738 43 219
741 44 215
735 51 214
732 55 213
725 50 225
719 55 226
711 57 232
707 59 234
696 67 237
692 67 241
696 62 242
688 66 246
681 71 248
673 76 251
671 74 255
663 75 262
650 77 273
638 83 279
629 84 287
627 87 286
620 88 292
618 80 302
612 80 308
600 93 307
595 84 321
596 80 324
593 79 328
595 75 330
583 77 340
583 72 345
579 65 356
582 62 356
578 58 364
579 53 368
579 50 371
574 57 369
573 56 371
574 53 373
573 49 378
569 47 384
567 46 387
569 45 386
568 43 389
566 46 388
570 36 394
573 35 392
578 35 387
568 40 392
566 42 392
565 46 389
569 43 388
564 42 394
561 51 388
561 47 392
561 44 395
559 46 395
559 47 394
563 48 389
568 48 384
569 46 385
568 41 391
571 36 393
571 41 388
567 45 388
570 39 391
568 33 399
573 28 399
574 26 400
577 27 396
581 25 394
585 28 387
584 29 387
588 27 385
590 25 385
594 18 388
596 22 382
595 24 381
589 30 381
594 30 376
599 33 368
599 32 369
606 29 365
609 33 358
614 33 353
613 34 353
613 38 349
610 43 347
617 38 345
611 38 351
609 42 349
606 43 351
607 40 353
610 37 353
611 31 358
610 27 363
613 23 364
609 28 363
613 29 358
615 31 354
617 30 353
614 28 358
616 26 358
617 26 357
623 23 354
627 24 349
637 19 344
646 20 334
645 19 336
644 21 335
650 19 331
649 24 327
657 20 323
661 19 320
664 20 316
666 22 312
664 27 309
666 23 311
668 15 317
669 19 312
672 16 312
678 16 306
676 17 307
676 20 304
682 16 302
679 22 299
680 23 297
680 24 296
686 25 289
688 22 290
690 20 290
692 21 287
696 21 283
700 21 279
698 25 277
702 25 273
702 23 275
701 26 273
701 27 272
700 26 274
702 26 272
702 25 273
701 25 274
706 24 270
710 21 269
713 23 264
717 23 260
715 21 264
715 23 262
713 25 262
710 29 261
709 30 261
709 29 262
708 27 265
704 28 268
704 26 270
706 26 268
708 26 266
706 27 267
709 27 264
705 30 265
706 33 261
705 32 263
702 34 264
707 32 261
703 40 257
703 36 261
700 34 266
697 36 267
694 36 270
695 33 272
687 35 278
684 35 281
685 34 281
684 36 280
676 42 282
671 45 284
669 40 291
666 43 291
664 43 293
663 41 296
664 36 300
663 38 299
666 35 299
666 38 296
666 44 290
664 48 288
661 49 290
656 51 293
658 53 289
653 57 290
653 57 290
653 55 292
651 50 299
651 48 301
647 46 307
644 47 309
642 49 309
644 48 308
646 45 309
650 37 313
648 38 314
652 35 313
652 33 315
651 33 316
653 34 313
648 32 320
650 34 316
650 33 317
650 34 316
650 30 320
646 27 327
651 25 324
653 22 325
657 21 322
658 20 322
661 16 323
669 15 316
672 15 313
672 19 309
675 19 306
678 19 303
678 22 300
673 25 302
674 28 298
676 27 297
668 35 297
662 37 301
656 39 305
654 41 305
655 43 302
651 40 309
644 47 309
642 42 316
641 41 318
638 43 319
642 39 319
640 38 322
636 40 324
637 40 323
640 41 319
641 40 319
636 41 323
634 41 325
634 47 319
629 46 325
630 46 324
622 46 332
622 45 333
623 45 332
610 59 331
614 56 330
615 54 331
614 51 335
611 49 340
608 48 344
612 47 341
608 47 345
610 50 340
610 45 345
609 44 347
600 50 350
602 46 352
605 35 360
608 36 356
613 30 357
616 31 353
616 34 350
622 34 344
617 35 348
623 35 342
626 33 341
631 30 339
632 31 337
628 28 344
629 29 342
630 27 343
633 24 343
635 23 342
640 20 340
644 20 336
650 19 331
656 19 325
659 17 324
657 21 322
661 20 319
660 21 319
661 20 319
668 17 315
672 17 311
671 17 312
675 15 310
676 13 311
680 12 308
683 9 308
686 9 305
688 8 304
693 8 299
698 7 295
706 8 286
713 9 278
712 10 278
711 11 278
711 11 278
712 11 277
711 15 274
709 18 273
712 17 271
711 19 270
715 20 265
716 20 264
717 20 263
719 21 260
721 19 260
723 23 254
728 21 251
731 24 245
731 26 243
728 22 250
726 23 251
729 22 249
730 20 250
733 19 248
731 18 251
733 18 249
731 21 248
735 20 245
736 19 245
739 21 240
740 22 238
735 29 236
740 28 232
740 26 234
737 21 242
732 24 244
734 20 246
737 23 240
741 24 235
743 25 232
744 25 231
746 20 234
741 24 235
739 22 239
737 28 235
734 33 233
734 33 233
731 32 237
731 32 237
727 34 239
717 36 247
717 40 243
709 44 247
705 45 250
707 42 251
701 43 256
700 44 256
694 47 259
688 54 258
686 49 265
689 40 271
691 35 274
694 33 273
689 36 275
691 31 278
689 31 280
687 30 283
684 32 284
680 27 293
680 29 291
682 27 291
683 24 293
685 23 292
686 25 289
688 27 285
688 30 282
691 30 279
689 31 280
686 34 280
694 34 272
693 31 276
690 40 270
687 40 273
681 52 267
678 57 265
673 64 263
671 56 273
670 56 274
668 56 276
661 62 277
655 65 280
648 63 289
650 55 295
639 60 301
627 61 312
626 57 317
625 50 325
624 46 330
618 53 329
609 56 335
604 60 336
596 63 341
594 58 348
589 57 354
592 54 354
595 42 363
595 42 363
597 43 360
596 44 360
594 44 362
593 46 361
594 48 358
590 49 361
589 46 365
590 51 359
592 43 365
594 41 365
598 36 366
595 36 369
599 37 364
606 34 360
605 34 361
605 36 359
601 36 363
606 34 360
610 31 359
611 29 360
613 31 356
615 34 351
618 31 351
621 25 354
619 28 353
623 28 349
628 29 343
631 29 340
632 24 344
632 23 345
640 24 336
646 22 332
648 22 330
646 23 331
646 25 329
643 32 325
645 32 323
645 29 326
646 31 323
650 30 320
659 23 318
657 24 319
661 23 316
662 27 311
667 23 310
667 23 310
665 24 311
667 23 310
672 23 305
672 25 303
671 25 304
676 25 299
676 27 297
681 25 294
680 25 295
682 26 292
679 30 291
677 32 291
677 30 293
678 30 292
680 29 291
687 26 287
686 25 289
689 26 285
690 28 282
689 31 280
681 35 284
679 37 284
671 43 286
665 44 291
655 43 302
653 50 297
646 58 296
644 52 304
642 54 304
639 49 312
638 43 319
640 42 318
642 38 320
640 39 321
635 40 325
634 42 324
629 44 327
621 51 328
620 53 327
620 54 326
618 53 329
619 47 334
624 46 330
629 42 329
626 44 330
626 43 331
622 43 335
621 47 332
624 43 333
624 41 335
621 41 338
623 39 338
626 33 341
627 36 337
627 34 339
630 33 337
631 36 333
631 36 333
635 32 333
638 33 329
639 34 327
643 33 324
642 27 331
643 22 335
644 21 335
640 27 333
641 24 335
640 25 335
646 19 335
650 20 330
655 19 326
658 19 323
664 19 317
661 20 319
666 20 314
671 19 310
673 17 310
677 17 306
677 18 305
679 15 306
684 13 303
681 19 300
684 22 294
686 22 292
685 22 293
687 17 296
692 16 292
692 16 292
695 20 285
694 18 288
694 20 286
694 22 284
699 17 284
704 13 283
703 16 281
704 15 281
709 15 276
712 18 270
713 14 273
716 14 270
716 17 267
720 17 263
721 15 264
722 13 265
724 14 262
722 17 261
720 16 264
721 16 263
725 16 259
732 16 252
734 16 250
739 16 245
744 13 243
749 7 244
758 6 236
762 7 231
759 8 233
758 10 232
758 12 230
754 14 232
752 18 230
751 19 230
751 15 234
755 18 227
757 16 227
753 20 227
751 23 226
746 26 228
744 30 226
738 34 228
737 35 228
732 40 228
727 41 232
726 33 241
729 33 238
727 36 237
721 38 241
716 41 243
708 44 248
699 50 251
696 51 253
688 56 256
687 59 254
684 59 257
674 62 264
673 61 266
661 65 274
652 67 281
646 67 287
644 61 295
630 62 308
635 60 305
633 61 306
624 64 312
621 61 318
619 58 323
625 50 325
624 49 327
625 48 327
623 45 332
625 42 333
625 48 327
625 43 332
623 48 329
623 43 334
617 49 334
610 56 334
610 53 337
609 58 333
600 59 341
592 62 346
588 60 352
596 48 356
594 45 361
594 41 365
592 43 365
591 46 363
591 40 369
594 39 367
594 40 366
592 37 371
598 36 366
600 30 370
601 28 371
604 28 368
605 24 371
609 24 367
616 20 364
618 23 359
621 17 362
626 14 360
626 17 357
631 18 351
628 21 351
630 22 348
634 21 345
637 26 337
641 26 333
641 24 335
651 23 326
653 26 321
659 21 320
660 21 319
664 20 316
666 18 316
666 18 316
673 17 310
672 17 311
671 16 313
667 18 315
670 20 310
674 21 305
672 22 306
677 21 302
677 23 300
676 23 301
680 23 297
680 22 298
680 19 301
683 19 298
684 16 300
687 17 296
690 18 292
691 18 291
695 16 289
696 22 282
697 19 284
699 19 282
701 20 279
707 20 273
710 20 270
713 22 265
715 19 266
712 23 265
711 28 261
711 28 261
710 27 263
709 29 262
702 34 264
702 34 264
696 38 266
692 37 271
689 41 270
689 39 272
689 43 268
682 42 276
684 41 275
679 43 278
681 39 280
681 33 286
677 35 288
678 37 285
685 31 284
690 29 281
684 32 284
684 34 282
680 36 284
683 33 284
682 31 287
684 28 288
681 33 286
684 26 290
682 27 291
682 24 294
689 23 288
685 30 285
683 34 283
680 32 288
682 31 287
677 32 291
674 35 291
672 33 295
669 39 292
669 37 294
671 35 294
666 41 293
659 41 300
659 37 304
662 37 301
654 43 303
649 46 305
647 48 305
641 52 307
642 50 308
640 49 311
637 51 312
638 50 312
638 46 316
639 47 314
637 47 316
631 44 325
634 44 322
636 41 323
632 38 330
633 34 333
636 38 326
641 30 329
640 33 327
641 34 325
643 36 321
645 35 320
651 35 314
652 39 309
653 34 313
658 32 310
658 34 308
658 35 307
661 36 303
664 39 297
661 41 298
661 39 300
660 41 299
655 45 300
657 46 297
648 48 304
644 49 307
637 50 313
633 50 317
630 49 321
628 52 320
624 51 325
623 52 325
617 60 323
613 58 329
614 54 332
612 52 336
612 49 339
611 46 343
610 44 346
614 39 347
619 35 346
621 35 344
625 32 343
628 34 338
627 32 341
631 32 337
632 33 335
