995 5 0
992 8 0
986 12 2
974 23 3
968 25 7
953 33 14
940 40 20
927 46 27
911 58 31
892 67 41
859 92 49
821 118 61
786 134 80
759 146 95
730 161 109
698 163 139
667 175 158
644 175 181
623 172 205
588 181 231
570 177 253
559 166 275
549 150 301
532 153 315
521 151 328
519 143 338
515 134 351
504 131 365
504 121 375
502 112 386
496 105 399
494 102 404
492 87 421
493 86 421
494 70 436
497 63 440
491 60 449
498 58 444
505 48 447
505 47 448
504 48 448
508 49 443
509 45 446
508 46 446
508 51 441
515 44 441
521 37 442
516 42 442
517 40 443
520 40 440
526 37 437
533 33 434
545 27 428
546 27 427
550 29 421
556 25 419
558 22 420
563 21 416
575 18 407
579 16 405
583 11 406
591 8 401
592 7 401
598 5 397
607 4 389
613 4 383
617 5 378
622 3 375
629 1 370
631 3 366
634 3 363
640 2 358
644 1 355
649 1 350
654 1 345
659 1 340
672 2 326
678 1 321
685 3 312
696 4 300
701 3 296
705 2 293
712 2 286
717 0 283
726 0 274
728 1 271
732 1 267
734 3 263
736 5 259
735 7 258
742 8 250
740 11 249
738 15 247
735 20 245
734 22 244
726 35 239
723 43 234
712 53 235
704 56 240
693 62 245
685 60 255
672 63 265
659 73 268
652 74 274
645 74 281
644 67 289
640 60 300
640 53 307
641 43 316
637 45 318
638 46 316
638 44 318
635 40 325
640 35 325
636 37 327
637 31 332
641 27 332
648 25 327
648 28 324
649 26 325
652 26 322
655 25 320
658 26 316
660 28 312
659 20 321
660 19 321
662 19 319
664 20 316
671 16 313
675 15 310
674 19 307
678 16 306
680 16 304
688 15 297
688 12 300
693 9 298
698 12 290
701 13 286
705 14 281
709 18 273
708 21 271
705 23 272
699 24 277
701 14 285
705 13 282
708 12 280
713 10 277
713 10 277
715 8 277
721 8 271
725 8 267
727 9 264
732 10 258
738 10 252
737 9 254
738 10 252
742 10 248
745 11 244
748 13 239
749 12 239
753 14 233
744 20 236
748 20 232
748 21 231
749 21 230
742 25 233
729 40 231
710 55 235
703 62 235
684 72 244
671 78 251
661 77 262
644 85 271
635 81 284
625 79 296
619 80 301
613 78 309
606 70 324
606 67 327
609 59 332
610 55 335
609 49 342
605 51 344
607 51 342
604 54 342
601 52 347
602 47 351
604 44 352
605 39 356
605 40 355
613 34 353
615 29 356
619 27 354
620 28 352
627 27 346
635 25 340
636 27 337
640 25 335
636 30 334
631 41 328
628 46 326
619 51 330
615 50 335
611 54 335
612 53 335
611 57 332
600 62 338
591 65 344
582 66 352
573 67 360
567 68 365
558 68 374
550 75 375
549 71 380
547 70 383
544 70 386
541 71 388
538 70 392
538 65 397
539 63 398
541 63 396
535 62 403
532 59 409
534 60 406
535 60 405
539 54 407
543 52 405
542 49 409
539 48 413
543 42 415
552 34 414
554 30 416
549 37 414
548 39 413
555 36 409
557 34 409
556 36 408
553 40 407
552 39 409
547 41 412
548 42 410
549 39 412
550 40 410
553 45 402
562 40 398
565 41 394
576 40 384
579 41 380
581 34 385
587 30 383
587 29 384
588 27 385
592 20 388
596 18 386
602 16 382
605 14 381
616 13 371
623 9 368
625 7 368
632 7 361
637 10 353
646 9 345
654 7 339
657 7 336
661 5 334
665 6 329
669 8 323
672 10 318
677 9 314
685 10 305
692 8 300
692 11 297
692 8 300
697 11 292
701 11 288
702 12 286
707 13 280
710 12 278
709 15 276
712 15 273
715 14 271
717 15 268
719 15 266
722 14 264
725 11 264
729 9 262
731 11 258
731 15 254
734 13 253
735 12 253
739 11 250
739 12 249
741 13 246
742 9 249
742 9 249
750 9 241
756 8 236
758 10 232
760 9 231
762 8 230
764 8 228
766 7 227
766 9 225
764 10 226
766 10 224
770 8 222
772 8 220
775 10 215
779 10 211
778 15 207
777 18 205
774 18 208
775 15 210
776 13 211
774 16 210
779 15 206
778 12 210
782 13 205
781 17 202
781 13 206
785 8 207
785 7 208
786 4 210
788 5 207
793 5 202
792 6 202
790 6 204
794 7 199
798 6 196
798 7 195
797 9 194
793 14 193
792 19 189
795 22 183
796 23 181
793 25 182
792 25 183
793 27 180
790 29 181
783 30 187
761 50 189
744 61 195
730 64 206
713 79 208
691 90 219
675 101 224
650 115 235
634 118 248
619 123 258
604 135 261
589 131 280
577 120 303
572 105 323
569 101 330
567 97 336
566 94 340
559 89 352
558 79 363
553 77 370
545 82 373
552 73 375
550 60 390
556 56 388
556 57 387
558 51 391
564 42 394
570 35 395
569 36 395
571 35 394
573 38 389
572 39 389
568 41 391
572 36 392
578 29 393
582 26 392
587 28 385
592 26 382
595 24 381
605 21 374
610 18 372
620 16 364
624 18 358
633 19 348
638 23 339
634 29 337
636 35 329
638 36 326
635 39 326
636 33 331
631 34 335
634 38 328
631 38 331
627 45 328
618 52 330
609 57 334
608 57 335
612 50 338
605 59 336
606 62 332
604 54 342
605 47 348
607 45 348
608 44 348
607 43 350
611 43 346
615 39 346
618 38 344
624 37 339
625 41 334
625 40 335
623 40 337
629 38 333
633 30 337
632 32 336
633 28 339
638 28 334
641 25 334
647 27 326
648 27 325
650 28 322
647 33 320
645 33 322
643 37 320
644 32 324
641 35 324
640 37 323
638 40 322
642 40 318
644 39 317
644 36 320
642 36 322
642 36 322
644 38 318
643 34 323
640 36 324
637 35 328
634 34 332
635 28 337
630 31 339
631 27 342
630 24 346
634 31 335
638 31 331
643 33 324
639 33 328
633 37 330
637 36 327
636 37 327
635 34 331
640 34 326
639 40 321
636 44 320
628 50 322
628 47 325
628 46 326
629 41 330
629 34 337
626 38 336
623 36 341
625 29 346
630 27 343
628 28 344
632 27 341
630 28 342
629 28 343
635 27 338
634 29 337
635 29 336
634 27 339
634 25 341
638 30 332
643 32 325
640 35 325
645 30 325
648 31 321
655 29 316
655 30 315
657 30 313
658 31 311
659 30 311
660 29 311
658 30 312
662 20 318
661 21 318
664 22 314
667 25 308
669 26 305
669 25 306
675 23 302
676 22 302
676 22 302
677 22 301
679 16 305
684 17 299
690 12 298
698 9 293
710 8 282
714 6 280
717 6 277
721 7 272
722 7 271
726 7 267
729 5 266
732 6 262
735 5 260
737 4 259
744 4 252
746 4 250
748 5 247
752 5 243
755 7 238
758 7 235
756 11 233
757 10 233
756 11 233
761 13 226
763 15 222
759 21 220
754 25 221
748 34 218
734 45 221
730 47 223
724 51 225
725 44 231
719 49 232
713 53 234
710 49 241
704 53 243
701 51 248
697 58 245
695 53 252
687 53 260
683 53 264
677 53 270
677 50 273
670 55 275
663 52 285
653 54 293
651 53 296
650 53 297
650 53 297
638 62 300
633 68 299
626 65 309
626 63 311
622 65 313
615 60 325
616 60 324
616 55 329
618 50 332
609 60 331
606 54 340
606 53 341
602 58 340
603 56 341
592 60 348
588 59 353
584 61 355
579 58 363
583 52 365
587 47 366
585 49 366
587 43 370
583 45 372
579 49 372
579 48 373
569 50 381
564 54 382
567 47 386
567 42 391
567 38 395
570 40 390
573 35 392
573 33 394
576 29 395
580 32 388
587 24 389
593 23 384
597 22 381
602 23 375
608 27 365
609 28 363
608 31 361
614 31 355
617 27 356
616 27 357
617 25 358
622 21 357
624 22 354
629 23 348
633 22 345
634 24 342
634 23 343
640 23 337
643 20 337
647 20 333
647 22 331
648 19 333
651 19 330
650 18 332
650 21 329
654 19 327
656 19 325
660 20 320
661 19 320
663 20 317
662 20 318
662 23 315
669 23 308
673 26 301
674 30 296
678 34 288
681 32 287
681 32 287
679 31 290
679 28 293
675 33 292
672 37 291
673 35 292
671 34 295
668 40 292
661 46 293
656 43 301
650 50 300
651 42 307
645 45 310
645 38 317
646 39 315
640 45 315
637 50 313
630 55 315
623 58 319
619 57 324
616 57 327
612 60 328
612 56 332
608 54 338
605 59 336
600 55 345
595 60 345
596 58 346
588 66 346
589 62 349
590 62 348
589 58 353
588 59 353
588 57 355
584 61 355
581 53 366
577 58 365
580 52 368
580 53 367
590 52 358
581 56 363
579 47 374
575 45 380
579 43 378
583 42 375
586 39 375
589 42 369
588 41 371
589 41 370
592 36 372
593 37 370
599 37 364
599 37 364
600 45 355
597 43 360
594 46 360
591 48 361
594 47 359
599 43 358
603 45 352
610 42 348
612 40 348
615 38 347
621 36 343
625 37 338
622 37 341
622 39 339
625 38 337
622 37 341
628 35 337
634 34 332
635 32 333
633 31 336
638 29 333
639 27 334
641 26 333
643 27 330
645 28 327
648 22 330
644 23 333
649 23 328
656 20 324
663 17 320
665 16 319
667 17 316
668 16 316
671 14 315
672 15 313
669 26 305
664 35 301
649 49 302
645 51 304
644 45 311
641 48 311
636 53 311
636 56 308
636 45 319
641 41 318
638 44 318
637 45 318
638 42 320
639 44 317
635 47 318
627 51 322
627 47 326
629 47 324
630 41 329
631 33 336
631 31 338
627 31 342
626 32 342
632 31 337
637 32 331
640 33 327
638 28 334
639 27 334
650 26 324
647 27 326
650 24 326
643 31 326
635 36 329
633 38 329
633 47 320
627 47 326
619 54 327
621 52 327
621 46 333
626 45 329
626 44 330
631 45 324
627 43 330
627 42 331
624 41 335
617 47 336
615 46 339
612 47 341
611 44 345
604 46 350
603 46 351
601 47 352
601 49 350
604 45 351
604 37 359
606 34 360
608 31 361
611 29 360
612 30 358
621 21 358
627 18 355
627 16 357
633 13 354
638 16 346
639 18 343
640 18 342
644 18 338
647 18 335
650 18 332
655 15 330
664 15 321
666 11 323
673 11 316
676 11 313
678 8 314
679 11 310
681 12 307
689 7 304
692 7 301
692 8 300
693 10 297
693 12 295
698 11 291
703 9 288
708 10 282
709 9 282
719 9 272
726 8 266
728 7 265
733 5 262
737 4 259
741 6 253
752 5 243
754 3 243
760 2 238
763 2 235
762 3 235
768 1 231
773 0 227
777 2 221
777 3 220
775 8 217
777 8 215
779 10 211
784 11 205
783 13 204
782 14 204
782 16 202
784 18 198
784 16 200
787 15 198
787 16 197
784 19 197
783 21 196
782 22 196
778 26 196
777 23 200
776 26 198
776 25 199
769 30 201
768 33 199
766 33 201
764 34 202
759 36 205
754 39 207
750 43 207
744 49 207
735 52 213
723 58 219
721 59 220
712 54 234
710 44 246
700 54 246
701 43 256
702 43 255
701 40 259
699 38 263
698 35 267
698 31 271
694 30 276
690 29 281
692 24 284
693 26 281
690 31 279
688 34 278
690 28 282
689 30 281
691 24 285
689 27 284
691 24 285
695 22 283
697 18 285
702 20 278
707 20 273
705 20 275
704 23 273
703 26 271
708 21 271
708 20 272
700 27 273
699 25 276
698 22 280
693 25 282
692 24 284
696 23 281
697 21 282
703 18 279
702 19 279
703 17 280
702 17 281
708 14 278
714 14 272
717 13 270
720 15 265
723 12 265
719 18 263
714 24 262
717 23 260
722 25 253
716 25 259
714 22 264
714 20 266
715 22 263
719 20 261
719 22 259
719 22 259
724 18 258
725 15 260
729 16 255
731 18 251
737 17 246
740 15 245
738 17 245
741 14 245
748 13 239
749 14 237
754 12 234
755 13 232
758 10 232
761 10 229
763 11 226
762 10 228
769 9 222
772 8 220
777 10 213
780 10 210
779 10 211
783 10 207
786 11 203
789 9 202
794 7 199
794 7 199
795 6 199
797 8 195
799 8 193
802 5 193
805 4 191
808 4 188
807 5 188
808 5 187
809 7 184
813 6 181
815 2 183
819 1 180
822 1 177
823 3 174
827 3 170
827 3 170
829 3 168
830 3 167
834 3 163
833 3 164
834 3 163
840 2 158
843 3 154
843 4 153
843 6 151
843 12 145
838 20 142
833 25 142
821 34 145
796 52 152
773 67 160
760 76 164
740 84 176
719 92 189
697 106 197
680 116 204
663 116 221
651 110 239
642 109 249
630 103 267
620 91 289
603 101 296
600 88 312
596 85 319
587 82 331
578 85 337
566 83 351
555 81 364
549 79 372
542 77 381
541 72 387
535 72 393
538 67 395
540 61 399
538 59 403
539 51 410
539 44 417
537 41 422
539 39 422
544 34 422
546 33 421
543 36 421
545 33 422
543 40 417
546 41 413
550 37 413
552 34 414
554 30 416
561 27 412
565 26 409
572 25 403
574 24 402
584 20 396
594 17 389
605 14 381
606 14 380
611 13 376
612 13 375
614 14 372
619 13 368
620 15 365
622 17 361
627 16 357
626 17 357
625 21 354
623 22 355
628 18 354
630 19 351
