995 5 0
992 7 1
992 6 2
991 6 3
991 6 3
989 7 4
986 9 5
978 16 6
966 25 9
947 43 10
925 59 16
894 74 32
861 98 41
830 109 61
804 130 66
772 142 86
740 145 115
721 139 140
690 150 160
672 152 176
654 145 201
636 145 219
618 136 246
591 146 263
579 138 283
564 130 306
552 121 327
547 106 347
533 109 358
530 100 370
524 95 381
520 90 390
520 84 396
519 80 401
513 75 412
511 72 417
508 67 425
509 61 430
513 56 431
518 55 427
520 54 426
526 49 425
537 42 421
541 36 423
544 34 422
557 33 410
564 29 407
568 26 406
575 22 403
580 20 400
585 19 396
592 16 392
602 16 382
602 19 379
606 21 373
610 22 368
610 25 365
608 28 364
609 29 362
611 28 361
617 29 354
620 28 352
624 22 354
630 21 349
637 17 346
641 16 343
644 14 342
648 12 340
650 9 341
656 7 337
662 7 331
665 8 327
669 7 324
668 7 325
674 8 318
678 8 314
681 7 312
685 5 310
691 4 305
694 6 300
697 4 299
700 4 296
706 4 290
710 6 284
713 7 280
714 9 277
717 8 275
720 8 272
726 5 269
728 6 266
729 6 265
733 4 263
740 4 256
745 4 251
749 2 249
752 2 246
760 2 238
762 2 236
765 1 234
770 1 229
771 1 228
774 2 224
780 1 219
785 1 214
789 1 210
789 4 207
790 4 206
793 6 201
787 14 199
783 18 199
778 29 193
773 39 188
758 47 195
738 62 200
738 61 201
730 67 203
725 60 215
718 62 220
711 60 229
708 56 236
703 56 241
703 58 239
697 57 246
692 58 250
683 64 253
677 67 256
666 73 261
654 83 263
641 87 272
635 87 278
630 88 282
627 78 295
630 67 303
631 59 310
628 56 316
626 57 317
622 53 325
620 51 329
616 49 335
615 42 343
615 42 343
615 41 344
613 37 350
616 34 350
618 38 344
621 36 343
624 28 348
629 26 345
630 28 342
631 28 341
629 30 341
628 35 337
626 36 338
628 37 335
628 42 330
621 46 333
620 46 334
619 47 334
624 44 332
620 41 339
623 37 340
620 36 344
619 37 344
611 46 343
605 49 346
606 41 353
608 34 358
605 36 359
609 37 354
611 35 354
608 37 355
610 35 355
611 37 352
609 35 356
611 33 356
607 34 359
610 33 357
610 33 357
609 34 357
616 32 352
617 33 350
616 36 348
621 35 344
619 37 344
613 46 341
609 45 346
609 47 344
612 45 343
615 42 343
607 49 344
608 52 340
606 55 339
604 59 337
603 59 338
600 58 342
595 61 344
588 56 356
585 57 358
582 60 358
574 57 369
577 58 365
575 54 371
569 55 376
572 50 378
579 41 380
579 40 381
584 37 379
589 35 376
589 36 375
589 34 377
588 42 370
589 42 369
589 38 373
587 41 372
587 41 372
595 35 370
594 36 370
595 34 371
600 31 369
600 31 369
603 28 369
608 26 366
614 24 362
619 25 356
623 27 350
628 27 345
633 25 342
626 30 344
627 28 345
624 27 349
631 20 349
633 20 347
633 20 347
636 17 347
642 16 342
650 12 338
654 10 336
662 9 329
671 8 321
676 8 316
678 8 314
683 6 311
688 4 308
690 2 308
695 2 303
699 2 299
702 2 296
706 2 292
711 1 288
713 0 287
716 0 284
721 0 279
723 0 277
729 0 271
734 0 266
740 0 260
744 0 256
747 0 253
755 0 245
762 0 238
766 0 234
770 0 230
773 0 227
777 0 223
780 0 220
785 0 215
789 0 211
791 0 209
801 0 199
803 0 197
807 0 193
810 0 190
814 0 186
815 0 185
823 0 177
826 0 174
828 0 172
831 0 169
835 0 165
837 0 163
841 0 159
844 0 156
846 0 154
849 0 151
852 0 148
856 0 144
862 0 138
865 0 135
869 0 131
869 0 131
872 0 128
873 0 127
876 0 124
877 0 123
878 0 122
879 0 121
881 0 119
881 0 119
883 0 117
886 0 114
890 0 110
891 0 109
892 0 108
895 0 105
896 0 104
897 0 103
898 0 102
899 0 101
903 0 97
903 0 97
906 0 94
907 0 93
910 0 90
911 0 89
914 0 86
915 0 85
915 0 85
917 0 83
918 0 82
919 0 81
921 0 79
921 0 79
924 0 76
926 0 74
927 0 73
930 0 70
930 0 70
930 0 70
930 0 70
933 0 67
934 0 66
935 0 65
935 0 65
935 0 65
935 0 65
935 0 65
936 0 64
939 0 61
939 0 61
941 0 59
942 0 58
942 0 58
944 0 56
946 0 54
947 0 53
947 0 53
948 0 52
949 0 51
950 0 50
951 0 49
952 0 48
954 0 46
956 0 44
956 0 44
956 0 44
956 0 44
958 0 42
958 0 42
958 0 42
960 0 40
960 0 40
961 0 39
961 0 39
961 0 39
961 0 39
961 0 39
963 0 37
963 0 37
963 0 37
963 0 37
965 0 35
965 0 35
965 0 35
965 0 35
965 0 35
965 0 35
965 0 35
969 0 31
970 0 30
970 0 30
970 0 30
970 0 30
970 0 30
972 0 28
972 0 28
972 0 28
972 0 28
972 0 28
972 0 28
972 0 28
973 0 27
973 0 27
973 0 27
974 0 26
974 0 26
976 0 24
977 0 23
977 0 23
977 0 23
978 0 22
979 0 21
979 0 21
980 0 20
983 0 17
983 0 17
983 0 17
983 0 17
984 0 16
985 0 15
985 0 15
985 0 15
985 0 15
985 0 15
985 0 15
985 0 15
986 0 14
987 0 13
987 0 13
987 0 13
987 0 13
987 0 13
988 0 12
988 0 12
989 0 11
989 0 11
990 0 10
990 0 10
990 0 10
990 0 10
990 0 10
990 0 10
990 0 10
990 0 10
990 0 10
990 0 10
990 0 10
990 0 10
990 0 10
990 0 10
990 0 10
990 0 10
990 0 10
990 0 10
990 0 10
990 0 10
990 0 10
990 0 10
990 0 10
990 0 10
990 0 10
991 0 9
992 0 8
992 0 8
992 0 8
992 0 8
992 0 8
992 0 8
992 0 8
992 0 8
992 0 8
992 0 8
992 0 8
992 0 8
992 0 8
992 0 8
992 0 8
992 0 8
992 0 8
992 0 8
993 0 7
993 0 7
993 0 7
993 0 7
993 0 7
993 0 7
993 0 7
993 0 7
993 0 7
993 0 7
993 0 7
994 0 6
994 0 6
994 0 6
994 0 6
994 0 6
994 0 6
995 0 5
995 0 5
995 0 5
995 0 5
995 0 5
995 0 5
995 0 5
995 0 5
996 0 4
996 0 4
996 0 4
996 0 4
996 0 4
996 0 4
996 0 4
996 0 4
996 0 4
996 0 4
996 0 4
996 0 4
996 0 4
996 0 4
996 0 4
996 0 4
996 0 4
996 0 4
996 0 4
996 0 4
996 0 4
996 0 4
996 0 4
996 0 4
996 0 4
996 0 4
996 0 4
996 0 4
996 0 4
996 0 4
996 0 4
996 0 4
997 0 3
997 0 3
997 0 3
997 0 3
997 0 3
997 0 3
997 0 3
997 0 3
997 0 3
997 0 3
997 0 3
997 0 3
997 0 3
998 0 2
998 0 2
998 0 2
998 0 2
998 0 2
998 0 2
998 0 2
998 0 2
998 0 2
998 0 2
998 0 2
998 0 2
998 0 2
998 0 2
998 0 2
998 0 2
998 0 2
998 0 2
998 0 2
998 0 2
998 0 2
998 0 2
999 0 1
999 0 1
999 0 1
999 0 1
999 0 1
999 0 1
999 0 1
999 0 1
999 0 1
999 0 1
999 0 1
999 0 1
999 0 1
1000 0 0
1000 0 0
1000 0 0
1000 0 0
1000 0 0
1000 0 0
1000 0 0
1000 0 0
1000 0 0
1000 0 0
1000 0 0
1000 0 0
1000 0 0
1000 0 0
1000 0 0
1000 0 0
1000 0 0
1000 0 0
1000 0 0
1000 0 0
1000 0 0
1000 0 0
1000 0 0
1000 0 0
1000 0 0
1000 0 0
1000 0 0
1000 0 0
1000 0 0
1000 0 0
1000 0 0
1000 0 0
1000 0 0
1000 0 0
1000 0 0
1000 0 0
1000 0 0
1000 0 0
1000 0 0
1000 0 0
1000 0 0
1000 0 0
1000 0 0
1000 0 0
1000 0 0
1000 0 0
1000 0 0
1000 0 0
1000 0 0
1000 0 0
1000 0 0
1000 0 0
1000 0 0
1000 0 0
1000 0 0
1000 0 0
1000 0 0
1000 0 0
1000 0 0
1000 0 0
1000 0 0
1000 0 0
1000 0 0
1000 0 0
1000 0 0
1000 0 0
1000 0 0
1000 0 0
1000 0 0
1000 0 0
1000 0 0
1000 0 0
1000 0 0
1000 0 0
1000 0 0
1000 0 0
1000 0 0
1000 0 0
1000 0 0
1000 0 0
1000 0 0
1000 0 0
1000 0 0
1000 0 0
1000 0 0
1000 0 0
1000 0 0
1000 0 0
1000 0 0
1000 0 0
1000 0 0
1000 0 0
1000 0 0
1000 0 0
1000 0 0
1000 0 0
1000 0 0
1000 0 0
1000 0 0
1000 0 0
1000 0 0
1000 0 0
1000 0 0
1000 0 0
1000 0 0
1000 0 0
1000 0 0
1000 0 0
1000 0 0
1000 0 0
1000 0 0
1000 0 0
1000 0 0
1000 0 0
1000 0 0
1000 0 0
1000 0 0
1000 0 0
1000 0 0
1000 0 0
1000 0 0
1000 0 0
1000 0 0
1000 0 0
1000 0 0
1000 0 0
1000 0 0
1000 0 0
1000 0 0
1000 0 0
1000 0 0
1000 0 0
1000 0 0
1000 0 0
1000 0 0
1000 0 0
1000 0 0
1000 0 0
1000 0 0
1000 0 0
1000 0 0
1000 0 0
1000 0 0
1000 0 0
1000 0 0
1000 0 0
1000 0 0
1000 0 0
1000 0 0
1000 0 0
1000 0 0
1000 0 0
1000 0 0
1000 0 0
1000 0 0
1000 0 0
1000 0 0
1000 0 0
1000 0 0
1000 0 0
1000 0 0
1000 0 0
1000 0 0
1000 0 0
1000 0 0
1000 0 0
1000 0 0
1000 0 0
1000 0 0
1000 0 0
1000 0 0
1000 0 0
1000 0 0
1000 0 0
1000 0 0
1000 0 0
1000 0 0
1000 0 0
1000 0 0
1000 0 0
1000 0 0
1000 0 0
1000 0 0
1000 0 0
1000 0 0
1000 0 0
1000 0 0
1000 0 0
1000 0 0
1000 0 0
1000 0 0
1000 0 0
1000 0 0
1000 0 0
1000 0 0
1000 0 0
1000 0 0
1000 0 0
1000 0 0
1000 0 0
1000 0 0
1000 0 0
1000 0 0
1000 0 0
1000 0 0
1000 0 0
1000 0 0
1000 0 0
1000 0 0
1000 0 0
1000 0 0
1000 0 0
1000 0 0
1000 0 0
1000 0 0
1000 0 0
1000 0 0
1000 0 0
1000 0 0
1000 0 0
1000 0 0
1000 0 0
1000 0 0
1000 0 0
1000 0 0
1000 0 0
1000 0 0
1000 0 0
1000 0 0
1000 0 0
1000 0 0
1000 0 0
1000 0 0
1000 0 0
1000 0 0
1000 0 0
1000 0 0
1000 0 0
1000 0 0
1000 0 0
1000 0 0
1000 0 0
1000 0 0
1000 0 0
1000 0 0
1000 0 0
1000 0 0
1000 0 0
1000 0 0
1000 0 0
1000 0 0
1000 0 0
1000 0 0
1000 0 0
1000 0 0
1000 0 0
1000 0 0
1000 0 0
1000 0 0
1000 0 0
1000 0 0
1000 0 0
1000 0 0
1000 0 0
1000 0 0
1000 0 0
1000 0 0
1000 0 0
1000 0 0
1000 0 0
1000 0 0
1000 0 0
1000 0 0
1000 0 0
1000 0 0
1000 0 0
1000 0 0
1000 0 0
1000 0 0
1000 0 0
1000 0 0
1000 0 0
1000 0 0
1000 0 0
1000 0 0
1000 0 0
1000 0 0
1000 0 0
1000 0 0
1000 0 0
1000 0 0
1000 0 0
1000 0 0
1000 0 0
1000 0 0
1000 0 0
1000 0 0
1000 0 0
1000 0 0
1000 0 0
1000 0 0
1000 0 0
1000 0 0
1000 0 0
1000 0 0
1000 0 0
1000 0 0
1000 0 0
1000 0 0
1000 0 0
1000 0 0
1000 0 0
1000 0 0
1000 0 0
1000 0 0
1000 0 0
1000 0 0
1000 0 0
1000 0 0
1000 0 0
1000 0 0
1000 0 0
1000 0 0
1000 0 0
1000 0 0
1000 0 0
1000 0 0
1000 0 0
1000 0 0
1000 0 0
1000 0 0
1000 0 0
1000 0 0
1000 0 0
1000 0 0
1000 0 0
1000 0 0
1000 0 0
1000 0 0
1000 0 0
1000 0 0
1000 0 0
1000 0 0
1000 0 0
1000 0 0
1000 0 0
1000 0 0
1000 0 0
1000 0 0
1000 0 0
1000 0 0
1000 0 0
1000 0 0
1000 0 0
1000 0 0
1000 0 0
1000 0 0
1000 0 0
1000 0 0
1000 0 0
1000 0 0
1000 0 0
1000 0 0
1000 0 0
1000 0 0
1000 0 0
1000 0 0
1000 0 0
1000 0 0
1000 0 0
1000 0 0
1000 0 0
1000 0 0
1000 0 0
1000 0 0
1000 0 0
1000 0 0
1000 0 0
1000 0 0
1000 0 0
1000 0 0
1000 0 0
1000 0 0
1000 0 0
1000 0 0
1000 0 0
1000 0 0
1000 0 0
1000 0 0
1000 0 0
1000 0 0
1000 0 0
1000 0 0
1000 0 0
1000 0 0
1000 0 0
1000 0 0
1000 0 0
1000 0 0
1000 0 0
1000 0 0
1000 0 0
1000 0 0
1000 0 0
1000 0 0
1000 0 0
1000 0 0
1000 0 0
1000 0 0
1000 0 0
1000 0 0
1000 0 0
1000 0 0
1000 0 0
1000 0 0
1000 0 0
1000 0 0
1000 0 0
1000 0 0
1000 0 0
1000 0 0
1000 0 0
1000 0 0
1000 0 0
1000 0 0
1000 0 0
1000 0 0
