1000 0 0
1000 0 0
1000 0 0
1000 0 0
1000 0 0
1000 0 0
1000 0 0
1000 0 0
1000 0 0
1000 0 0
1000 0 0
999 1 0
997 3 0
996 3 1
989 10 1
978 20 2
968 24 8
955 28 17
944 37 19
928 49 23
919 49 32
904 62 34
891 63 46
870 74 56
851 80 69
834 77 89
822 74 104
806 81 113
790 84 126
777 92 131
769 86 145
758 81 161
745 83 172
734 85 181
717 89 194
704 89 207
698 84 218
684 80 236
680 81 239
675 87 238
667 85 248
659 82 259
652 76 272
649 75 276
650 66 284
640 64 296
635 63 302
629 64 307
627 55 318
626 48 326
629 44 327
625 45 330
630 41 329
636 38 326
646 35 319
641 36 323
643 29 328
642 31 327
645 27 328
654 23 323
660 24 316
666 20 314
670 18 312
667 20 313
671 17 312
671 17 312
676 13 311
682 14 304
687 14 299
689 14 297
695 11 294
699 9 292
703 8 289
708 9 283
713 11 276
713 12 275
713 12 275
717 16 267
722 15 263
721 17 262
717 22 261
721 23 256
722 21 257
722 20 258
717 23 260
710 24 266
704 28 268
706 29 265
706 29 265
708 30 262
704 35 261
706 31 263
704 34 262
704 36 260
700 34 266
698 32 270
697 33 270
695 33 272
690 38 272
688 39 273
677 44 279
668 48 284
667 41 292
668 38 294
668 39 293
670 33 297
670 34 296
666 32 302
667 32 301
667 31 302
667 32 301
667 31 302
667 28 305
671 26 303
670 21 309
677 18 305
674 21 305
676 21 303
679 22 299
680 21 299
683 20 297
683 21 296
678 24 298
674 30 296
674 28 298
679 28 293
682 25 293
681 22 297
684 25 291
683 29 288
678 32 290
678 29 293
677 33 290
681 27 292
681 33 286
680 35 285
679 31 290
687 28 285
686 32 282
686 31 283
685 31 284
681 33 286
678 38 284
678 38 284
679 37 284
678 38 284
683 35 282
674 38 288
672 39 289
668 42 290
673 39 288
674 35 291
677 29 294
680 27 293
682 22 296
685 20 295
687 21 292
690 22 288
693 24 283
691 27 282
691 26 283
692 25 283
696 23 281
692 26 282
694 26 280
695 27 278
698 26 276
698 25 277
698 27 275
697 25 278
698 27 275
699 22 279
705 16 279
714 13 273
719 11 270
724 7 269
728 7 265
733 7 260
741 7 252
746 6 248
752 5 243
757 4 239
765 3 232
767 3 230
771 3 226
771 5 224
777 6 217
775 8 217
776 8 216
772 13 215
770 19 211
763 28 209
756 31 213
760 34 206
753 34 213
746 38 216
746 32 222
740 33 227
736 35 229
730 39 231
729 38 233
724 34 242
728 31 241
732 32 236
733 30 237
730 28 242
729 31 240
727 36 237
730 36 234
730 33 237
728 32 240
726 30 244
721 35 244
721 31 248
723 31 246
724 24 252
729 21 250
732 17 251
729 22 249
732 20 248
738 17 245
738 17 245
743 14 243
747 14 239
749 14 237
751 15 234
751 15 234
753 16 231
758 12 230
753 22 225
749 23 228
750 20 230
750 23 227
753 22 225
749 26 225
748 28 224
748 26 226
745 28 227
741 32 227
743 32 225
742 29 229
743 30 227
740 31 229
739 30 231
738 33 229
727 39 234
723 41 236
721 41 238
718 41 241
718 40 242
721 34 245
726 30 244
725 29 246
729 26 245
726 27 247
726 30 244
724 34 242
723 35 242
727 36 237
728 33 239
730 30 240
730 28 242
730 26 244
729 24 247
735 20 245
736 21 243
736 21 243
739 22 239
735 28 237
733 30 237
737 27 236
745 23 232
744 26 230
740 27 233
736 30 234
728 33 239
721 38 241
724 37 239
719 39 242
717 41 242
717 43 240
712 46 242
707 49 244
704 50 246
704 49 247
697 47 256
695 44 261
694 43 263
692 39 269
694 32 274
693 32 275
696 30 274
692 35 273
686 39 275
681 38 281
684 34 282
679 32 289
677 33 290
677 35 288
679 35 286
674 36 290
663 36 301
670 32 298
673 28 299
675 22 303
678 21 301
684 21 295
686 21 293
692 22 286
693 20 287
693 18 289
691 19 290
694 24 282
691 23 286
689 23 288
695 24 281
698 20 282
697 20 283
703 20 277
703 21 276
705 21 274
710 20 270
717 21 262
716 24 260
720 20 260
726 17 257
726 18 256
728 19 253
729 20 251
730 22 248
733 23 244
735 21 244
731 27 242
732 29 239
729 26 245
727 24 249
726 25 249
726 27 247
730 27 243
729 28 243
729 29 242
728 32 240
731 33 236
731 33 236
732 35 233
731 37 232
732 31 237
730 35 235
729 36 235
724 40 236
721 38 241
724 33 243
722 34 244
729 26 245
728 27 245
730 27 243
734 20 246
736 21 243
740 19 241
740 20 240
743 22 235
745 19 236
750 19 231
748 21 231
746 20 234
747 16 237
752 12 236
755 10 235
757 11 232
760 12 228
763 11 226
767 11 222
770 9 221
772 7 221
777 7 216
784 7 209
783 7 210
786 9 205
790 11 199
792 8 200
792 9 199
793 9 198
792 10 198
796 10 194
794 13 193
790 18 192
794 14 192
793 17 190
794 19 187
792 18 190
792 13 195
791 18 191
792 21 187
793 20 187
795 20 185
793 20 187
793 24 183
788 24 188
787 22 191
783 25 192
785 22 193
780 22 198
779 27 194
776 27 197
767 33 200
764 30 206
760 36 204
753 38 209
751 36 213
744 37 219
739 40 221
737 44 219
730 43 227
733 41 226
721 45 234
717 48 235
705 53 242
695 56 249
698 48 254
700 44 256
706 41 253
702 42 256
695 41 264
689 43 268
688 48 264
691 39 270
689 43 268
682 43 275
683 36 281
682 38 280
683 32 285
684 26 290
687 26 287
693 20 287
694 21 285
688 22 290
690 21 289
692 20 288
692 22 286
697 19 284
697 18 285
701 22 277
706 20 274
701 25 274
699 28 273
704 26 270
707 22 271
708 21 271
707 21 272
706 22 272
704 25 271
703 24 273
703 23 274
705 24 271
708 23 269
717 14 269
717 15 268
717 15 268
715 14 271
709 19 272
708 20 272
710 17 273
711 17 272
713 18 269
711 21 268
712 21 267
710 26 264
705 29 266
708 24 268
707 26 267
706 28 266
709 23 268
710 19 271
713 21 266
711 24 265
713 24 263
720 23 257
724 23 253
718 27 255
720 27 253
720 23 257
723 21 256
724 19 257
728 17 255
732 15 253
728 19 253
726 17 257
728 18 254
724 22 254
722 23 255
723 20 257
721 25 254
720 27 253
724 27 249
728 28 244
729 26 245
731 24 245
731 20 249
733 16 251
731 17 252
732 19 249
736 19 245
737 19 244
733 27 240
729 28 243
731 30 239
729 28 243
727 24 249
715 34 251
706 42 252
709 37 254
705 43 252
705 43 252
707 41 252
703 42 255
705 37 258
703 36 261
707 29 264
707 27 266
708 26 266
707 23 270
704 27 269
701 32 267
697 33 270
691 36 273
694 30 276
693 33 274
694 33 273
689 37 274
686 37 277
683 37 280
685 36 279
685 35 280
683 35 282
685 37 278
681 37 282
677 39 284
680 34 286
681 32 287
676 37 287
683 34 283
680 32 288
677 34 289
674 32 294
672 32 296
677 27 296
676 30 294
675 25 300
670 26 304
675 25 300
675 21 304
674 25 301
679 23 298
677 26 297
683 24 293
687 23 290
689 23 288
690 26 284
689 24 287
691 22 287
692 20 288
692 23 285
695 22 283
696 22 282
702 20 278
704 16 280
706 17 277
707 15 278
710 14 276
713 12 275
718 12 270
719 12 269
716 17 267
715 22 263
714 24 262
712 23 265
715 24 261
714 26 260
714 22 264
718 19 263
721 15 264
722 13 265
724 14 262
725 15 260
723 15 262
725 12 263
732 6 262
732 6 262
732 7 261
735 5 260
739 5 256
742 6 252
744 7 249
746 7 247
747 8 245
748 7 245
753 6 241
755 7 238
761 5 234
765 4 231
774 4 222
778 3 219
778 2 220
778 3 219
780 3 217
782 3 215
785 3 212
785 4 211
793 4 203
798 4 198
799 4 197
799 5 196
799 7 194
802 6 192
807 6 187
811 5 184
814 3 183
816 4 180
818 3 179
823 3 174
825 3 172
827 2 171
828 2 170
831 2 167
832 3 165
835 3 162
837 3 160
835 6 159
838 6 156
836 8 156
838 8 154
837 7 156
838 8 154
836 9 155
839 10 151
843 7 150
844 8 148
845 9 146
843 10 147
842 10 148
844 8 148
843 9 148
845 8 147
847 8 145
847 12 141
846 15 139
846 12 142
838 20 142
835 20 145
827 26 147
825 25 150
819 27 154
816 24 160
815 26 159
809 29 162
809 28 163
810 26 164
806 29 165
809 23 168
807 22 171
806 20 174
808 23 169
807 26 167
800 31 169
800 27 173
796 26 178
795 27 178
788 34 178
784 35 181
782 38 180
779 40 181
776 38 186
771 43 186
765 42 193
758 49 193
755 47 198
748 50 202
745 46 209
740 53 207
734 60 206
725 64 211
716 67 217
710 64 226
705 61 234
699 56 245
695 57 248
685 65 250
680 65 255
677 58 265
669 60 271
663 56 281
657 61 282
650 60 290
648 61 291
644 61 295
640 63 297
633 63 304
630 57 313
620 62 318
623 56 321
617 61 322
616 58 326
610 65 325
607 67 326
603 55 342
607 53 340
608 51 341
607 52 341
597 55 348
598 49 353
599 49 352
599 45 356
596 48 356
597 42 361
600 40 360
604 38 358
606 36 358
605 39 356
614 32 354
613 30 357
614 27 359
613 27 360
617 24 359
615 21 364
621 18 361
624 18 358
625 20 355
626 18 356
628 20 352
633 19 348
638 17 345
644 13 343
652 10 338
657 10 333
659 10 331
663 8 329
666 9 325
674 10 316
674 10 316
675 11 314
674 15 311
679 12 309
683 8 309
688 7 305
691 5 304
695 4 301
698 4 298
705 2 293
710 1 289
721 1 278
725 1 274
733 2 265
737 3 260
741 3 256
746 3 251
747 6 247
749 5 246
753 5 242
755 5 240
759 7 234
763 6 231
760 7 233
760 8 232
761 8 231
767 8 225
765 11 224
768 13 219
769 16 215
768 21 211
766 23 211
763 27 210
765 27 208
764 27 209
762 28 210
756 35 209
751 37 212
749 34 217
750 33 217
750 30 220
747 30 223
745 31 224
738 37 225
735 40 225
732 40 228
733 33 234
738 25 237
732 27 241
732 29 239
730 31 239
725 39 236
723 34 243
725 33 242
721 39 240
716 39 245
716 38 246
716 29 255
715 33 252
715 31 254
718 28 254
719 30 251
728 26 246
730 24 246
731 25 244
731 26 243
731 29 240
734 30 236
733 30 237
729 32 239
731 31 238
732 26 242
732 25 243
726 29 245
722 29 249
720 30 250
717 27 256
718 27 255
720 21 259
720 24 256
719 22 259
717 20 263
720 22 258
720 20 260
718 20 262
718 19 263
725 18 257
727 20 253
731 22 247
733 24 243
733 25 242
733 25 242
732 25 243
732 25 243
736 24 240
738 21 241
742 19 239
742 18 240
743 15 242
743 16 241
744 17 239
749 14 237
753 17 230
753 18 229
752 22 226
752 18 230
754 18 228
756 20 224
758 21 221
762 21 217
763 21 216
766 17 217
767 18 215
769 14 217
769 14 217
769 15 216
767 17 216
770 16 214
767 16 217
763 21 216
760 20 220
760 18 222
761 17 222
765 16 219
767 16 217
774 16 210
773 16 211
772 17 211
771 18 211
776 15 209
771 20 209
770 20 210
771 17 212
772 16 212
775 15 210
781 12 207
782 10 208
780 9 211
786 9 205
789 7 204
793 7 200
799 8 193
800 6 194
803 7 190
802 12 186
802 10 188
801 10 189
796 15 189
797 16 187
801 15 184
804 16 180
800 20 180
799 19 182
799 18 183
798 22 180
793 26 181
788 27 185
782 31 187
775 39 186
765 44 191
762 41 197
754 46 200
746 48 206
741 54 205
740 53 207
735 53 212
729 60 211
727 62 211
716 68 216
708 65 227
702 65 233
702 59 239
689 62 249
685 62 253
685 56 259
682 52 266
677 51 272
670 56 274
670 52 278
665 54 281
662 58 280
652 61 287
646 54 300
647 46 307
648 37 315
648 35 317
652 36 312
657 32 311
656 34 310
654 33 313
655 33 312
663 32 305
661 35 304
660 37 303
664 29 307
664 26 310
670 25 305
676 24 300
674 23 303
678 20 302
683 20 297
690 16 294
691 16 293
695 15 290
696 17 287
699 15 286
707 16 277
709 17 274
711 16 273
717 16 267
716 16 268
716 13 271
720 13 267
723 11 266
724 12 264
727 14 259
728 11 261
729 6 265
731 6 263
739 5 256
742 11 247
747 8 245
753 8 239
753 9 238
756 9 235
758 9 233
760 8 232
764 9 227
761 10 229
763 5 232
766 5 229
767 5 228
768 5 227
769 6 225
769 9 222
767 10 223
769 8 223
775 8 217
775 8 217
775 12 213
776 11 213
781 9 210
788 8 204
791 8 201
797 7 196
799 7 194
801 5 194
802 4 194
802 4 194
802 6 192
803 7 190
801 9 190
800 11 189
800 11 189
805 8 187
807 8 185
809 11 180
808 9 183
807 12 181
812 12 176
810 14 176
810 16 174
812 17 171
