1000 0 0
1000 0 0
1000 0 0
1000 0 0
1000 0 0
1000 0 0
1000 0 0
999 1 0
999 1 0
999 1 0
999 1 0
999 1 0
999 0 1
997 2 1
996 3 1
995 3 2
994 3 3
991 4 5
990 5 5
989 4 7
989 3 8
987 3 10
984 6 10
977 10 13
964 18 18
948 30 22
936 36 28
924 40 36
911 48 41
894 55 51
883 60 57
867 61 72
852 64 84
839 63 98
827 65 108
808 77 115
790 83 127
775 81 144
755 85 160
742 88 170
728 94 178
714 95 191
702 95 203
690 97 213
674 97 229
660 104 236
645 105 250
638 101 261
627 97 276
614 101 285
601 103 296
598 107 295
588 106 306
579 111 310
563 111 326
560 98 342
550 97 353
550 89 361
542 91 367
540 84 376
535 83 382
529 86 385
533 78 389
533 69 398
539 68 393
532 64 404
538 60 402
539 58 403
544 57 399
543 57 400
541 60 399
542 59 399
540 55 405
544 56 400
550 47 403
551 41 408
558 37 405
569 32 399
580 31 389
579 31 390
583 27 390
590 28 382
593 24 383
598 23 379
597 27 376
600 28 372
607 24 369
607 26 367
614 26 360
612 28 360
613 30 357
617 30 353
616 29 355
620 29 351
623 26 351
622 29 349
621 25 354
619 26 355
619 33 348
620 34 346
625 30 345
620 30 350
620 32 348
620 29 351
622 30 348
624 29 347
626 29 345
631 27 342
637 22 341
639 24 337
641 25 334
646 20 334
645 19 336
649 20 331
644 21 335
645 25 330
647 23 330
646 23 331
647 26 327
647 23 330
652 22 326
653 24 323
651 26 323
647 32 321
643 29 328
641 32 327
644 32 324
641 33 326
646 29 325
645 26 329
644 27 329
646 26 328
650 25 325
643 30 327
651 29 320
654 30 316
656 26 318
660 25 315
658 28 314
658 27 315
660 29 311
658 33 309
656 31 313
661 27 312
657 28 315
656 29 315
662 24 314
671 24 305
674 21 305
680 19 301
684 18 298
679 22 299
681 22 297
679 27 294
686 19 295
695 18 287
700 17 283
701 18 281
703 15 282
705 14 281
705 13 282
705 15 280
708 15 277
712 18 270
715 19 266
716 19 265
715 17 268
721 14 265
724 15 261
723 17 260
726 17 257
725 18 257
726 18 256
731 19 250
732 19 249
736 14 250
732 16 252
735 16 249
738 15 247
742 16 242
746 15 239
742 18 240
741 18 241
744 14 242
745 8 247
753 8 239
756 6 238
758 6 236
758 8 234
761 8 231
763 9 228
769 9 222
771 8 221
772 8 220
772 8 220
779 9 212
780 9 211
781 9 210
780 12 208
780 12 208
781 10 209
783 10 207
786 13 201
785 14 201
781 16 203
779 20 201
774 23 203
770 27 203
768 27 205
774 30 196
775 27 198
777 27 196
775 26 199
775 26 199
776 27 197
773 27 200
772 30 198
774 30 196
771 32 197
768 33 199
766 37 197
764 38 198
759 41 200
755 36 209
748 40 212
740 45 215
736 46 218
726 56 218
721 54 225
718 54 228
713 58 229
702 65 233
692 65 243
677 72 251
671 73 256
666 66 268
667 56 277
660 54 286
655 56 289
650 57 293
636 70 294
625 71 304
616 70 314
608 64 328
610 60 330
603 60 337
605 61 334
598 65 337
591 68 341
588 70 342
587 60 353
584 58 358
584 53 363
585 48 367
587 45 368
596 40 364
597 40 363
596 39 365
596 35 369
598 38 364
599 34 367
599 39 362
600 39 361
605 38 357
617 33 350
621 32 347
623 26 351
626 27 347
631 27 342
631 27 342
633 29 338
632 27 341
636 24 340
643 18 339
651 15 334
654 12 334
661 11 328
663 8 329
670 8 322
676 7 317
681 7 312
682 9 309
685 10 305
690 13 297
695 16 289
699 19 282
702 16 282
708 14 278
710 14 276
713 12 275
716 11 273
721 13 266
723 10 267
726 12 262
729 9 262
728 11 261
731 13 256
731 14 255
731 12 257
736 12 252
736 13 251
732 20 248
731 15 254
732 16 252
733 19 248
730 23 247
736 21 243
729 23 248
729 21 250
721 27 252
707 41 252
698 47 255
681 52 267
674 52 274
667 54 279
669 44 287
670 43 287
667 44 289
669 40 291
670 40 290
667 37 296
670 33 297
668 37 295
664 39 297
668 38 294
664 41 295
668 39 293
658 46 296
656 42 302
649 48 303
653 43 304
655 44 301
663 33 304
661 37 302
660 38 302
660 45 295
654 55 291
647 60 293
645 56 299
638 56 306
632 60 308
630 53 317
631 51 318
632 47 321
632 48 320
632 50 318
632 51 317
627 48 325
630 40 330
629 36 335
629 40 331
629 38 333
629 38 333
629 37 334
626 35 339
626 34 340
625 35 340
624 33 343
621 31 348
614 34 352
616 34 350
612 38 350
612 33 355
607 32 361
611 30 359
616 31 353
615 29 356
614 29 357
616 31 353
612 32 356
614 27 359
613 25 362
614 25 361
618 23 359
621 21 358
621 21 358
628 16 356
635 16 349
638 17 345
647 14 339
651 14 335
651 16 333
656 13 331
661 15 324
665 14 321
666 16 318
674 12 314
679 14 307
677 18 305
681 20 299
684 17 299
688 17 295
686 19 295
684 24 292
687 28 285
698 23 279
697 27 276
698 27 275
698 28 274
694 30 276
692 34 274
694 35 271
690 42 268
685 47 268
686 42 272
688 39 273
687 38 275
686 38 276
685 35 280
690 32 278
685 36 279
688 37 275
684 37 279
686 36 278
685 37 278
679 47 274
673 51 276
666 48 286
663 47 290
663 43 294
661 40 299
656 35 309
647 43 310
648 38 314
652 33 315
651 35 314
648 39 313
644 50 306
642 48 310
636 46 318
637 46 317
634 44 322
634 40 326
637 34 329
637 31 332
638 31 331
635 33 332
638 31 331
638 34 328
637 33 330
641 32 327
639 29 332
644 30 326
646 26 328
654 19 327
655 21 324
660 17 323
664 20 316
666 16 318
672 15 313
678 14 308
680 14 306
683 17 300
683 20 297
683 20 297
683 20 297
685 20 295
683 24 293
684 31 285
678 36 286
673 34 293
674 33 293
670 34 296
669 33 298
665 41 294
661 44 295
663 47 290
660 50 290
655 51 294
653 51 296
650 55 295
641 57 302
641 53 306
645 43 312
645 42 313
652 34 314
656 35 309
654 37 309
658 34 308
653 37 310
657 31 312
669 32 299
669 32 299
668 31 301
670 27 303
678 26 296
685 23 292
685 23 292
689 26 285
689 24 287
688 25 287
688 25 287
690 26 284
689 24 287
688 31 281
689 34 277
684 33 283
680 31 289
683 30 287
677 31 292
670 32 298
666 33 301
670 31 299
670 31 299
674 31 295
672 30 298
672 30 298
671 27 302
673 24 303
677 25 298
681 25 294
683 26 291
681 26 293
681 29 290
680 30 290
683 27 290
681 30 289
685 29 286
684 34 282
680 34 286
679 32 289
688 32 280
688 31 281
688 26 286
689 26 285
687 31 282
690 32 278
687 40 273
688 40 272
689 40 271
688 39 273
682 36 282
684 33 283
681 35 284
690 34 276
686 37 277
688 36 276
681 42 277
682 42 276
678 45 277
672 53 275
666 45 289
669 39 292
667 38 295
664 33 303
664 33 303
663 33 304
664 30 306
669 27 304
674 24 302
679 25 296
682 22 296
685 24 291
682 25 293
682 25 293
681 25 294
682 23 295
680 25 295
686 20 294
688 17 295
696 10 294
703 10 287
706 6 288
712 6 282
716 5 279
724 4 272
728 3 269
733 3 264
734 2 264
740 2 258
745 2 253
751 2 247
757 2 241
763 3 234
768 3 229
770 4 226
774 7 219
773 8 219
778 7 215
781 5 214
786 5 209
785 9 206
788 7 205
791 7 202
796 6 198
801 6 193
800 7 193
801 8 191
806 9 185
807 10 183
811 10 179
809 12 179
812 12 176
814 11 175
816 12 172
818 9 173
818 11 171
819 12 169
823 12 165
827 9 164
826 11 163
826 8 166
823 10 167
823 14 163
825 12 163
823 11 166
824 12 164
820 19 161
816 23 161
809 22 169
806 25 169
799 28 173
794 28 178
788 33 179
783 34 183
775 40 185
767 44 189
764 38 198
756 40 204
749 43 208
747 39 214
741 42 217
733 48 219
718 54 228
712 54 234
710 52 238
701 52 247
689 60 251
684 59 257
679 58 263
682 52 266
672 46 282
667 44 289
672 44 284
668 48 284
655 55 290
651 55 294
650 50 300
648 53 299
647 49 304
648 47 305
644 51 305
646 47 307
645 46 309
651 46 303
651 48 301
651 43 306
652 46 302
657 51 292
655 49 296
653 53 294
656 56 288
653 57 290
648 57 295
646 55 299
639 56 305
633 53 314
631 54 315
625 49 326
616 53 331
613 53 334
610 51 339
604 53 343
592 60 348
590 59 351
591 58 351
584 58 358
583 56 361
580 59 361
577 55 368
579 56 365
577 51 372
577 48 375
582 48 370
580 45 375
583 46 371
583 43 374
580 46 374
580 43 377
578 42 380
581 37 382
590 40 370
594 40 366
600 36 364
594 40 366
598 37 365
602 36 362
604 36 360
606 34 360
605 32 363
608 30 362
612 22 366
614 22 364
614 21 365
615 22 363
618 21 361
619 18 363
622 14 364
628 12 360
632 6 362
637 7 356
643 5 352
649 5 346
652 4 344
654 6 340
661 5 334
669 4 327
677 5 318
682 6 312
682 3 315
688 2 310
695 2 303
699 1 300
706 1 293
709 1 290
717 1 282
722 1 277
730 0 270
730 0 270
734 0 266
739 0 261
744 0 256
748 0 252
751 0 249
753 0 247
760 0 240
765 0 235
768 0 232
772 0 228
777 0 223
777 0 223
782 0 218
783 0 217
785 0 215
790 0 210
791 0 209
797 0 203
803 0 197
807 0 193
809 0 191
814 0 186
815 0 185
816 0 184
820 0 180
822 0 178
825 0 175
828 0 172
831 0 169
834 0 166
835 0 165
837 0 163
840 0 160
840 0 160
842 0 158
844 0 156
844 0 156
845 0 155
847 0 153
850 0 150
859 0 141
863 0 137
864 0 136
866 0 134
868 0 132
870 0 130
872 0 128
877 0 123
882 0 118
882 0 118
883 0 117
885 0 115
887 0 113
888 0 112
889 0 111
892 0 108
895 0 105
896 0 104
898 0 102
899 0 101
903 0 97
904 0 96
907 0 93
909 0 91
910 0 90
910 0 90
910 0 90
911 0 89
913 0 87
915 0 85
918 0 82
921 0 79
922 0 78
924 0 76
924 0 76
926 0 74
929 0 71
929 0 71
930 0 70
931 0 69
931 0 69
931 0 69
931 0 69
932 0 68
934 0 66
934 0 66
936 0 64
936 0 64
937 0 63
939 0 61
942 0 58
942 0 58
942 0 58
946 0 54
946 0 54
947 0 53
947 0 53
948 0 52
950 0 50
950 0 50
951 0 49
951 0 49
951 0 49
951 0 49
951 0 49
951 0 49
952 0 48
953 0 47
953 0 47
953 0 47
954 0 46
957 0 43
958 0 42
958 0 42
958 0 42
958 0 42
958 0 42
959 0 41
959 0 41
959 0 41
960 0 40
961 0 39
961 0 39
961 0 39
963 0 37
963 0 37
963 0 37
963 0 37
963 0 37
964 0 36
964 0 36
964 0 36
964 0 36
965 0 35
965 0 35
966 0 34
968 0 32
969 0 31
969 0 31
969 0 31
970 0 30
970 0 30
970 0 30
970 0 30
970 0 30
970 0 30
970 0 30
971 0 29
971 0 29
971 0 29
973 0 27
974 0 26
974 0 26
974 0 26
975 0 25
975 0 25
975 0 25
977 0 23
978 0 22
978 0 22
978 0 22
978 0 22
979 0 21
979 0 21
979 0 21
979 0 21
980 0 20
980 0 20
980 0 20
981 0 19
981 0 19
982 0 18
982 0 18
982 0 18
982 0 18
982 0 18
983 0 17
984 0 16
984 0 16
986 0 14
986 0 14
986 0 14
986 0 14
986 0 14
987 0 13
987 0 13
987 0 13
987 0 13
987 0 13
987 0 13
987 0 13
987 0 13
988 0 12
988 0 12
988 0 12
989 0 11
989 0 11
989 0 11
989 0 11
989 0 11
989 0 11
989 0 11
989 0 11
989 0 11
989 0 11
989 0 11
990 0 10
990 0 10
990 0 10
990 0 10
990 0 10
990 0 10
990 0 10
990 0 10
990 0 10
990 0 10
990 0 10
990 0 10
990 0 10
990 0 10
990 0 10
990 0 10
990 0 10
990 0 10
990 0 10
990 0 10
990 0 10
990 0 10
990 0 10
990 0 10
990 0 10
990 0 10
990 0 10
990 0 10
990 0 10
990 0 10
990 0 10
990 0 10
990 0 10
990 0 10
990 0 10
990 0 10
990 0 10
990 0 10
991 0 9
992 0 8
992 0 8
993 0 7
993 0 7
993 0 7
993 0 7
993 0 7
993 0 7
993 0 7
993 0 7
993 0 7
993 0 7
993 0 7
994 0 6
994 0 6
994 0 6
994 0 6
995 0 5
995 0 5
995 0 5
995 0 5
995 0 5
995 0 5
995 0 5
995 0 5
995 0 5
995 0 5
995 0 5
995 0 5
995 0 5
995 0 5
995 0 5
995 0 5
995 0 5
995 0 5
995 0 5
995 0 5
