995 5 0
993 6 1
987 12 1
982 17 1
974 23 3
971 21 8
963 27 10
948 35 17
927 45 28
908 55 37
881 82 37
847 104 49
809 122 69
775 138 87
739 156 105
714 161 125
687 152 161
661 159 180
638 156 206
617 148 235
604 143 253
588 142 270
580 131 289
575 122 303
565 123 312
552 118 330
552 102 346
547 98 355
539 95 366
538 87 375
529 76 395
530 61 409
526 57 417
526 51 423
527 50 423
526 41 433
524 43 433
521 44 435
529 39 432
530 38 432
533 34 433
536 32 432
541 31 428
543 26 431
547 26 427
548 24 428
544 31 425
547 23 430
554 23 423
554 20 426
559 17 424
558 16 426
564 12 424
566 9 425
572 7 421
576 8 416
580 9 411
586 9 405
595 10 395
603 10 387
617 8 375
629 7 364
636 5 359
640 3 357
648 2 350
651 4 345
661 3 336
663 4 333
668 6 326
671 8 321
675 9 316
681 8 311
680 7 313
685 3 312
693 2 305
695 2 303
699 0 301
703 1 296
709 2 289
711 2 287
718 3 279
719 4 277
718 6 276
721 8 271
725 10 265
729 9 262
728 11 261
731 15 254
727 23 250
728 24 248
725 26 249
717 30 253
715 33 252
710 36 254
707 36 257
698 42 260
692 46 262
690 51 259
686 44 270
677 50 273
665 56 279
656 58 286
650 54 296
649 53 298
641 58 301
631 69 300
626 59 315
621 57 322
620 52 328
616 49 335
617 47 336
623 37 340
628 35 337
633 33 334
637 26 337
643 23 334
645 23 332
641 30 329
644 28 328
641 30 329
646 30 324
650 28 322
648 29 323
646 28 326
645 27 328
645 27 328
648 29 323
652 30 318
658 27 315
660 24 316
658 27 315
663 23 314
664 21 315
665 20 315
666 19 315
666 20 314
668 22 310
665 25 310
662 30 308
663 31 306
658 35 307
653 37 310
653 37 310
650 37 313
648 37 315
648 37 315
656 32 312
660 30 310
665 23 312
668 20 312
673 20 307
672 22 306
671 28 301
676 30 294
675 29 296
680 23 297
677 30 293
676 33 291
676 29 295
673 31 296
672 29 299
674 28 298
678 24 298
682 23 295
683 23 294
685 26 289
681 29 290
680 28 292
682 26 292
684 26 290
682 24 294
686 26 288
688 24 288
690 18 292
692 17 291
689 20 291
684 25 291
684 25 291
683 27 290
684 23 293
688 25 287
684 31 285
684 30 286
685 33 282
685 38 277
683 37 280
683 35 282
687 34 279
687 35 278
685 32 283
690 27 283
692 27 281
690 28 282
690 27 283
694 26 280
693 25 282
695 23 282
698 20 282
698 20 282
697 20 283
700 17 283
703 17 280
697 22 281
694 28 278
693 28 279
692 33 275
693 36 271
690 42 268
688 42 270
685 42 273
684 41 275
681 40 279
681 41 278
680 41 279
682 37 281
682 36 282
683 34 283
684 33 283
685 29 286
686 24 290
687 21 292
687 21 292
692 20 288
691 20 289
690 22 288
693 22 285
694 27 279
690 27 283
689 28 283
690 27 283
692 24 284
695 25 280
692 29 279
698 29 273
705 27 268
704 25 271
707 25 268
707 25 268
710 24 266
714 24 262
716 23 261
715 23 262
719 22 259
721 19 260
727 19 254
721 26 253
722 23 255
725 21 254
720 24 256
718 28 254
718 26 256
713 31 256
710 32 258
701 39 260
686 48 266
686 47 267
679 54 267
676 52 272
670 51 279
667 51 282
667 48 285
666 46 288
659 48 293
658 45 297
659 36 305
660 34 306
658 37 305
652 39 309
653 40 307
653 36 311
646 43 311
645 39 316
642 40 318
640 38 322
636 45 319
629 50 321
635 49 316
635 51 314
624 60 316
625 63 312
614 68 318
601 68 331
587 69 344
578 80 342
568 79 353
561 75 364
561 73 366
561 69 370
559 67 374
565 62 373
571 58 371
570 60 370
566 60 374
561 66 373
556 64 380
543 68 389
536 65 399
530 63 407
526 63 411
523 59 418
526 60 414
526 62 412
518 71 411
522 71 407
522 71 407
517 73 410
511 70 419
516 54 430
517 48 435
521 37 442
522 35 443
523 30 447
526 28 446
526 25 449
532 27 441
535 25 440
539 30 431
540 27 433
542 27 431
548 30 422
552 28 420
554 25 421
563 24 413
564 26 410
566 30 404
566 31 403
567 29 404
572 28 400
574 26 400
574 30 396
575 30 395
578 28 394
589 26 385
596 20 384
601 21 378
602 20 378
618 15 367
625 13 362
629 15 356
636 9 355
637 10 353
651 8 341
656 9 335
659 6 335
662 6 332
666 7 327
666 7 327
670 6 324
674 6 320
686 5 309
688 8 304
697 7 296
700 8 292
704 7 289
706 4 290
713 4 283
715 3 282
720 2 278
725 2 273
730 1 269
733 1 266
734 2 264
739 3 258
743 2 255
747 2 251
752 1 247
759 1 240
761 1 238
762 2 236
770 2 228
774 3 223
779 4 217
783 3 214
786 3 211
786 2 212
789 1 210
792 1 207
796 1 203
798 1 201
800 1 199
801 1 198
802 1 197
806 1 193
811 1 188
812 1 187
816 1 183
816 3 181
822 3 175
828 2 170
831 2 167
833 2 165
833 2 165
838 2 160
839 4 157
840 4 156
843 3 154
843 4 153
846 3 151
848 3 149
854 2 144
853 3 144
855 4 141
856 3 141
859 3 138
860 4 136
858 5 137
860 5 135
864 7 129
868 6 126
871 8 121
871 11 118
862 20 118
855 26 119
844 35 121
836 41 123
823 44 133
814 48 138
808 47 145
802 53 145
789 57 154
777 65 158
769 63 168
764 64 172
750 72 178
743 70 187
738 71 191
717 83 200
710 75 215
695 78 227
690 72 238
678 77 245
667 65 268
661 62 277
659 60 281
654 56 290
650 55 295
648 57 295
641 57 302
646 48 306
641 59 300
638 60 302
637 61 302
632 55 313
633 52 315
629 56 315
631 44 325
632 44 324
639 43 318
644 41 315
645 39 316
644 38 318
644 37 319
641 35 324
644 32 324
642 33 325
641 36 323
639 37 324
634 43 323
632 44 324
637 43 320
638 46 316
636 45 319
631 48 321
617 53 330
614 55 331
608 57 335
602 59 339
599 54 347
605 48 347
607 43 350
608 44 348
604 41 355
611 36 353
617 32 351
622 31 347
627 25 348
631 23 346
631 26 343
636 18 346
637 18 345
642 19 339
643 21 336
644 21 335
648 21 331
650 25 325
643 32 325
641 29 330
634 38 328
630 44 326
623 47 330
619 50 331
616 45 339
608 52 340
602 46 352
603 43 354
602 45 353
599 41 360
605 33 362
611 27 362
618 22 360
621 20 359
627 17 356
633 18 349
633 17 350
637 15 348
630 21 349
636 19 345
640 16 344
642 14 344
644 14 342
650 15 335
651 15 334
655 14 331
665 14 321
668 16 316
669 15 316
672 15 313
678 17 305
677 19 304
681 20 299
683 14 303
689 13 298
693 12 295
696 13 291
696 18 286
692 21 287
681 27 292
676 33 291
677 30 293
679 33 288
676 41 283
672 49 279
667 46 287
659 48 293
652 51 297
647 47 306
636 59 305
636 60 304
626 62 312
619 61 320
617 65 318
615 60 325
610 64 326
609 61 330
601 63 336
600 55 345
599 54 347
604 50 346
590 54 356
587 50 363
579 48 373
578 46 376
580 45 375
580 44 376
582 38 380
586 36 378
588 34 378
588 39 373
582 43 375
586 42 372
581 46 373
572 56 372
575 49 376
570 47 383
567 47 386
567 49 384
567 45 388
569 45 386
572 43 385
570 44 386
568 43 389
570 42 388
569 40 391
562 41 397
560 46 394
558 44 398
558 37 405
559 34 407
561 38 401
566 40 394
570 42 388
573 39 388
580 32 388
575 35 390
579 33 388
572 38 390
576 37 387
575 37 388
578 35 387
576 37 387
579 36 385
583 31 386
586 28 386
588 28 384
589 29 382
590 31 379
591 31 378
594 32 374
599 28 373
599 29 372
594 36 370
597 36 367
597 35 368
593 39 368
591 37 372
594 34 372
598 32 370
601 31 368
604 31 365
602 33 365
605 30 365
609 31 360
607 32 361
611 30 359
609 36 355
612 38 350
612 34 354
616 29 355
622 33 345
624 33 343
626 30 344
626 29 345
634 24 342
639 22 339
641 23 336
645 25 330
648 25 327
643 27 330
648 24 328
647 25 328
644 27 329
641 29 330
637 29 334
636 29 335
640 25 335
643 24 333
648 22 330
643 27 330
642 24 334
649 21 330
652 23 325
656 24 320
658 27 315
655 30 315
658 29 313
659 29 312
664 28 308
665 28 307
663 31 306
665 37 298
662 40 298
660 39 301
659 39 302
657 42 301
647 46 307
643 48 309
637 47 316
636 50 314
631 49 320
625 44 331
628 45 327
630 42 328
624 46 330
628 47 325
630 48 322
629 49 322
630 42 328
633 37 330
633 39 328
638 35 327
642 29 329
642 26 332
645 22 333
644 25 331
646 27 327
643 28 329
642 28 330
648 28 324
648 24 328
649 25 326
655 22 323
655 24 321
652 24 324
650 26 324
651 27 322
650 29 321
653 32 315
653 34 313
651 36 313
652 36 312
656 34 310
659 28 313
656 29 315
658 33 309
659 38 303
656 39 305
654 41 305
656 37 307
656 36 308
654 36 310
661 31 308
658 31 311
652 37 311
648 41 311
646 36 318
645 37 318
648 33 319
649 33 318
649 32 319
644 35 321
637 41 322
634 46 320
630 43 327
639 35 326
643 34 323
642 31 327
646 28 326
645 29 326
647 26 327
649 32 319
648 29 323
647 32 321
645 32 323
647 32 321
653 27 320
656 26 318
661 26 313
659 31 310
659 32 309
663 32 305
664 29 307
665 31 304
662 37 301
656 38 306
654 33 313
657 30 313
656 29 315
663 27 310
665 26 309
667 22 311
672 20 308
673 19 308
669 23 308
667 25 308
665 26 309
667 25 308
670 25 305
670 25 305
664 27 309
667 23 310
673 21 306
670 23 307
671 23 306
676 20 304
681 17 302
689 13 298
694 13 293
703 12 285
713 12 275
718 12 270
718 12 270
718 15 267
722 17 261
719 21 260
718 21 261
722 22 256
713 27 260
713 31 256
709 37 254
704 39 257
706 30 264
708 27 265
706 26 268
703 30 267
703 33 264
704 33 263
699 36 265
689 47 264
687 48 265
682 46 272
678 46 276
669 46 285
658 54 288
657 55 288
652 54 294
648 54 298
645 54 301
646 57 297
641 54 305
630 55 315
630 53 317
633 48 319
630 49 321
636 38 326
635 37 328
635 33 332
638 34 328
640 33 327
639 37 324
635 38 327
634 45 321
635 47 318
621 62 317
618 64 318
614 65 321
606 66 328
601 64 335
594 55 351
590 50 360
599 41 360
598 41 361
605 36 359
608 37 355
605 33 362
602 36 362
598 39 363
595 37 368
596 32 372
595 30 375
597 36 367
596 40 364
599 40 361
596 43 361
592 46 362
584 48 368
583 50 367
591 48 361
592 43 365
592 41 367
589 39 372
593 38 369
595 31 374
591 35 374
589 39 372
581 47 372
581 52 367
581 51 368
577 47 376
576 50 374
578 41 381
571 44 385
564 48 388
557 52 391
550 54 396
553 50 397
558 47 395
560 47 393
556 50 394
558 44 398
557 41 402
555 45 400
557 45 398
556 51 393
551 52 397
549 50 401
553 42 405
549 47 404
550 48 402
551 49 400
551 42 407
550 43 407
559 35 406
562 30 408
564 35 401
576 33 391
575 34 391
584 29 387
584 29 387
587 31 382
592 28 380
600 25 375
613 21 366
617 21 362
618 19 363
618 21 361
623 25 352
620 28 352
620 27 353
624 34 342
620 37 343
616 50 334
611 53 336
604 57 339
601 54 345
601 49 350
595 53 352
593 54 353
595 47 358
596 43 361
601 38 361
603 35 362
606 32 362
611 32 357
616 27 357
621 25 354
626 24 350
626 26 348
625 28 347
628 31 341
629 32 339
630 33 337
633 34 333
628 37 335
629 34 337
631 35 334
628 37 335
627 38 335
630 35 335
629 35 336
627 33 340
626 39 335
625 33 342
626 30 344
625 33 342
636 32 332
631 36 333
633 37 330
632 35 333
643 29 328
639 31 330
640 33 327
639 29 332
642 24 334
641 29 330
646 28 326
647 25 328
650 22 328
650 26 324
654 30 316
653 30 317
650 34 316
647 33 320
647 32 321
647 34 319
648 36 316
642 42 316
635 43 322
634 45 321
628 51 321
626 45 329
630 42 328
631 43 326
630 42 328
628 39 333
628 40 332
631 39 330
630 38 332
626 43 331
625 39 336
629 44 327
628 49 323
624 52 324
624 46 330
620 45 335
612 56 332
616 50 334
616 48 336
616 49 335
613 50 337
619 45 336
611 47 342
613 40 347
612 42 346
615 34 351
616 38 346
618 39 343
622 38 340
617 46 337
619 44 337
618 42 340
620 41 339
624 44 332
622 37 341
621 38 341
621 34 345
626 32 342
628 32 340
626 29 345
628 28 344
633 27 340
633 28 339
631 33 336
638 29 333
639 35 326
640 32 328
643 32 325
640 36 324
641 32 327
641 32 327
641 30 329
642 34 324
639 33 328
640 38 322
638 35 327
633 37 330
635 38 327
638 38 324
635 40 325
640 38 322
642 38 320
638 43 319
