995 5 0
995 4 1
991 7 2
991 5 4
990 5 5
989 6 5
987 7 6
985 9 6
982 12 6
973 16 11
969 17 14
957 25 18
952 22 26
948 23 29
941 25 34
928 31 41
920 35 45
916 31 53
904 38 58
900 40 60
890 46 64
874 52 74
866 57 77
851 60 89
833 75 92
821 82 97
808 83 109
789 95 116
777 91 132
750 107 143
732 114 154
713 117 170
698 112 190
679 117 204
663 118 219
647 122 231
630 120 250
620 114 266
612 106 282
602 103 295
594 100 306
590 94 316
574 99 327
560 101 339
552 99 349
554 87 359
554 90 356
554 79 367
552 76 372
546 79 375
538 76 386
530 74 396
535 64 401
535 61 404
540 50 410
544 50 406
541 48 411
550 41 409
553 37 410
558 34 408
563 34 403
564 32 404
562 35 403
565 29 406
566 28 406
574 27 399
577 30 393
576 33 391
579 29 392
583 26 391
586 25 389
593 22 385
594 24 382
597 22 381
596 24 380
597 25 378
598 22 380
601 21 378
603 18 379
608 15 377
609 21 370
608 23 369
610 27 363
615 25 360
615 25 360
617 26 357
618 25 357
620 25 355
621 28 351
622 27 351
623 22 355
629 22 349
632 20 348
634 20 346
640 19 341
639 19 342
638 20 342
640 21 339
647 18 335
649 20 331
649 18 333
651 19 330
649 24 327
651 22 327
653 23 324
653 21 326
662 18 320
664 23 313
665 21 314
671 24 305
674 25 301
673 21 306
672 17 311
677 17 306
676 17 307
675 20 305
679 19 302
679 23 298
684 19 297
690 18 292
692 21 287
693 22 285
695 17 288
694 18 288
688 20 292
686 24 290
685 21 294
686 20 294
688 19 293
687 19 294
692 17 291
697 16 287
699 13 288
699 14 287
700 16 284
701 20 279
698 23 279
695 22 283
696 24 280
697 24 279
692 28 280
693 29 278
694 30 276
690 32 278
690 32 278
689 31 280
691 31 278
689 33 278
684 35 281
680 36 284
682 37 281
677 40 283
672 44 284
665 42 293
664 44 292
665 41 294
660 39 301
659 40 301
655 38 307
655 39 306
652 39 309
653 44 303
652 35 313
653 35 312
650 38 312
652 35 313
647 35 318
653 35 312
657 31 312
663 29 308
663 28 309
664 28 308
668 24 308
669 25 306
670 21 309
675 17 308
681 14 305
687 14 299
692 11 297
697 12 291
700 11 289
699 14 287
701 14 285
695 19 286
700 21 279
699 22 279
698 30 272
694 34 272
691 39 270
690 37 273
688 38 274
685 40 275
682 41 277
682 37 281
688 31 281
693 30 277
693 35 272
692 36 272
685 46 269
683 44 273
684 43 273
682 42 276
681 36 283
681 40 279
676 41 283
678 42 280
678 36 286
678 33 289
676 30 294
676 30 294
671 32 297
666 33 301
665 34 301
657 41 302
650 42 308
644 47 309
642 40 318
640 37 323
640 38 322
642 35 323
649 28 323
654 29 317
652 31 317
659 29 312
661 29 310
662 28 310
667 26 307
670 27 303
671 29 300
670 29 301
674 27 299
675 27 298
674 26 300
675 23 302
679 15 306
683 15 302
688 13 299
691 12 297
694 13 293
699 10 291
706 9 285
711 8 281
717 7 276
720 8 272
729 6 265
733 6 261
736 6 258
742 5 253
742 7 251
746 6 248
747 6 247
753 7 240
754 8 238
757 7 236
759 7 234
763 5 232
766 7 227
769 8 223
767 12 221
771 8 221
775 6 219
778 4 218
782 5 213
781 7 212
780 9 211
780 11 209
779 13 208
780 15 205
782 17 201
785 18 197
787 17 196
786 18 196
786 20 194
787 19 194
784 25 191
780 27 193
774 32 194
774 29 197
774 30 196
765 33 202
760 33 207
756 35 209
755 34 211
750 36 214
749 34 217
744 36 220
743 34 223
739 35 226
737 36 227
734 37 229
730 34 236
731 29 240
727 29 244
725 34 241
714 41 245
707 45 248
695 54 251
680 64 256
676 65 259
663 71 266
650 74 276
640 82 278
631 76 293
621 80 299
611 87 302
602 90 308
599 84 317
599 81 320
596 74 330
594 62 344
593 60 347
588 58 354
588 53 359
593 52 355
593 49 358
592 48 360
594 43 363
589 39 372
593 36 371
597 37 366
592 37 371
588 38 374
585 44 371
587 39 374
588 43 369
588 44 368
587 40 373
585 40 375
588 38 374
594 42 364
596 34 370
598 39 363
599 42 359
599 44 357
600 41 359
607 42 351
614 38 348
615 36 349
611 38 351
616 34 350
617 35 348
623 32 345
630 29 341
631 31 338
637 33 330
635 31 334
637 31 332
637 30 333
636 28 336
638 27 335
638 32 330
640 31 329
639 28 333
642 31 327
642 29 329
647 24 329
654 20 326
662 21 317
660 25 315
663 20 317
668 19 313
670 15 315
677 12 311
682 12 306
685 14 301
681 16 303
682 16 302
685 17 298
685 17 298
685 17 298
694 13 293
691 20 289
690 18 292
684 24 292
692 23 285
690 24 286
693 22 285
694 22 284
694 20 286
690 27 283
686 32 282
687 31 282
681 30 289
678 32 290
676 34 290
679 38 283
674 42 284
670 47 283
667 49 284
665 46 289
663 47 290
658 47 295
657 46 297
651 46 303
652 47 301
648 57 295
647 56 297
647 51 302
648 49 303
649 47 304
647 46 307
647 47 306
643 51 306
644 44 312
643 41 316
640 42 318
643 40 317
643 31 326
635 34 331
636 29 335
636 30 334
636 29 335
636 35 329
636 34 330
631 37 332
634 38 328
630 42 328
632 43 325
634 43 323
643 41 316
642 38 320
640 42 318
638 41 321
637 39 324
639 38 323
639 37 324
640 33 327
642 31 327
641 36 323
638 35 327
644 32 324
634 42 324
637 33 330
639 32 329
642 31 327
644 31 325
645 32 323
645 28 327
653 24 323
658 21 321
661 21 318
667 21 312
671 20 309
668 24 308
664 29 307
662 30 308
667 30 303
665 28 307
666 25 309
667 26 307
662 31 307
667 26 307
668 26 306
671 22 307
679 20 301
680 20 300
681 18 301
685 20 295
691 18 291
687 26 287
685 31 284
677 35 288
676 36 288
673 39 288
670 39 291
672 37 291
665 41 294
664 41 295
664 37 299
662 41 297
660 36 304
658 32 310
657 32 311
656 33 311
652 37 311
648 38 314
650 34 316
649 25 326
650 27 323
655 25 320
656 25 319
658 26 316
660 23 317
663 18 319
660 19 321
657 22 321
660 20 320
658 17 325
660 18 322
660 19 321
659 24 317
667 25 308
664 25 311
667 25 308
665 25 310
666 27 307
667 29 304
664 31 305
662 34 304
658 37 305
660 32 308
660 29 311
664 28 308
671 25 304
669 29 302
671 24 305
671 22 307
678 23 299
676 24 300
677 24 299
677 29 294
676 29 295
675 30 295
676 29 295
678 30 292
674 34 292
673 34 293
670 33 297
663 34 303
656 39 305
653 39 308
651 36 313
644 40 316
643 38 319
642 35 323
643 35 322
643 34 323
634 35 331
641 27 332
634 29 337
642 25 333
641 26 333
645 26 329
644 25 331
648 25 327
652 25 323
650 26 324
653 29 318
658 25 317
658 28 314
661 25 314
663 22 315
660 28 312
650 39 311
641 43 316
635 43 322
632 48 320
630 51 319
625 60 315
621 59 320
612 61 327
595 66 339
591 66 343
586 62 352
584 64 352
581 62 357
579 58 363
580 59 361
571 64 365
568 60 372
569 63 368
561 62 377
566 58 376
562 59 379
559 50 391
558 47 395
562 46 392
562 48 390
562 45 393
561 45 394
559 48 393
563 42 395
567 39 394
569 35 396
575 33 392
580 31 389
588 30 382
593 30 377
598 27 375
601 26 373
599 25 376
601 26 373
600 25 375
605 18 377
616 17 367
623 17 360
628 15 357
628 16 356
626 21 353
629 17 354
629 16 355
630 16 354
630 15 355
640 11 349
643 12 345
654 12 334
660 13 327
662 10 328
663 10 327
670 9 321
675 11 314
678 11 311
681 10 309
679 17 304
676 21 303
676 23 301
678 26 296
675 30 295
679 29 292
678 30 292
673 34 293
678 33 289
677 27 296
674 28 298
671 29 300
673 31 296
677 32 291
678 31 291
675 31 294
677 35 288
678 41 281
679 38 283
679 38 283
677 39 284
679 37 284
673 38 289
668 38 294
663 42 295
660 38 302
661 32 307
658 30 312
657 29 314
654 34 312
658 29 313
665 29 306
669 23 308
667 26 307
672 24 304
680 20 300
686 17 297
693 17 290
694 20 286
693 20 287
694 21 285
694 21 285
693 25 282
694 24 282
701 20 279
700 22 278
700 23 277
699 27 274
699 30 271
698 28 274
700 25 275
700 24 276
703 23 274
703 18 279
707 19 274
707 20 273
711 16 273
712 18 270
716 12 272
720 12 268
722 11 267
728 9 263
733 8 259
738 7 255
740 6 254
741 9 250
740 13 247
742 13 245
741 19 240
742 16 242
743 16 241
744 14 242
747 13 240
747 11 242
748 10 242
749 10 241
754 11 235
755 11 234
756 12 232
757 13 230
756 14 230
754 15 231
743 24 233
740 26 234
740 28 232
739 28 233
739 24 237
742 23 235
745 24 231
747 22 231
748 24 228
747 23 230
742 25 233
741 28 231
736 32 232
730 36 234
727 36 237
724 39 237
723 36 241
718 34 248
715 36 249
709 38 253
709 42 249
703 47 250
699 47 254
701 44 255
694 49 257
686 50 264
682 45 273
685 48 267
687 45 268
684 48 268
679 50 271
675 49 276
679 46 275
684 41 275
679 41 280
681 43 276
678 46 276
671 55 274
670 48 282
655 57 288
657 55 288
655 49 296
661 49 290
659 49 292
653 54 293
655 46 299
655 40 305
655 42 303
657 37 306
656 43 301
660 40 300
659 39 302
662 37 301
664 30 306
664 32 304
666 25 309
671 23 306
673 21 306
672 23 305
677 24 299
673 29 298
675 25 300
676 24 300
677 23 300
680 21 299
684 21 295
686 19 295
690 18 292
693 19 288
699 17 284
699 17 284
702 15 283
705 16 279
707 17 276
713 14 273
715 13 272
721 14 265
720 16 264
723 13 264
725 11 264
728 9 263
730 11 259
731 11 258
733 10 257
737 9 254
736 10 254
736 12 252
739 12 249
743 12 245
741 18 241
742 18 240
742 19 239
747 13 240
749 13 238
752 11 237
753 11 236
755 12 233
758 11 231
755 14 231
755 13 232
758 16 226
762 19 219
766 21 213
765 20 215
763 21 216
758 26 216
760 25 215
760 22 218
762 22 216
762 18 220
766 16 218
770 18 212
769 19 212
765 25 210
757 28 215
754 28 218
754 26 220
743 34 223
739 33 228
735 30 235
734 29 237
731 30 239
729 26 245
725 24 251
722 24 254
723 24 253
728 22 250
725 27 248
723 29 248
722 27 251
719 29 252
718 26 256
726 27 247
717 33 250
720 34 246
712 36 252
709 33 258
705 35 260
709 31 260
705 33 262
706 34 260
708 31 261
706 31 263
705 33 262
701 35 264
696 42 262
694 46 260
690 45 265
680 49 271
681 46 273
676 43 281
678 39 283
676 39 285
682 39 279
682 34 284
689 31 280
692 27 281
694 22 284
689 28 283
688 27 285
688 22 290
688 24 288
690 28 282
691 29 280
685 29 286
684 28 288
678 32 290
677 32 291
679 33 288
682 33 285
681 30 289
679 32 289
678 33 289
676 36 288
676 33 291
672 38 290
666 47 287
663 43 294
661 41 298
663 43 294
664 39 297
665 34 301
669 28 303
671 23 306
673 23 304
675 24 301
675 25 300
674 32 294
675 29 296
676 29 295
679 27 294
678 28 294
679 22 299
678 26 296
675 28 297
673 27 300
672 29 299
668 32 300
671 29 300
666 35 299
669 35 296
669 34 297
664 37 299
663 37 300
661 38 301
658 40 302
654 42 304
653 34 313
655 33 312
650 38 312
654 37 309
655 34 311
653 38 309
651 39 310
650 45 305
654 38 308
654 34 312
654 31 315
656 28 316
657 31 312
653 36 311
658 34 308
657 38 305
651 39 310
648 42 310
647 42 311
646 40 314
646 41 313
645 41 314
645 42 313
648 40 312
648 37 315
648 35 317
645 33 322
649 34 317
648 32 320
641 36 323
645 34 321
649 28 323
647 28 325
650 22 328
654 19 327
659 18 323
667 12 321
669 11 320
674 11 315
677 9 314
680 11 309
685 11 304
689 10 301
689 13 298
692 14 294
689 20 291
694 22 284
694 23 283
693 25 282
687 29 284
687 28 285
687 29 284
686 32 282
686 32 282
687 32 281
691 30 279
688 33 279
691 30 279
692 28 280
692 26 282
693 26 281
698 23 279
700 14 286
701 14 285
705 14 281
705 17 278
707 17 276
711 18 271
714 18 268
716 16 268
717 16 267
723 13 264
729 13 258
734 17 249
737 18 245
737 18 245
741 19 240
742 21 237
750 16 234
749 17 234
748 13 239
748 16 236
749 17 234
750 21 229
746 20 234
739 28 233
731 35 234
724 42 234
719 44 237
712 49 239
711 43 246
705 47 248
697 49 254
690 48 262
681 52 267
677 53 270
671 57 272
660 62 278
662 58 280
656 59 285
651 60 289
649 64 287
649 62 289
646 63 291
645 62 293
639 70 291
643 60 297
641 53 306
636 57 307
