1000 0 0
999 0 1
998 1 1
997 2 1
990 8 2
985 10 5
981 11 8
979 10 11
974 14 12
968 17 15
961 22 17
953 29 18
936 37 27
923 40 37
904 56 40
890 66 44
870 78 52
857 75 68
839 84 77
811 103 86
790 106 104
763 113 124
745 113 142
729 111 160
713 120 167
691 125 184
673 129 198
659 126 215
653 119 228
642 122 236
615 135 250
602 137 261
592 130 278
582 126 292
573 121 306
557 125 318
551 111 338
538 110 352
533 103 364
527 94 379
521 82 397
521 74 405
524 71 405
523 66 411
529 58 413
533 52 415
538 50 412
546 50 404
545 51 404
547 43 410
550 44 406
556 43 401
555 42 403
558 43 399
562 40 398
572 33 395
580 30 390
585 28 387
588 27 385
585 28 387
593 24 383
601 24 375
602 23 375
608 22 370
613 22 365
621 23 356
627 25 348
628 23 349
631 26 343
628 23 349
628 29 343
630 32 338
626 37 337
627 32 341
628 33 339
630 32 338
632 28 340
635 26 339
634 21 345
638 19 343
641 18 341
650 16 334
654 14 332
659 14 327
669 10 321
673 9 318
677 8 315
682 8 310
685 9 306
693 10 297
698 11 291
697 16 287
696 16 288
695 16 289
696 14 290
697 15 288
698 15 287
700 19 281
698 25 277
696 24 280
693 30 277
687 34 279
685 37 278
683 40 277
680 45 275
677 40 283
673 41 286
672 40 288
672 38 290
670 43 287
674 40 286
666 48 286
667 44 289
664 44 292
660 42 298
652 50 298
645 56 299
642 56 302
639 56 305
636 52 312
628 50 322
629 42 329
637 42 321
635 44 321
630 44 326
630 42 328
622 45 333
619 51 330
617 46 337
624 41 335
625 37 338
622 36 342
622 34 344
624 35 341
623 35 342
621 36 343
621 41 338
618 44 338
619 43 338
617 39 344
619 37 344
625 35 340
628 31 341
631 29 340
634 29 337
634 28 338
630 35 335
631 32 337
632 31 337
627 33 340
630 33 337
629 29 342
632 26 342
633 29 338
635 31 334
641 26 333
646 27 327
646 27 327
650 27 323
653 26 321
659 25 316
662 27 311
661 29 310
662 28 310
668 25 307
665 24 311
666 19 315
666 18 316
663 23 314
664 26 310
661 33 306
658 40 302
656 39 305
645 46 309
640 48 312
639 47 314
634 48 318
632 51 317
627 57 316
625 51 324
626 49 325
621 48 331
615 49 336
621 46 333
625 47 328
629 43 328
625 44 331
622 42 336
623 41 336
627 41 332
622 43 335
629 40 331
625 44 331
624 41 335
623 44 333
623 46 331
624 45 331
624 44 332
621 45 334
622 41 337
622 43 335
627 37 336
631 35 334
638 30 332
647 24 329
649 23 328
657 20 323
658 19 323
660 20 320
666 21 313
666 19 315
667 19 314
670 19 311
680 17 303
681 15 304
682 16 302
680 21 299
682 23 295
680 25 295
678 29 293
678 29 293
675 27 298
669 33 298
666 34 300
667 30 303
669 34 297
670 32 298
668 28 304
667 27 306
669 29 302
677 25 298
673 27 300
668 32 300
667 34 299
663 36 301
661 32 307
656 36 308
656 33 311
656 32 312
659 32 309
655 34 311
654 32 314
655 31 314
659 30 311
660 29 311
663 31 306
664 37 299
665 33 302
664 31 305
663 30 307
662 30 308
663 30 307
660 33 307
664 25 311
663 25 312
664 23 313
669 15 316
672 16 312
675 16 309
679 12 309
680 12 308
687 15 298
695 16 289
705 17 278
708 18 274
714 20 266
714 21 265
714 22 264
714 24 262
712 27 261
710 28 262
710 27 263
708 27 265
714 27 259
718 27 255
721 27 252
722 24 254
726 24 250
725 22 253
718 28 254
718 26 256
714 30 256
712 31 257
708 33 259
705 38 257
700 40 260
695 41 264
688 47 265
678 49 273
677 50 273
672 46 282
667 46 287
669 46 285
668 45 287
667 44 289
668 35 297
674 34 292
676 34 290
680 39 281
674 39 287
675 31 294
674 27 299
675 27 298
676 27 297
680 27 293
675 31 294
676 26 298
680 25 295
689 20 291
695 17 288
698 16 286
698 20 282
701 18 281
702 20 278
701 23 276
699 25 276
699 19 282
703 19 278
703 21 276
708 21 271
704 20 276
709 17 274
708 20 272
708 20 272
712 20 268
717 19 264
714 23 263
710 23 267
708 27 265
704 32 264
704 29 267
708 24 268
704 24 272
702 28 270
703 24 273
702 26 272
701 25 274
699 22 279
700 17 283
700 15 285
703 15 282
707 16 277
711 16 273
714 14 272
716 13 271
719 12 269
722 10 268
725 11 264
728 14 258
733 18 249
729 21 250
730 21 249
728 24 248
726 22 252
722 27 251
719 22 259
718 22 260
717 23 260
713 24 263
715 24 261
714 28 258
717 24 259
717 25 258
720 23 257
717 26 257
716 25 259
715 29 256
717 30 253
714 33 253
708 38 254
709 39 252
706 36 258
704 41 255
701 42 257
698 43 259
703 40 257
704 39 257
706 38 256
705 36 259
705 35 260
701 36 263
697 36 267
698 33 269
696 32 272
697 27 276
698 26 276
699 25 276
703 25 272
705 25 270
703 26 271
702 30 268
703 28 269
699 31 270
699 26 275
701 27 272
701 27 272
703 27 270
705 20 275
704 20 276
702 19 279
701 25 274
700 26 274
698 31 271
701 32 267
704 34 262
705 37 258
704 37 259
703 37 260
702 37 261
693 41 266
689 41 270
679 46 275
674 49 277
669 54 277
664 60 276
662 56 282
654 52 294
652 54 294
653 50 297
645 56 299
647 53 300
637 58 305
634 54 312
629 57 314
623 61 316
619 61 320
626 52 322
626 52 322
625 50 325
627 48 325
624 49 327
622 50 328
619 45 336
621 41 338
616 43 341
617 38 345
625 36 339
626 36 338
632 35 333
633 35 332
635 34 331
641 30 329
644 29 327
644 28 328
645 30 325
647 33 320
651 37 312
654 36 310
660 33 307
665 35 300
665 31 304
664 34 302
656 41 303
654 43 303
650 42 308
654 41 305
645 46 309
644 43 313
640 40 320
636 35 329
634 38 328
635 39 326
636 37 327
643 31 326
648 30 322
649 36 315
646 36 318
646 33 321
646 32 322
650 29 321
656 30 314
658 31 311
664 27 309
660 27 313
663 23 314
662 23 315
665 24 311
668 19 313
670 19 311
674 18 308
677 19 304
682 15 303
683 18 299
682 16 302
687 17 296
692 20 288
694 19 287
692 20 288
691 18 291
696 16 288
696 15 289
696 15 289
701 12 287
702 10 288
704 12 284
707 17 276
707 20 273
711 23 266
710 19 271
709 19 272
712 19 269
713 17 270
719 17 264
722 16 262
720 20 260
722 19 259
722 21 257
722 23 255
719 18 263
714 23 263
719 24 257
717 25 258
715 29 256
713 27 260
711 26 263
713 27 260
710 28 262
710 30 260
709 33 258
702 36 262
701 38 261
695 37 268
694 35 271
688 39 273
683 36 281
679 37 284
677 43 280
681 44 275
686 41 273
687 39 274
684 42 274
680 44 276
677 41 282
678 40 282
680 39 281
679 39 282
684 38 278
681 36 283
679 35 286
679 30 291
682 33 285
685 33 282
680 38 282
677 40 283
681 35 284
680 33 287
676 32 292
671 37 292
664 41 295
656 42 302
651 43 306
647 42 311
650 34 316
650 37 313
652 39 309
648 45 307
648 41 311
640 48 312
631 50 319
633 50 317
635 45 320
639 39 322
645 35 320
651 33 316
651 30 319
652 28 320
657 27 316
660 29 311
659 32 309
662 35 303
660 34 306
656 35 309
656 32 312
658 28 314
661 24 315
664 22 314
665 22 313
665 23 312
671 19 310
675 19 306
680 18 302
681 17 302
679 20 301
683 19 298
687 17 296
682 18 300
680 19 301
687 20 293
694 17 289
694 16 290
691 19 290
694 19 287
696 18 286
694 22 284
691 26 283
685 28 287
684 33 283
682 31 287
688 27 285
690 27 283
690 26 284
688 29 283
684 32 284
684 31 285
686 26 288
687 30 283
688 27 285
690 26 284
691 26 283
687 30 283
695 27 278
695 26 279
697 22 281
699 23 278
700 21 279
699 23 278
696 21 283
700 21 279
703 20 277
702 24 274
703 26 271
705 25 270
698 32 270
699 31 270
699 29 272
699 28 273
691 36 273
693 36 271
696 33 271
702 26 272
703 26 271
706 26 268
711 21 268
714 20 266
712 25 263
713 22 265
718 23 259
720 21 259
722 21 257
726 20 254
724 21 255
727 22 251
725 20 255
724 26 250
721 30 249
723 30 247
727 31 242
732 27 241
734 22 244
729 30 241
727 33 240
724 37 239
720 38 242
722 36 242
720 34 246
721 34 245
719 36 245
720 34 246
717 36 247
717 37 246
718 33 249
722 35 243
720 33 247
725 34 241
722 39 239
719 40 241
720 37 243
721 41 238
717 40 243
715 40 245
713 39 248
712 41 247
710 35 255
710 36 254
711 38 251
708 41 251
706 44 250
698 46 256
701 43 256
702 42 256
704 41 255
704 39 257
703 40 257
703 40 257
697 40 263
706 36 258
711 34 255
707 37 256
704 33 263
702 37 261
704 35 261
700 33 267
699 33 268
698 35 267
691 38 271
697 36 267
695 36 269
691 44 265
683 45 272
679 46 275
675 50 275
675 47 278
669 47 284
668 45 287
667 41 292
664 44 292
662 45 293
655 46 299
660 40 300
654 41 305
656 42 302
657 38 305
651 43 306
652 39 309
656 38 306
658 36 306
660 37 303
654 40 306
655 39 306
647 46 307
650 34 316
650 33 317
653 26 321
654 21 325
654 17 329
656 17 327
660 22 318
660 23 317
661 28 311
668 20 312
671 21 308
673 24 303
676 25 299
674 29 297
673 30 297
665 38 297
664 40 296
663 45 292
658 49 293
655 45 300
649 48 303
637 55 308
637 53 310
642 52 306
639 55 306
643 53 304
638 62 300
636 61 303
631 58 311
620 57 323
618 50 332
616 48 336
612 50 338
607 49 344
603 47 350
607 47 346
600 47 353
599 47 354
603 48 349
605 45 350
608 39 353
613 34 353
620 31 349
627 28 345
630 27 343
631 28 341
632 27 341
638 31 331
634 37 329
631 42 327
635 36 329
634 34 332
638 34 328
643 32 325
645 28 327
648 30 322
647 34 319
648 32 320
655 27 318
658 28 314
664 29 307
669 29 302
667 28 305
660 32 308
657 31 312
658 30 312
660 29 311
663 27 310
664 27 309
660 30 310
658 34 308
656 37 307
657 34 309
654 38 308
651 36 313
648 39 313
646 41 313
642 43 315
646 40 314
643 38 319
644 34 322
641 30 329
637 31 332
635 29 336
634 21 345
634 27 339
637 28 335
640 28 332
642 28 330
639 39 322
636 39 325
633 40 327
631 41 328
625 46 329
620 49 331
619 49 332
614 48 338
612 49 339
607 45 348
605 47 348
607 42 351
608 41 351
612 36 352
616 31 353
617 31 352
621 32 347
625 30 345
624 34 342
626 34 340
623 37 340
625 40 335
627 37 336
620 43 337
612 46 342
608 41 351
602 43 355
608 40 352
607 43 350
608 38 354
608 40 352
611 38 351
613 37 350
612 41 347
613 45 342
611 45 344
614 40 346
616 44 340
613 46 341
616 41 343
619 32 349
623 29 348
625 29 346
628 28 344
626 27 347
635 25 340
635 30 335
637 29 334
639 36 325
639 36 325
636 44 320
639 40 321
641 38 321
640 38 322
641 37 322
644 34 322
647 35 318
650 36 314
649 34 317
646 35 319
649 29 322
649 29 322
650 31 319
656 30 314
659 30 311
662 24 314
668 24 308
672 27 301
668 29 303
679 29 292
681 33 286
682 35 283
687 33 280
681 37 282
681 36 283
677 41 282
676 42 282
676 39 285
674 39 287
682 35 283
682 32 286
681 33 286
684 32 284
678 37 285
680 30 290
676 30 294
675 34 291
681 30 289
683 31 286
684 31 285
684 31 285
678 35 287
678 29 293
670 38 292
665 39 296
666 40 294
668 39 293
664 39 297
667 38 295
673 41 286
670 41 289
673 40 287
670 42 288
670 39 291
667 41 292
669 38 293
663 40 297
664 37 299
658 42 300
662 40 298
656 47 297
652 45 303
641 56 303
636 56 308
627 60 313
623 52 325
618 53 329
621 49 330
626 48 326
630 37 333
635 34 331
640 29 331
637 30 333
630 33 337
631 28 341
634 24 342
633 22 345
643 16 341
642 17 341
646 12 342
653 14 333
661 13 326
658 13 329
663 14 323
665 14 321
668 14 318
672 15 313
672 18 310
669 20 311
673 22 305
669 28 303
672 25 303
678 27 295
679 22 299
684 22 294
688 19 293
687 23 290
690 26 284
695 30 275
687 33 280
690 36 274
691 37 272
690 39 271
689 38 273
687 41 272
684 45 271
678 52 270
671 47 282
660 52 288
659 46 295
661 38 301
656 39 305
654 39 307
654 36 310
657 28 315
657 26 317
659 26 315
661 29 310
661 23 316
656 29 315
653 27 320
657 22 321
660 20 320
664 17 319
668 15 317
671 14 315
672 14 314
670 17 313
667 19 314
662 22 316
663 21 316
663 20 317
664 20 316
669 21 310
675 23 302
677 19 304
684 18 298
687 18 295
690 20 290
699 15 286
699 18 283
701 17 282
