1000 0 0
1000 0 0
1000 0 0
997 3 0
992 6 2
988 8 4
982 13 5
975 16 9
965 26 9
956 30 14
946 35 19
935 41 24
921 48 31
903 54 43
888 67 45
875 68 57
858 74 68
840 82 78
814 98 88
790 104 106
768 111 121
747 113 140
718 120 162
694 123 183
673 130 197
655 136 209
632 139 229
605 141 254
586 141 273
579 136 285
564 137 299
544 136 320
535 127 338
516 138 346
507 132 361
505 124 371
508 109 383
506 96 398
510 87 403
507 74 419
501 75 424
510 67 423
508 66 426
513 59 428
517 51 432
516 49 435
524 44 432
527 48 425
526 41 433
532 40 428
537 35 428
537 34 429
541 28 431
543 30 427
540 35 425
543 35 422
541 34 425
539 35 426
545 33 422
552 26 422
558 23 419
556 25 419
562 24 414
567 19 414
571 17 412
581 16 403
582 19 399
582 21 397
583 27 390
585 27 388
587 28 385
594 26 380
592 25 383
595 24 381
596 23 381
600 22 378
607 21 372
615 20 365
616 24 360
623 19 358
624 22 354
631 19 350
634 20 346
639 18 343
642 14 344
649 15 336
652 14 334
652 14 334
652 14 334
655 13 332
657 14 329
664 14 322
665 13 322
668 13 319
674 12 314
683 11 306
687 12 301
690 11 299
699 10 291
699 13 288
702 14 284
704 12 284
708 12 280
710 13 277
713 11 276
718 7 275
719 8 273
718 8 274
724 6 270
730 6 264
738 5 257
740 7 253
741 8 251
744 10 246
744 12 244
745 11 244
747 10 243
746 12 242
747 14 239
753 14 233
759 13 228
757 17 226
756 20 224
756 20 224
757 16 227
756 16 228
759 16 225
762 16 222
766 14 220
768 16 216
770 14 216
771 16 213
774 14 212
771 18 211
772 18 210
770 19 211
769 17 214
768 15 217
770 15 215
771 14 215
773 15 212
777 16 207
782 14 204
785 12 203
785 16 199
782 20 198
776 21 203
769 21 210
763 22 215
758 26 216
749 34 217
744 40 216
733 48 219
728 47 225
722 45 233
718 45 237
713 47 240
707 47 246
705 46 249
702 50 248
695 53 252
695 50 255
686 51 263
682 57 261
679 53 268
681 54 265
672 55 273
663 56 281
664 55 281
660 54 286
660 42 298
660 45 295
659 44 297
656 44 300
660 39 301
654 42 304
653 43 304
654 44 302
649 43 308
649 42 309
642 45 313
635 45 320
634 43 323
634 40 326
630 44 326
628 39 333
626 37 337
625 37 338
629 29 342
628 31 341
628 31 341
626 35 339
627 34 339
631 34 335
632 34 334
624 38 338
616 43 341
615 44 341
611 38 351
617 35 348
619 36 345
621 33 346
626 30 344
623 36 341
621 36 343
617 32 351
618 29 353
613 30 357
621 30 349
621 37 342
625 32 343
622 34 344
621 33 346
630 28 342
631 26 343
635 29 336
637 29 334
636 27 337
634 27 339
638 29 333
641 26 333
640 32 328
642 28 330
640 28 332
642 30 328
644 29 327
645 29 326
643 36 321
640 34 326
637 34 329
638 33 329
643 27 330
645 22 333
646 24 330
649 23 328
652 25 323
654 23 323
655 26 319
662 26 312
664 26 310
664 28 308
671 23 306
681 20 299
680 19 301
688 14 298
691 13 296
694 8 298
701 6 293
701 8 291
707 9 284
709 9 282
709 11 280
711 11 278
718 11 271
721 13 266
727 14 259
724 15 261
727 13 260
723 18 259
732 16 252
733 14 253
732 16 252
730 16 254
727 14 259
730 13 257
732 14 254
731 15 254
729 20 251
725 23 252
724 24 252
719 23 258
719 24 257
721 27 252
718 30 252
715 34 251
714 38 248
713 37 250
711 43 246
708 43 249
707 42 251
701 50 249
695 52 253
683 51 266
677 60 263
669 66 265
662 64 274
652 64 284
645 58 297
638 58 304
636 50 314
634 47 319
634 47 319
634 44 322
634 44 322
640 38 322
638 39 323
645 31 324
649 31 320
653 27 320
658 24 318
661 22 317
659 20 321
666 23 311
669 23 308
673 19 308
675 16 309
675 15 310
681 13 306
685 10 305
689 10 301
693 9 298
696 8 296
700 9 291
702 5 293
706 4 290
707 5 288
714 6 280
714 7 279
718 8 274
726 8 266
727 8 265
730 8 262
730 10 260
735 10 255
735 11 254
738 10 252
743 8 249
748 7 245
751 5 244
754 7 239
753 6 241
754 7 239
755 8 237
758 8 234
760 11 229
759 13 228
757 14 229
756 16 228
757 18 225
756 18 226
757 16 227
757 18 225
757 19 224
755 25 220
753 28 219
746 34 220
739 34 227
735 39 226
732 42 226
722 46 232
716 48 236
716 41 243
710 43 247
702 42 256
699 39 262
690 47 263
688 44 268
681 47 272
675 49 276
672 45 283
666 51 283
665 48 287
657 48 295
653 48 299
646 52 302
642 50 308
639 52 309
632 56 312
635 43 322
631 43 326
627 47 326
627 48 325
625 53 322
618 56 326
612 61 327
603 68 329
594 69 337
596 58 346
595 54 351
594 59 347
597 52 351
599 52 349
601 47 352
592 54 354
592 54 354
591 53 356
602 46 352
607 44 349
607 43 350
607 46 347
608 42 350
603 47 350
605 42 353
605 41 354
602 44 354
597 45 358
594 47 359
590 46 364
585 51 364
592 43 365
597 38 365
600 38 362
604 35 361
602 31 367
608 31 361
611 28 361
622 24 354
625 24 351
628 23 349
623 26 351
624 25 351
626 27 347
630 24 346
633 21 346
637 23 340
633 28 339
636 27 337
638 20 342
637 23 340
643 21 336
648 19 333
652 21 327
653 23 324
657 20 323
658 21 321
662 20 318
660 24 316
658 26 316
651 30 319
645 33 322
645 34 321
637 36 327
631 37 332
630 38 332
631 37 332
631 29 340
627 34 339
623 37 340
622 40 338
624 34 342
624 33 343
624 25 351
627 25 348
622 30 348
620 33 347
622 27 351
628 24 348
632 24 344
634 25 341
637 23 340
638 24 338
636 28 336
639 29 332
644 28 328
646 26 328
650 26 324
656 22 322
663 23 314
660 24 316
658 23 319
659 25 316
662 28 310
662 21 317
663 17 320
665 19 316
669 20 311
670 19 311
679 14 307
679 16 305
679 14 307
683 16 301
681 17 302
684 15 301
688 13 299
691 12 297
694 14 292
696 13 291
702 13 285
706 15 279
710 14 276
711 17 272
714 18 268
714 15 271
715 16 269
713 15 272
714 17 269
712 18 270
711 21 268
716 18 266
713 20 267
713 21 266
715 20 265
715 19 266
715 21 264
721 20 259
723 17 260
721 18 261
727 17 256
734 16 250
739 14 247
738 15 247
736 17 247
734 21 245
734 20 246
734 22 244
731 21 248
727 23 250
720 31 249
714 38 248
707 42 251
703 37 260
698 38 264
698 33 269
693 35 272
690 34 276
682 35 283
678 32 290
667 41 292
662 43 295
668 39 293
664 41 295
663 39 298
660 42 298
657 45 298
659 42 299
651 40 309
655 35 310
656 35 309
659 32 309
662 33 305
665 30 305
667 32 301
667 33 300
665 40 295
663 39 298
663 39 298
667 37 296
667 38 295
666 36 298
674 32 294
669 36 295
670 38 292
667 39 294
669 37 294
668 35 297
669 40 291
668 40 292
664 39 297
666 37 297
667 33 300
671 26 303
676 27 297
676 22 302
684 20 296
690 19 291
692 18 290
690 17 293
693 14 293
697 11 292
698 15 287
699 13 288
703 10 287
702 11 287
703 12 285
708 15 277
708 21 271
711 25 264
706 29 265
707 26 267
703 25 272
702 24 274
700 24 276
699 27 274
697 32 271
691 42 267
686 43 271
677 45 278
672 49 279
665 49 286
661 54 285
653 57 290
652 53 295
646 56 298
640 59 301
630 64 306
630 63 307
618 70 312
603 77 320
599 79 322
586 84 330
572 83 345
557 93 350
552 86 362
541 87 372
545 80 375
541 84 375
534 79 387
529 77 394
521 77 402
520 69 411
518 70 412
517 74 409
522 71 407
519 71 410
510 77 413
505 70 425
512 75 413
505 74 421
502 72 426
502 66 432
501 69 430
500 67 433
504 62 434
502 59 439
506 52 442
506 49 445
505 45 450
505 45 450
510 39 451
514 38 448
515 32 453
520 35 445
525 33 442
531 30 439
534 36 430
538 35 427
538 31 431
540 34 426
543 29 428
546 30 424
552 29 419
557 26 417
561 25 414
565 24 411
573 21 406
578 22 400
591 21 388
588 24 388
595 22 383
594 17 389
600 14 386
609 12 379
615 14 371
617 14 369
620 15 365
626 16 358
634 14 352
642 12 346
648 12 340
656 13 331
659 16 325
660 12 328
667 10 323
669 9 322
672 11 317
680 7 313
677 10 313
684 10 306
687 11 302
692 9 299
695 9 296
695 11 294
696 10 294
700 12 288
702 11 287
708 12 280
715 13 272
720 12 268
721 9 270
725 11 264
728 12 260
726 14 260
724 10 266
729 9 262
731 12 257
731 14 255
730 16 254
733 17 250
734 17 249
729 20 251
732 17 251
730 19 251
730 20 250
730 21 249
729 24 247
725 29 246
724 26 250
724 26 250
717 29 254
714 30 256
712 32 256
709 38 253
707 39 254
711 44 245
708 48 244
703 48 249
699 46 255
695 49 256
693 50 257
686 49 265
683 51 266
671 52 277
673 51 276
666 53 281
667 50 283
664 42 294
660 44 296
651 50 299
651 50 299
635 64 301
626 61 313
619 64 317
614 59 327
603 60 337
601 59 340
594 65 341
592 63 345
591 60 349
585 62 353
582 61 357
577 59 364
582 54 364
573 60 367
567 66 367
565 56 379
569 53 378
566 55 379
568 53 379
572 51 377
574 49 377
574 49 377
569 53 378
571 47 382
571 43 386
570 41 389
574 43 383
574 44 382
570 47 383
577 42 381
582 42 376
584 43 373
581 42 377
578 42 380
573 43 384
576 40 384
574 42 384
579 38 383
579 31 390
584 28 388
584 30 386
587 32 381
584 37 379
588 33 379
591 28 381
593 27 380
604 24 372
604 26 370
608 25 367
607 25 368
610 29 361
609 27 364
612 31 357
611 33 356
617 27 356
614 28 358
614 28 358
611 35 354
612 37 351
614 35 351
615 38 347
619 34 347
620 35 345
617 33 350
615 32 353
623 33 344
626 28 346
626 31 343
640 29 331
643 30 327
646 27 327
651 27 322
650 32 318
650 30 320
653 28 319
649 32 319
651 25 324
651 21 328
652 24 324
653 24 323
652 23 325
652 24 324
653 26 321
650 30 320
654 25 321
659 23 318
658 25 317
656 30 314
656 32 312
653 32 315
656 27 317
656 30 314
655 34 311
653 33 314
651 30 319
653 24 323
657 23 320
662 20 318
668 22 310
670 20 310
678 18 304
678 17 305
681 18 301
684 16 300
686 18 296
687 19 294
691 17 292
693 17 290
698 13 289
699 15 286
698 14 288
698 17 285
705 18 277
708 19 273
708 20 272
711 18 271
710 22 268
708 22 270
705 26 269
702 26 272
704 21 275
705 20 275
705 22 273
709 26 265
710 28 262
709 26 265
714 23 263
718 20 262
725 20 255
725 22 253
723 20 257
728 20 252
722 24 254
723 28 249
725 27 248
723 29 248
720 31 249
718 29 253
721 25 254
726 20 254
727 21 252
728 21 251
732 21 247
730 19 251
734 16 250
736 16 248
732 21 247
733 24 243
738 25 237
734 31 235
728 35 237
725 35 240
730 32 238
729 34 237
725 38 237
718 41 241
716 39 245
715 37 248
709 42 249
704 45 251
702 50 248
695 58 247
689 57 254
679 58 263
673 62 265
669 60 271
669 61 270
656 67 277
644 75 281
636 73 291
624 76 300
617 80 303
610 85 305
600 85 315
595 80 325
588 84 328
584 86 330
582 79 339
587 73 340
586 69 345
584 64 352
586 66 348
580 70 350
579 63 358
575 64 361
573 67 360
570 67 363
564 64 372
568 63 369
563 65 372
556 61 383
565 59 376
562 62 376
557 65 378
553 63 384
554 55 391
552 55 393
551 51 398
547 52 401
550 56 394
553 57 390
551 57 392
553 55 392
560 52 388
566 51 383
564 51 385
567 43 390
570 40 390
574 35 391
575 35 390
570 39 391
574 33 393
571 36 393
575 40 385
580 41 379
582 37 381
583 38 379
585 41 374
588 41 371
588 45 367
585 45 370
585 47 368
592 43 365
594 41 365
594 42 364
593 40 367
589 37 374
590 42 368
586 47 367
584 46 370
581 42 377
586 38 376
586 40 374
585 35 380
586 37 377
582 35 383
580 34 386
581 31 388
582 31 387
586 29 385
591 26 383
593 25 382
601 20 379
604 20 376
605 18 377
609 17 374
610 21 369
609 23 368
616 20 364
621 18 361
624 17 359
626 18 356
628 23 349
632 19 349
634 23 343
637 26 337
635 28 337
637 28 335
630 32 338
625 39 336
624 34 342
624 35 341
626 38 336
626 35 339
623 35 342
624 34 342
623 37 340
620 36 344
619 41 340
618 42 340
620 40 340
624 44 332
618 49 333
620 45 335
618 45 337
620 48 332
622 49 329
611 56 333
611 57 332
606 60 334
606 60 334
595 65 340
589 65 346
580 69 351
579 69 352
574 69 357
570 57 373
574 56 370
575 51 374
571 50 379
575 50 375
572 50 378
