1000 0 0
1000 0 0
1000 0 0
1000 0 0
1000 0 0
1000 0 0
1000 0 0
1000 0 0
998 1 1
998 1 1
998 1 1
998 0 2
998 0 2
998 0 2
998 0 2
998 0 2
998 0 2
997 1 2
996 2 2
996 2 2
996 2 2
995 3 2
995 2 3
993 4 3
992 3 5
992 3 5
992 2 6
993 1 6
993 1 6
992 3 5
989 4 7
982 10 8
980 5 15
978 4 18
971 11 18
964 16 20
961 13 26
948 21 31
930 32 38
917 35 48
911 35 54
899 41 60
883 48 69
871 52 77
857 58 85
845 61 94
837 57 106
827 61 112
814 67 119
803 70 127
786 77 137
764 87 149
746 96 158
729 101 170
711 109 180
705 103 192
688 102 210
673 103 224
668 105 227
655 106 239
638 113 249
622 112 266
613 106 281
612 98 290
607 92 301
603 87 310
600 85 315
592 83 325
583 84 333
584 77 339
581 77 342
583 72 345
581 72 347
575 71 354
571 65 364
562 69 369
564 67 369
560 65 375
556 57 387
561 47 392
564 44 392
571 40 389
576 40 384
577 38 385
579 39 382
587 38 375
586 33 381
591 28 381
598 25 377
603 26 371
604 26 370
608 24 368
614 24 362
616 25 359
618 24 358
618 26 356
621 29 350
622 31 347
624 29 347
623 28 349
620 31 349
618 34 348
617 33 350
618 32 350
619 31 350
621 27 352
628 22 350
633 17 350
632 16 352
634 18 348
637 20 343
643 20 337
642 22 336
643 20 337
642 24 334
641 22 337
642 22 336
644 25 331
648 26 326
648 23 329
645 26 329
652 26 322
650 26 324
650 26 324
650 26 324
651 27 322
660 23 317
659 28 313
660 25 315
656 29 315
657 31 312
657 29 314
652 31 317
646 30 324
650 29 321
651 28 321
655 24 321
662 20 318
668 18 314
667 21 312
664 24 312
666 24 310
668 26 306
670 28 302
671 26 303
674 25 301
676 24 300
679 24 297
684 20 296
685 18 297
687 18 295
689 16 295
689 17 294
689 19 292
690 21 289
690 20 290
691 17 292
695 17 288
698 16 286
698 14 288
701 14 285
705 12 283
708 11 281
715 12 273
717 14 269
723 15 262
725 18 257
728 16 256
730 16 254
733 15 252
734 18 248
733 19 248
731 24 245
732 24 244
732 25 243
739 26 235
741 24 235
744 24 232
745 25 230
742 25 233
740 28 232
739 29 232
736 26 238
732 25 243
731 24 245
732 25 243
725 28 247
728 27 245
732 24 244
735 27 238
738 25 237
737 25 238
731 32 237
726 39 235
721 41 238
712 48 240
710 45 245
707 42 251
700 47 253
696 55 249
691 51 258
686 52 262
683 50 267
683 44 273
678 41 281
677 45 278
672 46 282
674 38 288
678 39 283
675 36 289
681 35 284
676 35 289
677 38 285
679 34 287
674 37 289
676 26 298
680 23 297
679 20 301
683 23 294
681 26 293
681 23 296
682 23 295
686 25 289
686 21 293
686 27 287
685 29 286
689 29 282
689 26 285
688 23 289
692 21 287
686 26 288
685 29 286
687 27 286
689 23 288
689 24 287
688 24 288
690 22 288
696 21 283
704 17 279
709 20 271
712 16 272
713 18 269
716 17 267
715 15 270
721 13 266
719 13 268
727 13 260
730 12 258
728 14 258
733 15 252
730 18 252
737 13 250
739 12 249
743 13 244
748 10 242
746 12 242
751 8 241
754 9 237
754 15 231
757 16 227
757 17 226
761 15 224
759 16 225
756 19 225
759 17 224
757 24 219
759 20 221
756 21 223
759 20 221
757 25 218
752 28 220
750 27 223
744 32 224
740 33 227
742 31 227
739 35 226
740 29 231
736 35 229
735 35 230
733 38 229
731 43 226
727 40 233
726 39 235
721 42 237
721 39 240
715 42 243
719 41 240
718 44 238
715 46 239
712 51 237
704 54 242
694 59 247
689 62 249
685 53 262
684 50 266
681 48 271
676 51 273
667 57 276
663 56 281
660 58 282
662 58 280
665 48 287
665 43 292
660 51 289
658 53 289
660 49 291
655 47 298
651 48 301
653 49 298
646 51 303
641 57 302
637 54 309
624 65 311
625 64 311
611 70 319
604 68 328
603 63 334
613 59 328
609 55 336
609 54 337
614 45 341
615 45 340
615 43 342
621 45 334
620 45 335
631 42 327
635 41 324
632 43 325
629 44 327
623 42 335
621 43 336
616 43 341
615 40 345
613 42 345
612 34 354
612 36 352
614 34 352
610 37 353
608 36 356
610 36 354
611 34 355
611 33 356
617 30 353
616 28 356
614 27 359
621 30 349
624 31 345
628 29 343
627 29 344
630 34 336
632 33 335
632 31 337
629 27 344
630 28 342
631 28 341
635 27 338
643 27 330
647 25 328
652 22 326
654 28 318
652 31 317
655 26 319
656 26 318
659 23 318
664 20 316
666 18 316
673 17 310
677 18 305
681 13 306
684 9 307
686 9 305
694 8 298
694 12 294
696 14 290
697 15 288
702 16 282
704 14 282
701 18 281
701 17 282
703 13 284
702 14 284
706 13 281
710 15 275
707 16 277
707 15 278
706 18 276
712 18 270
713 21 266
711 22 267
712 23 265
713 26 261
703 33 264
704 28 268
703 26 271
705 22 273
703 24 273
703 23 274
703 23 274
707 22 271
708 25 267
711 29 260
710 29 261
717 25 258
719 25 256
720 27 253
721 26 253
725 21 254
728 18 254
732 19 249
739 15 246
739 15 246
735 19 246
739 18 243
739 20 241
738 21 241
744 15 241
743 17 240
745 17 238
748 14 238
748 14 238
748 15 237
750 13 237
750 16 234
749 19 232
748 21 231
749 20 231
755 14 231
758 17 225
761 17 222
765 16 219
762 23 215
765 23 212
761 25 214
758 23 219
758 28 214
752 31 217
752 30 218
747 33 220
746 32 222
744 31 225
746 32 222
745 35 220
741 36 223
744 27 229
740 29 231
738 26 236
741 23 236
744 24 232
742 26 232
744 26 230
749 23 228
753 22 225
753 21 226
752 22 226
753 23 224
757 24 219
758 25 217
756 28 216
758 28 214
753 31 216
753 35 212
750 34 216
753 36 211
748 39 213
744 36 220
744 36 220
736 42 222
735 40 225
732 42 226
734 40 226
726 46 228
718 48 234
714 48 238
710 47 243
705 44 251
701 47 252
695 54 251
693 51 256
690 48 262
687 43 270
688 40 272
689 41 270
685 45 270
686 43 271
683 44 273
682 50 268
676 53 271
676 48 276
674 42 284
677 43 280
673 46 281
673 47 280
670 47 283
669 41 290
662 44 294
653 50 297
645 57 298
645 53 302
639 51 310
635 44 321
630 44 326
627 45 328
626 46 328
626 41 333
628 39 333
625 38 337
620 46 334
615 47 338
612 49 339
609 54 337
604 54 342
602 51 347
597 54 349
597 45 358
594 44 362
596 39 365
597 37 366
593 39 368
593 43 364
587 51 362
582 55 363
584 55 361
586 45 369
582 42 376
585 43 372
589 45 366
581 50 369
582 46 372
580 43 377
575 42 383
579 42 379
581 42 377
582 44 374
581 45 374
591 38 371
594 34 372
598 34 368
605 33 362
605 36 359
606 35 359
606 34 360
612 30 358
607 30 363
608 27 365
614 27 359
618 28 354
616 26 358
615 24 361
616 29 355
623 30 347
625 29 346
629 30 341
634 29 337
635 30 335
641 29 330
642 30 328
643 31 326
637 36 327
640 33 327
639 36 325
642 38 320
642 40 318
642 39 319
643 37 320
638 37 325
636 33 331
639 28 333
637 23 340
638 25 337
645 20 335
649 19 332
651 18 331
656 17 327
659 18 323
659 18 323
665 20 315
672 21 307
674 23 303
679 22 299
685 18 297
688 17 295
692 18 290
692 17 291
696 18 286
701 18 281
703 14 283
711 11 278
715 9 276
722 9 269
725 11 264
726 14 260
730 12 258
736 13 251
736 15 249
742 14 244
745 14 241
745 17 238
747 16 237
742 19 239
742 22 236
737 24 239
737 21 242
741 17 242
745 22 233
752 25 223
757 26 217
761 27 212
761 26 213
759 24 217
760 24 216
757 25 218
755 28 217
754 33 213
755 26 219
754 25 221
751 25 224
754 22 224
755 24 221
755 23 222
755 22 223
755 21 224
757 18 225
760 14 226
762 13 225
762 14 224
764 17 219
767 17 216
768 21 211
772 19 209
774 21 205
776 24 200
778 19 203
778 20 202
774 22 204
774 23 203
771 23 206
766 24 210
767 24 209
768 21 211
761 27 212
752 29 219
743 35 222
735 42 223
737 43 220
738 42 220
735 36 229
734 37 229
736 38 226
733 37 230
727 39 234
725 37 238
723 39 238
720 45 235
713 50 237
705 57 238
706 53 241
703 52 245
703 52 245
699 46 255
693 49 258
692 43 265
690 44 266
686 46 268
686 44 270
688 44 268
685 42 273
680 41 279
676 42 282
676 41 283
677 38 285
671 39 290
671 45 284
668 45 287
664 45 291
661 45 294
662 44 294
655 52 293
657 49 294
655 46 299
655 45 300
654 47 299
649 49 302
647 54 299
648 51 301
649 50 301
647 53 300
648 53 299
648 50 302
641 54 305
645 50 305
646 48 306
647 44 309
647 45 308
649 40 311
646 48 306
649 41 310
653 41 306
656 37 307
660 38 302
658 40 302
656 40 304
656 40 304
649 38 313
641 46 313
641 44 315
638 45 317
634 49 317
632 48 320
633 48 319
636 43 321
635 44 321
634 40 326
634 41 325
631 42 327
626 40 334
628 40 332
628 37 335
630 39 331
630 37 333
627 40 333
634 38 328
637 34 329
632 38 330
631 33 336
634 26 340
639 25 336
644 25 331
645 27 328
646 24 330
646 21 333
649 21 330
651 21 328
652 23 325
652 23 325
654 25 321
657 26 317
660 23 317
664 26 310
666 28 306
665 31 304
662 35 303
664 30 306
662 37 301
666 37 297
667 33 300
663 34 303
658 36 306
662 32 306
666 31 303
669 23 308
671 22 307
678 20 302
681 17 302
678 24 298
680 28 292
675 23 302
676 26 298
670 29 301
665 30 305
665 31 304
663 34 303
663 36 301
656 41 303
654 41 305
644 38 318
644 38 318
646 37 317
644 38 318
641 43 316
643 38 319
636 42 322
636 37 327
630 43 327
630 45 325
635 41 324
633 39 328
633 41 326
630 41 329
628 45 327
625 44 331
627 39 334
623 42 335
622 40 338
622 45 333
620 47 333
615 47 338
615 47 338
615 42 343
620 35 345
617 35 348
618 36 346
622 33 345
630 29 341
631 30 339
633 28 339
633 32 335
629 36 335
630 32 338
632 33 335
635 31 334
636 31 333
641 29 330
645 23 332
648 25 327
649 30 321
651 31 318
646 38 316
646 36 318
646 39 315
645 43 312
643 40 317
643 36 321
643 33 324
642 32 326
644 32 324
648 32 320
652 28 320
657 25 318
657 23 320
654 25 321
651 26 323
651 26 323
650 31 319
654 26 320
650 27 323
648 28 324
649 26 325
652 27 321
659 22 319
663 17 320
666 17 317
673 13 314
679 14 307
680 17 303
684 17 299
692 14 294
695 13 292
698 17 285
698 18 284
703 16 281
712 14 274
712 17 271
713 21 266
711 21 268
710 22 268
713 24 263
714 26 260
711 27 262
711 25 264
709 26 265
708 23 269
711 20 269
714 19 267
716 17 267
713 20 267
711 21 268
708 25 267
705 29 266
705 26 269
705 26 269
702 31 267
698 37 265
695 36 269
697 37 266
705 38 257
706 37 257
706 36 258
703 36 261
703 36 261
703 41 256
703 38 259
702 39 259
699 37 264
699 37 264
696 39 265
690 43 267
679 49 272
677 42 281
674 46 280
672 38 290
669 35 296
667 37 296
666 39 295
659 41 300
652 45 303
645 55 300
641 49 310
632 54 314
624 57 319
622 57 321
615 55 330
616 48 336
621 45 334
616 50 334
613 53 334
612 54 334
612 48 340
609 48 343
608 47 345
615 42 343
616 43 341
621 43 336
623 44 333
625 42 333
623 36 341
622 32 346
623 29 348
620 31 349
618 29 353
618 27 355
620 27 353
622 28 350
621 28 351
616 31 353
614 33 353
616 27 357
618 23 359
622 24 354
622 26 352
625 29 346
630 23 347
636 24 340
637 28 335
637 26 337
635 28 337
636 24 340
641 20 339
643 20 337
646 21 333
653 19 328
656 21 323
659 17 324
666 17 317
662 22 316
666 20 314
660 27 313
665 27 308
664 28 308
668 25 307
671 24 305
671 27 302
669 34 297
665 34 301
666 35 299
664 38 298
662 35 303
664 37 299
664 32 304
671 28 301
672 26 302
670 27 303
670 29 301
672 22 306
671 24 305
674 27 299
676 25 299
681 26 293
684 25 291
680 26 294
684 20 296
684 19 297
686 17 297
684 19 297
687 19 294
682 21 297
683 23 294
684 22 294
687 22 291
689 23 288
689 26 285
687 26 287
684 31 285
686 29 285
680 31 289
684 33 283
691 29 280
691 28 281
688 26 286
687 25 288
684 31 285
680 26 294
682 30 288
675 33 292
664 42 294
663 43 294
654 48 298
652 45 303
645 48 307
639 47 314
629 50 321
621 53 326
618 53 329
619 46 335
612 52 336
611 52 337
608 55 337
610 51 339
609 48 343
610 46 344
613 39 348
613 41 346
