1000 0 0
999 1 0
999 1 0
994 6 0
991 7 2
979 16 5
970 23 7
960 32 8
941 44 15
928 47 25
911 55 34
888 73 39
860 85 55
838 92 70
821 89 90
806 88 106
789 97 114
773 89 138
751 93 156
738 91 171
724 97 179
710 105 185
697 108 195
691 101 208
679 98 223
663 105 232
650 102 248
638 104 258
631 100 269
622 99 279
613 93 294
609 84 307
604 81 315
598 77 325
590 77 333
587 80 333
580 80 340
580 77 343
575 75 350
573 70 357
563 73 364
553 71 376
550 71 379
549 71 380
551 65 384
555 53 392
554 51 395
555 50 395
559 49 392
565 49 386
566 46 388
570 46 384
577 45 378
577 42 381
578 42 380
585 39 376
586 35 379
586 36 378
591 35 374
594 30 376
599 24 377
599 23 378
604 21 375
607 23 370
616 21 363
620 24 356
625 26 349
626 26 348
626 23 351
625 23 352
623 24 353
628 30 342
634 28 338
639 23 338
647 22 331
653 19 328
648 23 329
649 24 327
649 22 329
655 20 325
660 19 321
664 22 314
664 22 314
671 25 304
670 25 305
674 19 307
674 20 306
679 15 306
686 13 301
688 13 299
694 8 298
696 7 297
697 9 294
697 13 290
702 8 290
701 11 288
700 12 288
702 13 285
704 14 282
704 16 280
703 14 283
705 17 278
704 16 280
701 20 279
701 23 276
697 25 278
693 21 286
690 19 291
691 22 287
689 20 291
693 17 290
697 17 286
699 17 284
699 21 280
702 26 272
702 24 274
705 26 269
702 27 271
697 27 276
694 26 280
695 26 279
699 24 277
696 26 278
697 26 277
696 27 277
698 21 281
699 14 287
699 15 286
700 16 284
699 15 286
701 17 282
703 15 282
700 21 279
703 17 280
704 16 280
705 18 277
706 23 271
704 21 275
704 21 275
704 24 272
703 25 272
707 24 269
709 25 266
708 31 261
702 37 261
695 40 265
701 36 263
704 29 267
707 26 267
708 28 264
704 33 263
705 37 258
702 37 261
702 38 260
701 40 259
704 36 260
696 36 268
693 40 267
690 36 274
690 28 282
692 30 278
690 29 281
692 28 280
691 30 279
693 27 280
690 31 279
687 33 280
686 31 283
684 29 287
681 34 285
679 36 285
678 34 288
680 30 290
687 32 281
689 34 277
690 32 278
692 30 278
690 32 278
684 37 279
678 45 277
681 44 275
673 48 279
671 54 275
671 49 280
666 50 284
659 52 289
650 52 298
653 49 298
653 46 301
651 48 301
647 48 305
646 45 309
646 44 310
645 44 311
642 41 317
645 38 317
643 40 317
641 43 316
639 41 320
638 42 320
640 39 321
639 36 325
640 29 331
648 28 324
646 28 326
653 28 319
655 29 316
651 28 321
652 27 321
647 35 318
644 35 321
641 40 319
635 41 324
642 40 318
647 37 316
647 34 319
649 33 318
646 32 322
644 38 318
641 43 316
638 40 322
639 42 319
639 41 320
642 40 318
648 33 319
641 38 321
643 38 319
642 37 321
636 39 325
635 35 330
639 31 330
645 31 324
650 25 325
659 21 320
657 23 320
653 24 323
657 24 319
654 32 314
654 30 316
658 29 313
660 27 313
661 31 308
659 30 311
655 34 311
656 33 311
661 32 307
662 30 308
662 30 308
659 33 308
665 31 304
664 32 304
671 29 300
669 32 299
669 31 300
667 30 303
664 30 306
663 30 307
665 32 303
670 30 300
668 34 298
673 32 295
675 29 296
673 29 298
669 31 300
672 32 296
672 29 299
669 33 298
665 35 300
658 40 302
659 42 299
656 44 300
647 46 307
646 45 309
638 51 311
634 59 307
639 53 308
641 54 305
640 54 306
635 50 315
636 50 314
643 43 314
647 46 307
651 49 300
653 48 299
653 45 302
657 36 307
658 36 306
655 39 306
650 42 308
654 41 305
652 40 308
648 45 307
646 41 313
645 39 316
646 39 315
644 42 314
644 42 314
640 43 317
645 37 318
645 33 322
640 34 326
639 37 324
638 34 328
642 37 321
643 37 320
648 31 321
652 27 321
655 26 319
655 25 320
656 26 318
662 25 313
667 24 309
666 26 308
665 26 309
666 25 309
671 21 308
668 27 305
670 27 303
670 28 302
674 30 296
679 26 295
682 25 293
682 28 290
682 30 288
683 27 290
687 23 290
690 18 292
694 20 286
696 22 282
696 27 277
699 22 279
699 24 277
703 22 275
699 29 272
702 25 273
703 28 269
707 23 270
705 25 270
705 23 272
706 25 269
709 26 265
709 26 265
709 29 262
713 31 256
713 30 257
716 27 257
716 30 254
717 25 258
720 27 253
722 24 254
719 22 259
722 22 256
727 21 252
720 23 257
720 24 256
718 25 257
724 20 256
727 18 255
732 17 251
735 14 251
735 16 249
739 16 245
739 13 248
743 12 245
748 11 241
749 15 236
752 15 233
754 14 232
755 12 233
756 10 234
757 14 229
761 13 226
762 13 225
764 14 222
767 13 220
768 14 218
767 17 216
771 14 215
770 19 211
770 21 209
769 21 210
766 22 212
760 24 216
757 23 220
757 24 219
759 25 216
756 28 216
754 32 214
745 35 220
736 40 224
730 37 233
732 39 229
732 36 232
730 36 234
730 36 234
729 34 237
731 36 233
725 43 232
724 39 237
720 39 241
708 46 246
702 47 251
698 58 244
690 54 256
686 47 267
672 57 271
667 59 274
666 50 284
660 52 288
657 54 289
652 50 298
656 41 303
652 37 311
656 35 309
656 33 311
656 33 311
661 26 313
666 23 311
674 20 306
675 20 305
673 23 304
681 18 301
688 17 295
695 15 290
700 15 285
698 19 283
707 18 275
717 17 266
717 15 268
719 16 265
721 13 266
726 12 262
729 8 263
731 7 262
730 10 260
734 9 257
734 9 257
737 9 254
739 10 251
742 8 250
747 7 246
755 7 238
760 9 231
761 8 231
765 9 226
771 7 222
773 8 219
775 6 219
784 3 213
792 5 203
794 4 202
792 5 203
795 5 200
794 7 199
795 7 198
796 11 193
794 15 191
796 14 190
796 14 190
793 16 191
797 12 191
799 13 188
796 16 188
795 17 188
797 12 191
796 14 190
793 20 187
791 22 187
782 27 191
783 25 192
781 26 193
781 27 192
773 33 194
769 32 199
764 34 202
760 30 210
756 29 215
757 27 216
755 26 219
758 24 218
757 26 217
751 32 217
749 36 215
748 36 216
742 36 222
742 36 222
739 40 221
737 41 222
732 40 228
730 37 233
731 36 233
727 39 234
720 41 239
714 43 243
709 43 248
703 52 245
691 53 256
684 56 260
679 58 263
670 60 270
661 66 273
658 58 284
647 63 290
635 61 304
632 59 309
627 67 306
608 78 314
595 85 320
588 84 328
578 78 344
576 65 359
577 54 369
570 58 372
573 52 375
572 52 376
575 45 380
571 47 382
573 45 382
566 45 389
566 39 395
570 39 391
570 38 392
574 43 383
577 45 378
578 44 378
581 34 385
592 35 373
598 34 368
600 28 372
605 28 367
609 25 366
614 24 362
615 26 359
618 23 359
620 23 357
624 24 352
624 27 349
629 24 347
635 19 346
641 15 344
649 15 336
652 16 332
661 14 325
665 12 323
668 11 321
667 11 322
677 8 315
678 6 316
680 5 315
684 4 312
693 4 303
696 3 301
702 4 294
708 6 286
714 7 279
716 4 280
718 4 278
723 5 272
724 8 268
724 8 268
724 12 264
726 11 263
725 11 264
733 10 257
733 11 256
734 13 253
741 14 245
745 15 240
747 19 234
744 25 231
742 23 235
744 23 233
746 21 233
746 20 234
748 17 235
751 15 234
753 14 233
753 15 232
753 13 234
757 12 231
759 13 228
762 12 226
758 17 225
756 18 226
752 22 226
749 23 228
753 27 220
754 27 219
755 26 219
754 25 221
753 29 218
749 30 221
742 34 224
738 37 225
738 33 229
738 30 232
734 32 234
732 32 236
730 31 239
722 33 245
719 34 247
710 42 248
699 50 251
697 50 253
701 44 255
694 50 256
693 48 259
688 45 267
678 50 272
673 50 277
669 54 277
662 56 282
657 58 285
650 56 294
651 48 301
647 46 307
641 49 310
638 48 314
627 48 325
626 43 331
626 46 328
629 47 324
625 53 322
624 49 327
624 49 327
629 43 328
624 43 333
626 40 334
634 39 327
636 43 321
635 50 315
632 54 314
625 52 323
628 48 324
619 53 328
619 50 331
619 45 336
619 41 340
624 40 336
621 45 334
623 42 335
623 41 336
623 41 336
627 41 332
634 35 331
634 33 333
635 36 329
633 36 331
629 37 334
631 35 334
635 27 338
634 21 345
640 21 339
642 22 336
643 20 337
652 19 329
654 25 321
652 28 320
650 31 319
652 32 316
655 29 316
655 32 313
663 25 312
665 23 312
665 23 312
668 22 310
669 21 310
674 23 303
675 23 302
680 24 296
671 28 301
678 29 293
672 33 295
673 32 295
674 33 293
678 31 291
679 35 286
674 37 289
671 39 290
667 35 298
663 35 302
665 34 301
664 28 308
660 28 312
656 30 314
658 28 314
656 26 318
659 25 316
657 25 318
655 26 319
659 26 315
657 29 314
654 30 316
655 31 314
650 34 316
646 35 319
642 34 324
647 32 321
649 27 324
645 27 328
642 32 326
650 31 319
650 30 320
660 28 312
665 26 309
670 22 308
673 24 303
673 21 306
672 22 306
674 25 301
673 29 298
679 23 298
683 21 296
682 25 293
684 26 290
694 20 286
700 18 282
700 18 282
703 17 280
710 16 274
716 14 270
720 12 268
726 12 262
728 14 258
728 11 261
725 17 258
723 18 259
721 20 259
719 17 264
716 16 268
715 21 264
715 25 260
714 26 260
712 28 260
711 29 260
718 27 255
714 24 262
714 25 261
711 32 257
711 29 260
711 29 260
708 34 258
712 35 253
709 34 257
709 36 255
706 32 262
707 31 262
708 32 260
706 34 260
704 35 261
700 35 265
700 34 266
692 41 267
693 39 268
692 39 269
688 40 272
689 35 276
688 33 279
688 35 277
686 38 276
683 40 277
684 33 283
685 32 283
685 38 277
679 44 277
675 46 279
673 43 284
666 46 288
663 47 290
663 48 289
664 50 286
663 48 289
649 56 295
650 53 297
650 52 298
650 47 303
648 45 307
645 46 309
639 49 312
639 45 316
632 50 318
635 41 324
632 37 331
636 34 330
638 37 325
636 34 330
635 37 328
630 39 331
633 29 338
630 32 338
636 28 336
639 29 332
643 31 326
648 30 322
649 30 321
650 27 323
644 31 325
646 31 323
647 28 325
647 31 322
653 29 318
655 31 314
661 32 307
654 38 308
656 31 313
657 30 313
655 32 313
660 32 308
664 28 308
654 34 312
656 33 311
654 36 310
644 43 313
646 42 312
643 36 321
643 36 321
644 37 319
651 38 311
647 39 314
643 41 316
646 41 313
637 45 318
633 44 323
627 46 327
623 47 330
621 46 333
624 45 331
624 42 334
624 37 339
620 35 345
620 31 349
622 29 349
628 24 348
635 21 344
640 19 341
637 24 339
639 22 339
641 19 340
644 18 338
648 18 334
650 19 331
660 17 323
654 23 323
660 25 315
659 27 314
658 29 313
661 28 311
659 29 312
656 32 312
657 28 315
660 27 313
659 25 316
663 24 313
664 24 312
663 27 310
658 33 309
657 35 308
654 41 305
654 38 308
648 41 311
649 40 311
645 44 311
646 43 311
646 41 313
642 44 314
645 39 316
652 37 311
650 36 314
654 39 307
653 35 312
650 35 315
649 35 316
647 42 311
649 41 310
643 42 315
636 47 317
632 48 320
628 46 326
626 49 325
631 45 324
633 50 317
634 48 318
637 45 318
637 48 315
639 49 312
639 44 317
638 38 324
637 37 326
639 35 326
641 32 327
642 30 328
640 28 332
642 27 331
647 26 327
645 32 323
646 35 319
650 27 323
645 27 328
647 20 333
651 16 333
658 15 327
656 17 327
659 14 327
662 11 327
667 10 323
672 10 318
676 9 315
676 8 316
684 9 307
686 10 304
689 10 301
693 11 296
696 12 292
698 12 290
702 11 287
702 13 285
709 12 279
717 9 274
720 6 274
725 4 271
728 5 267
732 4 264
734 4 262
735 4 261
741 5 254
744 7 249
746 6 248
749 7 244
752 9 239
750 11 239
752 9 239
752 10 238
756 8 236
757 8 235
754 13 233
757 14 229
757 17 226
754 22 224
752 24 224
747 29 224
743 27 230
739 25 236
731 31 238
726 31 243
725 30 245
718 37 245
705 47 248
698 45 257
698 46 256
693 54 253
685 49 266
679 51 270
675 48 277
670 51 279
670 46 284
665 40 295
662 38 300
658 36 306
663 33 304
663 33 304
663 36 301
653 45 302
650 41 309
652 38 310
655 33 312
654 36 310
645 46 309
642 48 310
647 49 304
651 48 301
645 52 303
647 48 305
641 49 310
644 44 312
641 45 314
636 44 320
632 47 321
635 44 321
627 43 330
627 42 331
628 38 334
637 40 323
641 40 319
647 41 312
655 37 308
654 37 309
660 33 307
659 34 307
665 30 305
662 29 309
663 29 308
664 30 306
667 28 305
668 27 305
665 25 310
667 24 309
667 26 307
664 24 312
668 25 307
671 20 309
675 20 305
