394
893
517
146
656
163
876
292
480
103
947
540
573
461
896
753
493
597
727
615
135
74
641
345
459
718
59
929
805
795
239
197
179
875
507
773
554
868
143
51
909
88
150
241
644
610
80
385
982
374
676
185
383
668
563
546
534
996
371
210
963
567
235
164
393
423
449
520
93
354
417
962
487
214
455
938
992
772
427
552
814
588
343
703
672
255
234
683
91
171
930
645
739
125
590
466
84
369
325
593
463
202
92
204
555
313
212
541
622
716
485
490
711
499
40
156
608
690
549
186
27
298
55
654
157
441
510
576
