745
607
520
948
570
65
996
393
208
298
958
450
424
706
691
307
411
818
903
849
418
316
817
196
892
468
11
907
858
131
748
515
400
24
787
479
244
185
507
661
920
862
573
72
243
694
211
484
181
797
814
569
579
54
525
566
309
616
296
721
370
242
415
838
868
888
304
930
845
109
22
806
695
547
377
540
720
798
918
148
554
231
14
974
465
346
490
594
456
227
86
57
832
567
844
247
530
699
152
23
315
647
605
435
149
367
731
976
434
989
759
535
698
74
203
843
604
275
956
169
182
926
130
600
645
278
251
375
