995 5 0
995 5 0
995 4 1
993 6 1
990 9 1
986 12 2
981 16 3
977 18 5
970 22 8
949 35 16
930 49 21
903 69 28
881 78 41
860 85 55
844 83 73
818 94 88
799 101 100
780 106 114
761 113 126
725 137 138
702 144 154
673 153 174
645 166 189
622 168 210
601 168 231
570 179 251
566 169 265
547 171 282
535 164 301
513 163 324
505 155 340
493 146 361
490 118 392
489 108 403
488 100 412
490 91 419
493 89 418
494 81 425
492 76 432
491 66 443
497 62 441
506 58 436
503 52 445
505 45 450
502 48 450
508 46 446
510 44 446
513 41 446
512 41 447
512 46 442
518 44 438
516 42 442
517 42 441
518 42 440
522 46 432
519 46 435
517 47 436
520 46 434
519 48 433
521 45 434
518 50 432
514 49 437
511 45 444
518 44 438
517 42 441
522 38 440
527 39 434
526 37 437
530 36 434
533 41 426
532 37 431
534 34 432
535 30 435
541 28 431
543 24 433
548 23 429
553 22 425
562 21 417
570 19 411
570 20 410
576 20 404
581 19 400
592 18 390
593 16 391
596 12 392
607 10 383
616 9 375
616 10 374
620 12 368
621 12 367
624 10 366
630 7 363
633 5 362
639 5 356
643 6 351
647 7 346
650 7 343
659 6 335
664 6 330
673 6 321
677 6 317
685 5 310
686 5 309
690 5 305
693 5 302
701 5 294
705 3 292
710 3 287
715 2 283
722 3 275
729 3 268
735 3 262
738 2 260
741 3 256
744 4 252
751 4 245
751 9 240
750 13 237
744 18 238
733 30 237
726 37 237
719 41 240
711 48 241
709 48 243
697 61 242
685 72 243
675 82 243
666 77 257
659 75 266
648 74 278
636 77 287
632 74 294
630 71 299
621 73 306
620 66 314
617 69 314
616 58 326
613 59 328
611 59 330
604 63 333
602 62 336
594 67 339
591 66 343
593 57 350
602 55 343
602 48 350
600 46 354
604 44 352
597 46 357
596 48 356
598 47 355
596 43 361
596 44 360
597 44 359
599 45 356
599 44 357
600 40 360
600 44 356
598 46 356
586 53 361
577 56 367
569 63 368
562 68 370
562 69 369
560 68 372
547 76 377
542 73 385
541 71 388
534 76 390
530 74 396
524 70 406
528 72 400
526 66 408
519 65 416
515 68 417
517 61 422
523 53 424
524 46 430
527 49 424
532 43 425
542 37 421
546 37 417
548 33 419
553 28 419
560 28 412
565 25 410
566 23 411
563 28 409
564 29 407
565 25 410
569 23 408
577 19 404
582 17 401
587 13 400
596 12 392
601 12 387
606 12 382
608 15 377
612 14 374
615 14 371
617 17 366
617 19 364
617 20 363
617 22 361
617 24 359
625 21 354
631 20 349
641 20 339
643 17 340
641 14 345
644 14 342
645 15 340
648 15 337
652 15 333
656 17 327
657 17 326
661 15 324
666 13 321
672 10 318
675 11 314
681 8 311
686 10 304
687 11 302
694 8 298
698 8 294
702 8 290
702 12 286
703 14 283
702 18 280
700 21 279
703 20 277
708 19 273
711 18 271
714 18 268
715 22 263
712 27 261
706 32 262
701 34 265
696 40 264
684 50 266
674 56 270
664 64 272
655 71 274
647 69 284
639 72 289
627 71 302
622 72 306
612 70 318
603 74 323
593 69 338
588 66 346
590 63 347
587 60 353
575 68 357
570 66 364
579 58 363
577 53 370
586 50 364
589 50 361
593 45 362
597 41 362
598 38 364
596 38 366
597 35 368
599 33 368
599 36 365
605 36 359
604 34 362
608 34 358
609 28 363
608 27 365
612 25 363
612 29 359
619 25 356
626 23 351
630 20 350
633 21 346
640 18 342
639 20 341
647 21 332
644 26 330
649 26 325
654 21 325
659 21 320
658 23 319
654 26 320
657 25 318
656 24 320
667 22 311
667 20 313
669 21 310
669 21 310
672 17 311
673 19 308
676 20 304
676 24 300
678 21 301
679 22 299
677 23 300
680 23 297
688 24 288
687 24 289
691 21 288
693 22 285
694 22 284
690 25 285
690 29 281
687 30 283
685 32 283
688 34 278
691 32 277
689 33 278
679 40 281
670 49 281
665 54 281
658 57 285
652 63 285
647 64 289
646 58 296
646 58 296
643 60 297
637 61 302
629 67 304
625 69 306
622 68 310
620 60 320
623 61 316
627 56 317
621 64 315
621 59 320
624 57 319
621 55 324
621 49 330
621 49 330
620 48 332
620 40 340
625 41 334
624 38 338
629 35 336
624 40 336
623 40 337
618 43 339
618 44 338
608 49 343
600 55 345
595 54 351
596 55 349
591 53 356
583 53 364
580 57 363
577 59 364
574 54 372
574 53 373
570 60 370
571 57 372
573 53 374
573 56 371
567 58 375
556 63 381
559 58 383
560 52 388
558 49 393
561 50 389
561 46 393
561 43 396
559 44 397
566 39 395
569 39 392
573 40 387
578 36 386
586 32 382
586 29 385
590 25 385
588 27 385
586 28 386
590 25 385
595 22 383
601 21 378
608 19 373
612 20 368
618 16 366
621 18 361
628 15 357
631 13 356
635 6 359
642 5 353
648 3 349
656 3 341
661 2 337
665 3 332
668 3 329
671 3 326
674 3 323
677 4 319
684 5 311
684 5 311
685 6 309
688 5 307
693 6 301
700 7 293
705 6 289
710 8 282
713 9 278
716 11 273
716 10 274
717 11 272
718 10 272
722 7 271
726 6 268
728 8 264
730 8 262
735 8 257
742 9 249
745 11 244
745 13 242
748 12 240
753 16 231
749 19 232
750 19 231
749 17 234
748 18 234
744 21 235
740 20 240
733 28 239
730 33 237
727 31 242
724 33 243
718 39 243
708 43 249
693 57 250
677 65 258
667 70 263
664 67 269
661 65 274
648 75 277
636 80 284
630 80 290
624 82 294
616 86 298
614 83 303
611 82 307
604 78 318
600 78 322
600 68 332
594 74 332
595 69 336
589 69 342
582 73 345
584 73 343
574 80 346
566 79 355
564 80 356
556 75 369
541 83 376
535 84 381
528 86 386
524 83 393
521 80 399
520 72 408
524 68 408
521 69 410
521 70 409
524 64 412
525 56 419
527 53 420
524 51 425
527 41 432
536 35 429
543 34 423
551 29 420
550 34 416
553 33 414
563 31 406
564 32 404
564 30 406
567 31 402
565 31 404
573 27 400
576 24 400
583 26 391
587 25 388
592 21 387
602 21 377
607 13 380
612 13 375
622 8 370
628 5 367
632 8 360
637 9 354
639 9 352
648 8 344
652 7 341
658 6 336
663 5 332
663 7 330
668 7 325
673 5 322
682 4 314
688 3 309
690 4 306
702 3 295
707 2 291
710 3 287
714 4 282
719 4 277
726 5 269
730 5 265
736 6 258
738 6 256
742 5 253
744 5 251
748 5 247
748 7 245
751 8 241
752 12 236
749 12 239
750 14 236
752 14 234
750 15 235
748 20 232
754 18 228
751 23 226
750 24 226
748 28 224
746 31 223
750 28 222
751 26 223
751 22 227
749 25 226
751 26 223
755 24 221
754 26 220
753 21 226
747 27 226
743 31 226
739 35 226
733 35 232
728 36 236
731 36 233
730 32 238
732 27 241
731 29 240
727 28 245
725 28 247
724 26 250
728 24 248
728 27 245
728 28 244
727 40 233
722 38 240
723 37 240
724 33 243
722 30 248
726 29 245
728 27 245
729 26 245
731 23 246
726 23 251
729 23 248
729 22 249
726 24 250
726 26 248
720 33 247
720 38 242
723 36 241
721 35 244
723 35 242
722 39 239
721 41 238
714 43 243
706 48 246
704 47 249
702 45 253
700 46 254
684 54 262
681 59 260
680 58 262
670 58 272
667 62 271
665 61 274
656 65 279
653 63 284
643 68 289
644 66 290
631 73 296
625 78 297
619 75 306
609 77 314
604 77 319
594 76 330
588 75 337
587 72 341
582 70 348
570 81 349
566 79 355
559 84 357
555 82 363
553 76 371
551 71 378
560 55 385
563 54 383
562 55 383
563 53 384
568 47 385
569 44 387
573 36 391
577 29 394
582 25 393
582 23 395
587 23 390
596 17 387
601 18 381
603 20 377
609 23 368
610 23 367
608 30 362
616 29 355
618 28 354
620 25 355
625 24 351
624 25 351
626 22 352
627 23 350
623 27 350
617 28 355
610 40 350
603 44 353
592 50 358
583 58 359
580 50 370
587 44 369
588 36 376
590 37 373
595 38 367
598 38 364
601 34 365
595 38 367
597 38 365
598 42 360
599 41 360
603 34 363
604 31 365
602 37 361
600 43 357
603 46 351
604 38 358
608 35 357
615 34 351
612 36 352
604 37 359
603 42 355
605 42 353
604 44 352
603 46 351
601 45 354
591 52 357
592 51 357
593 47 360
591 44 365
593 40 367
599 39 362
605 38 357
601 36 363
604 33 363
611 30 359
618 27 355
621 27 352
628 25 347
628 22 350
635 22 343
640 21 339
642 24 334
647 25 328
650 19 331
651 20 329
649 25 326
655 25 320
644 35 321
642 41 317
642 45 313
645 44 311
640 45 315
637 44 319
626 49 325
612 52 336
612 56 332
606 66 328
603 63 334
595 65 340
589 63 348
588 67 345
583 64 353
578 58 364
577 61 362
572 59 369
572 54 374
570 50 380
569 51 380
560 59 381
560 66 374
558 62 380
565 55 380
564 56 380
568 52 380
574 43 383
576 38 386
578 34 388
580 37 383
583 34 383
585 36 379
584 35 381
588 31 381
590 27 383
594 25 381
596 22 382
600 21 379
608 21 371
613 19 368
625 17 358
627 20 353
627 22 351
630 21 349
634 23 343
626 29 345
627 28 345
628 25 347
628 25 347
632 25 343
632 22 346
635 21 344
638 21 341
644 21 335
640 19 341
639 19 342
641 19 340
641 19 340
651 21 328
650 23 327
649 26 325
648 26 326
652 32 316
654 28 318
661 25 314
658 25 317
654 31 315
654 32 314
657 30 313
657 30 313
651 36 313
636 48 316
634 56 310
632 54 314
628 60 312
619 64 317
615 63 322
616 61 323
609 65 326
608 66 326
612 60 328
600 69 331
595 68 337
594 67 339
587 70 343
578 67 355
575 66 359
578 58 364
574 55 371
577 48 375
577 44 379
579 42 379
585 35 380
589 34 377
591 27 382
591 28 381
600 27 373
600 27 373
604 26 370
605 25 370
600 29 371
605 26 369
612 27 361
613 29 358
618 33 349
623 28 349
629 23 348
632 25 343
635 24 341
636 26 338
641 27 332
642 26 332
643 27 330
648 26 326
648 25 327
648 23 329
651 23 326
654 21 325
654 20 326
656 19 325
658 16 326
662 17 321
669 17 314
673 17 310
681 16 303
686 13 301
691 8 301
694 7 299
702 7 291
708 10 282
712 11 277
713 13 274
712 14 274
713 18 269
708 21 271
711 22 267
712 21 267
710 26 264
706 26 268
697 37 266
688 42 270
678 51 271
671 58 271
668 49 283
665 49 286
658 47 295
663 42 295
655 48 297
649 51 300
651 44 305
646 41 313
643 43 314
646 40 314
644 40 316
642 40 318
639 40 321
636 41 323
638 44 318
638 46 316
638 47 315
629 55 316
619 53 328
617 49 334
614 51 335
611 51 338
608 52 340
614 46 340
611 45 344
612 49 339
621 44 335
617 45 338
620 37 343
621 33 346
617 32 351
616 33 351
614 37 349
613 36 351
609 39 352
607 38 355
604 40 356
603 42 355
600 42 358
593 46 361
591 46 363
583 55 362
583 51 366
581 45 374
580 44 376
587 38 375
582 40 378
579 43 378
585 39 376
588 33 379
591 31 378
592 29 379
592 29 379
591 29 380
588 29 383
588 34 378
593 37 370
592 39 369
591 37 372
597 35 368
602 35 363
605 32 363
602 31 367
601 33 366
602 28 370
606 28 366
607 32 361
612 27 361
612 25 363
612 29 359
616 29 355
616 28 356
617 28 355
616 31 353
614 35 351
613 30 357
608 34 358
600 39 361
598 42 360
598 39 363
598 36 366
597 40 363
606 40 354
594 47 359
589 41 370
591 39 370
587 38 375
582 38 380
582 41 377
583 36 381
580 41 379
581 40 379
582 40 378
583 33 384
582 33 385
582 30 388
589 27 384
585 26 389
584 25 391
589 26 385
595 28 377
594 34 372
589 41 370
590 44 366
588 46 366
576 52 372
572 56 372
562 63 375
557 65 378
555 62 383
557 61 382
558 53 389
563 52 385
562 49 389
575 44 381
584 40 376
591 38 371
596 33 371
595 38 367
590 38 372
590 42 368
589 41 370
591 36 373
592 41 367
589 43 368
592 42 366
595 29 376
598 30 372
597 28 375
601 31 368
604 26 370
606 26 368
613 25 362
613 23 364
615 19 366
622 14 364
627 13 360
631 12 357
635 8 357
644 9 347
648 8 344
652 10 338
656 10 334
653 13 334
661 10 329
667 8 325
672 7 321
676 7 317
682 5 313
687 2 311
691 4 305
695 4 301
698 4 298
703 4 293
709 4 287
711 4 285
713 5 282
712 6 282
719 7 274
720 7 273
723 7 270
730 6 264
734 7 259
739 9 252
743 11 246
746 10 244
746 10 244
746 11 243
747 9 244
748 8 244
750 7 243
752 6 242
754 6 240
759 6 235
761 6 233
762 6 232
763 4 233
768 4 228
768 7 225
772 8 220
