995 5 0
995 4 1
993 6 1
992 7 1
991 8 1
991 5 4
991 4 5
991 3 6
991 3 6
989 5 6
987 7 6
983 10 7
976 13 11
966 20 14
943 43 14
917 68 15
890 82 28
868 86 46
837 105 58
810 117 73
784 130 86
755 133 112
728 135 137
714 140 146
689 145 166
666 146 188
656 142 202
643 135 222
631 127 242
620 120 260
612 107 281
599 97 304
592 94 314
584 88 328
588 75 337
587 60 353
588 58 354
590 52 358
589 46 365
584 45 371
579 46 375
585 41 374
586 39 375
588 36 376
582 41 377
585 38 377
585 37 378
584 36 380
579 29 392
582 31 387
586 31 383
591 29 380
590 30 380
592 30 378
598 28 374
602 29 369
602 29 369
602 31 367
604 33 363
609 28 363
610 26 364
611 23 366
616 18 366
620 15 365
624 16 360
629 16 355
633 16 351
639 18 343
647 14 339
651 9 340
656 10 334
662 9 329
667 10 323
673 9 318
678 9 313
681 8 311
687 5 308
686 8 306
689 10 301
691 9 300
698 9 293
702 6 292
708 5 287
714 4 282
717 5 278
720 5 275
722 3 275
724 1 275
725 2 273
729 0 271
733 0 267
739 0 261
746 0 254
749 1 250
754 2 244
759 2 239
761 1 238
766 1 233
770 0 230
771 0 229
775 0 225
778 0 222
780 0 220
785 0 215
788 0 212
794 0 206
799 0 201
797 4 199
794 9 197
795 8 197
795 10 195
795 14 191
793 15 192
788 23 189
790 23 187
788 21 191
778 30 192
781 29 190
780 26 194
783 24 193
780 23 197
777 28 195
775 29 196
773 28 199
769 30 201
764 35 201
764 30 206
752 38 210
746 48 206
734 57 209
724 56 220
712 61 227
701 63 236
690 65 245
684 69 247
680 69 251
667 74 259
667 71 262
659 67 274
658 62 280
657 63 280
652 63 285
652 61 287
645 62 293
645 57 298
635 57 308
627 60 313
627 55 318
619 55 326
618 54 328
608 59 333
609 56 335
608 56 336
608 56 336
597 57 346
595 56 349
597 58 345
597 58 345
590 58 352
590 59 351
589 59 352
590 56 354
584 53 363
584 44 372
583 44 373
580 44 376
586 40 374
584 37 379
589 34 377
591 31 378
594 33 373
597 30 373
605 27 368
614 23 363
615 20 365
624 18 358
625 20 355
631 19 350
637 17 346
644 14 342
648 15 337
649 16 335
651 19 330
653 17 330
660 14 326
659 15 326
667 11 322
671 13 316
676 14 310
683 11 306
686 11 303
688 12 300
691 12 297
696 10 294
698 9 293
703 7 290
708 6 286
712 3 285
716 3 281
722 2 276
726 2 272
727 4 269
731 3 266
736 1 263
739 2 259
744 0 256
751 0 249
757 0 243
763 0 237
766 0 234
769 0 231
772 0 228
776 0 224
779 0 221
784 0 216
785 0 215
789 0 211
791 1 208
794 0 206
797 0 203
802 2 196
805 2 193
802 8 190
808 5 187
805 9 186
805 10 185
803 12 185
801 16 183
799 18 183
798 16 186
798 17 185
799 13 188
796 22 182
792 27 181
786 34 180
777 44 179
772 48 180
765 50 185
759 53 188
746 59 195
740 60 200
728 67 205
723 65 212
726 58 216
718 55 227
713 54 233
709 54 237
706 53 241
700 54 246
686 57 257
684 55 261
683 54 263
679 55 266
678 53 269
678 56 266
672 51 277
671 44 285
675 43 282
676 43 281
678 38 284
679 38 283
677 42 281
675 41 284
671 43 286
666 49 285
662 50 288
664 48 288
660 54 286
656 55 289
640 65 295
624 72 304
624 73 303
618 71 311
623 65 312
624 61 315
627 59 314
628 54 318
623 55 322
627 47 326
630 44 326
633 40 327
630 40 330
632 36 332
632 37 331
631 35 334
632 32 336
634 32 334
634 30 336
635 27 338
641 27 332
644 27 329
639 33 328
637 31 332
634 32 334
639 30 331
641 26 333
642 26 332
641 31 328
643 27 330
646 26 328
646 26 328
651 22 327
654 18 328
645 30 325
641 37 322
636 41 323
631 42 327
632 39 329
630 39 331
635 40 325
633 43 324
634 41 325
636 39 325
639 37 324
646 36 318
647 34 319
650 32 318
652 29 319
652 29 319
649 31 320
649 32 319
650 33 317
651 30 319
648 28 324
647 27 326
646 31 323
649 29 322
657 23 320
660 18 322
661 19 320
663 20 317
667 19 314
668 17 315
675 21 304
684 17 299
688 15 297
694 14 292
699 15 286
705 15 280
707 13 280
717 12 271
714 15 271
717 15 268
722 14 264
724 12 264
726 8 266
731 6 263
736 6 258
737 7 256
744 5 251
749 3 248
751 3 246
756 3 241
757 2 241
762 2 236
768 2 230
771 2 227
774 1 225
781 1 218
783 1 216
785 1 214
790 1 209
794 1 205
797 1 202
798 0 202
801 0 199
802 0 198
807 0 193
810 0 190
816 0 184
816 0 184
818 0 182
823 0 177
825 0 175
826 0 174
829 0 171
831 0 169
835 0 165
839 0 161
841 0 159
842 0 158
844 0 156
846 0 154
848 0 152
851 0 149
854 0 146
856 0 144
859 0 141
864 0 136
865 0 135
867 0 133
871 0 129
873 0 127
873 0 127
874 0 126
876 0 124
876 0 124
877 0 123
878 0 122
879 0 121
882 0 118
885 0 115
886 0 114
887 0 113
888 0 112
891 0 109
894 0 106
896 0 104
896 0 104
896 0 104
897 0 103
900 0 100
900 0 100
904 0 96
906 0 94
909 0 91
910 0 90
910 0 90
912 0 88
914 0 86
915 0 85
916 0 84
916 0 84
917 0 83
919 0 81
919 0 81
920 0 80
920 0 80
920 0 80
921 0 79
923 0 77
923 0 77
923 0 77
924 0 76
925 0 75
928 0 72
929 0 71
929 0 71
929 0 71
929 0 71
930 0 70
930 0 70
930 0 70
933 0 67
933 0 67
935 0 65
936 0 64
936 0 64
937 0 63
938 0 62
939 0 61
941 0 59
941 0 59
941 0 59
942 0 58
942 0 58
942 0 58
942 0 58
942 0 58
942 0 58
942 0 58
943 0 57
943 0 57
944 0 56
946 0 54
946 0 54
947 0 53
947 0 53
947 0 53
948 0 52
949 0 51
950 0 50
951 0 49
954 0 46
955 0 45
955 0 45
955 0 45
956 0 44
957 0 43
957 0 43
958 0 42
960 0 40
962 0 38
962 0 38
963 0 37
964 0 36
964 0 36
964 0 36
965 0 35
965 0 35
965 0 35
965 0 35
965 0 35
966 0 34
966 0 34
966 0 34
967 0 33
967 0 33
968 0 32
969 0 31
970 0 30
970 0 30
971 0 29
971 0 29
971 0 29
972 0 28
973 0 27
973 0 27
973 0 27
973 0 27
973 0 27
975 0 25
976 0 24
977 0 23
977 0 23
978 0 22
978 0 22
978 0 22
978 0 22
979 0 21
979 0 21
979 0 21
979 0 21
979 0 21
979 0 21
979 0 21
979 0 21
979 0 21
979 0 21
979 0 21
979 0 21
980 0 20
980 0 20
981 0 19
981 0 19
982 0 18
982 0 18
982 0 18
982 0 18
982 0 18
982 0 18
984 0 16
985 0 15
985 0 15
986 0 14
987 0 13
987 0 13
987 0 13
987 0 13
987 0 13
988 0 12
988 0 12
988 0 12
988 0 12
989 0 11
989 0 11
989 0 11
990 0 10
990 0 10
990 0 10
991 0 9
991 0 9
991 0 9
991 0 9
991 0 9
991 0 9
991 0 9
991 0 9
991 0 9
991 0 9
991 0 9
991 0 9
991 0 9
991 0 9
991 0 9
991 0 9
991 0 9
991 0 9
991 0 9
991 0 9
991 0 9
991 0 9
991 0 9
991 0 9
991 0 9
991 0 9
991 0 9
992 0 8
992 0 8
992 0 8
992 0 8
992 0 8
992 0 8
992 0 8
992 0 8
992 0 8
992 0 8
992 0 8
992 0 8
992 0 8
992 0 8
992 0 8
992 0 8
992 0 8
992 0 8
992 0 8
992 0 8
992 0 8
992 0 8
992 0 8
992 0 8
992 0 8
992 0 8
992 0 8
994 0 6
994 0 6
994 0 6
994 0 6
995 0 5
996 0 4
996 0 4
996 0 4
996 0 4
996 0 4
996 0 4
996 0 4
996 0 4
996 0 4
996 0 4
996 0 4
996 0 4
996 0 4
997 0 3
997 0 3
998 0 2
998 0 2
998 0 2
998 0 2
998 0 2
998 0 2
998 0 2
998 0 2
998 0 2
998 0 2
998 0 2
998 0 2
998 0 2
998 0 2
998 0 2
998 0 2
998 0 2
998 0 2
998 0 2
998 0 2
998 0 2
998 0 2
998 0 2
998 0 2
998 0 2
998 0 2
998 0 2
998 0 2
998 0 2
998 0 2
998 0 2
998 0 2
998 0 2
998 0 2
998 0 2
998 0 2
998 0 2
998 0 2
998 0 2
998 0 2
998 0 2
998 0 2
998 0 2
998 0 2
998 0 2
998 0 2
998 0 2
998 0 2
998 0 2
998 0 2
998 0 2
998 0 2
998 0 2
998 0 2
998 0 2
998 0 2
998 0 2
998 0 2
998 0 2
998 0 2
998 0 2
998 0 2
998 0 2
998 0 2
998 0 2
998 0 2
998 0 2
998 0 2
999 0 1
999 0 1
999 0 1
1000 0 0
1000 0 0
1000 0 0
1000 0 0
1000 0 0
1000 0 0
1000 0 0
1000 0 0
1000 0 0
1000 0 0
1000 0 0
1000 0 0
1000 0 0
1000 0 0
1000 0 0
1000 0 0
1000 0 0
1000 0 0
1000 0 0
1000 0 0
1000 0 0
1000 0 0
1000 0 0
1000 0 0
1000 0 0
1000 0 0
1000 0 0
1000 0 0
1000 0 0
1000 0 0
1000 0 0
1000 0 0
1000 0 0
1000 0 0
1000 0 0
1000 0 0
1000 0 0
1000 0 0
1000 0 0
1000 0 0
1000 0 0
1000 0 0
1000 0 0
1000 0 0
1000 0 0
1000 0 0
1000 0 0
1000 0 0
1000 0 0
1000 0 0
1000 0 0
1000 0 0
1000 0 0
1000 0 0
1000 0 0
1000 0 0
1000 0 0
1000 0 0
1000 0 0
1000 0 0
1000 0 0
1000 0 0
1000 0 0
1000 0 0
1000 0 0
1000 0 0
1000 0 0
1000 0 0
1000 0 0
1000 0 0
1000 0 0
1000 0 0
1000 0 0
1000 0 0
1000 0 0
1000 0 0
1000 0 0
1000 0 0
1000 0 0
1000 0 0
1000 0 0
1000 0 0
1000 0 0
1000 0 0
1000 0 0
1000 0 0
1000 0 0
1000 0 0
1000 0 0
1000 0 0
1000 0 0
1000 0 0
1000 0 0
1000 0 0
1000 0 0
1000 0 0
1000 0 0
1000 0 0
1000 0 0
1000 0 0
1000 0 0
1000 0 0
1000 0 0
1000 0 0
1000 0 0
1000 0 0
1000 0 0
1000 0 0
1000 0 0
1000 0 0
1000 0 0
1000 0 0
1000 0 0
1000 0 0
1000 0 0
1000 0 0
1000 0 0
1000 0 0
1000 0 0
1000 0 0
1000 0 0
1000 0 0
1000 0 0
1000 0 0
1000 0 0
1000 0 0
1000 0 0
1000 0 0
1000 0 0
1000 0 0
1000 0 0
1000 0 0
1000 0 0
1000 0 0
1000 0 0
1000 0 0
1000 0 0
1000 0 0
1000 0 0
1000 0 0
1000 0 0
1000 0 0
1000 0 0
1000 0 0
1000 0 0
1000 0 0
1000 0 0
1000 0 0
1000 0 0
1000 0 0
1000 0 0
1000 0 0
1000 0 0
1000 0 0
1000 0 0
1000 0 0
1000 0 0
1000 0 0
1000 0 0
1000 0 0
1000 0 0
1000 0 0
1000 0 0
1000 0 0
1000 0 0
1000 0 0
1000 0 0
1000 0 0
1000 0 0
1000 0 0
1000 0 0
1000 0 0
1000 0 0
1000 0 0
1000 0 0
1000 0 0
1000 0 0
1000 0 0
1000 0 0
1000 0 0
1000 0 0
1000 0 0
1000 0 0
1000 0 0
1000 0 0
1000 0 0
1000 0 0
1000 0 0
1000 0 0
1000 0 0
1000 0 0
1000 0 0
1000 0 0
1000 0 0
1000 0 0
1000 0 0
1000 0 0
1000 0 0
1000 0 0
1000 0 0
1000 0 0
1000 0 0
1000 0 0
1000 0 0
1000 0 0
1000 0 0
1000 0 0
1000 0 0
1000 0 0
1000 0 0
1000 0 0
1000 0 0
1000 0 0
1000 0 0
1000 0 0
1000 0 0
1000 0 0
1000 0 0
1000 0 0
1000 0 0
1000 0 0
1000 0 0
1000 0 0
1000 0 0
1000 0 0
1000 0 0
1000 0 0
1000 0 0
1000 0 0
1000 0 0
1000 0 0
1000 0 0
1000 0 0
1000 0 0
1000 0 0
1000 0 0
1000 0 0
1000 0 0
1000 0 0
1000 0 0
1000 0 0
1000 0 0
1000 0 0
1000 0 0
1000 0 0
1000 0 0
1000 0 0
1000 0 0
1000 0 0
1000 0 0
1000 0 0
1000 0 0
1000 0 0
1000 0 0
1000 0 0
1000 0 0
1000 0 0
1000 0 0
1000 0 0
1000 0 0
1000 0 0
1000 0 0
1000 0 0
1000 0 0
1000 0 0
1000 0 0
1000 0 0
1000 0 0
1000 0 0
1000 0 0
1000 0 0
1000 0 0
1000 0 0
1000 0 0
1000 0 0
1000 0 0
1000 0 0
1000 0 0
1000 0 0
1000 0 0
1000 0 0
1000 0 0
1000 0 0
1000 0 0
1000 0 0
1000 0 0
1000 0 0
1000 0 0
1000 0 0
1000 0 0
1000 0 0
1000 0 0
1000 0 0
1000 0 0
1000 0 0
1000 0 0
