1000 0 0
1000 0 0
1000 0 0
1000 0 0
1000 0 0
1000 0 0
999 0 1
999 0 1
999 0 1
1000 0 0
1000 0 0
999 1 0
999 1 0
992 6 2
985 10 5
979 13 8
970 19 11
959 24 17
945 34 21
926 49 25
905 61 34
887 68 45
856 88 56
825 102 73
802 108 90
786 110 104
774 116 110
750 109 141
737 113 150
723 114 163
712 110 178
698 110 192
684 100 216
673 95 232
665 85 250
654 84 262
647 87 266
642 76 282
633 72 295
629 69 302
624 68 308
625 62 313
620 58 322
614 62 324
608 69 323
607 68 325
607 65 328
605 61 334
595 61 344
593 61 346
590 55 355
588 54 358
587 56 357
589 53 358
593 55 352
598 50 352
596 50 354
602 38 360
601 37 362
598 38 364
599 41 360
598 38 364
604 35 361
597 36 367
597 36 367
598 35 367
602 31 367
602 27 371
601 30 369
604 26 370
608 30 362
610 35 355
609 36 355
616 32 352
621 31 348
627 26 347
634 23 343
634 22 344
638 23 339
644 22 334
650 21 329
650 19 331
655 18 327
658 21 321
662 19 319
667 19 314
672 19 309
675 16 309
678 16 306
684 18 298
690 13 297
691 14 295
697 15 288
698 17 285
700 16 284
704 12 284
705 11 284
712 12 276
714 11 275
720 8 272
723 10 267
722 14 264
727 10 263
730 10 260
733 9 258
737 9 254
740 9 251
743 10 247
746 10 244
747 11 242
747 12 241
753 9 238
757 8 235
758 6 236
758 8 234
764 5 231
766 6 228
767 5 228
776 5 219
774 10 216
768 16 216
765 19 216
760 23 217
762 23 215
758 29 213
750 37 213
739 50 211
735 53 212
726 57 217
708 69 223
699 69 232
695 69 236
682 81 237
675 73 252
664 78 258
649 78 273
642 76 282
642 72 286
636 70 294
632 71 297
624 74 302
621 72 307
615 69 316
610 66 324
602 66 332
606 55 339
606 57 337
608 57 335
591 60 349
588 57 355
591 56 353
592 53 355
596 49 355
601 40 359
606 36 358
606 35 359
610 38 352
610 35 355
613 38 349
612 42 346
609 44 347
610 41 349
615 32 353
621 31 348
624 28 348
621 28 351
623 30 347
626 30 344
625 30 345
632 29 339
636 27 337
644 23 333
646 26 328
641 29 330
643 32 325
646 25 329
649 27 324
647 29 324
644 28 328
649 24 327
648 27 325
649 27 324
650 30 320
650 30 320
649 28 323
652 27 321
654 28 318
656 26 318
661 24 315
668 24 308
667 23 310
673 17 310
677 14 309
685 9 306
687 10 303
690 8 302
696 9 295
701 9 290
710 6 284
713 5 282
716 5 279
716 6 278
719 4 277
726 4 270
731 4 265
737 5 258
742 6 252
744 6 250
749 6 245
755 5 240
755 6 239
759 8 233
762 11 227
766 11 223
767 14 219
770 13 217
772 14 214
772 15 213
772 16 212
770 19 211
768 22 210
761 28 211
753 37 210
750 37 213
745 38 217
740 39 221
736 44 220
726 45 229
712 55 233
699 66 235
675 82 243
662 86 252
655 89 256
641 87 272
623 98 279
614 103 283
598 111 291
587 108 305
577 101 322
569 104 327
562 100 338
565 87 348
564 79 357
565 76 359
573 64 363
581 54 365
579 51 370
585 46 369
592 42 366
600 39 361
607 34 359
605 39 356
607 36 357
606 38 356
612 36 352
614 34 352
616 35 349
617 37 346
619 36 345
622 36 342
618 37 345
624 37 339
621 39 340
629 40 331
623 37 340
626 35 339
625 37 338
623 38 339
616 46 338
616 46 338
616 45 339
619 45 336
622 44 334
625 38 337
625 36 339
627 30 343
634 28 338
634 30 336
633 32 335
628 35 337
630 34 336
635 34 331
632 36 332
634 32 334
641 31 328
638 33 329
641 30 329
640 27 333
645 27 328
646 28 326
642 33 325
643 34 323
645 36 319
645 34 321
642 41 317
642 42 316
640 43 317
636 47 317
638 38 324
638 40 322
635 39 326
630 40 330
633 43 324
631 44 325
630 46 324
625 43 332
624 39 337
632 38 330
633 36 331
635 35 330
634 34 332
635 29 336
631 30 339
636 25 339
642 24 334
639 29 332
634 34 332
641 31 328
639 33 328
640 33 327
642 30 328
644 27 329
649 22 329
656 21 323
659 17 324
661 18 321
667 15 318
668 16 316
671 14 315
674 12 314
678 9 313
676 14 310
678 13 309
680 12 308
683 14 303
685 16 299
686 18 296
690 12 298
694 8 298
695 8 297
696 7 297
701 6 293
701 6 293
707 5 288
710 6 284
717 5 278
722 4 274
723 2 275
725 1 274
728 1 271
731 1 268
732 0 268
738 0 262
742 0 258
745 0 255
751 0 249
758 0 242
760 0 240
760 0 240
761 0 239
763 0 237
766 0 234
768 0 232
774 0 226
775 0 225
776 0 224
782 0 218
789 0 211
795 0 205
798 0 202
805 0 195
806 0 194
809 0 191
814 0 186
822 0 178
826 0 174
828 0 172
832 0 168
833 0 167
838 0 162
840 0 160
840 0 160
842 0 158
845 0 155
849 0 151
851 0 149
855 0 145
856 0 144
857 0 143
860 0 140
861 0 139
861 0 139
865 0 135
867 0 133
868 0 132
871 0 129
876 0 124
877 0 123
880 0 120
886 0 114
888 0 112
891 0 109
892 0 108
893 0 107
896 0 104
896 0 104
899 0 101
901 0 99
902 0 98
903 0 97
905 0 95
906 0 94
908 0 92
908 0 92
911 0 89
913 0 87
914 0 86
914 0 86
918 0 82
919 0 81
920 0 80
921 0 79
923 0 77
924 0 76
924 0 76
925 0 75
927 0 73
929 0 71
931 0 69
932 0 68
933 0 67
936 0 64
936 0 64
937 0 63
938 0 62
941 0 59
942 0 58
943 0 57
946 0 54
947 0 53
949 0 51
950 0 50
951 0 49
952 0 48
954 0 46
955 0 45
955 0 45
956 0 44
956 0 44
957 0 43
957 0 43
958 0 42
958 0 42
960 0 40
960 0 40
960 0 40
960 0 40
960 0 40
960 0 40
960 0 40
960 0 40
960 0 40
960 0 40
960 0 40
960 0 40
961 0 39
962 0 38
963 0 37
963 0 37
963 0 37
963 0 37
963 0 37
964 0 36
964 0 36
964 0 36
964 0 36
965 0 35
966 0 34
966 0 34
966 0 34
966 0 34
966 0 34
966 0 34
966 0 34
968 0 32
968 0 32
968 0 32
968 0 32
968 0 32
968 0 32
968 0 32
968 0 32
968 0 32
970 0 30
970 0 30
972 0 28
972 0 28
972 0 28
972 0 28
972 0 28
972 0 28
972 0 28
973 0 27
973 0 27
974 0 26
974 0 26
975 0 25
975 0 25
977 0 23
978 0 22
978 0 22
978 0 22
978 0 22
978 0 22
978 0 22
978 0 22
978 0 22
978 0 22
980 0 20
981 0 19
981 0 19
981 0 19
981 0 19
982 0 18
982 0 18
982 0 18
982 0 18
982 0 18
983 0 17
983 0 17
983 0 17
983 0 17
983 0 17
983 0 17
984 0 16
984 0 16
984 0 16
984 0 16
984 0 16
984 0 16
984 0 16
984 0 16
984 0 16
984 0 16
985 0 15
985 0 15
985 0 15
985 0 15
985 0 15
985 0 15
985 0 15
985 0 15
985 0 15
986 0 14
987 0 13
987 0 13
987 0 13
987 0 13
987 0 13
988 0 12
988 0 12
988 0 12
989 0 11
989 0 11
989 0 11
990 0 10
990 0 10
990 0 10
991 0 9
991 0 9
991 0 9
991 0 9
991 0 9
991 0 9
991 0 9
992 0 8
992 0 8
992 0 8
992 0 8
992 0 8
992 0 8
993 0 7
993 0 7
994 0 6
994 0 6
994 0 6
994 0 6
994 0 6
994 0 6
994 0 6
994 0 6
994 0 6
994 0 6
994 0 6
994 0 6
994 0 6
994 0 6
994 0 6
994 0 6
994 0 6
994 0 6
994 0 6
994 0 6
994 0 6
994 0 6
994 0 6
994 0 6
994 0 6
994 0 6
994 0 6
994 0 6
994 0 6
994 0 6
994 0 6
994 0 6
994 0 6
994 0 6
994 0 6
994 0 6
995 0 5
995 0 5
995 0 5
995 0 5
995 0 5
995 0 5
995 0 5
995 0 5
995 0 5
995 0 5
995 0 5
995 0 5
995 0 5
995 0 5
996 0 4
996 0 4
996 0 4
996 0 4
996 0 4
997 0 3
998 0 2
998 0 2
998 0 2
998 0 2
998 0 2
998 0 2
998 0 2
998 0 2
998 0 2
998 0 2
998 0 2
998 0 2
998 0 2
998 0 2
998 0 2
998 0 2
999 0 1
999 0 1
999 0 1
999 0 1
999 0 1
999 0 1
999 0 1
999 0 1
999 0 1
999 0 1
999 0 1
999 0 1
999 0 1
999 0 1
999 0 1
999 0 1
999 0 1
999 0 1
999 0 1
999 0 1
999 0 1
999 0 1
999 0 1
999 0 1
999 0 1
999 0 1
999 0 1
999 0 1
999 0 1
999 0 1
999 0 1
999 0 1
999 0 1
999 0 1
999 0 1
999 0 1
999 0 1
999 0 1
999 0 1
999 0 1
999 0 1
999 0 1
999 0 1
999 0 1
999 0 1
999 0 1
999 0 1
999 0 1
999 0 1
999 0 1
999 0 1
999 0 1
999 0 1
999 0 1
999 0 1
999 0 1
999 0 1
999 0 1
999 0 1
999 0 1
999 0 1
999 0 1
999 0 1
999 0 1
999 0 1
999 0 1
999 0 1
999 0 1
999 0 1
999 0 1
999 0 1
999 0 1
999 0 1
999 0 1
999 0 1
999 0 1
999 0 1
999 0 1
999 0 1
999 0 1
999 0 1
999 0 1
999 0 1
999 0 1
999 0 1
999 0 1
999 0 1
999 0 1
999 0 1
999 0 1
999 0 1
999 0 1
999 0 1
999 0 1
999 0 1
999 0 1
999 0 1
999 0 1
999 0 1
999 0 1
999 0 1
999 0 1
999 0 1
999 0 1
1000 0 0
1000 0 0
1000 0 0
1000 0 0
1000 0 0
1000 0 0
1000 0 0
1000 0 0
1000 0 0
1000 0 0
1000 0 0
1000 0 0
1000 0 0
1000 0 0
1000 0 0
1000 0 0
1000 0 0
1000 0 0
1000 0 0
1000 0 0
1000 0 0
1000 0 0
1000 0 0
1000 0 0
1000 0 0
1000 0 0
1000 0 0
1000 0 0
1000 0 0
1000 0 0
1000 0 0
1000 0 0
1000 0 0
1000 0 0
1000 0 0
1000 0 0
1000 0 0
1000 0 0
1000 0 0
1000 0 0
1000 0 0
1000 0 0
1000 0 0
1000 0 0
1000 0 0
1000 0 0
1000 0 0
1000 0 0
1000 0 0
1000 0 0
1000 0 0
1000 0 0
1000 0 0
1000 0 0
1000 0 0
1000 0 0
1000 0 0
1000 0 0
1000 0 0
1000 0 0
1000 0 0
1000 0 0
1000 0 0
1000 0 0
1000 0 0
1000 0 0
1000 0 0
1000 0 0
1000 0 0
1000 0 0
1000 0 0
1000 0 0
1000 0 0
1000 0 0
1000 0 0
1000 0 0
1000 0 0
1000 0 0
1000 0 0
1000 0 0
1000 0 0
1000 0 0
1000 0 0
1000 0 0
1000 0 0
1000 0 0
1000 0 0
1000 0 0
1000 0 0
1000 0 0
1000 0 0
1000 0 0
1000 0 0
1000 0 0
1000 0 0
1000 0 0
1000 0 0
1000 0 0
1000 0 0
1000 0 0
1000 0 0
1000 0 0
1000 0 0
1000 0 0
1000 0 0
1000 0 0
1000 0 0
1000 0 0
1000 0 0
1000 0 0
1000 0 0
1000 0 0
1000 0 0
1000 0 0
1000 0 0
1000 0 0
1000 0 0
1000 0 0
1000 0 0
1000 0 0
1000 0 0
1000 0 0
1000 0 0
1000 0 0
1000 0 0
1000 0 0
1000 0 0
1000 0 0
1000 0 0
1000 0 0
1000 0 0
1000 0 0
1000 0 0
1000 0 0
1000 0 0
1000 0 0
1000 0 0
1000 0 0
1000 0 0
1000 0 0
1000 0 0
1000 0 0
1000 0 0
1000 0 0
1000 0 0
1000 0 0
1000 0 0
1000 0 0
1000 0 0
1000 0 0
1000 0 0
1000 0 0
1000 0 0
1000 0 0
1000 0 0
1000 0 0
1000 0 0
1000 0 0
1000 0 0
1000 0 0
1000 0 0
1000 0 0
1000 0 0
1000 0 0
1000 0 0
1000 0 0
1000 0 0
1000 0 0
1000 0 0
1000 0 0
1000 0 0
1000 0 0
1000 0 0
1000 0 0
1000 0 0
1000 0 0
1000 0 0
1000 0 0
1000 0 0
1000 0 0
1000 0 0
1000 0 0
1000 0 0
1000 0 0
1000 0 0
1000 0 0
1000 0 0
1000 0 0
1000 0 0
1000 0 0
1000 0 0
1000 0 0
1000 0 0
1000 0 0
1000 0 0
1000 0 0
1000 0 0
1000 0 0
1000 0 0
1000 0 0
1000 0 0
1000 0 0
1000 0 0
1000 0 0
1000 0 0
1000 0 0
1000 0 0
1000 0 0
1000 0 0
1000 0 0
1000 0 0
1000 0 0
1000 0 0
1000 0 0
1000 0 0
1000 0 0
1000 0 0
1000 0 0
1000 0 0
1000 0 0
1000 0 0
1000 0 0
1000 0 0
1000 0 0
1000 0 0
1000 0 0
1000 0 0
1000 0 0
1000 0 0
1000 0 0
1000 0 0
1000 0 0
1000 0 0
1000 0 0
1000 0 0
1000 0 0
1000 0 0
1000 0 0
1000 0 0
1000 0 0
1000 0 0
1000 0 0
