1000 0 0
1000 0 0
1000 0 0
999 1 0
999 0 1
998 1 1
997 1 2
993 4 3
987 6 7
979 13 8
972 18 10
965 21 14
955 29 16
947 32 21
924 52 24
891 77 32
863 90 47
829 114 57
794 123 83
767 129 104
745 129 126
723 134 143
698 141 161
678 147 175
663 141 196
638 143 219
620 147 233
603 147 250
593 127 280
585 126 289
576 117 307
571 112 317
568 106 326
567 99 334
566 83 351
573 77 350
571 76 353
570 64 366
563 73 364
561 67 372
559 67 374
553 64 383
554 60 386
549 62 389
549 63 388
549 65 386
550 60 390
550 55 395
548 55 397
553 50 397
551 48 401
552 50 398
550 52 398
547 54 399
545 50 405
545 47 408
544 44 412
552 41 407
555 41 404
560 35 405
565 32 403
564 32 404
569 26 405
574 23 403
575 24 401
576 22 402
579 25 396
582 22 396
590 25 385
596 20 384
595 20 385
601 23 376
605 20 375
609 19 372
608 25 367
602 37 361
601 44 355
602 44 354
596 41 363
596 36 368
602 29 369
599 35 366
605 32 363
604 35 361
605 38 357
602 41 357
602 40 358
594 47 359
594 46 360
598 45 357
600 40 360
601 38 361
605 38 357
612 35 353
616 35 349
620 32 348
622 31 347
624 29 347
628 25 347
633 21 346
638 19 343
643 17 340
647 17 336
648 17 335
654 14 332
658 16 326
655 20 325
658 21 321
663 17 320
667 18 315
671 19 310
669 22 309
669 25 306
669 25 306
671 25 304
671 25 304
672 28 300
678 29 293
685 23 292
691 23 286
692 20 288
693 22 285
687 23 290
688 25 287
694 23 283
695 24 281
692 26 282
686 33 281
682 39 279
680 35 285
679 38 283
679 38 283
676 37 287
672 39 289
669 44 287
667 42 291
667 38 295
669 33 298
663 36 301
658 40 302
657 41 302
661 41 298
663 40 297
655 44 301
653 47 300
648 53 299
651 49 300
648 46 306
650 46 304
637 54 309
638 54 308
641 42 317
639 40 321
642 37 321
641 39 320
645 35 320
653 31 316
658 27 315
661 29 310
665 28 307
662 28 310
663 32 305
668 34 298
670 35 295
672 28 300
668 29 303
672 28 300
672 25 303
672 25 303
675 20 305
676 20 304
683 22 295
687 20 293
690 14 296
695 12 293
698 12 290
701 10 289
706 12 282
710 11 279
712 9 279
714 10 276
718 7 275
721 7 272
724 6 270
731 6 263
737 7 256
745 6 249
746 9 245
747 9 244
754 9 237
753 10 237
752 11 237
749 17 234
745 23 232
749 26 225
753 24 223
751 29 220
747 29 224
744 31 225
740 38 222
726 49 225
721 50 229
710 51 239
703 50 247
692 54 254
684 60 256
673 62 265
671 61 268
657 69 274
654 69 277
643 73 284
627 76 297
615 80 305
604 86 310
588 91 321
585 86 329
571 87 342
568 85 347
564 83 353
568 68 364
560 70 370
557 65 378
559 66 375
561 66 373
559 58 383
561 55 384
564 57 379
562 54 384
565 49 386
569 44 387
570 39 391
569 38 393
563 45 392
565 47 388
563 48 389
563 47 390
566 37 397
572 33 395
579 35 386
583 30 387
579 34 387
577 36 387
578 41 381
577 39 384
580 38 382
583 37 380
587 30 383
590 29 381
594 27 379
598 27 375
600 26 374
599 29 372
607 26 367
612 29 359
617 32 351
620 33 347
619 35 346
619 34 347
620 31 349
624 23 353
628 27 345
633 26 341
633 26 341
632 28 340
636 30 334
635 33 332
634 31 335
636 30 334
638 33 329
635 37 328
634 39 327
632 44 324
625 45 330
615 54 331
617 54 329
611 60 329
611 61 328
601 62 337
603 56 341
600 54 346
597 51 352
602 44 354
604 40 356
605 41 354
611 38 351
612 33 355
611 28 361
614 28 358
615 25 360
619 25 356
625 23 352
629 24 347
629 25 346
625 30 345
627 29 344
630 30 340
634 30 336
634 29 337
640 28 332
641 26 333
639 27 334
633 33 334
632 33 335
636 26 338
637 25 338
639 27 334
641 28 331
644 24 332
648 26 326
652 25 323
656 21 323
661 16 323
662 16 322
668 13 319
675 10 315
680 12 308
688 9 303
692 9 299
697 7 296
699 5 296
701 4 295
706 3 291
710 5 285
713 6 281
715 7 278
717 6 277
719 6 275
727 5 268
730 5 265
731 6 263
737 4 259
739 4 257
742 2 256
746 2 252
749 3 248
759 2 239
760 4 236
760 5 235
758 9 233
759 8 233
758 12 230
755 17 228
750 22 228
749 23 228
751 25 224
744 29 227
729 40 231
719 42 239
721 39 240
718 36 246
709 38 253
703 41 256
701 41 258
689 53 258
683 59 258
677 50 273
677 48 275
680 42 278
675 49 276
668 52 280
658 57 285
655 50 295
651 51 298
645 57 298
635 59 306
627 67 306
623 63 314
622 60 318
624 52 324
619 51 330
617 48 335
614 49 337
616 47 337
617 47 336
620 43 337
621 40 339
624 40 336
621 41 338
622 40 338
627 28 345
626 28 346
633 22 345
637 20 343
642 20 338
646 19 335
652 14 334
652 19 329
653 21 326
660 20 320
662 20 318
663 20 317
669 15 316
670 16 314
671 15 314
671 18 311
670 18 312
673 24 303
677 23 300
677 24 299
675 31 294
678 25 297
672 30 298
669 36 295
664 37 299
663 37 300
662 36 302
661 35 304
663 30 307
663 31 306
664 30 306
662 32 306
660 32 308
662 30 308
671 26 303
674 26 300
673 29 298
670 31 299
669 34 297
666 33 301
665 37 298
665 34 301
666 36 298
661 35 304
658 32 310
657 29 314
657 31 312
662 30 308
667 28 305
668 27 305
672 22 306
673 23 304
670 23 307
668 26 306
663 34 303
666 37 297
662 41 297
652 50 298
646 49 305
645 48 307
647 47 306
640 52 308
635 48 317
634 50 316
632 47 321
630 48 322
627 44 329
624 43 333
624 46 330
627 44 329
624 46 330
621 50 329
614 50 336
608 54 338
601 54 345
597 49 354
590 50 360
588 53 359
592 49 359
586 52 362
577 59 364
577 47 376
577 46 377
580 38 382
579 38 383
580 35 385
578 36 386
578 33 389
581 35 384
584 30 386
588 26 386
599 23 378
600 25 375
596 27 377
597 31 372
601 32 367
596 37 367
604 34 362
608 31 361
615 27 358
615 24 361
620 22 358
620 22 358
623 20 357
626 15 359
632 9 359
641 8 351
645 11 344
649 10 341
656 8 336
659 6 335
665 5 330
670 4 326
678 4 318
689 4 307
695 3 302
700 3 297
703 2 295
711 1 288
713 1 286
713 1 286
717 1 282
721 1 278
727 1 272
730 1 269
738 1 261
743 1 256
747 1 252
753 1 246
756 1 243
760 1 239
762 1 237
765 2 233
769 2 229
772 2 226
774 3 223
777 2 221
780 2 218
784 2 214
786 4 210
790 4 206
794 4 202
795 2 203
800 2 198
803 3 194
806 3 191
805 3 192
808 3 189
811 3 186
813 0 187
813 2 185
814 1 185
813 1 186
816 0 184
820 1 179
821 1 178
829 1 170
832 1 167
835 2 163
837 1 162
839 1 160
840 2 158
838 3 159
838 3 159
840 3 157
841 3 156
843 2 155
842 3 155
847 1 152
849 2 149
854 1 145
858 1 141
861 0 139
862 0 138
863 0 137
866 0 134
866 1 133
868 0 132
869 0 131
871 0 129
873 0 127
878 0 122
879 1 120
882 0 118
880 2 118
882 1 117
883 1 116
883 4 113
884 3 113
881 6 113
881 8 111
877 10 113
872 14 114
865 20 115
855 27 118
850 28 122
847 25 128
845 26 129
842 25 133
836 27 137
837 29 134
835 28 137
830 30 140
825 33 142
809 43 148
801 47 152
789 55 156
786 54 160
780 53 167
776 46 178
772 44 184
763 48 189
758 49 193
752 48 200
750 49 201
745 52 203
741 58 201
726 64 210
718 59 223
710 57 233
701 62 237
688 64 248
683 61 256
678 57 265
670 55 275
667 48 285
662 50 288
661 51 288
661 49 290
656 51 293
653 56 291
642 63 295
635 65 300
642 60 298
640 58 302
640 50 310
643 49 308
640 50 310
646 45 309
646 43 311
641 42 317
642 42 316
644 40 316
644 42 314
648 39 313
649 43 308
647 44 309
637 50 313
636 51 313
633 51 316
635 46 319
633 43 324
635 38 327
636 35 329
635 30 335
638 31 331
630 32 338
630 35 335
628 33 339
623 36 341
619 38 343
611 43 346
600 53 347
592 50 358
586 51 363
584 55 361
581 56 363
575 53 372
572 56 372
562 66 372
562 63 375
559 64 377
557 64 379
553 63 384
546 66 388
541 68 391
539 71 390
530 68 402
530 68 402
531 64 405
535 65 400
537 59 404
534 58 408
535 49 416
536 44 420
532 39 429
534 38 428
540 35 425
551 28 421
552 31 417
558 31 411
560 28 412
563 26 411
563 29 408
568 25 407
576 27 397
581 26 393
582 28 390
585 32 383
588 30 382
594 30 376
592 32 376
595 30 375
592 31 377
593 31 376
592 32 376
593 32 375
591 29 380
593 29 378
591 31 378
593 30 377
591 33 376
592 32 376
590 32 378
592 28 380
595 26 379
593 27 380
593 28 379
598 26 376
599 25 376
599 23 378
601 23 376
606 22 372
611 19 370
614 20 366
619 17 364
622 18 360
623 18 359
630 20 350
636 20 344
638 21 341
639 17 344
639 21 340
639 26 335
640 28 332
643 32 325
643 33 324
643 34 323
648 33 319
650 34 316
649 33 318
649 27 324
651 26 323
652 28 320
654 28 318
660 30 310
660 32 308
658 33 309
664 30 306
662 30 308
661 33 306
664 29 307
665 28 307
661 32 307
663 37 300
658 39 303
657 35 308
655 33 312
653 31 316
656 30 314
659 26 315
663 23 314
662 25 313
660 29 311
657 30 313
658 32 310
656 34 310
658 33 309
656 26 318
659 23 318
662 22 316
664 19 317
672 19 309
675 17 308
673 21 306
672 22 306
671 23 306
671 25 304
670 25 305
674 27 299
671 29 300
664 35 301
662 36 302
662 38 300
662 35 303
666 35 299
663 34 303
664 31 305
666 30 304
663 33 304
660 37 303
658 36 306
659 33 308
659 29 312
661 29 310
662 32 306
655 39 306
652 42 306
643 48 309
643 46 311
641 47 312
635 50 315
629 54 317
632 53 315
633 50 317
633 46 321
630 43 327
626 44 330
625 44 331
620 50 330
625 47 328
626 41 333
629 42 329
631 39 330
633 41 326
633 39 328
637 40 323
634 43 323
631 37 332
637 32 331
638 34 328
642 30 328
646 27 327
647 31 322
648 30 322
652 28 320
652 28 320
644 33 323
646 31 323
646 32 322
648 31 321
649 29 322
649 29 322
653 26 321
650 32 318
656 31 313
656 31 313
658 33 309
653 37 310
647 39 314
646 37 317
650 31 319
651 32 317
652 30 318
653 29 318
653 29 318
652 29 319
653 31 316
654 31 315
656 32 312
660 32 308
656 36 308
654 38 308
650 37 313
652 37 311
648 36 316
652 33 315
653 31 316
655 30 315
652 34 314
651 31 318
653 28 319
652 30 318
651 30 319
650 35 315
648 38 314
648 41 311
641 45 314
644 42 314
649 36 315
649 36 315
647 36 317
640 45 315
640 39 321
632 48 320
627 51 322
611 62 327
609 58 333
594 72 334
586 77 337
567 88 345
560 89 351
559 88 353
547 92 361
537 87 376
530 91 379
530 79 391
536 71 393
534 63 403
532 59 409
528 55 417
524 56 420
525 52 423
526 47 427
530 44 426
531 39 430
534 31 435
541 29 430
549 25 426
558 19 423
564 18 418
568 16 416
576 16 408
578 16 406
586 11 403
593 10 397
597 10 393
599 11 390
607 10 383
612 9 379
617 10 373
624 10 366
630 9 361
635 9 356
641 10 349
644 9 347
650 8 342
658 6 336
662 6 332
671 6 323
675 5 320
681 4 315
685 3 312
688 4 308
693 2 305
697 1 302
701 1 298
703 1 296
706 1 293
715 1 284
722 1 277
726 1 273
729 0 271
732 0 268
735 0 265
739 0 261
744 0 256
750 0 250
755 0 245
765 0 235
770 0 230
774 0 226
777 0 223
782 0 218
784 1 215
785 1 214
786 1 213
787 1 212
790 1 209
793 1 206
796 2 202
799 1 200
801 0 199
807 0 193
809 0 191
812 0 188
816 0 184
818 0 182
820 0 180
824 0 176
829 0 171
831 0 169
835 0 165
837 0 163
839 0 161
843 0 157
844 1 155
844 2 154
842 6 152
838 10 152
828 19 153
829 29 142
819 36 145
815 43 142
806 46 148
802 46 152
795 49 156
783 58 159
774 60 166
761 69 170
757 65 178
747 60 193
730 68 202
725 68 207
713 81 206
708 75 217
706 69 225
698 71 231
692 66 242
687 61 252
687 56 257
689 48 263
686 50 264
683 45 272
681 46 273
677 48 275
675 48 277
669 49 282
666 46 288
664 43 293
665 43 292
664 39 297
667 31 302
665 34 301
668 30 302
670 28 302
671 27 302
671 33 296
671 33 296
668 36 296
669 31 300
672 31 297
673 27 300
675 29 296
676 27 297
678 25 297
679 22 299
675 25 300
675 25 300
675 25 300
682 18 300
684 15 301
