995 5 0
995 5 0
994 5 1
993 5 2
992 5 3
987 9 4
982 13 5
974 17 9
961 26 13
955 28 17
945 31 24
927 48 25
891 83 26
856 112 32
804 146 50
771 157 72
727 187 86
705 180 115
680 181 139
648 189 163
631 182 187
606 183 211
581 175 244
563 166 271
544 164 292
533 141 326
528 135 337
514 126 360
505 119 376
500 111 389
489 109 402
479 108 413
479 101 420
467 103 430
463 101 436
457 97 446
456 93 451
453 91 456
455 84 461
450 83 467
458 73 469
456 71 473
455 69 476
465 56 479
466 48 486
473 41 486
478 37 485
484 33 483
484 35 481
492 30 478
499 26 475
508 22 470
515 19 466
520 19 461
523 20 457
525 19 456
530 23 447
537 20 443
540 20 440
545 17 438
553 12 435
565 11 424
574 11 415
581 11 408
589 12 399
598 11 391
603 11 386
609 8 383
616 7 377
620 7 373
627 8 365
636 7 357
641 6 353
647 6 347
654 7 339
658 8 334
658 12 330
665 10 325
672 12 316
673 12 315
673 15 312
675 13 312
674 16 310
678 14 308
680 16 304
685 13 302
688 14 298
692 9 299
695 11 294
697 12 291
703 9 288
708 8 284
710 8 282
713 7 280
713 10 277
714 11 275
718 9 273
721 10 269
723 10 267
727 10 263
728 10 262
738 9 253
742 7 251
746 5 249
752 6 242
755 5 240
761 4 235
761 3 236
765 6 229
765 10 225
767 10 223
768 10 222
772 9 219
771 11 218
769 13 218
775 11 214
776 10 214
778 10 212
777 11 212
777 13 210
778 11 211
777 11 212
780 10 210
784 10 206
790 13 197
792 11 197
789 11 200
791 11 198
789 15 196
790 16 194
789 18 193
788 21 191
783 26 191
782 28 190
784 28 188
780 30 190
778 31 191
774 31 195
767 33 200
762 35 203
755 39 206
749 41 210
734 55 211
720 57 223
710 62 228
694 74 232
687 77 236
688 76 236
675 81 244
660 85 255
649 94 257
635 97 268
627 92 281
615 93 292
610 91 299
600 96 304
591 96 313
586 91 323
581 86 333
577 84 339
574 82 344
577 71 352
575 64 361
573 64 363
572 62 366
570 62 368
567 58 375
570 55 375
567 45 388
562 42 396
566 41 393
564 41 395
570 42 388
575 37 388
585 34 381
590 30 380
592 30 378
594 28 378
597 25 378
602 24 374
607 21 372
610 15 375
616 14 370
623 12 365
629 11 360
638 8 354
647 7 346
646 11 343
646 14 340
650 16 334
651 18 331
649 19 332
652 20 328
656 24 320
650 30 320
644 37 319
635 44 321
621 51 328
606 54 340
603 59 338
595 67 338
591 70 339
592 65 343
583 69 348
570 76 354
567 78 355
563 80 357
554 81 365
549 84 367
539 82 379
529 81 390
529 78 393
527 72 401
523 75 402
524 67 409
525 62 413
528 52 420
536 47 417
541 34 425
543 33 424
544 31 425
548 34 418
557 34 409
560 30 410
562 29 409
560 31 409
563 30 407
559 31 410
566 30 404
573 26 401
572 27 401
575 27 398
578 29 393
569 37 394
565 43 392
558 51 391
557 52 391
556 57 387
546 64 390
541 60 399
545 53 402
545 56 399
539 58 403
541 53 406
542 48 410
542 45 413
536 50 414
535 49 416
533 47 420
535 43 422
537 37 426
541 30 429
546 28 426
556 25 419
558 25 417
565 20 415
570 18 412
577 19 404
582 17 401
589 14 397
595 12 393
601 13 386
609 7 384
616 7 377
619 6 375
623 6 371
626 7 367
632 8 360
636 11 353
639 11 350
647 12 341
651 10 339
653 8 339
662 8 330
666 8 326
668 7 325
672 11 317
680 10 310
677 17 306
682 18 300
680 19 301
678 24 298
677 25 298
673 30 297
667 38 295
662 37 301
659 41 300
662 37 301
663 37 300
664 40 296
666 42 292
663 45 292
661 42 297
661 40 299
665 34 301
667 33 300
668 29 303
674 29 297
677 23 300
682 20 298
686 20 294
687 23 290
689 20 291
694 19 287
702 18 280
707 18 275
712 16 272
712 17 271
711 19 270
707 21 272
712 19 269
715 20 265
715 17 268
720 15 265
718 20 262
722 19 259
724 23 253
721 23 256
714 26 260
712 26 262
711 31 258
715 31 254
715 30 255
713 26 261
712 28 260
716 30 254
716 24 260
713 31 256
710 39 251
705 38 257
695 46 259
686 44 270
680 43 277
673 47 280
669 53 278
662 56 282
653 59 288
651 59 290
651 51 298
651 51 298
652 46 302
649 42 309
649 41 310
642 43 315
641 41 318
639 39 322
639 42 319
635 45 320
638 42 320
638 45 317
639 42 319
640 41 319
642 42 316
642 41 317
642 44 314
641 49 310
639 47 314
643 43 314
644 40 316
643 36 321
640 38 322
648 32 320
648 30 322
653 29 318
652 24 324
657 25 318
658 28 314
654 33 313
650 37 313
649 39 312
647 43 310
640 49 311
638 49 313
635 47 318
623 56 321
612 66 322
605 72 323
592 78 330
587 79 334
580 77 343
575 77 348
563 91 346
553 92 355
549 79 372
549 74 377
550 67 383
557 59 384
557 59 384
555 53 392
558 48 394
560 48 392
564 41 395
567 40 393
565 38 397
563 41 396
563 47 390
566 44 390
569 44 387
570 40 390
569 45 386
574 44 382
566 51 383
566 47 387
567 44 389
574 39 387
578 39 383
580 36 384
586 36 378
586 35 379
593 33 374
596 35 369
600 35 365
602 35 363
598 35 367
598 36 366
595 35 370
597 33 370
603 34 363
608 29 363
611 27 362
613 26 361
616 25 359
620 25 355
626 22 352
631 22 347
637 22 341
641 19 340
643 19 338
649 21 330
651 24 325
651 25 324
653 23 324
657 23 320
659 23 318
662 25 313
658 27 315
654 33 313
641 44 315
631 49 320
625 52 323
612 61 327
610 54 336
618 53 329
627 47 326
619 55 326
614 58 328
608 60 332
603 62 335
597 65 338
598 61 341
598 60 342
600 56 344
605 56 339
603 57 340
600 60 340
599 57 344
590 56 354
587 56 357
586 58 356
580 53 367
587 49 364
595 41 364
595 39 366
590 46 364
586 47 367
593 45 362
593 44 363
589 45 366
589 47 364
591 44 365
587 48 365
579 54 367
581 50 369
582 53 365
582 51 367
580 53 367
581 49 370
581 47 372
578 39 383
579 38 383
580 37 383
585 38 377
591 37 372
592 35 373
596 32 372
591 31 378
591 29 380
594 29 377
597 31 372
594 31 375
598 26 376
600 21 379
601 26 373
608 29 363
608 30 362
606 36 358
604 34 362
609 28 363
614 25 361
615 29 356
610 34 356
611 33 356
613 36 351
612 34 354
616 29 355
619 26 355
620 29 351
623 28 349
626 26 348
621 29 350
624 25 351
630 21 349
629 22 349
629 22 349
632 20 348
633 23 344
634 19 347
636 19 345
633 21 346
638 19 343
646 18 336
653 16 331
657 18 325
659 20 321
659 22 319
660 19 321
660 23 317
662 23 315
665 21 314
668 16 316
671 16 313
671 20 309
668 24 308
672 21 307
676 23 301
675 22 303
674 25 301
679 24 297
685 23 292
691 22 287
697 19 284
705 17 278
703 24 273
694 31 275
687 39 274
683 41 276
672 53 275
660 60 280
657 64 279
656 56 288
648 64 288
647 52 301
643 55 302
648 47 305
644 55 301
640 51 309
637 52 311
637 54 309
634 50 316
637 45 318
636 36 328
643 38 319
646 34 320
643 39 318
647 38 315
644 39 317
644 39 317
648 34 318
646 31 323
644 34 322
645 34 321
650 31 319
649 31 320
652 30 318
654 31 315
655 35 310
654 36 310
657 34 309
662 36 302
661 41 298
656 37 307
654 40 306
653 35 312
658 29 313
660 34 306
656 38 306
652 38 310
645 45 310
642 45 313
638 48 314
639 48 313
633 53 314
628 55 317
627 54 319
619 58 323
615 57 328
614 57 329
608 59 333
600 63 337
594 69 337
590 71 339
590 65 345
588 62 350
580 61 359
581 61 358
585 54 361
584 51 365
590 47 363
594 45 361
593 47 360
590 47 363
577 56 367
572 58 370
573 53 374
574 46 380
574 53 373
567 57 376
571 52 377
574 51 375
566 52 382
569 45 386
569 43 388
568 42 390
567 45 388
567 41 392
570 39 391
569 35 396
574 38 388
578 32 390
582 32 386
586 30 384
582 30 388
588 30 382
592 31 377
589 33 378
592 33 375
591 38 371
593 39 368
592 41 367
595 41 364
594 30 376
598 28 374
605 24 371
609 20 371
612 20 368
614 24 362
625 23 352
632 21 347
644 18 338
645 20 335
643 24 333
644 28 328
644 28 328
643 32 325
648 29 323
654 23 323
653 24 323
652 23 325
658 22 320
661 24 315
660 21 319
658 22 320
655 22 323
657 27 316
659 20 321
663 21 316
664 20 316
665 18 317
666 19 315
667 16 317
672 15 313
676 12 312
681 14 305
678 15 307
683 16 301
682 22 296
683 23 294
681 25 294
682 26 292
682 26 292
679 31 290
677 37 286
678 41 281
666 47 287
657 61 282
645 68 287
626 78 296
622 69 309
613 71 316
612 64 324
609 56 335
610 46 344
610 46 344
611 47 342
611 48 341
605 53 342
608 45 347
607 42 351
613 37 350
617 33 350
625 32 343
625 32 343
629 29 342
630 30 340
633 31 336
636 23 341
636 26 338
640 25 335
648 23 329
648 23 329
649 24 327
651 22 327
651 23 326
656 18 326
657 15 328
659 16 325
659 17 324
664 12 324
664 13 323
666 17 317
667 19 314
668 18 314
670 20 310
676 20 304
673 23 304
673 23 304
674 21 305
673 24 303
680 25 295
680 28 292
685 25 290
681 29 290
683 27 290
686 26 288
687 22 291
689 22 289
697 22 281
697 20 283
694 23 283
691 27 282
693 27 280
688 35 277
684 42 274
683 43 274
673 53 274
666 51 283
662 58 280
656 56 288
657 55 288
655 51 294
651 54 295
639 60 301
632 63 305
627 61 312
618 65 317
616 59 325
619 59 322
616 60 324
615 59 326
608 62 330
606 65 329
603 54 343
599 58 343
602 56 342
597 57 346
596 51 353
589 51 360
590 47 363
587 46 367
586 49 365
589 47 364
588 48 364
587 41 372
594 34 372
600 32 368
606 30 364
612 28 360
616 23 361
625 20 355
630 19 351
635 18 347
638 20 342
640 21 339
641 21 338
644 23 333
649 19 332
654 16 330
663 15 322
668 14 318
671 12 317
676 11 313
683 11 306
688 12 300
690 10 300
687 13 300
690 12 298
694 14 292
698 13 289
695 18 287
698 18 284
701 17 282
702 16 282
708 15 277
704 19 277
703 23 274
691 32 277
693 28 279
691 27 282
684 31 285
684 30 286
679 32 289
684 33 283
682 35 283
681 42 277
673 48 279
675 48 277
672 46 282
671 49 280
663 52 285
656 53 291
657 53 290
655 52 293
654 52 294
650 53 297
650 48 302
650 43 307
652 40 308
654 34 312
651 38 311
645 41 314
649 32 319
647 32 321
653 32 315
652 33 315
653 31 316
649 32 319
647 34 319
650 34 316
650 27 323
653 27 320
656 29 315
654 32 314
660 28 312
661 28 311
662 27 311
665 23 312
668 23 309
670 22 308
676 23 301
674 20 306
674 23 303
670 27 303
670 28 302
669 32 299
664 36 300
662 32 306
660 34 306
663 36 301
657 43 300
658 42 300
659 45 296
655 48 297
656 43 301
657 41 302
653 44 303
651 41 308
651 38 311
646 38 316
647 33 320
647 27 326
654 27 319
652 30 318
648 33 319
647 30 323
651 29 320
652 31 317
658 25 317
659 22 319
661 20 319
660 18 322
662 17 321
663 20 317
661 21 318
661 19 320
662 18 320
670 13 317
681 10 309
683 9 308
685 10 305
687 10 303
688 9 303
691 5 304
695 5 300
698 5 297
702 7 291
707 6 287
706 5 289
714 7 279
715 8 277
722 2 276
728 2 270
729 3 268
729 4 267
733 4 263
736 5 259
735 6 259
739 5 256
738 8 254
748 8 244
748 7 245
754 7 239
757 5 238
760 5 235
760 3 237
762 3 235
771 1 228
775 0 225
779 0 221
780 0 220
783 0 217
788 0 212
790 2 208
792 2 206
797 3 200
805 3 192
806 3 191
808 4 188
811 2 187
812 3 185
816 4 180
818 3 179
823 3 174
830 3 167
831 3 166
835 3 162
836 2 162
841 2 157
845 2 153
848 2 150
851 2 147
855 2 143
857 3 140
859 3 138
860 2 138
862 2 136
863 2 135
866 2 132
867 2 131
870 2 128
871 2 127
872 2 126
876 2 122
878 1 121
879 1 120
884 1 115
885 1 114
885 1 114
888 0 112
888 0 112
889 0 111
891 0 109
891 0 109
893 0 107
895 0 105
898 0 102
899 0 101
900 0 100
901 0 99
902 0 98
903 0 97
906 0 94
908 0 92
908 0 92
911 0 89
911 0 89
912 0 88
914 0 86
916 0 84
918 0 82
918 0 82
918 0 82
918 0 82
918 0 82
921 0 79
921 0 79
922 0 78
923 0 77
924 0 76
925 0 75
926 0 74
927 0 73
929 0 71
933 0 67
935 0 65
937 0 63
940 0 60
941 0 59
941 0 59
943 0 57
944 0 56
944 0 56
